 -.990000E+00 -.774174E-02
 -.970000E+00 -.774076E-02
 -.950000E+00 -.773830E-02
 -.930000E+00 -.773544E-02
 -.910000E+00 -.773341E-02
 -.890000E+00 -.835661E-02
 -.870000E+00 -.684586E-02
 -.850000E+00 -.237182E-02
 -.830000E+00 0.312648E-02
 -.810000E+00 0.726772E-02
 -.790000E+00 0.825959E-02
 -.770000E+00 0.567453E-02
 -.750000E+00 0.634015E-03
 -.730000E+00 -.467797E-02
 -.710000E+00 -.796122E-02
 -.690000E+00 -.779534E-02
 -.670000E+00 -.425425E-02
 -.650000E+00 0.112675E-02
 -.630000E+00 0.601662E-02
 -.610000E+00 0.829838E-02
 -.590000E+00 0.698564E-02
 -.570000E+00 0.264897E-02
 -.550000E+00 -.283205E-02
 -.530000E+00 -.708350E-02
 -.510000E+00 -.826528E-02
 -.490000E+00 -.586755E-02
 -.470000E+00 -.930676E-03
 -.450000E+00 0.440618E-02
 -.430000E+00 0.783197E-02
 -.410000E+00 0.786451E-02
 -.390000E+00 0.449177E-02
 -.370000E+00 -.823831E-03
 -.350000E+00 -.577950E-02
 -.330000E+00 -.822969E-02
 -.310000E+00 -.711502E-02
 -.290000E+00 -.292028E-02
 -.270000E+00 0.253638E-02
 -.250000E+00 0.689150E-02
 -.230000E+00 0.826002E-02
 -.210000E+00 0.605120E-02
 -.190000E+00 0.122360E-02
 -.170000E+00 -.413088E-02
 -.150000E+00 -.769349E-02
 -.130000E+00 -.792273E-02
 -.110000E+00 -.472135E-02
 -.900000E-01 0.522385E-03
 -.700000E-01 0.553676E-02
 -.500000E-01 0.815073E-02
 -.300000E-01 0.723392E-02
 -.100000E-01 0.318544E-02
 0.100000E-01 -.223985E-02
 0.300000E-01 -.669202E-02
 0.500000E-01 -.824391E-02
 0.700000E-01 -.622532E-02
 0.900000E-01 -.151244E-02
 0.110000E+00 0.385245E-02
 0.130000E+00 0.754602E-02
 0.150000E+00 0.797000E-02
 0.170000E+00 0.494277E-02
 0.190000E+00 -.222795E-03
 0.210000E+00 -.528876E-02
 0.230000E+00 -.806168E-02
 0.250000E+00 -.734228E-02
 0.270000E+00 -.344417E-02
 0.290000E+00 0.194287E-02
 0.310000E+00 0.648540E-02
 0.330000E+00 0.821706E-02
 0.350000E+00 0.638976E-02
 0.370000E+00 0.179685E-02
 0.390000E+00 -.357130E-02
 0.410000E+00 -.738985E-02
 0.430000E+00 -.800635E-02
 0.450000E+00 -.515580E-02
 0.470000E+00 -.745585E-04
 0.490000E+00 0.503589E-02
 0.510000E+00 0.796275E-02
 0.530000E+00 0.744003E-02
 0.550000E+00 0.369617E-02
 0.570000E+00 -.164584E-02
 0.590000E+00 -.627198E-02
 0.610000E+00 -.817960E-02
 0.630000E+00 -.654437E-02
 0.650000E+00 -.207648E-02
 0.670000E+00 0.328780E-02
 0.690000E+00 0.722525E-02
 0.710000E+00 0.803184E-02
 0.730000E+00 0.536023E-02
 0.750000E+00 0.369303E-03
 0.770000E+00 -.477851E-02
 0.790000E+00 -.785415E-02
 0.810000E+00 -.752715E-02
 0.830000E+00 -.394116E-02
 0.850000E+00 0.134915E-02
 0.870000E+00 0.605208E-02
 0.890000E+00 0.813166E-02
 0.910000E+00 0.817442E-02
 0.930000E+00 0.865153E-02
 0.950000E+00 0.873272E-02
 0.970000E+00 0.838311E-02
 0.990000E+00 0.775427E-02




































































































 -.990000E+00 -.171030E+00
 -.970000E+00 -.171031E+00
 -.950000E+00 -.171032E+00
 -.930000E+00 -.171033E+00
 -.910000E+00 -.171036E+00
 -.890000E+00 -.172129E+00
 -.870000E+00 -.174187E+00
 -.850000E+00 -.176074E+00
 -.830000E+00 -.177787E+00
 -.810000E+00 -.179327E+00
 -.790000E+00 -.180691E+00
 -.770000E+00 -.181877E+00
 -.750000E+00 -.182886E+00
 -.730000E+00 -.183716E+00
 -.710000E+00 -.184366E+00
 -.690000E+00 -.184836E+00
 -.670000E+00 -.185125E+00
 -.650000E+00 -.185234E+00
 -.630000E+00 -.185161E+00
 -.610000E+00 -.184909E+00
 -.590000E+00 -.184476E+00
 -.570000E+00 -.183863E+00
 -.550000E+00 -.183071E+00
 -.530000E+00 -.182101E+00
 -.510000E+00 -.180954E+00
 -.490000E+00 -.179631E+00
 -.470000E+00 -.178134E+00
 -.450000E+00 -.176463E+00
 -.430000E+00 -.174622E+00
 -.410000E+00 -.172611E+00
 -.390000E+00 -.170434E+00
 -.370000E+00 -.168091E+00
 -.350000E+00 -.165585E+00
 -.330000E+00 -.162920E+00
 -.310000E+00 -.160097E+00
 -.290000E+00 -.157120E+00
 -.270000E+00 -.153992E+00
 -.250000E+00 -.150715E+00
 -.230000E+00 -.147294E+00
 -.210000E+00 -.143730E+00
 -.190000E+00 -.140029E+00
 -.170000E+00 -.136194E+00
 -.150000E+00 -.132229E+00
 -.130000E+00 -.128137E+00
 -.110000E+00 -.123922E+00
 -.900000E-01 -.119590E+00
 -.700000E-01 -.115144E+00
 -.500000E-01 -.110588E+00
 -.300000E-01 -.105928E+00
 -.100000E-01 -.101168E+00
 0.100000E-01 -.963116E-01
 0.300000E-01 -.913649E-01
 0.500000E-01 -.863325E-01
 0.700000E-01 -.812193E-01
 0.900000E-01 -.760303E-01
 0.110000E+00 -.707707E-01
 0.130000E+00 -.654456E-01
 0.150000E+00 -.600603E-01
 0.170000E+00 -.546201E-01
 0.190000E+00 -.491302E-01
 0.210000E+00 -.435962E-01
 0.230000E+00 -.380233E-01
 0.250000E+00 -.324172E-01
 0.270000E+00 -.267831E-01
 0.290000E+00 -.211268E-01
 0.310000E+00 -.154535E-01
 0.330000E+00 -.976901E-02
 0.350000E+00 -.407871E-02
 0.370000E+00 0.161182E-02
 0.390000E+00 0.729706E-02
 0.410000E+00 0.129715E-01
 0.430000E+00 0.186296E-01
 0.450000E+00 0.242658E-01
 0.470000E+00 0.298748E-01
 0.490000E+00 0.354511E-01
 0.510000E+00 0.409893E-01
 0.530000E+00 0.464840E-01
 0.550000E+00 0.519300E-01
 0.570000E+00 0.573220E-01
 0.590000E+00 0.626547E-01
 0.610000E+00 0.679231E-01
 0.630000E+00 0.731220E-01
 0.650000E+00 0.782465E-01
 0.670000E+00 0.832916E-01
 0.690000E+00 0.882525E-01
 0.710000E+00 0.931244E-01
 0.730000E+00 0.979026E-01
 0.750000E+00 0.102583E+00
 0.770000E+00 0.107160E+00
 0.790000E+00 0.111630E+00
 0.810000E+00 0.115989E+00
 0.830000E+00 0.120232E+00
 0.850000E+00 0.124355E+00
 0.870000E+00 0.128355E+00
 0.890000E+00 0.132227E+00
 0.910000E+00 0.136975E+00
 0.930000E+00 0.142703E+00
 0.950000E+00 0.148438E+00
 0.970000E+00 0.154174E+00
 0.990000E+00 0.159906E+00




































































































 -.990000E+00 -.453302E+00
 -.970000E+00 -.453302E+00
 -.950000E+00 -.453302E+00
 -.930000E+00 -.453300E+00
 -.910000E+00 -.453299E+00
 -.890000E+00 -.454648E+00
 -.870000E+00 -.457276E+00
 -.850000E+00 -.459809E+00
 -.830000E+00 -.462246E+00
 -.810000E+00 -.464586E+00
 -.790000E+00 -.466829E+00
 -.770000E+00 -.468974E+00
 -.750000E+00 -.471020E+00
 -.730000E+00 -.472968E+00
 -.710000E+00 -.474817E+00
 -.690000E+00 -.476567E+00
 -.670000E+00 -.478217E+00
 -.650000E+00 -.479766E+00
 -.630000E+00 -.481215E+00
 -.610000E+00 -.482563E+00
 -.590000E+00 -.483810E+00
 -.570000E+00 -.484955E+00
 -.550000E+00 -.485998E+00
 -.530000E+00 -.486940E+00
 -.510000E+00 -.487779E+00
 -.490000E+00 -.488516E+00
 -.470000E+00 -.489151E+00
 -.450000E+00 -.489682E+00
 -.430000E+00 -.490111E+00
 -.410000E+00 -.490437E+00
 -.390000E+00 -.490660E+00
 -.370000E+00 -.490780E+00
 -.350000E+00 -.490797E+00
 -.330000E+00 -.490710E+00
 -.310000E+00 -.490520E+00
 -.290000E+00 -.490228E+00
 -.270000E+00 -.489832E+00
 -.250000E+00 -.489333E+00
 -.230000E+00 -.488732E+00
 -.210000E+00 -.488027E+00
 -.190000E+00 -.487220E+00
 -.170000E+00 -.486311E+00
 -.150000E+00 -.485300E+00
 -.130000E+00 -.484186E+00
 -.110000E+00 -.482971E+00
 -.900000E-01 -.481654E+00
 -.700000E-01 -.480236E+00
 -.500000E-01 -.478717E+00
 -.300000E-01 -.477098E+00
 -.100000E-01 -.475379E+00
 0.100000E-01 -.473560E+00
 0.300000E-01 -.471641E+00
 0.500000E-01 -.469624E+00
 0.700000E-01 -.467508E+00
 0.900000E-01 -.465294E+00
 0.110000E+00 -.462983E+00
 0.130000E+00 -.460575E+00
 0.150000E+00 -.458071E+00
 0.170000E+00 -.455471E+00
 0.190000E+00 -.452775E+00
 0.210000E+00 -.449985E+00
 0.230000E+00 -.447102E+00
 0.250000E+00 -.444125E+00
 0.270000E+00 -.441055E+00
 0.290000E+00 -.437894E+00
 0.310000E+00 -.434642E+00
 0.330000E+00 -.431300E+00
 0.350000E+00 -.427868E+00
 0.370000E+00 -.424347E+00
 0.390000E+00 -.420738E+00
 0.410000E+00 -.417043E+00
 0.430000E+00 -.413261E+00
 0.450000E+00 -.409394E+00
 0.470000E+00 -.405443E+00
 0.490000E+00 -.401408E+00
 0.510000E+00 -.397291E+00
 0.530000E+00 -.393092E+00
 0.550000E+00 -.388813E+00
 0.570000E+00 -.384454E+00
 0.590000E+00 -.380017E+00
 0.610000E+00 -.375502E+00
 0.630000E+00 -.370911E+00
 0.650000E+00 -.366245E+00
 0.670000E+00 -.361504E+00
 0.690000E+00 -.356690E+00
 0.710000E+00 -.351805E+00
 0.730000E+00 -.346848E+00
 0.750000E+00 -.341822E+00
 0.770000E+00 -.336727E+00
 0.790000E+00 -.331565E+00
 0.810000E+00 -.326337E+00
 0.830000E+00 -.321043E+00
 0.850000E+00 -.315687E+00
 0.870000E+00 -.310267E+00
 0.890000E+00 -.304787E+00
 0.910000E+00 -.297541E+00
 0.930000E+00 -.288459E+00
 0.950000E+00 -.279224E+00
 0.970000E+00 -.269844E+00
 0.990000E+00 -.260324E+00




































































































 -.990000E+00 -.304102E+00
 -.970000E+00 -.304101E+00
 -.950000E+00 -.304096E+00
 -.930000E+00 -.304089E+00
 -.910000E+00 -.304078E+00
 -.890000E+00 -.307517E+00
 -.870000E+00 -.314394E+00
 -.850000E+00 -.321254E+00
 -.830000E+00 -.328098E+00
 -.810000E+00 -.334924E+00
 -.790000E+00 -.341733E+00
 -.770000E+00 -.348525E+00
 -.750000E+00 -.355298E+00
 -.730000E+00 -.362053E+00
 -.710000E+00 -.368790E+00
 -.690000E+00 -.375507E+00
 -.670000E+00 -.382205E+00
 -.650000E+00 -.388884E+00
 -.630000E+00 -.395543E+00
 -.610000E+00 -.402182E+00
 -.590000E+00 -.408800E+00
 -.570000E+00 -.415398E+00
 -.550000E+00 -.421975E+00
 -.530000E+00 -.428530E+00
 -.510000E+00 -.435063E+00
 -.490000E+00 -.441575E+00
 -.470000E+00 -.448065E+00
 -.450000E+00 -.454532E+00
 -.430000E+00 -.460976E+00
 -.410000E+00 -.467397E+00
 -.390000E+00 -.473795E+00
 -.370000E+00 -.480169E+00
 -.350000E+00 -.486519E+00
 -.330000E+00 -.492844E+00
 -.310000E+00 -.499145E+00
 -.290000E+00 -.505421E+00
 -.270000E+00 -.511672E+00
 -.250000E+00 -.517897E+00
 -.230000E+00 -.524097E+00
 -.210000E+00 -.530270E+00
 -.190000E+00 -.536417E+00
 -.170000E+00 -.542537E+00
 -.150000E+00 -.548630E+00
 -.130000E+00 -.554696E+00
 -.110000E+00 -.560735E+00
 -.900000E-01 -.566745E+00
 -.700000E-01 -.572727E+00
 -.500000E-01 -.578681E+00
 -.300000E-01 -.584605E+00
 -.100000E-01 -.590501E+00
 0.100000E-01 -.596367E+00
 0.300000E-01 -.602203E+00
 0.500000E-01 -.608010E+00
 0.700000E-01 -.613786E+00
 0.900000E-01 -.619531E+00
 0.110000E+00 -.625245E+00
 0.130000E+00 -.630928E+00
 0.150000E+00 -.636580E+00
 0.170000E+00 -.642200E+00
 0.190000E+00 -.647787E+00
 0.210000E+00 -.653342E+00
 0.230000E+00 -.658865E+00
 0.250000E+00 -.664354E+00
 0.270000E+00 -.669809E+00
 0.290000E+00 -.675232E+00
 0.310000E+00 -.680620E+00
 0.330000E+00 -.685973E+00
 0.350000E+00 -.691293E+00
 0.370000E+00 -.696577E+00
 0.390000E+00 -.701826E+00
 0.410000E+00 -.707039E+00
 0.430000E+00 -.712217E+00
 0.450000E+00 -.717359E+00
 0.470000E+00 -.722464E+00
 0.490000E+00 -.727532E+00
 0.510000E+00 -.732563E+00
 0.530000E+00 -.737557E+00
 0.550000E+00 -.742513E+00
 0.570000E+00 -.747432E+00
 0.590000E+00 -.752312E+00
 0.610000E+00 -.757153E+00
 0.630000E+00 -.761956E+00
 0.650000E+00 -.766719E+00
 0.670000E+00 -.771443E+00
 0.690000E+00 -.776127E+00
 0.710000E+00 -.780771E+00
 0.730000E+00 -.785375E+00
 0.750000E+00 -.789938E+00
 0.770000E+00 -.794460E+00
 0.790000E+00 -.798940E+00
 0.810000E+00 -.803380E+00
 0.830000E+00 -.807777E+00
 0.850000E+00 -.812132E+00
 0.870000E+00 -.816444E+00
 0.890000E+00 -.820714E+00
 0.910000E+00 -.826669E+00
 0.930000E+00 -.834283E+00
 0.950000E+00 -.841815E+00
 0.970000E+00 -.849259E+00
 0.990000E+00 -.856609E+00




































































































 -.990000E+00 0.106380E+00
 -.970000E+00 0.106381E+00
 -.950000E+00 0.106384E+00
 -.930000E+00 0.106390E+00
 -.910000E+00 0.106399E+00
 -.890000E+00 0.104911E+00
 -.870000E+00 0.101927E+00
 -.850000E+00 0.989473E-01
 -.830000E+00 0.959703E-01
 -.810000E+00 0.929964E-01
 -.790000E+00 0.900255E-01
 -.770000E+00 0.870578E-01
 -.750000E+00 0.840932E-01
 -.730000E+00 0.811317E-01
 -.710000E+00 0.781734E-01
 -.690000E+00 0.752182E-01
 -.670000E+00 0.722662E-01
 -.650000E+00 0.693174E-01
 -.630000E+00 0.663718E-01
 -.610000E+00 0.634294E-01
 -.590000E+00 0.604902E-01
 -.570000E+00 0.575542E-01
 -.550000E+00 0.546215E-01
 -.530000E+00 0.516920E-01
 -.510000E+00 0.487658E-01
 -.490000E+00 0.458428E-01
 -.470000E+00 0.429232E-01
 -.450000E+00 0.400068E-01
 -.430000E+00 0.370938E-01
 -.410000E+00 0.341841E-01
 -.390000E+00 0.312777E-01
 -.370000E+00 0.283746E-01
 -.350000E+00 0.254750E-01
 -.330000E+00 0.225787E-01
 -.310000E+00 0.196857E-01
 -.290000E+00 0.167962E-01
 -.270000E+00 0.139100E-01
 -.250000E+00 0.110273E-01
 -.230000E+00 0.814801E-02
 -.210000E+00 0.527215E-02
 -.190000E+00 0.239974E-02
 -.170000E+00 -.469213E-03
 -.150000E+00 -.333469E-02
 -.130000E+00 -.619669E-02
 -.110000E+00 -.905519E-02
 -.900000E-01 -.119102E-01
 -.700000E-01 -.147617E-01
 -.500000E-01 -.176096E-01
 -.300000E-01 -.204540E-01
 -.100000E-01 -.232949E-01
 0.100000E-01 -.261322E-01
 0.300000E-01 -.289659E-01
 0.500000E-01 -.317960E-01
 0.700000E-01 -.346225E-01
 0.900000E-01 -.374455E-01
 0.110000E+00 -.402648E-01
 0.130000E+00 -.430804E-01
 0.150000E+00 -.458924E-01
 0.170000E+00 -.487008E-01
 0.190000E+00 -.515055E-01
 0.210000E+00 -.543065E-01
 0.230000E+00 -.571039E-01
 0.250000E+00 -.598975E-01
 0.270000E+00 -.626874E-01
 0.290000E+00 -.654736E-01
 0.310000E+00 -.682560E-01
 0.330000E+00 -.710347E-01
 0.350000E+00 -.738097E-01
 0.370000E+00 -.765808E-01
 0.390000E+00 -.793482E-01
 0.410000E+00 -.821118E-01
 0.430000E+00 -.848716E-01
 0.450000E+00 -.876276E-01
 0.470000E+00 -.903797E-01
 0.490000E+00 -.931280E-01
 0.510000E+00 -.958724E-01
 0.530000E+00 -.986130E-01
 0.550000E+00 -.101350E+00
 0.570000E+00 -.104082E+00
 0.590000E+00 -.106811E+00
 0.610000E+00 -.109536E+00
 0.630000E+00 -.112257E+00
 0.650000E+00 -.114974E+00
 0.670000E+00 -.117688E+00
 0.690000E+00 -.120397E+00
 0.710000E+00 -.123102E+00
 0.730000E+00 -.125803E+00
 0.750000E+00 -.128500E+00
 0.770000E+00 -.131194E+00
 0.790000E+00 -.133883E+00
 0.810000E+00 -.136568E+00
 0.830000E+00 -.139249E+00
 0.850000E+00 -.141926E+00
 0.870000E+00 -.144599E+00
 0.890000E+00 -.147268E+00
 0.910000E+00 -.148721E+00
 0.930000E+00 -.148963E+00
 0.950000E+00 -.149210E+00
 0.970000E+00 -.149462E+00
 0.990000E+00 -.149718E+00




































































































 -.990000E+00 0.456679E+00
 -.970000E+00 0.456684E+00
 -.950000E+00 0.456698E+00
 -.930000E+00 0.456722E+00
 -.910000E+00 0.456756E+00
 -.890000E+00 0.457204E+00
 -.870000E+00 0.458062E+00
 -.850000E+00 0.458919E+00
 -.830000E+00 0.459776E+00
 -.810000E+00 0.460633E+00
 -.790000E+00 0.461489E+00
 -.770000E+00 0.462344E+00
 -.750000E+00 0.463199E+00
 -.730000E+00 0.464054E+00
 -.710000E+00 0.464908E+00
 -.690000E+00 0.465762E+00
 -.670000E+00 0.466616E+00
 -.650000E+00 0.467469E+00
 -.630000E+00 0.468321E+00
 -.610000E+00 0.469174E+00
 -.590000E+00 0.470025E+00
 -.570000E+00 0.470877E+00
 -.550000E+00 0.471727E+00
 -.530000E+00 0.472578E+00
 -.510000E+00 0.473428E+00
 -.490000E+00 0.474277E+00
 -.470000E+00 0.475126E+00
 -.450000E+00 0.475975E+00
 -.430000E+00 0.476823E+00
 -.410000E+00 0.477671E+00
 -.390000E+00 0.478518E+00
 -.370000E+00 0.479365E+00
 -.350000E+00 0.480212E+00
 -.330000E+00 0.481058E+00
 -.310000E+00 0.481903E+00
 -.290000E+00 0.482748E+00
 -.270000E+00 0.483593E+00
 -.250000E+00 0.484437E+00
 -.230000E+00 0.485281E+00
 -.210000E+00 0.486124E+00
 -.190000E+00 0.486967E+00
 -.170000E+00 0.487809E+00
 -.150000E+00 0.488651E+00
 -.130000E+00 0.489493E+00
 -.110000E+00 0.490334E+00
 -.900000E-01 0.491174E+00
 -.700000E-01 0.492014E+00
 -.500000E-01 0.492854E+00
 -.300000E-01 0.493693E+00
 -.100000E-01 0.494532E+00
 0.100000E-01 0.495370E+00
 0.300000E-01 0.496208E+00
 0.500000E-01 0.497045E+00
 0.700000E-01 0.497882E+00
 0.900000E-01 0.498719E+00
 0.110000E+00 0.499555E+00
 0.130000E+00 0.500390E+00
 0.150000E+00 0.501225E+00
 0.170000E+00 0.502060E+00
 0.190000E+00 0.502894E+00
 0.210000E+00 0.503728E+00
 0.230000E+00 0.504561E+00
 0.250000E+00 0.505393E+00
 0.270000E+00 0.506226E+00
 0.290000E+00 0.507057E+00
 0.310000E+00 0.507889E+00
 0.330000E+00 0.508719E+00
 0.350000E+00 0.509550E+00
 0.370000E+00 0.510380E+00
 0.390000E+00 0.511209E+00
 0.410000E+00 0.512038E+00
 0.430000E+00 0.512866E+00
 0.450000E+00 0.513694E+00
 0.470000E+00 0.514522E+00
 0.490000E+00 0.515349E+00
 0.510000E+00 0.516175E+00
 0.530000E+00 0.517001E+00
 0.550000E+00 0.517827E+00
 0.570000E+00 0.518652E+00
 0.590000E+00 0.519477E+00
 0.610000E+00 0.520301E+00
 0.630000E+00 0.521124E+00
 0.650000E+00 0.521947E+00
 0.670000E+00 0.522770E+00
 0.690000E+00 0.523592E+00
 0.710000E+00 0.524414E+00
 0.730000E+00 0.525235E+00
 0.750000E+00 0.526056E+00
 0.770000E+00 0.526876E+00
 0.790000E+00 0.527696E+00
 0.810000E+00 0.528515E+00
 0.830000E+00 0.529334E+00
 0.850000E+00 0.530152E+00
 0.870000E+00 0.530970E+00
 0.890000E+00 0.531787E+00
 0.910000E+00 0.536480E+00
 0.930000E+00 0.545044E+00
 0.950000E+00 0.553595E+00
 0.970000E+00 0.562133E+00
 0.990000E+00 0.570655E+00




































































































 -.990000E+00 0.294238E+00
 -.970000E+00 0.294223E+00
 -.950000E+00 0.294179E+00
 -.930000E+00 0.294106E+00
 -.910000E+00 0.294003E+00
 -.890000E+00 0.293389E+00
 -.870000E+00 0.292279E+00
 -.850000E+00 0.291174E+00
 -.830000E+00 0.290074E+00
 -.810000E+00 0.288979E+00
 -.790000E+00 0.287889E+00
 -.770000E+00 0.286804E+00
 -.750000E+00 0.285724E+00
 -.730000E+00 0.284649E+00
 -.710000E+00 0.283579E+00
 -.690000E+00 0.282514E+00
 -.670000E+00 0.281454E+00
 -.650000E+00 0.280399E+00
 -.630000E+00 0.279349E+00
 -.610000E+00 0.278304E+00
 -.590000E+00 0.277264E+00
 -.570000E+00 0.276229E+00
 -.550000E+00 0.275198E+00
 -.530000E+00 0.274173E+00
 -.510000E+00 0.273153E+00
 -.490000E+00 0.272138E+00
 -.470000E+00 0.271128E+00
 -.450000E+00 0.270122E+00
 -.430000E+00 0.269122E+00
 -.410000E+00 0.268126E+00
 -.390000E+00 0.267136E+00
 -.370000E+00 0.266150E+00
 -.350000E+00 0.265169E+00
 -.330000E+00 0.264194E+00
 -.310000E+00 0.263223E+00
 -.290000E+00 0.262257E+00
 -.270000E+00 0.261295E+00
 -.250000E+00 0.260339E+00
 -.230000E+00 0.259388E+00
 -.210000E+00 0.258441E+00
 -.190000E+00 0.257500E+00
 -.170000E+00 0.256563E+00
 -.150000E+00 0.255631E+00
 -.130000E+00 0.254704E+00
 -.110000E+00 0.253781E+00
 -.900000E-01 0.252864E+00
 -.700000E-01 0.251951E+00
 -.500000E-01 0.251043E+00
 -.300000E-01 0.250140E+00
 -.100000E-01 0.249241E+00
 0.100000E-01 0.248347E+00
 0.300000E-01 0.247459E+00
 0.500000E-01 0.246574E+00
 0.700000E-01 0.245695E+00
 0.900000E-01 0.244820E+00
 0.110000E+00 0.243950E+00
 0.130000E+00 0.243084E+00
 0.150000E+00 0.242224E+00
 0.170000E+00 0.241368E+00
 0.190000E+00 0.240516E+00
 0.210000E+00 0.239669E+00
 0.230000E+00 0.238827E+00
 0.250000E+00 0.237990E+00
 0.270000E+00 0.237157E+00
 0.290000E+00 0.236328E+00
 0.310000E+00 0.235505E+00
 0.330000E+00 0.234685E+00
 0.350000E+00 0.233871E+00
 0.370000E+00 0.233060E+00
 0.390000E+00 0.232255E+00
 0.410000E+00 0.231454E+00
 0.430000E+00 0.230657E+00
 0.450000E+00 0.229865E+00
 0.470000E+00 0.229077E+00
 0.490000E+00 0.228294E+00
 0.510000E+00 0.227516E+00
 0.530000E+00 0.226741E+00
 0.550000E+00 0.225971E+00
 0.570000E+00 0.225206E+00
 0.590000E+00 0.224445E+00
 0.610000E+00 0.223688E+00
 0.630000E+00 0.222936E+00
 0.650000E+00 0.222188E+00
 0.670000E+00 0.221444E+00
 0.690000E+00 0.220705E+00
 0.710000E+00 0.219970E+00
 0.730000E+00 0.219240E+00
 0.750000E+00 0.218513E+00
 0.770000E+00 0.217791E+00
 0.790000E+00 0.217073E+00
 0.810000E+00 0.216360E+00
 0.830000E+00 0.215650E+00
 0.850000E+00 0.214945E+00
 0.870000E+00 0.214244E+00
 0.890000E+00 0.213547E+00
 0.910000E+00 0.214140E+00
 0.930000E+00 0.215997E+00
 0.950000E+00 0.217828E+00
 0.970000E+00 0.219634E+00
 0.990000E+00 0.221413E+00




































































































 -.990000E+00 0.868591E+00
 -.970000E+00 0.868589E+00
 -.950000E+00 0.868585E+00
 -.930000E+00 0.868577E+00
 -.910000E+00 0.868566E+00
 -.890000E+00 0.870253E+00
 -.870000E+00 0.873611E+00
 -.850000E+00 0.876930E+00
 -.830000E+00 0.880209E+00
 -.810000E+00 0.883449E+00
 -.790000E+00 0.886650E+00
 -.770000E+00 0.889811E+00
 -.750000E+00 0.892931E+00
 -.730000E+00 0.896012E+00
 -.710000E+00 0.899052E+00
 -.690000E+00 0.902051E+00
 -.670000E+00 0.905010E+00
 -.650000E+00 0.907927E+00
 -.630000E+00 0.910803E+00
 -.610000E+00 0.913638E+00
 -.590000E+00 0.916431E+00
 -.570000E+00 0.919183E+00
 -.550000E+00 0.921892E+00
 -.530000E+00 0.924559E+00
 -.510000E+00 0.927183E+00
 -.490000E+00 0.929765E+00
 -.470000E+00 0.932303E+00
 -.450000E+00 0.934799E+00
 -.430000E+00 0.937251E+00
 -.410000E+00 0.939660E+00
 -.390000E+00 0.942024E+00
 -.370000E+00 0.944345E+00
 -.350000E+00 0.946622E+00
 -.330000E+00 0.948854E+00
 -.310000E+00 0.951042E+00
 -.290000E+00 0.953185E+00
 -.270000E+00 0.955282E+00
 -.250000E+00 0.957335E+00
 -.230000E+00 0.959342E+00
 -.210000E+00 0.961303E+00
 -.190000E+00 0.963218E+00
 -.170000E+00 0.965088E+00
 -.150000E+00 0.966911E+00
 -.130000E+00 0.968687E+00
 -.110000E+00 0.970417E+00
 -.900000E-01 0.972100E+00
 -.700000E-01 0.973735E+00
 -.500000E-01 0.975323E+00
 -.300000E-01 0.976864E+00
 -.100000E-01 0.978357E+00
 0.100000E-01 0.979802E+00
 0.300000E-01 0.981199E+00
 0.500000E-01 0.982547E+00
 0.700000E-01 0.983847E+00
 0.900000E-01 0.985098E+00
 0.110000E+00 0.986299E+00
 0.130000E+00 0.987452E+00
 0.150000E+00 0.988556E+00
 0.170000E+00 0.989609E+00
 0.190000E+00 0.990613E+00
 0.210000E+00 0.991567E+00
 0.230000E+00 0.992471E+00
 0.250000E+00 0.993325E+00
 0.270000E+00 0.994128E+00
 0.290000E+00 0.994880E+00
 0.310000E+00 0.995581E+00
 0.330000E+00 0.996232E+00
 0.350000E+00 0.996831E+00
 0.370000E+00 0.997378E+00
 0.390000E+00 0.997874E+00
 0.410000E+00 0.998318E+00
 0.430000E+00 0.998710E+00
 0.450000E+00 0.999051E+00
 0.470000E+00 0.999338E+00
 0.490000E+00 0.999574E+00
 0.510000E+00 0.999756E+00
 0.530000E+00 0.999886E+00
 0.550000E+00 0.999963E+00
 0.570000E+00 0.999987E+00
 0.590000E+00 0.999958E+00
 0.610000E+00 0.999875E+00
 0.630000E+00 0.999739E+00
 0.650000E+00 0.999549E+00
 0.670000E+00 0.999306E+00
 0.690000E+00 0.999008E+00
 0.710000E+00 0.998657E+00
 0.730000E+00 0.998251E+00
 0.750000E+00 0.997791E+00
 0.770000E+00 0.997277E+00
 0.790000E+00 0.996708E+00
 0.810000E+00 0.996085E+00
 0.830000E+00 0.995406E+00
 0.850000E+00 0.994673E+00
 0.870000E+00 0.993886E+00
 0.890000E+00 0.993043E+00
 0.910000E+00 0.991523E+00
 0.930000E+00 0.989159E+00
 0.950000E+00 0.986519E+00
 0.970000E+00 0.983609E+00
 0.990000E+00 0.980436E+00




































































































 -.990000E+00 0.458813E+00
 -.970000E+00 0.458812E+00
 -.950000E+00 0.458811E+00
 -.930000E+00 0.458809E+00
 -.910000E+00 0.458806E+00
 -.890000E+00 0.457508E+00
 -.870000E+00 0.454845E+00
 -.850000E+00 0.452089E+00
 -.830000E+00 0.449241E+00
 -.810000E+00 0.446301E+00
 -.790000E+00 0.443270E+00
 -.770000E+00 0.440149E+00
 -.750000E+00 0.436937E+00
 -.730000E+00 0.433636E+00
 -.710000E+00 0.430247E+00
 -.690000E+00 0.426770E+00
 -.670000E+00 0.423205E+00
 -.650000E+00 0.419554E+00
 -.630000E+00 0.415817E+00
 -.610000E+00 0.411994E+00
 -.590000E+00 0.408088E+00
 -.570000E+00 0.404098E+00
 -.550000E+00 0.400025E+00
 -.530000E+00 0.395871E+00
 -.510000E+00 0.391636E+00
 -.490000E+00 0.387320E+00
 -.470000E+00 0.382925E+00
 -.450000E+00 0.378452E+00
 -.430000E+00 0.373901E+00
 -.410000E+00 0.369274E+00
 -.390000E+00 0.364572E+00
 -.370000E+00 0.359794E+00
 -.350000E+00 0.354944E+00
 -.330000E+00 0.350020E+00
 -.310000E+00 0.345026E+00
 -.290000E+00 0.339961E+00
 -.270000E+00 0.334826E+00
 -.250000E+00 0.329623E+00
 -.230000E+00 0.324353E+00
 -.210000E+00 0.319017E+00
 -.190000E+00 0.313616E+00
 -.170000E+00 0.308151E+00
 -.150000E+00 0.302623E+00
 -.130000E+00 0.297034E+00
 -.110000E+00 0.291384E+00
 -.900000E-01 0.285676E+00
 -.700000E-01 0.279910E+00
 -.500000E-01 0.274087E+00
 -.300000E-01 0.268208E+00
 -.100000E-01 0.262275E+00
 0.100000E-01 0.256290E+00
 0.300000E-01 0.250253E+00
 0.500000E-01 0.244166E+00
 0.700000E-01 0.238029E+00
 0.900000E-01 0.231846E+00
 0.110000E+00 0.225615E+00
 0.130000E+00 0.219340E+00
 0.150000E+00 0.213021E+00
 0.170000E+00 0.206660E+00
 0.190000E+00 0.200258E+00
 0.210000E+00 0.193817E+00
 0.230000E+00 0.187337E+00
 0.250000E+00 0.180821E+00
 0.270000E+00 0.174270E+00
 0.290000E+00 0.167684E+00
 0.310000E+00 0.161066E+00
 0.330000E+00 0.154417E+00
 0.350000E+00 0.147739E+00
 0.370000E+00 0.141032E+00
 0.390000E+00 0.134299E+00
 0.410000E+00 0.127541E+00
 0.430000E+00 0.120758E+00
 0.450000E+00 0.113954E+00
 0.470000E+00 0.107128E+00
 0.490000E+00 0.100284E+00
 0.510000E+00 0.934209E-01
 0.530000E+00 0.865419E-01
 0.550000E+00 0.796479E-01
 0.570000E+00 0.727405E-01
 0.590000E+00 0.658211E-01
 0.610000E+00 0.588913E-01
 0.630000E+00 0.519524E-01
 0.650000E+00 0.450061E-01
 0.670000E+00 0.380538E-01
 0.690000E+00 0.310970E-01
 0.710000E+00 0.241371E-01
 0.730000E+00 0.171757E-01
 0.750000E+00 0.102142E-01
 0.770000E+00 0.325407E-02
 0.790000E+00 -.370312E-02
 0.810000E+00 -.106560E-01
 0.830000E+00 -.176029E-01
 0.850000E+00 -.245426E-01
 0.870000E+00 -.314736E-01
 0.890000E+00 -.383942E-01
 0.910000E+00 -.438895E-01
 0.930000E+00 -.479831E-01
 0.950000E+00 -.520963E-01
 0.970000E+00 -.562279E-01
 0.990000E+00 -.603770E-01




































































































 -.990000E+00 0.173709E+00
 -.970000E+00 0.173708E+00
 -.950000E+00 0.173706E+00
 -.930000E+00 0.173702E+00
 -.910000E+00 0.173697E+00
 -.890000E+00 0.172558E+00
 -.870000E+00 0.170161E+00
 -.850000E+00 0.167599E+00
 -.830000E+00 0.164876E+00
 -.810000E+00 0.161993E+00
 -.790000E+00 0.158953E+00
 -.770000E+00 0.155760E+00
 -.750000E+00 0.152416E+00
 -.730000E+00 0.148926E+00
 -.710000E+00 0.145292E+00
 -.690000E+00 0.141518E+00
 -.670000E+00 0.137609E+00
 -.650000E+00 0.133567E+00
 -.630000E+00 0.129397E+00
 -.610000E+00 0.125103E+00
 -.590000E+00 0.120689E+00
 -.570000E+00 0.116160E+00
 -.550000E+00 0.111520E+00
 -.530000E+00 0.106773E+00
 -.510000E+00 0.101925E+00
 -.490000E+00 0.969809E-01
 -.470000E+00 0.919445E-01
 -.450000E+00 0.868213E-01
 -.430000E+00 0.816163E-01
 -.410000E+00 0.763347E-01
 -.390000E+00 0.709817E-01
 -.370000E+00 0.655625E-01
 -.350000E+00 0.600826E-01
 -.330000E+00 0.545473E-01
 -.310000E+00 0.489622E-01
 -.290000E+00 0.433326E-01
 -.270000E+00 0.376641E-01
 -.250000E+00 0.319624E-01
 -.230000E+00 0.262330E-01
 -.210000E+00 0.204816E-01
 -.190000E+00 0.147138E-01
 -.170000E+00 0.893520E-02
 -.150000E+00 0.315157E-02
 -.130000E+00 -.263147E-02
 -.110000E+00 -.840826E-02
 -.900000E-01 -.141731E-01
 -.700000E-01 -.199205E-01
 -.500000E-01 -.256447E-01
 -.300000E-01 -.313402E-01
 -.100000E-01 -.370014E-01
 0.100000E-01 -.426228E-01
 0.300000E-01 -.481989E-01
 0.500000E-01 -.537244E-01
 0.700000E-01 -.591938E-01
 0.900000E-01 -.646019E-01
 0.110000E+00 -.699435E-01
 0.130000E+00 -.752132E-01
 0.150000E+00 -.804062E-01
 0.170000E+00 -.855173E-01
 0.190000E+00 -.905416E-01
 0.210000E+00 -.954743E-01
 0.230000E+00 -.100311E+00
 0.250000E+00 -.105046E+00
 0.270000E+00 -.109676E+00
 0.290000E+00 -.114196E+00
 0.310000E+00 -.118601E+00
 0.330000E+00 -.122888E+00
 0.350000E+00 -.127052E+00
 0.370000E+00 -.131090E+00
 0.390000E+00 -.134997E+00
 0.410000E+00 -.138770E+00
 0.430000E+00 -.142406E+00
 0.450000E+00 -.145900E+00
 0.470000E+00 -.149250E+00
 0.490000E+00 -.152452E+00
 0.510000E+00 -.155503E+00
 0.530000E+00 -.158401E+00
 0.550000E+00 -.161143E+00
 0.570000E+00 -.163725E+00
 0.590000E+00 -.166147E+00
 0.610000E+00 -.168405E+00
 0.630000E+00 -.170497E+00
 0.650000E+00 -.172422E+00
 0.670000E+00 -.174178E+00
 0.690000E+00 -.175763E+00
 0.710000E+00 -.177175E+00
 0.730000E+00 -.178414E+00
 0.750000E+00 -.179478E+00
 0.770000E+00 -.180366E+00
 0.790000E+00 -.181078E+00
 0.810000E+00 -.181613E+00
 0.830000E+00 -.181970E+00
 0.850000E+00 -.182150E+00
 0.870000E+00 -.182152E+00
 0.890000E+00 -.181977E+00
 0.910000E+00 -.180616E+00
 0.930000E+00 -.178196E+00
 0.950000E+00 -.175768E+00
 0.970000E+00 -.173336E+00
 0.990000E+00 -.170901E+00




































































































 -.990000E+00 0.773716E-02
 -.970000E+00 0.773725E-02
 -.950000E+00 0.773748E-02
 -.930000E+00 0.773775E-02
 -.910000E+00 0.773795E-02
 -.890000E+00 0.625257E-02
 -.870000E+00 0.143726E-02
 -.850000E+00 -.399747E-02
 -.830000E+00 -.769803E-02
 -.810000E+00 -.806317E-02
 -.790000E+00 -.493681E-02
 -.770000E+00 0.325253E-03
 -.750000E+00 0.544330E-02
 -.730000E+00 0.820134E-02
 -.710000E+00 0.740660E-02
 -.690000E+00 0.340536E-02
 -.670000E+00 -.206796E-02
 -.650000E+00 -.664255E-02
 -.630000E+00 -.833820E-02
 -.610000E+00 -.642246E-02
 -.590000E+00 -.172701E-02
 -.570000E+00 0.371338E-02
 -.550000E+00 0.754261E-02
 -.530000E+00 0.810364E-02
 -.510000E+00 0.515552E-02
 -.490000E+00 -.231014E-04
 -.470000E+00 -.518859E-02
 -.450000E+00 -.810433E-02
 -.430000E+00 -.750921E-02
 -.410000E+00 -.366302E-02
 -.390000E+00 0.176689E-02
 -.370000E+00 0.642847E-02
 -.350000E+00 0.830375E-02
 -.330000E+00 0.658244E-02
 -.310000E+00 0.201204E-02
 -.290000E+00 -.342679E-02
 -.270000E+00 -.737855E-02
 -.250000E+00 -.813308E-02
 -.230000E+00 -.536559E-02
 -.210000E+00 -.276529E-03
 -.190000E+00 0.492919E-02
 -.170000E+00 0.799745E-02
 -.150000E+00 0.760104E-02
 -.130000E+00 0.391368E-02
 -.110000E+00 -.146604E-02
 -.900000E-01 -.620771E-02
 -.700000E-01 -.825863E-02
 -.500000E-01 -.673239E-02
 -.300000E-01 -.229201E-02
 -.100000E-01 0.313810E-02
 0.100000E-01 0.720615E-02
 0.300000E-01 0.815154E-02
 0.500000E-01 0.556681E-02
 0.700000E-01 0.573264E-03
 0.900000E-01 -.466547E-02
 0.110000E+00 -.788093E-02
 0.130000E+00 -.768207E-02
 0.150000E+00 -.415705E-02
 0.170000E+00 0.116579E-02
 0.190000E+00 0.598063E-02
 0.210000E+00 0.820300E-02
 0.230000E+00 0.687219E-02
 0.250000E+00 0.256659E-02
 0.270000E+00 -.284771E-02
 0.290000E+00 -.702570E-02
 0.310000E+00 -.815909E-02
 0.330000E+00 -.575898E-02
 0.350000E+00 -.866737E-03
 0.370000E+00 0.439784E-02
 0.390000E+00 0.775499E-02
 0.410000E+00 0.775228E-02
 0.430000E+00 0.439289E-02
 0.450000E+00 -.866542E-03
 0.470000E+00 -.574758E-02
 0.490000E+00 -.813702E-02
 0.510000E+00 -.700175E-02
 0.530000E+00 -.283547E-02
 0.550000E+00 0.255602E-02
 0.570000E+00 0.683751E-02
 0.590000E+00 0.815582E-02
 0.610000E+00 0.594194E-02
 0.630000E+00 0.115659E-02
 0.650000E+00 -.412666E-02
 0.670000E+00 -.761989E-02
 0.690000E+00 -.781167E-02
 0.710000E+00 -.462094E-02
 0.730000E+00 0.568678E-03
 0.750000E+00 0.550892E-02
 0.770000E+00 0.806086E-02
 0.790000E+00 0.712097E-02
 0.810000E+00 0.309833E-02
 0.830000E+00 -.226342E-02
 0.850000E+00 -.664188E-02
 0.870000E+00 -.814182E-02
 0.890000E+00 -.611551E-02
 0.910000E+00 -.819002E-03
 0.930000E+00 0.296373E-02
 0.950000E+00 0.211083E-02
 0.970000E+00 -.300488E-02
 0.990000E+00 -.101651E-01




































































































