 -.990000E+00 0.107671E+00
 -.970000E+00 0.107679E+00
 -.950000E+00 0.107684E+00
 -.930000E+00 0.107683E+00
 -.910000E+00 0.107676E+00
 -.890000E+00 0.197919E-03
 -.870000E+00 0.103045E-03
 -.850000E+00 -.364457E-04
 -.830000E+00 -.160154E-03
 -.810000E+00 -.214516E-03
 -.790000E+00 -.175995E-03
 -.770000E+00 -.612691E-04
 -.750000E+00 0.799845E-04
 -.730000E+00 0.186604E-03
 -.710000E+00 0.212426E-03
 -.690000E+00 0.146268E-03
 -.670000E+00 0.167785E-04
 -.650000E+00 -.119975E-03
 -.630000E+00 -.204780E-03
 -.610000E+00 -.200916E-03
 -.590000E+00 -.110058E-03
 -.570000E+00 0.284544E-04
 -.550000E+00 0.154645E-03
 -.530000E+00 0.213875E-03
 -.510000E+00 0.180499E-03
 -.490000E+00 0.689681E-04
 -.470000E+00 -.724243E-04
 -.450000E+00 -.182457E-03
 -.430000E+00 -.213487E-03
 -.410000E+00 -.152079E-03
 -.390000E+00 -.248219E-04
 -.370000E+00 0.113182E-03
 -.350000E+00 0.202178E-03
 -.330000E+00 0.203633E-03
 -.310000E+00 0.116916E-03
 -.290000E+00 -.204240E-04
 -.270000E+00 -.148920E-03
 -.250000E+00 -.212935E-03
 -.230000E+00 -.184751E-03
 -.210000E+00 -.765705E-04
 -.190000E+00 0.647637E-04
 -.170000E+00 0.178055E-03
 -.150000E+00 0.214250E-03
 -.130000E+00 0.157677E-03
 -.110000E+00 0.328302E-04
 -.900000E-01 -.106231E-03
 -.700000E-01 -.199295E-03
 -.500000E-01 -.206066E-03
 -.300000E-01 -.123612E-03
 -.100000E-01 0.123655E-04
 0.100000E-01 0.142988E-03
 0.300000E-01 0.211699E-03
 0.500000E-01 0.188745E-03
 0.700000E-01 0.840659E-04
 0.900000E-01 -.570129E-04
 0.110000E+00 -.173406E-03
 0.130000E+00 -.214715E-03
 0.150000E+00 -.163055E-03
 0.170000E+00 -.407926E-04
 0.190000E+00 0.991326E-04
 0.210000E+00 0.196134E-03
 0.230000E+00 0.208211E-03
 0.250000E+00 0.130135E-03
 0.270000E+00 -.428980E-05
 0.290000E+00 -.136857E-03
 0.310000E+00 -.210167E-03
 0.330000E+00 -.192476E-03
 0.350000E+00 -.914441E-04
 0.370000E+00 0.491826E-04
 0.390000E+00 0.168514E-03
 0.410000E+00 0.214881E-03
 0.430000E+00 0.168205E-03
 0.450000E+00 0.486983E-04
 0.470000E+00 -.918954E-04
 0.490000E+00 -.192700E-03
 0.510000E+00 -.210067E-03
 0.530000E+00 -.136476E-03
 0.550000E+00 -.379219E-05
 0.570000E+00 0.130535E-03
 0.590000E+00 0.208342E-03
 0.610000E+00 0.195938E-03
 0.630000E+00 0.986951E-04
 0.650000E+00 -.412833E-04
 0.670000E+00 -.163387E-03
 0.690000E+00 -.214746E-03
 0.710000E+00 -.173122E-03
 0.730000E+00 -.565365E-04
 0.750000E+00 0.845297E-04
 0.770000E+00 0.188996E-03
 0.790000E+00 0.211629E-03
 0.810000E+00 0.142628E-03
 0.830000E+00 0.118695E-04
 0.850000E+00 -.124030E-03
 0.870000E+00 -.206226E-03
 0.890000E+00 -.199128E-03
 0.910000E+00 0.107340E+00
 0.930000E+00 0.107392E+00
 0.950000E+00 0.107380E+00
 0.970000E+00 0.107310E+00
 0.990000E+00 0.107211E+00




































































































 -.990000E+00 0.112087E+00
 -.970000E+00 0.112006E+00
 -.950000E+00 0.111926E+00
 -.930000E+00 0.111846E+00
 -.910000E+00 0.111767E+00
 -.890000E+00 0.422569E-02
 -.870000E+00 0.413474E-02
 -.850000E+00 0.403974E-02
 -.830000E+00 0.394079E-02
 -.810000E+00 0.383798E-02
 -.790000E+00 0.373142E-02
 -.770000E+00 0.362119E-02
 -.750000E+00 0.350743E-02
 -.730000E+00 0.339023E-02
 -.710000E+00 0.326971E-02
 -.690000E+00 0.314598E-02
 -.670000E+00 0.301918E-02
 -.650000E+00 0.288942E-02
 -.630000E+00 0.275683E-02
 -.610000E+00 0.262155E-02
 -.590000E+00 0.248369E-02
 -.570000E+00 0.234341E-02
 -.550000E+00 0.220082E-02
 -.530000E+00 0.205609E-02
 -.510000E+00 0.190934E-02
 -.490000E+00 0.176072E-02
 -.470000E+00 0.161037E-02
 -.450000E+00 0.145845E-02
 -.430000E+00 0.130510E-02
 -.410000E+00 0.115047E-02
 -.390000E+00 0.994716E-03
 -.370000E+00 0.837986E-03
 -.350000E+00 0.680435E-03
 -.330000E+00 0.522217E-03
 -.310000E+00 0.363487E-03
 -.290000E+00 0.204401E-03
 -.270000E+00 0.451139E-04
 -.250000E+00 -.114218E-03
 -.230000E+00 -.273439E-03
 -.210000E+00 -.432392E-03
 -.190000E+00 -.590923E-03
 -.170000E+00 -.748877E-03
 -.150000E+00 -.906097E-03
 -.130000E+00 -.106243E-02
 -.110000E+00 -.121773E-02
 -.900000E-01 -.137183E-02
 -.700000E-01 -.152459E-02
 -.500000E-01 -.167586E-02
 -.300000E-01 -.182549E-02
 -.100000E-01 -.197333E-02
 0.100000E-01 -.211924E-02
 0.300000E-01 -.226308E-02
 0.500000E-01 -.240470E-02
 0.700000E-01 -.254397E-02
 0.900000E-01 -.268075E-02
 0.110000E+00 -.281490E-02
 0.130000E+00 -.294630E-02
 0.150000E+00 -.307481E-02
 0.170000E+00 -.320032E-02
 0.190000E+00 -.332269E-02
 0.210000E+00 -.344181E-02
 0.230000E+00 -.355756E-02
 0.250000E+00 -.366983E-02
 0.270000E+00 -.377850E-02
 0.290000E+00 -.388348E-02
 0.310000E+00 -.398466E-02
 0.330000E+00 -.408193E-02
 0.350000E+00 -.417521E-02
 0.370000E+00 -.426440E-02
 0.390000E+00 -.434942E-02
 0.410000E+00 -.443018E-02
 0.430000E+00 -.450660E-02
 0.450000E+00 -.457861E-02
 0.470000E+00 -.464613E-02
 0.490000E+00 -.470911E-02
 0.510000E+00 -.476748E-02
 0.530000E+00 -.482118E-02
 0.550000E+00 -.487016E-02
 0.570000E+00 -.491437E-02
 0.590000E+00 -.495377E-02
 0.610000E+00 -.498832E-02
 0.630000E+00 -.501799E-02
 0.650000E+00 -.504275E-02
 0.670000E+00 -.506256E-02
 0.690000E+00 -.507742E-02
 0.710000E+00 -.508731E-02
 0.730000E+00 -.509222E-02
 0.750000E+00 -.509214E-02
 0.770000E+00 -.508707E-02
 0.790000E+00 -.507703E-02
 0.810000E+00 -.506201E-02
 0.830000E+00 -.504204E-02
 0.850000E+00 -.501713E-02
 0.870000E+00 -.498731E-02
 0.890000E+00 -.495260E-02
 0.910000E+00 0.102541E+00
 0.930000E+00 0.102575E+00
 0.950000E+00 0.102609E+00
 0.970000E+00 0.102643E+00
 0.990000E+00 0.102677E+00




































































































 -.990000E+00 0.111303E+00
 -.970000E+00 0.111214E+00
 -.950000E+00 0.111126E+00
 -.930000E+00 0.111039E+00
 -.910000E+00 0.110953E+00
 -.890000E+00 0.341630E-02
 -.870000E+00 0.334188E-02
 -.850000E+00 0.326676E-02
 -.830000E+00 0.319095E-02
 -.810000E+00 0.311447E-02
 -.790000E+00 0.303734E-02
 -.770000E+00 0.295957E-02
 -.750000E+00 0.288118E-02
 -.730000E+00 0.280218E-02
 -.710000E+00 0.272261E-02
 -.690000E+00 0.264247E-02
 -.670000E+00 0.256177E-02
 -.650000E+00 0.248055E-02
 -.630000E+00 0.239881E-02
 -.610000E+00 0.231658E-02
 -.590000E+00 0.223387E-02
 -.570000E+00 0.215071E-02
 -.550000E+00 0.206710E-02
 -.530000E+00 0.198307E-02
 -.510000E+00 0.189863E-02
 -.490000E+00 0.181381E-02
 -.470000E+00 0.172863E-02
 -.450000E+00 0.164309E-02
 -.430000E+00 0.155723E-02
 -.410000E+00 0.147105E-02
 -.390000E+00 0.138459E-02
 -.370000E+00 0.129785E-02
 -.350000E+00 0.121086E-02
 -.330000E+00 0.112364E-02
 -.310000E+00 0.103620E-02
 -.290000E+00 0.948563E-03
 -.270000E+00 0.860751E-03
 -.250000E+00 0.772781E-03
 -.230000E+00 0.684673E-03
 -.210000E+00 0.596446E-03
 -.190000E+00 0.508119E-03
 -.170000E+00 0.419712E-03
 -.150000E+00 0.331244E-03
 -.130000E+00 0.242734E-03
 -.110000E+00 0.154202E-03
 -.900000E-01 0.656663E-04
 -.700000E-01 -.228529E-04
 -.500000E-01 -.111336E-03
 -.300000E-01 -.199765E-03
 -.100000E-01 -.288120E-03
 0.100000E-01 -.376381E-03
 0.300000E-01 -.464529E-03
 0.500000E-01 -.552546E-03
 0.700000E-01 -.640411E-03
 0.900000E-01 -.728106E-03
 0.110000E+00 -.815612E-03
 0.130000E+00 -.902909E-03
 0.150000E+00 -.989979E-03
 0.170000E+00 -.107680E-02
 0.190000E+00 -.116336E-02
 0.210000E+00 -.124964E-02
 0.230000E+00 -.133561E-02
 0.250000E+00 -.142126E-02
 0.270000E+00 -.150657E-02
 0.290000E+00 -.159152E-02
 0.310000E+00 -.167609E-02
 0.330000E+00 -.176027E-02
 0.350000E+00 -.184404E-02
 0.370000E+00 -.192737E-02
 0.390000E+00 -.201025E-02
 0.410000E+00 -.209267E-02
 0.430000E+00 -.217459E-02
 0.450000E+00 -.225602E-02
 0.470000E+00 -.233692E-02
 0.490000E+00 -.241729E-02
 0.510000E+00 -.249709E-02
 0.530000E+00 -.257633E-02
 0.550000E+00 -.265497E-02
 0.570000E+00 -.273301E-02
 0.590000E+00 -.281042E-02
 0.610000E+00 -.288719E-02
 0.630000E+00 -.296330E-02
 0.650000E+00 -.303873E-02
 0.670000E+00 -.311348E-02
 0.690000E+00 -.318751E-02
 0.710000E+00 -.326083E-02
 0.730000E+00 -.333340E-02
 0.750000E+00 -.340522E-02
 0.770000E+00 -.347627E-02
 0.790000E+00 -.354654E-02
 0.810000E+00 -.361600E-02
 0.830000E+00 -.368465E-02
 0.850000E+00 -.375247E-02
 0.870000E+00 -.381944E-02
 0.890000E+00 -.388555E-02
 0.910000E+00 0.103526E+00
 0.930000E+00 0.103498E+00
 0.950000E+00 0.103470E+00
 0.970000E+00 0.103441E+00
 0.990000E+00 0.103410E+00




































































































 -.990000E+00 0.103600E+00
 -.970000E+00 0.103508E+00
 -.950000E+00 0.103416E+00
 -.930000E+00 0.103323E+00
 -.910000E+00 0.103229E+00
 -.890000E+00 -.428253E-02
 -.870000E+00 -.429502E-02
 -.850000E+00 -.430723E-02
 -.830000E+00 -.431917E-02
 -.810000E+00 -.433083E-02
 -.790000E+00 -.434222E-02
 -.770000E+00 -.435333E-02
 -.750000E+00 -.436417E-02
 -.730000E+00 -.437473E-02
 -.710000E+00 -.438501E-02
 -.690000E+00 -.439502E-02
 -.670000E+00 -.440474E-02
 -.650000E+00 -.441419E-02
 -.630000E+00 -.442335E-02
 -.610000E+00 -.443223E-02
 -.590000E+00 -.444084E-02
 -.570000E+00 -.444916E-02
 -.550000E+00 -.445720E-02
 -.530000E+00 -.446495E-02
 -.510000E+00 -.447243E-02
 -.490000E+00 -.447961E-02
 -.470000E+00 -.448652E-02
 -.450000E+00 -.449314E-02
 -.430000E+00 -.449947E-02
 -.410000E+00 -.450552E-02
 -.390000E+00 -.451129E-02
 -.370000E+00 -.451677E-02
 -.350000E+00 -.452196E-02
 -.330000E+00 -.452686E-02
 -.310000E+00 -.453148E-02
 -.290000E+00 -.453581E-02
 -.270000E+00 -.453986E-02
 -.250000E+00 -.454361E-02
 -.230000E+00 -.454708E-02
 -.210000E+00 -.455026E-02
 -.190000E+00 -.455315E-02
 -.170000E+00 -.455575E-02
 -.150000E+00 -.455807E-02
 -.130000E+00 -.456009E-02
 -.110000E+00 -.456183E-02
 -.900000E-01 -.456327E-02
 -.700000E-01 -.456443E-02
 -.500000E-01 -.456530E-02
 -.300000E-01 -.456588E-02
 -.100000E-01 -.456617E-02
 0.100000E-01 -.456617E-02
 0.300000E-01 -.456588E-02
 0.500000E-01 -.456530E-02
 0.700000E-01 -.456443E-02
 0.900000E-01 -.456327E-02
 0.110000E+00 -.456183E-02
 0.130000E+00 -.456009E-02
 0.150000E+00 -.455807E-02
 0.170000E+00 -.455575E-02
 0.190000E+00 -.455315E-02
 0.210000E+00 -.455026E-02
 0.230000E+00 -.454708E-02
 0.250000E+00 -.454361E-02
 0.270000E+00 -.453986E-02
 0.290000E+00 -.453581E-02
 0.310000E+00 -.453148E-02
 0.330000E+00 -.452686E-02
 0.350000E+00 -.452196E-02
 0.370000E+00 -.451677E-02
 0.390000E+00 -.451129E-02
 0.410000E+00 -.450552E-02
 0.430000E+00 -.449947E-02
 0.450000E+00 -.449314E-02
 0.470000E+00 -.448652E-02
 0.490000E+00 -.447961E-02
 0.510000E+00 -.447242E-02
 0.530000E+00 -.446495E-02
 0.550000E+00 -.445719E-02
 0.570000E+00 -.444916E-02
 0.590000E+00 -.444083E-02
 0.610000E+00 -.443223E-02
 0.630000E+00 -.442335E-02
 0.650000E+00 -.441418E-02
 0.670000E+00 -.440474E-02
 0.690000E+00 -.439501E-02
 0.710000E+00 -.438501E-02
 0.730000E+00 -.437473E-02
 0.750000E+00 -.436417E-02
 0.770000E+00 -.435333E-02
 0.790000E+00 -.434222E-02
 0.810000E+00 -.433083E-02
 0.830000E+00 -.431916E-02
 0.850000E+00 -.430722E-02
 0.870000E+00 -.429501E-02
 0.890000E+00 -.428253E-02
 0.910000E+00 0.103229E+00
 0.930000E+00 0.103323E+00
 0.950000E+00 0.103416E+00
 0.970000E+00 0.103508E+00
 0.990000E+00 0.103600E+00




































































































 -.990000E+00 0.777714E-01
 -.970000E+00 0.774038E-01
 -.950000E+00 0.770315E-01
 -.930000E+00 0.766545E-01
 -.910000E+00 0.762725E-01
 -.890000E+00 -.312893E-01
 -.870000E+00 -.311119E-01
 -.850000E+00 -.309338E-01
 -.830000E+00 -.307550E-01
 -.810000E+00 -.305756E-01
 -.790000E+00 -.303955E-01
 -.770000E+00 -.302148E-01
 -.750000E+00 -.300333E-01
 -.730000E+00 -.298512E-01
 -.710000E+00 -.296684E-01
 -.690000E+00 -.294850E-01
 -.670000E+00 -.293008E-01
 -.650000E+00 -.291160E-01
 -.630000E+00 -.289306E-01
 -.610000E+00 -.287444E-01
 -.590000E+00 -.285576E-01
 -.570000E+00 -.283701E-01
 -.550000E+00 -.281820E-01
 -.530000E+00 -.279931E-01
 -.510000E+00 -.278036E-01
 -.490000E+00 -.276135E-01
 -.470000E+00 -.274226E-01
 -.450000E+00 -.272311E-01
 -.430000E+00 -.270390E-01
 -.410000E+00 -.268461E-01
 -.390000E+00 -.266526E-01
 -.370000E+00 -.264585E-01
 -.350000E+00 -.262636E-01
 -.330000E+00 -.260681E-01
 -.310000E+00 -.258720E-01
 -.290000E+00 -.256751E-01
 -.270000E+00 -.254776E-01
 -.250000E+00 -.252795E-01
 -.230000E+00 -.250806E-01
 -.210000E+00 -.248812E-01
 -.190000E+00 -.246810E-01
 -.170000E+00 -.244802E-01
 -.150000E+00 -.242787E-01
 -.130000E+00 -.240766E-01
 -.110000E+00 -.238738E-01
 -.900000E-01 -.236704E-01
 -.700000E-01 -.234663E-01
 -.500000E-01 -.232615E-01
 -.300000E-01 -.230561E-01
 -.100000E-01 -.228501E-01
 0.100000E-01 -.226433E-01
 0.300000E-01 -.224360E-01
 0.500000E-01 -.222280E-01
 0.700000E-01 -.220193E-01
 0.900000E-01 -.218100E-01
 0.110000E+00 -.216000E-01
 0.130000E+00 -.213894E-01
 0.150000E+00 -.211781E-01
 0.170000E+00 -.209662E-01
 0.190000E+00 -.207536E-01
 0.210000E+00 -.205404E-01
 0.230000E+00 -.203266E-01
 0.250000E+00 -.201121E-01
 0.270000E+00 -.198970E-01
 0.290000E+00 -.196813E-01
 0.310000E+00 -.194649E-01
 0.330000E+00 -.192478E-01
 0.350000E+00 -.190302E-01
 0.370000E+00 -.188119E-01
 0.390000E+00 -.185930E-01
 0.410000E+00 -.183734E-01
 0.430000E+00 -.181532E-01
 0.450000E+00 -.179324E-01
 0.470000E+00 -.177110E-01
 0.490000E+00 -.174889E-01
 0.510000E+00 -.172662E-01
 0.530000E+00 -.170429E-01
 0.550000E+00 -.168190E-01
 0.570000E+00 -.165945E-01
 0.590000E+00 -.163693E-01
 0.610000E+00 -.161435E-01
 0.630000E+00 -.159171E-01
 0.650000E+00 -.156901E-01
 0.670000E+00 -.154625E-01
 0.690000E+00 -.152343E-01
 0.710000E+00 -.150055E-01
 0.730000E+00 -.147761E-01
 0.750000E+00 -.145461E-01
 0.770000E+00 -.143155E-01
 0.790000E+00 -.140842E-01
 0.810000E+00 -.138524E-01
 0.830000E+00 -.136200E-01
 0.850000E+00 -.133870E-01
 0.870000E+00 -.131534E-01
 0.890000E+00 -.129193E-01
 0.910000E+00 0.947456E-01
 0.930000E+00 0.949245E-01
 0.950000E+00 0.951022E-01
 0.970000E+00 0.952788E-01
 0.990000E+00 0.954542E-01




































































































 -.990000E+00 0.134118E+00
 -.970000E+00 0.134359E+00
 -.950000E+00 0.134602E+00
 -.930000E+00 0.134848E+00
 -.910000E+00 0.135097E+00
 -.890000E+00 0.277660E-01
 -.870000E+00 0.277671E-01
 -.850000E+00 0.277682E-01
 -.830000E+00 0.277693E-01
 -.810000E+00 0.277704E-01
 -.790000E+00 0.277714E-01
 -.770000E+00 0.277724E-01
 -.750000E+00 0.277734E-01
 -.730000E+00 0.277744E-01
 -.710000E+00 0.277753E-01
 -.690000E+00 0.277762E-01
 -.670000E+00 0.277771E-01
 -.650000E+00 0.277779E-01
 -.630000E+00 0.277788E-01
 -.610000E+00 0.277796E-01
 -.590000E+00 0.277804E-01
 -.570000E+00 0.277811E-01
 -.550000E+00 0.277818E-01
 -.530000E+00 0.277825E-01
 -.510000E+00 0.277832E-01
 -.490000E+00 0.277839E-01
 -.470000E+00 0.277845E-01
 -.450000E+00 0.277851E-01
 -.430000E+00 0.277856E-01
 -.410000E+00 0.277862E-01
 -.390000E+00 0.277867E-01
 -.370000E+00 0.277872E-01
 -.350000E+00 0.277877E-01
 -.330000E+00 0.277881E-01
 -.310000E+00 0.277885E-01
 -.290000E+00 0.277889E-01
 -.270000E+00 0.277893E-01
 -.250000E+00 0.277896E-01
 -.230000E+00 0.277899E-01
 -.210000E+00 0.277902E-01
 -.190000E+00 0.277905E-01
 -.170000E+00 0.277907E-01
 -.150000E+00 0.277909E-01
 -.130000E+00 0.277911E-01
 -.110000E+00 0.277912E-01
 -.900000E-01 0.277914E-01
 -.700000E-01 0.277915E-01
 -.500000E-01 0.277916E-01
 -.300000E-01 0.277916E-01
 -.100000E-01 0.277916E-01
 0.100000E-01 0.277916E-01
 0.300000E-01 0.277916E-01
 0.500000E-01 0.277916E-01
 0.700000E-01 0.277915E-01
 0.900000E-01 0.277914E-01
 0.110000E+00 0.277912E-01
 0.130000E+00 0.277911E-01
 0.150000E+00 0.277909E-01
 0.170000E+00 0.277907E-01
 0.190000E+00 0.277905E-01
 0.210000E+00 0.277902E-01
 0.230000E+00 0.277899E-01
 0.250000E+00 0.277896E-01
 0.270000E+00 0.277893E-01
 0.290000E+00 0.277889E-01
 0.310000E+00 0.277885E-01
 0.330000E+00 0.277881E-01
 0.350000E+00 0.277877E-01
 0.370000E+00 0.277872E-01
 0.390000E+00 0.277867E-01
 0.410000E+00 0.277862E-01
 0.430000E+00 0.277856E-01
 0.450000E+00 0.277851E-01
 0.470000E+00 0.277845E-01
 0.490000E+00 0.277839E-01
 0.510000E+00 0.277832E-01
 0.530000E+00 0.277825E-01
 0.550000E+00 0.277818E-01
 0.570000E+00 0.277811E-01
 0.590000E+00 0.277804E-01
 0.610000E+00 0.277796E-01
 0.630000E+00 0.277788E-01
 0.650000E+00 0.277779E-01
 0.670000E+00 0.277771E-01
 0.690000E+00 0.277762E-01
 0.710000E+00 0.277753E-01
 0.730000E+00 0.277744E-01
 0.750000E+00 0.277734E-01
 0.770000E+00 0.277724E-01
 0.790000E+00 0.277714E-01
 0.810000E+00 0.277704E-01
 0.830000E+00 0.277693E-01
 0.850000E+00 0.277682E-01
 0.870000E+00 0.277671E-01
 0.890000E+00 0.277660E-01
 0.910000E+00 0.135097E+00
 0.930000E+00 0.134848E+00
 0.950000E+00 0.134602E+00
 0.970000E+00 0.134359E+00
 0.990000E+00 0.134118E+00




































































































 -.990000E+00 0.954542E-01
 -.970000E+00 0.952788E-01
 -.950000E+00 0.951022E-01
 -.930000E+00 0.949245E-01
 -.910000E+00 0.947456E-01
 -.890000E+00 -.129193E-01
 -.870000E+00 -.131534E-01
 -.850000E+00 -.133870E-01
 -.830000E+00 -.136200E-01
 -.810000E+00 -.138524E-01
 -.790000E+00 -.140842E-01
 -.770000E+00 -.143155E-01
 -.750000E+00 -.145461E-01
 -.730000E+00 -.147761E-01
 -.710000E+00 -.150055E-01
 -.690000E+00 -.152343E-01
 -.670000E+00 -.154625E-01
 -.650000E+00 -.156901E-01
 -.630000E+00 -.159171E-01
 -.610000E+00 -.161435E-01
 -.590000E+00 -.163693E-01
 -.570000E+00 -.165945E-01
 -.550000E+00 -.168190E-01
 -.530000E+00 -.170429E-01
 -.510000E+00 -.172662E-01
 -.490000E+00 -.174889E-01
 -.470000E+00 -.177110E-01
 -.450000E+00 -.179324E-01
 -.430000E+00 -.181532E-01
 -.410000E+00 -.183734E-01
 -.390000E+00 -.185930E-01
 -.370000E+00 -.188119E-01
 -.350000E+00 -.190302E-01
 -.330000E+00 -.192478E-01
 -.310000E+00 -.194649E-01
 -.290000E+00 -.196813E-01
 -.270000E+00 -.198970E-01
 -.250000E+00 -.201121E-01
 -.230000E+00 -.203266E-01
 -.210000E+00 -.205404E-01
 -.190000E+00 -.207536E-01
 -.170000E+00 -.209662E-01
 -.150000E+00 -.211781E-01
 -.130000E+00 -.213894E-01
 -.110000E+00 -.216000E-01
 -.900000E-01 -.218100E-01
 -.700000E-01 -.220193E-01
 -.500000E-01 -.222280E-01
 -.300000E-01 -.224360E-01
 -.100000E-01 -.226433E-01
 0.100000E-01 -.228501E-01
 0.300000E-01 -.230561E-01
 0.500000E-01 -.232615E-01
 0.700000E-01 -.234663E-01
 0.900000E-01 -.236704E-01
 0.110000E+00 -.238738E-01
 0.130000E+00 -.240766E-01
 0.150000E+00 -.242787E-01
 0.170000E+00 -.244802E-01
 0.190000E+00 -.246810E-01
 0.210000E+00 -.248812E-01
 0.230000E+00 -.250806E-01
 0.250000E+00 -.252795E-01
 0.270000E+00 -.254776E-01
 0.290000E+00 -.256751E-01
 0.310000E+00 -.258720E-01
 0.330000E+00 -.260681E-01
 0.350000E+00 -.262636E-01
 0.370000E+00 -.264585E-01
 0.390000E+00 -.266526E-01
 0.410000E+00 -.268461E-01
 0.430000E+00 -.270390E-01
 0.450000E+00 -.272311E-01
 0.470000E+00 -.274226E-01
 0.490000E+00 -.276135E-01
 0.510000E+00 -.278036E-01
 0.530000E+00 -.279931E-01
 0.550000E+00 -.281820E-01
 0.570000E+00 -.283701E-01
 0.590000E+00 -.285576E-01
 0.610000E+00 -.287444E-01
 0.630000E+00 -.289306E-01
 0.650000E+00 -.291160E-01
 0.670000E+00 -.293008E-01
 0.690000E+00 -.294850E-01
 0.710000E+00 -.296684E-01
 0.730000E+00 -.298512E-01
 0.750000E+00 -.300333E-01
 0.770000E+00 -.302148E-01
 0.790000E+00 -.303955E-01
 0.810000E+00 -.305756E-01
 0.830000E+00 -.307550E-01
 0.850000E+00 -.309338E-01
 0.870000E+00 -.311119E-01
 0.890000E+00 -.312893E-01
 0.910000E+00 0.762725E-01
 0.930000E+00 0.766545E-01
 0.950000E+00 0.770315E-01
 0.970000E+00 0.774038E-01
 0.990000E+00 0.777714E-01




































































































 -.990000E+00 0.103600E+00
 -.970000E+00 0.103508E+00
 -.950000E+00 0.103416E+00
 -.930000E+00 0.103323E+00
 -.910000E+00 0.103229E+00
 -.890000E+00 -.428253E-02
 -.870000E+00 -.429501E-02
 -.850000E+00 -.430722E-02
 -.830000E+00 -.431916E-02
 -.810000E+00 -.433083E-02
 -.790000E+00 -.434222E-02
 -.770000E+00 -.435333E-02
 -.750000E+00 -.436417E-02
 -.730000E+00 -.437473E-02
 -.710000E+00 -.438501E-02
 -.690000E+00 -.439501E-02
 -.670000E+00 -.440474E-02
 -.650000E+00 -.441418E-02
 -.630000E+00 -.442335E-02
 -.610000E+00 -.443223E-02
 -.590000E+00 -.444083E-02
 -.570000E+00 -.444916E-02
 -.550000E+00 -.445719E-02
 -.530000E+00 -.446495E-02
 -.510000E+00 -.447242E-02
 -.490000E+00 -.447961E-02
 -.470000E+00 -.448652E-02
 -.450000E+00 -.449314E-02
 -.430000E+00 -.449947E-02
 -.410000E+00 -.450552E-02
 -.390000E+00 -.451129E-02
 -.370000E+00 -.451677E-02
 -.350000E+00 -.452196E-02
 -.330000E+00 -.452686E-02
 -.310000E+00 -.453148E-02
 -.290000E+00 -.453581E-02
 -.270000E+00 -.453986E-02
 -.250000E+00 -.454361E-02
 -.230000E+00 -.454708E-02
 -.210000E+00 -.455026E-02
 -.190000E+00 -.455315E-02
 -.170000E+00 -.455575E-02
 -.150000E+00 -.455807E-02
 -.130000E+00 -.456009E-02
 -.110000E+00 -.456183E-02
 -.900000E-01 -.456327E-02
 -.700000E-01 -.456443E-02
 -.500000E-01 -.456530E-02
 -.300000E-01 -.456588E-02
 -.100000E-01 -.456617E-02
 0.100000E-01 -.456617E-02
 0.300000E-01 -.456588E-02
 0.500000E-01 -.456530E-02
 0.700000E-01 -.456443E-02
 0.900000E-01 -.456327E-02
 0.110000E+00 -.456183E-02
 0.130000E+00 -.456009E-02
 0.150000E+00 -.455807E-02
 0.170000E+00 -.455575E-02
 0.190000E+00 -.455315E-02
 0.210000E+00 -.455026E-02
 0.230000E+00 -.454708E-02
 0.250000E+00 -.454361E-02
 0.270000E+00 -.453986E-02
 0.290000E+00 -.453581E-02
 0.310000E+00 -.453148E-02
 0.330000E+00 -.452686E-02
 0.350000E+00 -.452196E-02
 0.370000E+00 -.451677E-02
 0.390000E+00 -.451129E-02
 0.410000E+00 -.450552E-02
 0.430000E+00 -.449947E-02
 0.450000E+00 -.449314E-02
 0.470000E+00 -.448652E-02
 0.490000E+00 -.447961E-02
 0.510000E+00 -.447243E-02
 0.530000E+00 -.446495E-02
 0.550000E+00 -.445720E-02
 0.570000E+00 -.444916E-02
 0.590000E+00 -.444084E-02
 0.610000E+00 -.443223E-02
 0.630000E+00 -.442335E-02
 0.650000E+00 -.441419E-02
 0.670000E+00 -.440474E-02
 0.690000E+00 -.439502E-02
 0.710000E+00 -.438501E-02
 0.730000E+00 -.437473E-02
 0.750000E+00 -.436417E-02
 0.770000E+00 -.435333E-02
 0.790000E+00 -.434222E-02
 0.810000E+00 -.433083E-02
 0.830000E+00 -.431917E-02
 0.850000E+00 -.430723E-02
 0.870000E+00 -.429502E-02
 0.890000E+00 -.428253E-02
 0.910000E+00 0.103229E+00
 0.930000E+00 0.103323E+00
 0.950000E+00 0.103416E+00
 0.970000E+00 0.103508E+00
 0.990000E+00 0.103600E+00




































































































 -.990000E+00 0.103410E+00
 -.970000E+00 0.103441E+00
 -.950000E+00 0.103470E+00
 -.930000E+00 0.103498E+00
 -.910000E+00 0.103526E+00
 -.890000E+00 -.388555E-02
 -.870000E+00 -.381944E-02
 -.850000E+00 -.375247E-02
 -.830000E+00 -.368465E-02
 -.810000E+00 -.361600E-02
 -.790000E+00 -.354654E-02
 -.770000E+00 -.347627E-02
 -.750000E+00 -.340522E-02
 -.730000E+00 -.333340E-02
 -.710000E+00 -.326083E-02
 -.690000E+00 -.318751E-02
 -.670000E+00 -.311348E-02
 -.650000E+00 -.303873E-02
 -.630000E+00 -.296330E-02
 -.610000E+00 -.288719E-02
 -.590000E+00 -.281042E-02
 -.570000E+00 -.273301E-02
 -.550000E+00 -.265497E-02
 -.530000E+00 -.257633E-02
 -.510000E+00 -.249709E-02
 -.490000E+00 -.241729E-02
 -.470000E+00 -.233692E-02
 -.450000E+00 -.225602E-02
 -.430000E+00 -.217459E-02
 -.410000E+00 -.209267E-02
 -.390000E+00 -.201025E-02
 -.370000E+00 -.192737E-02
 -.350000E+00 -.184404E-02
 -.330000E+00 -.176027E-02
 -.310000E+00 -.167609E-02
 -.290000E+00 -.159152E-02
 -.270000E+00 -.150657E-02
 -.250000E+00 -.142126E-02
 -.230000E+00 -.133561E-02
 -.210000E+00 -.124964E-02
 -.190000E+00 -.116336E-02
 -.170000E+00 -.107680E-02
 -.150000E+00 -.989979E-03
 -.130000E+00 -.902909E-03
 -.110000E+00 -.815612E-03
 -.900000E-01 -.728106E-03
 -.700000E-01 -.640411E-03
 -.500000E-01 -.552546E-03
 -.300000E-01 -.464529E-03
 -.100000E-01 -.376381E-03
 0.100000E-01 -.288120E-03
 0.300000E-01 -.199765E-03
 0.500000E-01 -.111336E-03
 0.700000E-01 -.228529E-04
 0.900000E-01 0.656663E-04
 0.110000E+00 0.154202E-03
 0.130000E+00 0.242734E-03
 0.150000E+00 0.331244E-03
 0.170000E+00 0.419712E-03
 0.190000E+00 0.508119E-03
 0.210000E+00 0.596446E-03
 0.230000E+00 0.684673E-03
 0.250000E+00 0.772781E-03
 0.270000E+00 0.860751E-03
 0.290000E+00 0.948563E-03
 0.310000E+00 0.103620E-02
 0.330000E+00 0.112364E-02
 0.350000E+00 0.121086E-02
 0.370000E+00 0.129785E-02
 0.390000E+00 0.138459E-02
 0.410000E+00 0.147105E-02
 0.430000E+00 0.155723E-02
 0.450000E+00 0.164309E-02
 0.470000E+00 0.172863E-02
 0.490000E+00 0.181381E-02
 0.510000E+00 0.189863E-02
 0.530000E+00 0.198307E-02
 0.550000E+00 0.206710E-02
 0.570000E+00 0.215071E-02
 0.590000E+00 0.223387E-02
 0.610000E+00 0.231658E-02
 0.630000E+00 0.239881E-02
 0.650000E+00 0.248055E-02
 0.670000E+00 0.256177E-02
 0.690000E+00 0.264247E-02
 0.710000E+00 0.272261E-02
 0.730000E+00 0.280218E-02
 0.750000E+00 0.288118E-02
 0.770000E+00 0.295957E-02
 0.790000E+00 0.303734E-02
 0.810000E+00 0.311447E-02
 0.830000E+00 0.319095E-02
 0.850000E+00 0.326676E-02
 0.870000E+00 0.334188E-02
 0.890000E+00 0.341630E-02
 0.910000E+00 0.110953E+00
 0.930000E+00 0.111039E+00
 0.950000E+00 0.111126E+00
 0.970000E+00 0.111214E+00
 0.990000E+00 0.111303E+00




































































































 -.990000E+00 0.102677E+00
 -.970000E+00 0.102643E+00
 -.950000E+00 0.102609E+00
 -.930000E+00 0.102575E+00
 -.910000E+00 0.102541E+00
 -.890000E+00 -.495260E-02
 -.870000E+00 -.498731E-02
 -.850000E+00 -.501713E-02
 -.830000E+00 -.504204E-02
 -.810000E+00 -.506201E-02
 -.790000E+00 -.507703E-02
 -.770000E+00 -.508707E-02
 -.750000E+00 -.509214E-02
 -.730000E+00 -.509222E-02
 -.710000E+00 -.508731E-02
 -.690000E+00 -.507742E-02
 -.670000E+00 -.506256E-02
 -.650000E+00 -.504275E-02
 -.630000E+00 -.501799E-02
 -.610000E+00 -.498832E-02
 -.590000E+00 -.495377E-02
 -.570000E+00 -.491437E-02
 -.550000E+00 -.487016E-02
 -.530000E+00 -.482118E-02
 -.510000E+00 -.476748E-02
 -.490000E+00 -.470911E-02
 -.470000E+00 -.464613E-02
 -.450000E+00 -.457861E-02
 -.430000E+00 -.450660E-02
 -.410000E+00 -.443018E-02
 -.390000E+00 -.434942E-02
 -.370000E+00 -.426440E-02
 -.350000E+00 -.417521E-02
 -.330000E+00 -.408193E-02
 -.310000E+00 -.398466E-02
 -.290000E+00 -.388348E-02
 -.270000E+00 -.377850E-02
 -.250000E+00 -.366983E-02
 -.230000E+00 -.355756E-02
 -.210000E+00 -.344181E-02
 -.190000E+00 -.332269E-02
 -.170000E+00 -.320032E-02
 -.150000E+00 -.307481E-02
 -.130000E+00 -.294630E-02
 -.110000E+00 -.281490E-02
 -.900000E-01 -.268075E-02
 -.700000E-01 -.254397E-02
 -.500000E-01 -.240470E-02
 -.300000E-01 -.226308E-02
 -.100000E-01 -.211924E-02
 0.100000E-01 -.197333E-02
 0.300000E-01 -.182549E-02
 0.500000E-01 -.167586E-02
 0.700000E-01 -.152459E-02
 0.900000E-01 -.137183E-02
 0.110000E+00 -.121773E-02
 0.130000E+00 -.106243E-02
 0.150000E+00 -.906097E-03
 0.170000E+00 -.748877E-03
 0.190000E+00 -.590923E-03
 0.210000E+00 -.432392E-03
 0.230000E+00 -.273439E-03
 0.250000E+00 -.114218E-03
 0.270000E+00 0.451139E-04
 0.290000E+00 0.204401E-03
 0.310000E+00 0.363487E-03
 0.330000E+00 0.522217E-03
 0.350000E+00 0.680435E-03
 0.370000E+00 0.837986E-03
 0.390000E+00 0.994716E-03
 0.410000E+00 0.115047E-02
 0.430000E+00 0.130510E-02
 0.450000E+00 0.145845E-02
 0.470000E+00 0.161037E-02
 0.490000E+00 0.176072E-02
 0.510000E+00 0.190934E-02
 0.530000E+00 0.205609E-02
 0.550000E+00 0.220082E-02
 0.570000E+00 0.234341E-02
 0.590000E+00 0.248369E-02
 0.610000E+00 0.262155E-02
 0.630000E+00 0.275683E-02
 0.650000E+00 0.288942E-02
 0.670000E+00 0.301918E-02
 0.690000E+00 0.314598E-02
 0.710000E+00 0.326971E-02
 0.730000E+00 0.339023E-02
 0.750000E+00 0.350743E-02
 0.770000E+00 0.362119E-02
 0.790000E+00 0.373142E-02
 0.810000E+00 0.383798E-02
 0.830000E+00 0.394079E-02
 0.850000E+00 0.403974E-02
 0.870000E+00 0.413474E-02
 0.890000E+00 0.422569E-02
 0.910000E+00 0.111767E+00
 0.930000E+00 0.111846E+00
 0.950000E+00 0.111926E+00
 0.970000E+00 0.112006E+00
 0.990000E+00 0.112087E+00




































































































 -.990000E+00 0.107211E+00
 -.970000E+00 0.107310E+00
 -.950000E+00 0.107380E+00
 -.930000E+00 0.107392E+00
 -.910000E+00 0.107340E+00
 -.890000E+00 -.199128E-03
 -.870000E+00 -.206226E-03
 -.850000E+00 -.124030E-03
 -.830000E+00 0.118695E-04
 -.810000E+00 0.142628E-03
 -.790000E+00 0.211629E-03
 -.770000E+00 0.188996E-03
 -.750000E+00 0.845297E-04
 -.730000E+00 -.565365E-04
 -.710000E+00 -.173122E-03
 -.690000E+00 -.214746E-03
 -.670000E+00 -.163387E-03
 -.650000E+00 -.412833E-04
 -.630000E+00 0.986951E-04
 -.610000E+00 0.195938E-03
 -.590000E+00 0.208342E-03
 -.570000E+00 0.130535E-03
 -.550000E+00 -.379219E-05
 -.530000E+00 -.136476E-03
 -.510000E+00 -.210067E-03
 -.490000E+00 -.192700E-03
 -.470000E+00 -.918954E-04
 -.450000E+00 0.486983E-04
 -.430000E+00 0.168205E-03
 -.410000E+00 0.214881E-03
 -.390000E+00 0.168514E-03
 -.370000E+00 0.491826E-04
 -.350000E+00 -.914441E-04
 -.330000E+00 -.192476E-03
 -.310000E+00 -.210167E-03
 -.290000E+00 -.136857E-03
 -.270000E+00 -.428980E-05
 -.250000E+00 0.130135E-03
 -.230000E+00 0.208211E-03
 -.210000E+00 0.196134E-03
 -.190000E+00 0.991326E-04
 -.170000E+00 -.407926E-04
 -.150000E+00 -.163055E-03
 -.130000E+00 -.214715E-03
 -.110000E+00 -.173406E-03
 -.900000E-01 -.570129E-04
 -.700000E-01 0.840659E-04
 -.500000E-01 0.188745E-03
 -.300000E-01 0.211699E-03
 -.100000E-01 0.142988E-03
 0.100000E-01 0.123655E-04
 0.300000E-01 -.123612E-03
 0.500000E-01 -.206066E-03
 0.700000E-01 -.199295E-03
 0.900000E-01 -.106231E-03
 0.110000E+00 0.328302E-04
 0.130000E+00 0.157677E-03
 0.150000E+00 0.214250E-03
 0.170000E+00 0.178055E-03
 0.190000E+00 0.647637E-04
 0.210000E+00 -.765705E-04
 0.230000E+00 -.184751E-03
 0.250000E+00 -.212935E-03
 0.270000E+00 -.148920E-03
 0.290000E+00 -.204240E-04
 0.310000E+00 0.116916E-03
 0.330000E+00 0.203633E-03
 0.350000E+00 0.202178E-03
 0.370000E+00 0.113182E-03
 0.390000E+00 -.248219E-04
 0.410000E+00 -.152079E-03
 0.430000E+00 -.213487E-03
 0.450000E+00 -.182457E-03
 0.470000E+00 -.724243E-04
 0.490000E+00 0.689681E-04
 0.510000E+00 0.180499E-03
 0.530000E+00 0.213875E-03
 0.550000E+00 0.154645E-03
 0.570000E+00 0.284544E-04
 0.590000E+00 -.110058E-03
 0.610000E+00 -.200916E-03
 0.630000E+00 -.204780E-03
 0.650000E+00 -.119975E-03
 0.670000E+00 0.167785E-04
 0.690000E+00 0.146268E-03
 0.710000E+00 0.212426E-03
 0.730000E+00 0.186604E-03
 0.750000E+00 0.799845E-04
 0.770000E+00 -.612691E-04
 0.790000E+00 -.175995E-03
 0.810000E+00 -.214516E-03
 0.830000E+00 -.160154E-03
 0.850000E+00 -.364457E-04
 0.870000E+00 0.103045E-03
 0.890000E+00 0.197919E-03
 0.910000E+00 0.107676E+00
 0.930000E+00 0.107683E+00
 0.950000E+00 0.107684E+00
 0.970000E+00 0.107679E+00
 0.990000E+00 0.107671E+00




































































































