 -.990000E+00 -.773716E-02
 -.970000E+00 -.773725E-02
 -.950000E+00 -.773748E-02
 -.930000E+00 -.773775E-02
 -.910000E+00 -.773795E-02
 -.890000E+00 -.625257E-02
 -.870000E+00 -.143726E-02
 -.850000E+00 0.399747E-02
 -.830000E+00 0.769803E-02
 -.810000E+00 0.806317E-02
 -.790000E+00 0.493681E-02
 -.770000E+00 -.325253E-03
 -.750000E+00 -.544330E-02
 -.730000E+00 -.820134E-02
 -.710000E+00 -.740660E-02
 -.690000E+00 -.340536E-02
 -.670000E+00 0.206796E-02
 -.650000E+00 0.664255E-02
 -.630000E+00 0.833820E-02
 -.610000E+00 0.642246E-02
 -.590000E+00 0.172701E-02
 -.570000E+00 -.371338E-02
 -.550000E+00 -.754261E-02
 -.530000E+00 -.810364E-02
 -.510000E+00 -.515552E-02
 -.490000E+00 0.231014E-04
 -.470000E+00 0.518859E-02
 -.450000E+00 0.810433E-02
 -.430000E+00 0.750921E-02
 -.410000E+00 0.366302E-02
 -.390000E+00 -.176689E-02
 -.370000E+00 -.642847E-02
 -.350000E+00 -.830375E-02
 -.330000E+00 -.658244E-02
 -.310000E+00 -.201204E-02
 -.290000E+00 0.342679E-02
 -.270000E+00 0.737855E-02
 -.250000E+00 0.813308E-02
 -.230000E+00 0.536559E-02
 -.210000E+00 0.276529E-03
 -.190000E+00 -.492919E-02
 -.170000E+00 -.799745E-02
 -.150000E+00 -.760104E-02
 -.130000E+00 -.391368E-02
 -.110000E+00 0.146604E-02
 -.900000E-01 0.620771E-02
 -.700000E-01 0.825863E-02
 -.500000E-01 0.673239E-02
 -.300000E-01 0.229201E-02
 -.100000E-01 -.313810E-02
 0.100000E-01 -.720615E-02
 0.300000E-01 -.815154E-02
 0.500000E-01 -.556681E-02
 0.700000E-01 -.573264E-03
 0.900000E-01 0.466547E-02
 0.110000E+00 0.788093E-02
 0.130000E+00 0.768207E-02
 0.150000E+00 0.415705E-02
 0.170000E+00 -.116579E-02
 0.190000E+00 -.598063E-02
 0.210000E+00 -.820300E-02
 0.230000E+00 -.687219E-02
 0.250000E+00 -.256659E-02
 0.270000E+00 0.284771E-02
 0.290000E+00 0.702570E-02
 0.310000E+00 0.815909E-02
 0.330000E+00 0.575898E-02
 0.350000E+00 0.866737E-03
 0.370000E+00 -.439784E-02
 0.390000E+00 -.775499E-02
 0.410000E+00 -.775228E-02
 0.430000E+00 -.439289E-02
 0.450000E+00 0.866542E-03
 0.470000E+00 0.574758E-02
 0.490000E+00 0.813702E-02
 0.510000E+00 0.700175E-02
 0.530000E+00 0.283547E-02
 0.550000E+00 -.255602E-02
 0.570000E+00 -.683751E-02
 0.590000E+00 -.815582E-02
 0.610000E+00 -.594194E-02
 0.630000E+00 -.115659E-02
 0.650000E+00 0.412666E-02
 0.670000E+00 0.761989E-02
 0.690000E+00 0.781167E-02
 0.710000E+00 0.462094E-02
 0.730000E+00 -.568678E-03
 0.750000E+00 -.550892E-02
 0.770000E+00 -.806086E-02
 0.790000E+00 -.712097E-02
 0.810000E+00 -.309833E-02
 0.830000E+00 0.226342E-02
 0.850000E+00 0.664188E-02
 0.870000E+00 0.814182E-02
 0.890000E+00 0.611551E-02
 0.910000E+00 0.819002E-03
 0.930000E+00 -.296373E-02
 0.950000E+00 -.211083E-02
 0.970000E+00 0.300488E-02
 0.990000E+00 0.101651E-01




































































































 -.990000E+00 -.173709E+00
 -.970000E+00 -.173708E+00
 -.950000E+00 -.173706E+00
 -.930000E+00 -.173702E+00
 -.910000E+00 -.173697E+00
 -.890000E+00 -.172558E+00
 -.870000E+00 -.170161E+00
 -.850000E+00 -.167599E+00
 -.830000E+00 -.164876E+00
 -.810000E+00 -.161993E+00
 -.790000E+00 -.158953E+00
 -.770000E+00 -.155760E+00
 -.750000E+00 -.152416E+00
 -.730000E+00 -.148926E+00
 -.710000E+00 -.145292E+00
 -.690000E+00 -.141518E+00
 -.670000E+00 -.137609E+00
 -.650000E+00 -.133567E+00
 -.630000E+00 -.129397E+00
 -.610000E+00 -.125103E+00
 -.590000E+00 -.120689E+00
 -.570000E+00 -.116160E+00
 -.550000E+00 -.111520E+00
 -.530000E+00 -.106773E+00
 -.510000E+00 -.101925E+00
 -.490000E+00 -.969809E-01
 -.470000E+00 -.919445E-01
 -.450000E+00 -.868213E-01
 -.430000E+00 -.816163E-01
 -.410000E+00 -.763347E-01
 -.390000E+00 -.709817E-01
 -.370000E+00 -.655625E-01
 -.350000E+00 -.600826E-01
 -.330000E+00 -.545473E-01
 -.310000E+00 -.489622E-01
 -.290000E+00 -.433326E-01
 -.270000E+00 -.376641E-01
 -.250000E+00 -.319624E-01
 -.230000E+00 -.262330E-01
 -.210000E+00 -.204816E-01
 -.190000E+00 -.147138E-01
 -.170000E+00 -.893520E-02
 -.150000E+00 -.315157E-02
 -.130000E+00 0.263147E-02
 -.110000E+00 0.840826E-02
 -.900000E-01 0.141731E-01
 -.700000E-01 0.199205E-01
 -.500000E-01 0.256447E-01
 -.300000E-01 0.313402E-01
 -.100000E-01 0.370014E-01
 0.100000E-01 0.426228E-01
 0.300000E-01 0.481989E-01
 0.500000E-01 0.537244E-01
 0.700000E-01 0.591938E-01
 0.900000E-01 0.646019E-01
 0.110000E+00 0.699435E-01
 0.130000E+00 0.752132E-01
 0.150000E+00 0.804062E-01
 0.170000E+00 0.855173E-01
 0.190000E+00 0.905416E-01
 0.210000E+00 0.954743E-01
 0.230000E+00 0.100311E+00
 0.250000E+00 0.105046E+00
 0.270000E+00 0.109676E+00
 0.290000E+00 0.114196E+00
 0.310000E+00 0.118601E+00
 0.330000E+00 0.122888E+00
 0.350000E+00 0.127052E+00
 0.370000E+00 0.131090E+00
 0.390000E+00 0.134997E+00
 0.410000E+00 0.138770E+00
 0.430000E+00 0.142406E+00
 0.450000E+00 0.145900E+00
 0.470000E+00 0.149250E+00
 0.490000E+00 0.152452E+00
 0.510000E+00 0.155503E+00
 0.530000E+00 0.158401E+00
 0.550000E+00 0.161143E+00
 0.570000E+00 0.163725E+00
 0.590000E+00 0.166147E+00
 0.610000E+00 0.168405E+00
 0.630000E+00 0.170497E+00
 0.650000E+00 0.172422E+00
 0.670000E+00 0.174178E+00
 0.690000E+00 0.175763E+00
 0.710000E+00 0.177175E+00
 0.730000E+00 0.178414E+00
 0.750000E+00 0.179478E+00
 0.770000E+00 0.180366E+00
 0.790000E+00 0.181078E+00
 0.810000E+00 0.181613E+00
 0.830000E+00 0.181970E+00
 0.850000E+00 0.182150E+00
 0.870000E+00 0.182152E+00
 0.890000E+00 0.181977E+00
 0.910000E+00 0.180616E+00
 0.930000E+00 0.178196E+00
 0.950000E+00 0.175768E+00
 0.970000E+00 0.173336E+00
 0.990000E+00 0.170901E+00




































































































 -.990000E+00 -.458813E+00
 -.970000E+00 -.458812E+00
 -.950000E+00 -.458811E+00
 -.930000E+00 -.458809E+00
 -.910000E+00 -.458806E+00
 -.890000E+00 -.457508E+00
 -.870000E+00 -.454845E+00
 -.850000E+00 -.452089E+00
 -.830000E+00 -.449241E+00
 -.810000E+00 -.446301E+00
 -.790000E+00 -.443270E+00
 -.770000E+00 -.440149E+00
 -.750000E+00 -.436937E+00
 -.730000E+00 -.433636E+00
 -.710000E+00 -.430247E+00
 -.690000E+00 -.426770E+00
 -.670000E+00 -.423205E+00
 -.650000E+00 -.419554E+00
 -.630000E+00 -.415817E+00
 -.610000E+00 -.411994E+00
 -.590000E+00 -.408088E+00
 -.570000E+00 -.404098E+00
 -.550000E+00 -.400025E+00
 -.530000E+00 -.395871E+00
 -.510000E+00 -.391636E+00
 -.490000E+00 -.387320E+00
 -.470000E+00 -.382925E+00
 -.450000E+00 -.378452E+00
 -.430000E+00 -.373901E+00
 -.410000E+00 -.369274E+00
 -.390000E+00 -.364572E+00
 -.370000E+00 -.359794E+00
 -.350000E+00 -.354944E+00
 -.330000E+00 -.350020E+00
 -.310000E+00 -.345026E+00
 -.290000E+00 -.339961E+00
 -.270000E+00 -.334826E+00
 -.250000E+00 -.329623E+00
 -.230000E+00 -.324353E+00
 -.210000E+00 -.319017E+00
 -.190000E+00 -.313616E+00
 -.170000E+00 -.308151E+00
 -.150000E+00 -.302623E+00
 -.130000E+00 -.297034E+00
 -.110000E+00 -.291384E+00
 -.900000E-01 -.285676E+00
 -.700000E-01 -.279910E+00
 -.500000E-01 -.274087E+00
 -.300000E-01 -.268208E+00
 -.100000E-01 -.262275E+00
 0.100000E-01 -.256290E+00
 0.300000E-01 -.250253E+00
 0.500000E-01 -.244166E+00
 0.700000E-01 -.238029E+00
 0.900000E-01 -.231846E+00
 0.110000E+00 -.225615E+00
 0.130000E+00 -.219340E+00
 0.150000E+00 -.213021E+00
 0.170000E+00 -.206660E+00
 0.190000E+00 -.200258E+00
 0.210000E+00 -.193817E+00
 0.230000E+00 -.187337E+00
 0.250000E+00 -.180821E+00
 0.270000E+00 -.174270E+00
 0.290000E+00 -.167684E+00
 0.310000E+00 -.161066E+00
 0.330000E+00 -.154417E+00
 0.350000E+00 -.147739E+00
 0.370000E+00 -.141032E+00
 0.390000E+00 -.134299E+00
 0.410000E+00 -.127541E+00
 0.430000E+00 -.120758E+00
 0.450000E+00 -.113954E+00
 0.470000E+00 -.107128E+00
 0.490000E+00 -.100284E+00
 0.510000E+00 -.934209E-01
 0.530000E+00 -.865419E-01
 0.550000E+00 -.796479E-01
 0.570000E+00 -.727405E-01
 0.590000E+00 -.658211E-01
 0.610000E+00 -.588913E-01
 0.630000E+00 -.519524E-01
 0.650000E+00 -.450061E-01
 0.670000E+00 -.380538E-01
 0.690000E+00 -.310970E-01
 0.710000E+00 -.241371E-01
 0.730000E+00 -.171757E-01
 0.750000E+00 -.102142E-01
 0.770000E+00 -.325407E-02
 0.790000E+00 0.370312E-02
 0.810000E+00 0.106560E-01
 0.830000E+00 0.176029E-01
 0.850000E+00 0.245426E-01
 0.870000E+00 0.314736E-01
 0.890000E+00 0.383942E-01
 0.910000E+00 0.438895E-01
 0.930000E+00 0.479831E-01
 0.950000E+00 0.520963E-01
 0.970000E+00 0.562279E-01
 0.990000E+00 0.603770E-01




































































































 -.990000E+00 -.868591E+00
 -.970000E+00 -.868589E+00
 -.950000E+00 -.868585E+00
 -.930000E+00 -.868577E+00
 -.910000E+00 -.868566E+00
 -.890000E+00 -.870253E+00
 -.870000E+00 -.873611E+00
 -.850000E+00 -.876930E+00
 -.830000E+00 -.880209E+00
 -.810000E+00 -.883449E+00
 -.790000E+00 -.886650E+00
 -.770000E+00 -.889811E+00
 -.750000E+00 -.892931E+00
 -.730000E+00 -.896012E+00
 -.710000E+00 -.899052E+00
 -.690000E+00 -.902051E+00
 -.670000E+00 -.905010E+00
 -.650000E+00 -.907927E+00
 -.630000E+00 -.910803E+00
 -.610000E+00 -.913638E+00
 -.590000E+00 -.916431E+00
 -.570000E+00 -.919183E+00
 -.550000E+00 -.921892E+00
 -.530000E+00 -.924559E+00
 -.510000E+00 -.927183E+00
 -.490000E+00 -.929765E+00
 -.470000E+00 -.932303E+00
 -.450000E+00 -.934799E+00
 -.430000E+00 -.937251E+00
 -.410000E+00 -.939660E+00
 -.390000E+00 -.942024E+00
 -.370000E+00 -.944345E+00
 -.350000E+00 -.946622E+00
 -.330000E+00 -.948854E+00
 -.310000E+00 -.951042E+00
 -.290000E+00 -.953185E+00
 -.270000E+00 -.955282E+00
 -.250000E+00 -.957335E+00
 -.230000E+00 -.959342E+00
 -.210000E+00 -.961303E+00
 -.190000E+00 -.963218E+00
 -.170000E+00 -.965088E+00
 -.150000E+00 -.966911E+00
 -.130000E+00 -.968687E+00
 -.110000E+00 -.970417E+00
 -.900000E-01 -.972100E+00
 -.700000E-01 -.973735E+00
 -.500000E-01 -.975323E+00
 -.300000E-01 -.976864E+00
 -.100000E-01 -.978357E+00
 0.100000E-01 -.979802E+00
 0.300000E-01 -.981199E+00
 0.500000E-01 -.982547E+00
 0.700000E-01 -.983847E+00
 0.900000E-01 -.985098E+00
 0.110000E+00 -.986299E+00
 0.130000E+00 -.987452E+00
 0.150000E+00 -.988556E+00
 0.170000E+00 -.989609E+00
 0.190000E+00 -.990613E+00
 0.210000E+00 -.991567E+00
 0.230000E+00 -.992471E+00
 0.250000E+00 -.993325E+00
 0.270000E+00 -.994128E+00
 0.290000E+00 -.994880E+00
 0.310000E+00 -.995581E+00
 0.330000E+00 -.996232E+00
 0.350000E+00 -.996831E+00
 0.370000E+00 -.997378E+00
 0.390000E+00 -.997874E+00
 0.410000E+00 -.998318E+00
 0.430000E+00 -.998710E+00
 0.450000E+00 -.999051E+00
 0.470000E+00 -.999338E+00
 0.490000E+00 -.999574E+00
 0.510000E+00 -.999756E+00
 0.530000E+00 -.999886E+00
 0.550000E+00 -.999963E+00
 0.570000E+00 -.999987E+00
 0.590000E+00 -.999958E+00
 0.610000E+00 -.999875E+00
 0.630000E+00 -.999739E+00
 0.650000E+00 -.999549E+00
 0.670000E+00 -.999306E+00
 0.690000E+00 -.999008E+00
 0.710000E+00 -.998657E+00
 0.730000E+00 -.998251E+00
 0.750000E+00 -.997791E+00
 0.770000E+00 -.997277E+00
 0.790000E+00 -.996708E+00
 0.810000E+00 -.996085E+00
 0.830000E+00 -.995406E+00
 0.850000E+00 -.994673E+00
 0.870000E+00 -.993886E+00
 0.890000E+00 -.993043E+00
 0.910000E+00 -.991523E+00
 0.930000E+00 -.989159E+00
 0.950000E+00 -.986519E+00
 0.970000E+00 -.983609E+00
 0.990000E+00 -.980436E+00




































































































 -.990000E+00 -.294238E+00
 -.970000E+00 -.294223E+00
 -.950000E+00 -.294179E+00
 -.930000E+00 -.294106E+00
 -.910000E+00 -.294003E+00
 -.890000E+00 -.293389E+00
 -.870000E+00 -.292279E+00
 -.850000E+00 -.291174E+00
 -.830000E+00 -.290074E+00
 -.810000E+00 -.288979E+00
 -.790000E+00 -.287889E+00
 -.770000E+00 -.286804E+00
 -.750000E+00 -.285724E+00
 -.730000E+00 -.284649E+00
 -.710000E+00 -.283579E+00
 -.690000E+00 -.282514E+00
 -.670000E+00 -.281454E+00
 -.650000E+00 -.280399E+00
 -.630000E+00 -.279349E+00
 -.610000E+00 -.278304E+00
 -.590000E+00 -.277264E+00
 -.570000E+00 -.276229E+00
 -.550000E+00 -.275198E+00
 -.530000E+00 -.274173E+00
 -.510000E+00 -.273153E+00
 -.490000E+00 -.272138E+00
 -.470000E+00 -.271128E+00
 -.450000E+00 -.270122E+00
 -.430000E+00 -.269122E+00
 -.410000E+00 -.268126E+00
 -.390000E+00 -.267136E+00
 -.370000E+00 -.266150E+00
 -.350000E+00 -.265169E+00
 -.330000E+00 -.264194E+00
 -.310000E+00 -.263223E+00
 -.290000E+00 -.262257E+00
 -.270000E+00 -.261295E+00
 -.250000E+00 -.260339E+00
 -.230000E+00 -.259388E+00
 -.210000E+00 -.258441E+00
 -.190000E+00 -.257500E+00
 -.170000E+00 -.256563E+00
 -.150000E+00 -.255631E+00
 -.130000E+00 -.254704E+00
 -.110000E+00 -.253781E+00
 -.900000E-01 -.252864E+00
 -.700000E-01 -.251951E+00
 -.500000E-01 -.251043E+00
 -.300000E-01 -.250140E+00
 -.100000E-01 -.249241E+00
 0.100000E-01 -.248347E+00
 0.300000E-01 -.247459E+00
 0.500000E-01 -.246574E+00
 0.700000E-01 -.245695E+00
 0.900000E-01 -.244820E+00
 0.110000E+00 -.243950E+00
 0.130000E+00 -.243084E+00
 0.150000E+00 -.242224E+00
 0.170000E+00 -.241368E+00
 0.190000E+00 -.240516E+00
 0.210000E+00 -.239669E+00
 0.230000E+00 -.238827E+00
 0.250000E+00 -.237990E+00
 0.270000E+00 -.237157E+00
 0.290000E+00 -.236328E+00
 0.310000E+00 -.235505E+00
 0.330000E+00 -.234685E+00
 0.350000E+00 -.233871E+00
 0.370000E+00 -.233060E+00
 0.390000E+00 -.232255E+00
 0.410000E+00 -.231454E+00
 0.430000E+00 -.230657E+00
 0.450000E+00 -.229865E+00
 0.470000E+00 -.229077E+00
 0.490000E+00 -.228294E+00
 0.510000E+00 -.227516E+00
 0.530000E+00 -.226741E+00
 0.550000E+00 -.225971E+00
 0.570000E+00 -.225206E+00
 0.590000E+00 -.224445E+00
 0.610000E+00 -.223688E+00
 0.630000E+00 -.222936E+00
 0.650000E+00 -.222188E+00
 0.670000E+00 -.221444E+00
 0.690000E+00 -.220705E+00
 0.710000E+00 -.219970E+00
 0.730000E+00 -.219240E+00
 0.750000E+00 -.218513E+00
 0.770000E+00 -.217791E+00
 0.790000E+00 -.217073E+00
 0.810000E+00 -.216360E+00
 0.830000E+00 -.215650E+00
 0.850000E+00 -.214945E+00
 0.870000E+00 -.214244E+00
 0.890000E+00 -.213547E+00
 0.910000E+00 -.214140E+00
 0.930000E+00 -.215997E+00
 0.950000E+00 -.217828E+00
 0.970000E+00 -.219634E+00
 0.990000E+00 -.221413E+00




































































































 -.990000E+00 -.456854E+00
 -.970000E+00 -.456859E+00
 -.950000E+00 -.456873E+00
 -.930000E+00 -.456897E+00
 -.910000E+00 -.456930E+00
 -.890000E+00 -.457380E+00
 -.870000E+00 -.458239E+00
 -.850000E+00 -.459098E+00
 -.830000E+00 -.459957E+00
 -.810000E+00 -.460816E+00
 -.790000E+00 -.461673E+00
 -.770000E+00 -.462531E+00
 -.750000E+00 -.463388E+00
 -.730000E+00 -.464245E+00
 -.710000E+00 -.465101E+00
 -.690000E+00 -.465957E+00
 -.670000E+00 -.466812E+00
 -.650000E+00 -.467667E+00
 -.630000E+00 -.468521E+00
 -.610000E+00 -.469375E+00
 -.590000E+00 -.470229E+00
 -.570000E+00 -.471082E+00
 -.550000E+00 -.471935E+00
 -.530000E+00 -.472787E+00
 -.510000E+00 -.473639E+00
 -.490000E+00 -.474490E+00
 -.470000E+00 -.475341E+00
 -.450000E+00 -.476191E+00
 -.430000E+00 -.477042E+00
 -.410000E+00 -.477891E+00
 -.390000E+00 -.478740E+00
 -.370000E+00 -.479589E+00
 -.350000E+00 -.480437E+00
 -.330000E+00 -.481285E+00
 -.310000E+00 -.482132E+00
 -.290000E+00 -.482979E+00
 -.270000E+00 -.483826E+00
 -.250000E+00 -.484672E+00
 -.230000E+00 -.485517E+00
 -.210000E+00 -.486362E+00
 -.190000E+00 -.487207E+00
 -.170000E+00 -.488051E+00
 -.150000E+00 -.488895E+00
 -.130000E+00 -.489738E+00
 -.110000E+00 -.490581E+00
 -.900000E-01 -.491423E+00
 -.700000E-01 -.492265E+00
 -.500000E-01 -.493106E+00
 -.300000E-01 -.493947E+00
 -.100000E-01 -.494788E+00
 0.100000E-01 -.495628E+00
 0.300000E-01 -.496467E+00
 0.500000E-01 -.497306E+00
 0.700000E-01 -.498145E+00
 0.900000E-01 -.498983E+00
 0.110000E+00 -.499821E+00
 0.130000E+00 -.500658E+00
 0.150000E+00 -.501495E+00
 0.170000E+00 -.502331E+00
 0.190000E+00 -.503167E+00
 0.210000E+00 -.504002E+00
 0.230000E+00 -.504837E+00
 0.250000E+00 -.505671E+00
 0.270000E+00 -.506505E+00
 0.290000E+00 -.507339E+00
 0.310000E+00 -.508172E+00
 0.330000E+00 -.509004E+00
 0.350000E+00 -.509836E+00
 0.370000E+00 -.510668E+00
 0.390000E+00 -.511499E+00
 0.410000E+00 -.512329E+00
 0.430000E+00 -.513160E+00
 0.450000E+00 -.513989E+00
 0.470000E+00 -.514818E+00
 0.490000E+00 -.515647E+00
 0.510000E+00 -.516475E+00
 0.530000E+00 -.517303E+00
 0.550000E+00 -.518130E+00
 0.570000E+00 -.518957E+00
 0.590000E+00 -.519783E+00
 0.610000E+00 -.520609E+00
 0.630000E+00 -.521434E+00
 0.650000E+00 -.522259E+00
 0.670000E+00 -.523083E+00
 0.690000E+00 -.523907E+00
 0.710000E+00 -.524730E+00
 0.730000E+00 -.525553E+00
 0.750000E+00 -.526375E+00
 0.770000E+00 -.527197E+00
 0.790000E+00 -.528019E+00
 0.810000E+00 -.528839E+00
 0.830000E+00 -.529660E+00
 0.850000E+00 -.530480E+00
 0.870000E+00 -.531299E+00
 0.890000E+00 -.532118E+00
 0.910000E+00 -.536813E+00
 0.930000E+00 -.545378E+00
 0.950000E+00 -.553931E+00
 0.970000E+00 -.562471E+00
 0.990000E+00 -.570994E+00




































































































 -.990000E+00 -.106380E+00
 -.970000E+00 -.106381E+00
 -.950000E+00 -.106384E+00
 -.930000E+00 -.106390E+00
 -.910000E+00 -.106399E+00
 -.890000E+00 -.104911E+00
 -.870000E+00 -.101927E+00
 -.850000E+00 -.989473E-01
 -.830000E+00 -.959703E-01
 -.810000E+00 -.929964E-01
 -.790000E+00 -.900255E-01
 -.770000E+00 -.870578E-01
 -.750000E+00 -.840932E-01
 -.730000E+00 -.811317E-01
 -.710000E+00 -.781734E-01
 -.690000E+00 -.752182E-01
 -.670000E+00 -.722662E-01
 -.650000E+00 -.693174E-01
 -.630000E+00 -.663718E-01
 -.610000E+00 -.634294E-01
 -.590000E+00 -.604902E-01
 -.570000E+00 -.575542E-01
 -.550000E+00 -.546215E-01
 -.530000E+00 -.516920E-01
 -.510000E+00 -.487658E-01
 -.490000E+00 -.458428E-01
 -.470000E+00 -.429232E-01
 -.450000E+00 -.400068E-01
 -.430000E+00 -.370938E-01
 -.410000E+00 -.341841E-01
 -.390000E+00 -.312777E-01
 -.370000E+00 -.283746E-01
 -.350000E+00 -.254750E-01
 -.330000E+00 -.225787E-01
 -.310000E+00 -.196857E-01
 -.290000E+00 -.167962E-01
 -.270000E+00 -.139100E-01
 -.250000E+00 -.110273E-01
 -.230000E+00 -.814801E-02
 -.210000E+00 -.527215E-02
 -.190000E+00 -.239974E-02
 -.170000E+00 0.469213E-03
 -.150000E+00 0.333469E-02
 -.130000E+00 0.619669E-02
 -.110000E+00 0.905519E-02
 -.900000E-01 0.119102E-01
 -.700000E-01 0.147617E-01
 -.500000E-01 0.176096E-01
 -.300000E-01 0.204540E-01
 -.100000E-01 0.232949E-01
 0.100000E-01 0.261322E-01
 0.300000E-01 0.289659E-01
 0.500000E-01 0.317960E-01
 0.700000E-01 0.346225E-01
 0.900000E-01 0.374455E-01
 0.110000E+00 0.402648E-01
 0.130000E+00 0.430804E-01
 0.150000E+00 0.458924E-01
 0.170000E+00 0.487008E-01
 0.190000E+00 0.515055E-01
 0.210000E+00 0.543065E-01
 0.230000E+00 0.571039E-01
 0.250000E+00 0.598975E-01
 0.270000E+00 0.626874E-01
 0.290000E+00 0.654736E-01
 0.310000E+00 0.682560E-01
 0.330000E+00 0.710347E-01
 0.350000E+00 0.738097E-01
 0.370000E+00 0.765808E-01
 0.390000E+00 0.793482E-01
 0.410000E+00 0.821118E-01
 0.430000E+00 0.848716E-01
 0.450000E+00 0.876276E-01
 0.470000E+00 0.903797E-01
 0.490000E+00 0.931280E-01
 0.510000E+00 0.958724E-01
 0.530000E+00 0.986130E-01
 0.550000E+00 0.101350E+00
 0.570000E+00 0.104082E+00
 0.590000E+00 0.106811E+00
 0.610000E+00 0.109536E+00
 0.630000E+00 0.112257E+00
 0.650000E+00 0.114974E+00
 0.670000E+00 0.117688E+00
 0.690000E+00 0.120397E+00
 0.710000E+00 0.123102E+00
 0.730000E+00 0.125803E+00
 0.750000E+00 0.128500E+00
 0.770000E+00 0.131194E+00
 0.790000E+00 0.133883E+00
 0.810000E+00 0.136568E+00
 0.830000E+00 0.139249E+00
 0.850000E+00 0.141926E+00
 0.870000E+00 0.144599E+00
 0.890000E+00 0.147268E+00
 0.910000E+00 0.148721E+00
 0.930000E+00 0.148963E+00
 0.950000E+00 0.149210E+00
 0.970000E+00 0.149462E+00
 0.990000E+00 0.149718E+00




































































































 -.990000E+00 0.304102E+00
 -.970000E+00 0.304101E+00
 -.950000E+00 0.304096E+00
 -.930000E+00 0.304089E+00
 -.910000E+00 0.304078E+00
 -.890000E+00 0.307517E+00
 -.870000E+00 0.314394E+00
 -.850000E+00 0.321254E+00
 -.830000E+00 0.328098E+00
 -.810000E+00 0.334924E+00
 -.790000E+00 0.341733E+00
 -.770000E+00 0.348525E+00
 -.750000E+00 0.355298E+00
 -.730000E+00 0.362053E+00
 -.710000E+00 0.368790E+00
 -.690000E+00 0.375507E+00
 -.670000E+00 0.382205E+00
 -.650000E+00 0.388884E+00
 -.630000E+00 0.395543E+00
 -.610000E+00 0.402182E+00
 -.590000E+00 0.408800E+00
 -.570000E+00 0.415398E+00
 -.550000E+00 0.421975E+00
 -.530000E+00 0.428530E+00
 -.510000E+00 0.435063E+00
 -.490000E+00 0.441575E+00
 -.470000E+00 0.448065E+00
 -.450000E+00 0.454532E+00
 -.430000E+00 0.460976E+00
 -.410000E+00 0.467397E+00
 -.390000E+00 0.473795E+00
 -.370000E+00 0.480169E+00
 -.350000E+00 0.486519E+00
 -.330000E+00 0.492844E+00
 -.310000E+00 0.499145E+00
 -.290000E+00 0.505421E+00
 -.270000E+00 0.511672E+00
 -.250000E+00 0.517897E+00
 -.230000E+00 0.524097E+00
 -.210000E+00 0.530270E+00
 -.190000E+00 0.536417E+00
 -.170000E+00 0.542537E+00
 -.150000E+00 0.548630E+00
 -.130000E+00 0.554696E+00
 -.110000E+00 0.560735E+00
 -.900000E-01 0.566745E+00
 -.700000E-01 0.572727E+00
 -.500000E-01 0.578681E+00
 -.300000E-01 0.584605E+00
 -.100000E-01 0.590501E+00
 0.100000E-01 0.596367E+00
 0.300000E-01 0.602203E+00
 0.500000E-01 0.608010E+00
 0.700000E-01 0.613786E+00
 0.900000E-01 0.619531E+00
 0.110000E+00 0.625245E+00
 0.130000E+00 0.630928E+00
 0.150000E+00 0.636580E+00
 0.170000E+00 0.642200E+00
 0.190000E+00 0.647787E+00
 0.210000E+00 0.653342E+00
 0.230000E+00 0.658865E+00
 0.250000E+00 0.664354E+00
 0.270000E+00 0.669809E+00
 0.290000E+00 0.675232E+00
 0.310000E+00 0.680620E+00
 0.330000E+00 0.685973E+00
 0.350000E+00 0.691293E+00
 0.370000E+00 0.696577E+00
 0.390000E+00 0.701826E+00
 0.410000E+00 0.707039E+00
 0.430000E+00 0.712217E+00
 0.450000E+00 0.717359E+00
 0.470000E+00 0.722464E+00
 0.490000E+00 0.727532E+00
 0.510000E+00 0.732563E+00
 0.530000E+00 0.737557E+00
 0.550000E+00 0.742513E+00
 0.570000E+00 0.747432E+00
 0.590000E+00 0.752312E+00
 0.610000E+00 0.757153E+00
 0.630000E+00 0.761956E+00
 0.650000E+00 0.766719E+00
 0.670000E+00 0.771443E+00
 0.690000E+00 0.776127E+00
 0.710000E+00 0.780771E+00
 0.730000E+00 0.785375E+00
 0.750000E+00 0.789938E+00
 0.770000E+00 0.794460E+00
 0.790000E+00 0.798940E+00
 0.810000E+00 0.803380E+00
 0.830000E+00 0.807777E+00
 0.850000E+00 0.812132E+00
 0.870000E+00 0.816444E+00
 0.890000E+00 0.820714E+00
 0.910000E+00 0.826669E+00
 0.930000E+00 0.834283E+00
 0.950000E+00 0.841815E+00
 0.970000E+00 0.849259E+00
 0.990000E+00 0.856609E+00




































































































 -.990000E+00 0.453302E+00
 -.970000E+00 0.453302E+00
 -.950000E+00 0.453302E+00
 -.930000E+00 0.453300E+00
 -.910000E+00 0.453299E+00
 -.890000E+00 0.454648E+00
 -.870000E+00 0.457276E+00
 -.850000E+00 0.459809E+00
 -.830000E+00 0.462246E+00
 -.810000E+00 0.464586E+00
 -.790000E+00 0.466829E+00
 -.770000E+00 0.468974E+00
 -.750000E+00 0.471020E+00
 -.730000E+00 0.472968E+00
 -.710000E+00 0.474817E+00
 -.690000E+00 0.476567E+00
 -.670000E+00 0.478217E+00
 -.650000E+00 0.479766E+00
 -.630000E+00 0.481215E+00
 -.610000E+00 0.482563E+00
 -.590000E+00 0.483810E+00
 -.570000E+00 0.484955E+00
 -.550000E+00 0.485998E+00
 -.530000E+00 0.486940E+00
 -.510000E+00 0.487779E+00
 -.490000E+00 0.488516E+00
 -.470000E+00 0.489151E+00
 -.450000E+00 0.489682E+00
 -.430000E+00 0.490111E+00
 -.410000E+00 0.490437E+00
 -.390000E+00 0.490660E+00
 -.370000E+00 0.490780E+00
 -.350000E+00 0.490797E+00
 -.330000E+00 0.490710E+00
 -.310000E+00 0.490520E+00
 -.290000E+00 0.490228E+00
 -.270000E+00 0.489832E+00
 -.250000E+00 0.489333E+00
 -.230000E+00 0.488732E+00
 -.210000E+00 0.488027E+00
 -.190000E+00 0.487220E+00
 -.170000E+00 0.486311E+00
 -.150000E+00 0.485300E+00
 -.130000E+00 0.484186E+00
 -.110000E+00 0.482971E+00
 -.900000E-01 0.481654E+00
 -.700000E-01 0.480236E+00
 -.500000E-01 0.478717E+00
 -.300000E-01 0.477098E+00
 -.100000E-01 0.475379E+00
 0.100000E-01 0.473560E+00
 0.300000E-01 0.471641E+00
 0.500000E-01 0.469624E+00
 0.700000E-01 0.467508E+00
 0.900000E-01 0.465294E+00
 0.110000E+00 0.462983E+00
 0.130000E+00 0.460575E+00
 0.150000E+00 0.458071E+00
 0.170000E+00 0.455471E+00
 0.190000E+00 0.452775E+00
 0.210000E+00 0.449985E+00
 0.230000E+00 0.447102E+00
 0.250000E+00 0.444125E+00
 0.270000E+00 0.441055E+00
 0.290000E+00 0.437894E+00
 0.310000E+00 0.434642E+00
 0.330000E+00 0.431300E+00
 0.350000E+00 0.427868E+00
 0.370000E+00 0.424347E+00
 0.390000E+00 0.420738E+00
 0.410000E+00 0.417043E+00
 0.430000E+00 0.413261E+00
 0.450000E+00 0.409394E+00
 0.470000E+00 0.405443E+00
 0.490000E+00 0.401408E+00
 0.510000E+00 0.397291E+00
 0.530000E+00 0.393092E+00
 0.550000E+00 0.388813E+00
 0.570000E+00 0.384454E+00
 0.590000E+00 0.380017E+00
 0.610000E+00 0.375502E+00
 0.630000E+00 0.370911E+00
 0.650000E+00 0.366245E+00
 0.670000E+00 0.361504E+00
 0.690000E+00 0.356690E+00
 0.710000E+00 0.351805E+00
 0.730000E+00 0.346848E+00
 0.750000E+00 0.341822E+00
 0.770000E+00 0.336727E+00
 0.790000E+00 0.331565E+00
 0.810000E+00 0.326337E+00
 0.830000E+00 0.321043E+00
 0.850000E+00 0.315687E+00
 0.870000E+00 0.310267E+00
 0.890000E+00 0.304787E+00
 0.910000E+00 0.297541E+00
 0.930000E+00 0.288459E+00
 0.950000E+00 0.279224E+00
 0.970000E+00 0.269844E+00
 0.990000E+00 0.260324E+00




































































































 -.990000E+00 0.171030E+00
 -.970000E+00 0.171031E+00
 -.950000E+00 0.171032E+00
 -.930000E+00 0.171033E+00
 -.910000E+00 0.171036E+00
 -.890000E+00 0.172129E+00
 -.870000E+00 0.174187E+00
 -.850000E+00 0.176074E+00
 -.830000E+00 0.177787E+00
 -.810000E+00 0.179327E+00
 -.790000E+00 0.180691E+00
 -.770000E+00 0.181877E+00
 -.750000E+00 0.182886E+00
 -.730000E+00 0.183716E+00
 -.710000E+00 0.184366E+00
 -.690000E+00 0.184836E+00
 -.670000E+00 0.185125E+00
 -.650000E+00 0.185234E+00
 -.630000E+00 0.185161E+00
 -.610000E+00 0.184909E+00
 -.590000E+00 0.184476E+00
 -.570000E+00 0.183863E+00
 -.550000E+00 0.183071E+00
 -.530000E+00 0.182101E+00
 -.510000E+00 0.180954E+00
 -.490000E+00 0.179631E+00
 -.470000E+00 0.178134E+00
 -.450000E+00 0.176463E+00
 -.430000E+00 0.174622E+00
 -.410000E+00 0.172611E+00
 -.390000E+00 0.170434E+00
 -.370000E+00 0.168091E+00
 -.350000E+00 0.165585E+00
 -.330000E+00 0.162920E+00
 -.310000E+00 0.160097E+00
 -.290000E+00 0.157120E+00
 -.270000E+00 0.153992E+00
 -.250000E+00 0.150715E+00
 -.230000E+00 0.147294E+00
 -.210000E+00 0.143730E+00
 -.190000E+00 0.140029E+00
 -.170000E+00 0.136194E+00
 -.150000E+00 0.132229E+00
 -.130000E+00 0.128137E+00
 -.110000E+00 0.123922E+00
 -.900000E-01 0.119590E+00
 -.700000E-01 0.115144E+00
 -.500000E-01 0.110588E+00
 -.300000E-01 0.105928E+00
 -.100000E-01 0.101168E+00
 0.100000E-01 0.963116E-01
 0.300000E-01 0.913649E-01
 0.500000E-01 0.863325E-01
 0.700000E-01 0.812193E-01
 0.900000E-01 0.760303E-01
 0.110000E+00 0.707707E-01
 0.130000E+00 0.654456E-01
 0.150000E+00 0.600603E-01
 0.170000E+00 0.546201E-01
 0.190000E+00 0.491302E-01
 0.210000E+00 0.435962E-01
 0.230000E+00 0.380233E-01
 0.250000E+00 0.324172E-01
 0.270000E+00 0.267831E-01
 0.290000E+00 0.211268E-01
 0.310000E+00 0.154535E-01
 0.330000E+00 0.976901E-02
 0.350000E+00 0.407871E-02
 0.370000E+00 -.161182E-02
 0.390000E+00 -.729706E-02
 0.410000E+00 -.129715E-01
 0.430000E+00 -.186296E-01
 0.450000E+00 -.242658E-01
 0.470000E+00 -.298748E-01
 0.490000E+00 -.354511E-01
 0.510000E+00 -.409893E-01
 0.530000E+00 -.464840E-01
 0.550000E+00 -.519300E-01
 0.570000E+00 -.573220E-01
 0.590000E+00 -.626547E-01
 0.610000E+00 -.679231E-01
 0.630000E+00 -.731220E-01
 0.650000E+00 -.782465E-01
 0.670000E+00 -.832916E-01
 0.690000E+00 -.882525E-01
 0.710000E+00 -.931244E-01
 0.730000E+00 -.979026E-01
 0.750000E+00 -.102583E+00
 0.770000E+00 -.107160E+00
 0.790000E+00 -.111630E+00
 0.810000E+00 -.115989E+00
 0.830000E+00 -.120232E+00
 0.850000E+00 -.124355E+00
 0.870000E+00 -.128355E+00
 0.890000E+00 -.132227E+00
 0.910000E+00 -.136975E+00
 0.930000E+00 -.142703E+00
 0.950000E+00 -.148438E+00
 0.970000E+00 -.154174E+00
 0.990000E+00 -.159906E+00




































































































 -.990000E+00 0.774174E-02
 -.970000E+00 0.774076E-02
 -.950000E+00 0.773830E-02
 -.930000E+00 0.773544E-02
 -.910000E+00 0.773341E-02
 -.890000E+00 0.835661E-02
 -.870000E+00 0.684586E-02
 -.850000E+00 0.237182E-02
 -.830000E+00 -.312648E-02
 -.810000E+00 -.726772E-02
 -.790000E+00 -.825959E-02
 -.770000E+00 -.567453E-02
 -.750000E+00 -.634015E-03
 -.730000E+00 0.467797E-02
 -.710000E+00 0.796122E-02
 -.690000E+00 0.779534E-02
 -.670000E+00 0.425425E-02
 -.650000E+00 -.112675E-02
 -.630000E+00 -.601662E-02
 -.610000E+00 -.829838E-02
 -.590000E+00 -.698564E-02
 -.570000E+00 -.264897E-02
 -.550000E+00 0.283205E-02
 -.530000E+00 0.708350E-02
 -.510000E+00 0.826528E-02
 -.490000E+00 0.586755E-02
 -.470000E+00 0.930676E-03
 -.450000E+00 -.440618E-02
 -.430000E+00 -.783197E-02
 -.410000E+00 -.786451E-02
 -.390000E+00 -.449177E-02
 -.370000E+00 0.823831E-03
 -.350000E+00 0.577950E-02
 -.330000E+00 0.822969E-02
 -.310000E+00 0.711502E-02
 -.290000E+00 0.292028E-02
 -.270000E+00 -.253638E-02
 -.250000E+00 -.689150E-02
 -.230000E+00 -.826002E-02
 -.210000E+00 -.605120E-02
 -.190000E+00 -.122360E-02
 -.170000E+00 0.413088E-02
 -.150000E+00 0.769349E-02
 -.130000E+00 0.792273E-02
 -.110000E+00 0.472135E-02
 -.900000E-01 -.522385E-03
 -.700000E-01 -.553676E-02
 -.500000E-01 -.815073E-02
 -.300000E-01 -.723392E-02
 -.100000E-01 -.318544E-02
 0.100000E-01 0.223985E-02
 0.300000E-01 0.669202E-02
 0.500000E-01 0.824391E-02
 0.700000E-01 0.622532E-02
 0.900000E-01 0.151244E-02
 0.110000E+00 -.385245E-02
 0.130000E+00 -.754602E-02
 0.150000E+00 -.797000E-02
 0.170000E+00 -.494277E-02
 0.190000E+00 0.222795E-03
 0.210000E+00 0.528876E-02
 0.230000E+00 0.806168E-02
 0.250000E+00 0.734228E-02
 0.270000E+00 0.344417E-02
 0.290000E+00 -.194287E-02
 0.310000E+00 -.648540E-02
 0.330000E+00 -.821706E-02
 0.350000E+00 -.638976E-02
 0.370000E+00 -.179685E-02
 0.390000E+00 0.357130E-02
 0.410000E+00 0.738985E-02
 0.430000E+00 0.800635E-02
 0.450000E+00 0.515580E-02
 0.470000E+00 0.745585E-04
 0.490000E+00 -.503589E-02
 0.510000E+00 -.796275E-02
 0.530000E+00 -.744003E-02
 0.550000E+00 -.369617E-02
 0.570000E+00 0.164584E-02
 0.590000E+00 0.627198E-02
 0.610000E+00 0.817960E-02
 0.630000E+00 0.654437E-02
 0.650000E+00 0.207648E-02
 0.670000E+00 -.328780E-02
 0.690000E+00 -.722525E-02
 0.710000E+00 -.803184E-02
 0.730000E+00 -.536023E-02
 0.750000E+00 -.369303E-03
 0.770000E+00 0.477851E-02
 0.790000E+00 0.785415E-02
 0.810000E+00 0.752715E-02
 0.830000E+00 0.394116E-02
 0.850000E+00 -.134915E-02
 0.870000E+00 -.605208E-02
 0.890000E+00 -.813166E-02
 0.910000E+00 -.817442E-02
 0.930000E+00 -.865153E-02
 0.950000E+00 -.873272E-02
 0.970000E+00 -.838311E-02
 0.990000E+00 -.775427E-02




































































































