 -.990000E+00 -.422219E-02
 -.970000E+00 -.399177E-02
 -.950000E+00 -.342031E-02
 -.930000E+00 -.275512E-02
 -.910000E+00 -.228424E-02
 -.890000E+00 0.513166E-03
 -.870000E+00 0.545860E-02
 -.850000E+00 0.804207E-02
 -.830000E+00 0.714285E-02
 -.810000E+00 0.314842E-02
 -.790000E+00 -.221250E-02
 -.770000E+00 -.661809E-02
 -.750000E+00 -.815903E-02
 -.730000E+00 -.616598E-02
 -.710000E+00 -.150029E-02
 -.690000E+00 0.381824E-02
 -.670000E+00 0.748572E-02
 -.650000E+00 0.791221E-02
 -.630000E+00 0.491096E-02
 -.610000E+00 -.219799E-03
 -.590000E+00 -.525843E-02
 -.570000E+00 -.802189E-02
 -.550000E+00 -.731150E-02
 -.530000E+00 -.343295E-02
 -.510000E+00 0.193529E-02
 -.490000E+00 0.646831E-02
 -.470000E+00 0.820165E-02
 -.450000E+00 0.638265E-02
 -.430000E+00 0.179724E-02
 -.410000E+00 -.356961E-02
 -.390000E+00 -.739316E-02
 -.370000E+00 -.801592E-02
 -.350000E+00 -.516612E-02
 -.330000E+00 -.763578E-04
 -.310000E+00 0.504957E-02
 -.290000E+00 0.799086E-02
 -.270000E+00 0.747186E-02
 -.250000E+00 0.371533E-02
 -.230000E+00 -.165315E-02
 -.210000E+00 -.630865E-02
 -.190000E+00 -.823372E-02
 -.170000E+00 -.659267E-02
 -.150000E+00 -.209433E-02
 -.130000E+00 0.331412E-02
 -.110000E+00 0.728999E-02
 -.900000E-01 0.810985E-02
 -.700000E-01 0.541658E-02
 -.500000E-01 0.374935E-03
 -.300000E-01 -.483221E-02
 -.100000E-01 -.794894E-02
 0.100000E-01 -.762364E-02
 0.300000E-01 -.399518E-02
 0.500000E-01 0.136641E-02
 0.700000E-01 0.613924E-02
 0.900000E-01 0.825512E-02
 0.110000E+00 0.679572E-02
 0.130000E+00 0.239116E-02
 0.150000E+00 -.305204E-02
 0.170000E+00 -.717623E-02
 0.190000E+00 -.819379E-02
 0.210000E+00 -.566198E-02
 0.230000E+00 -.675554E-03
 0.250000E+00 0.460657E-02
 0.270000E+00 0.789609E-02
 0.290000E+00 0.776658E-02
 0.310000E+00 0.427210E-02
 0.330000E+00 -.107540E-02
 0.350000E+00 -.596022E-02
 0.370000E+00 -.826571E-02
 0.390000E+00 -.699145E-02
 0.410000E+00 -.268734E-02
 0.430000E+00 0.278368E-02
 0.450000E+00 0.705197E-02
 0.470000E+00 0.826755E-02
 0.490000E+00 0.590193E-02
 0.510000E+00 0.977835E-03
 0.530000E+00 -.437289E-02
 0.550000E+00 -.783228E-02
 0.570000E+00 -.790041E-02
 0.590000E+00 -.454569E-02
 0.610000E+00 0.780494E-03
 0.630000E+00 0.577175E-02
 0.650000E+00 0.826540E-02
 0.670000E+00 0.717955E-02
 0.690000E+00 0.298247E-02
 0.710000E+00 -.250932E-02
 0.730000E+00 -.691726E-02
 0.750000E+00 -.833094E-02
 0.770000E+00 -.613607E-02
 0.790000E+00 -.128139E-02
 0.810000E+00 0.413140E-02
 0.830000E+00 0.775752E-02
 0.850000E+00 0.802486E-02
 0.870000E+00 0.481557E-02
 0.890000E+00 -.482035E-03
 0.910000E+00 -.320600E-02
 0.930000E+00 -.320542E-02
 0.950000E+00 -.320475E-02
 0.970000E+00 -.320429E-02
 0.990000E+00 -.320423E-02




































































































 -.990000E+00 0.121856E+00
 -.970000E+00 0.121659E+00
 -.950000E+00 0.121290E+00
 -.930000E+00 0.120746E+00
 -.910000E+00 0.120027E+00
 -.890000E+00 0.121710E+00
 -.870000E+00 0.125838E+00
 -.850000E+00 0.129847E+00
 -.830000E+00 0.133731E+00
 -.810000E+00 0.137487E+00
 -.790000E+00 0.141112E+00
 -.770000E+00 0.144601E+00
 -.750000E+00 0.147952E+00
 -.730000E+00 0.151160E+00
 -.710000E+00 0.154223E+00
 -.690000E+00 0.157138E+00
 -.670000E+00 0.159901E+00
 -.650000E+00 0.162510E+00
 -.630000E+00 0.164963E+00
 -.610000E+00 0.167256E+00
 -.590000E+00 0.169388E+00
 -.570000E+00 0.171356E+00
 -.550000E+00 0.173159E+00
 -.530000E+00 0.174794E+00
 -.510000E+00 0.176259E+00
 -.490000E+00 0.177554E+00
 -.470000E+00 0.178677E+00
 -.450000E+00 0.179626E+00
 -.430000E+00 0.180401E+00
 -.410000E+00 0.181000E+00
 -.390000E+00 0.181424E+00
 -.370000E+00 0.181670E+00
 -.350000E+00 0.181740E+00
 -.330000E+00 0.181633E+00
 -.310000E+00 0.181349E+00
 -.290000E+00 0.180888E+00
 -.270000E+00 0.180250E+00
 -.250000E+00 0.179435E+00
 -.230000E+00 0.178446E+00
 -.210000E+00 0.177281E+00
 -.190000E+00 0.175943E+00
 -.170000E+00 0.174433E+00
 -.150000E+00 0.172751E+00
 -.130000E+00 0.170900E+00
 -.110000E+00 0.168881E+00
 -.900000E-01 0.166695E+00
 -.700000E-01 0.164346E+00
 -.500000E-01 0.161834E+00
 -.300000E-01 0.159163E+00
 -.100000E-01 0.156335E+00
 0.100000E-01 0.153352E+00
 0.300000E-01 0.150218E+00
 0.500000E-01 0.146935E+00
 0.700000E-01 0.143506E+00
 0.900000E-01 0.139935E+00
 0.110000E+00 0.136225E+00
 0.130000E+00 0.132379E+00
 0.150000E+00 0.128402E+00
 0.170000E+00 0.124297E+00
 0.190000E+00 0.120067E+00
 0.210000E+00 0.115718E+00
 0.230000E+00 0.111252E+00
 0.250000E+00 0.106675E+00
 0.270000E+00 0.101991E+00
 0.290000E+00 0.972043E-01
 0.310000E+00 0.923195E-01
 0.330000E+00 0.873413E-01
 0.350000E+00 0.822747E-01
 0.370000E+00 0.771244E-01
 0.390000E+00 0.718956E-01
 0.410000E+00 0.665931E-01
 0.430000E+00 0.612223E-01
 0.450000E+00 0.557883E-01
 0.470000E+00 0.502964E-01
 0.490000E+00 0.447519E-01
 0.510000E+00 0.391603E-01
 0.530000E+00 0.335269E-01
 0.550000E+00 0.278574E-01
 0.570000E+00 0.221571E-01
 0.590000E+00 0.164317E-01
 0.610000E+00 0.106867E-01
 0.630000E+00 0.492777E-02
 0.650000E+00 -.839451E-03
 0.670000E+00 -.660935E-02
 0.690000E+00 -.123763E-01
 0.710000E+00 -.181346E-01
 0.730000E+00 -.238787E-01
 0.750000E+00 -.296029E-01
 0.770000E+00 -.353017E-01
 0.790000E+00 -.409694E-01
 0.810000E+00 -.466005E-01
 0.830000E+00 -.521895E-01
 0.850000E+00 -.577309E-01
 0.870000E+00 -.632193E-01
 0.890000E+00 -.686492E-01
 0.910000E+00 -.713407E-01
 0.930000E+00 -.713407E-01
 0.950000E+00 -.713408E-01
 0.970000E+00 -.713408E-01
 0.990000E+00 -.713408E-01




































































































 -.990000E+00 0.406461E+00
 -.970000E+00 0.397622E+00
 -.950000E+00 0.388573E+00
 -.930000E+00 0.379315E+00
 -.910000E+00 0.369853E+00
 -.890000E+00 0.362926E+00
 -.870000E+00 0.358627E+00
 -.850000E+00 0.354248E+00
 -.830000E+00 0.349790E+00
 -.810000E+00 0.345255E+00
 -.790000E+00 0.340643E+00
 -.770000E+00 0.335955E+00
 -.750000E+00 0.331192E+00
 -.730000E+00 0.326356E+00
 -.710000E+00 0.321446E+00
 -.690000E+00 0.316465E+00
 -.670000E+00 0.311412E+00
 -.650000E+00 0.306290E+00
 -.630000E+00 0.301099E+00
 -.610000E+00 0.295840E+00
 -.590000E+00 0.290515E+00
 -.570000E+00 0.285124E+00
 -.550000E+00 0.279668E+00
 -.530000E+00 0.274149E+00
 -.510000E+00 0.268568E+00
 -.490000E+00 0.262927E+00
 -.470000E+00 0.257225E+00
 -.450000E+00 0.251465E+00
 -.430000E+00 0.245648E+00
 -.410000E+00 0.239774E+00
 -.390000E+00 0.233846E+00
 -.370000E+00 0.227865E+00
 -.350000E+00 0.221831E+00
 -.330000E+00 0.215746E+00
 -.310000E+00 0.209611E+00
 -.290000E+00 0.203428E+00
 -.270000E+00 0.197198E+00
 -.250000E+00 0.190923E+00
 -.230000E+00 0.184603E+00
 -.210000E+00 0.178240E+00
 -.190000E+00 0.171836E+00
 -.170000E+00 0.165392E+00
 -.150000E+00 0.158909E+00
 -.130000E+00 0.152388E+00
 -.110000E+00 0.145832E+00
 -.900000E-01 0.139241E+00
 -.700000E-01 0.132617E+00
 -.500000E-01 0.125962E+00
 -.300000E-01 0.119276E+00
 -.100000E-01 0.112562E+00
 0.100000E-01 0.105820E+00
 0.300000E-01 0.990530E-01
 0.500000E-01 0.922614E-01
 0.700000E-01 0.854469E-01
 0.900000E-01 0.786111E-01
 0.110000E+00 0.717554E-01
 0.130000E+00 0.648813E-01
 0.150000E+00 0.579904E-01
 0.170000E+00 0.510841E-01
 0.190000E+00 0.441638E-01
 0.210000E+00 0.372312E-01
 0.230000E+00 0.302877E-01
 0.250000E+00 0.233348E-01
 0.270000E+00 0.163740E-01
 0.290000E+00 0.940675E-02
 0.310000E+00 0.243462E-02
 0.330000E+00 -.454090E-02
 0.350000E+00 -.115183E-01
 0.370000E+00 -.184962E-01
 0.390000E+00 -.254730E-01
 0.410000E+00 -.324472E-01
 0.430000E+00 -.394173E-01
 0.450000E+00 -.463819E-01
 0.470000E+00 -.533395E-01
 0.490000E+00 -.602886E-01
 0.510000E+00 -.672278E-01
 0.530000E+00 -.741555E-01
 0.550000E+00 -.810703E-01
 0.570000E+00 -.879708E-01
 0.590000E+00 -.948555E-01
 0.610000E+00 -.101723E+00
 0.630000E+00 -.108572E+00
 0.650000E+00 -.115400E+00
 0.670000E+00 -.122207E+00
 0.690000E+00 -.128992E+00
 0.710000E+00 -.135751E+00
 0.730000E+00 -.142485E+00
 0.750000E+00 -.149192E+00
 0.770000E+00 -.155871E+00
 0.790000E+00 -.162519E+00
 0.810000E+00 -.169136E+00
 0.830000E+00 -.175721E+00
 0.850000E+00 -.182271E+00
 0.870000E+00 -.188786E+00
 0.890000E+00 -.195265E+00
 0.910000E+00 -.198492E+00
 0.930000E+00 -.198494E+00
 0.950000E+00 -.198496E+00
 0.970000E+00 -.198498E+00
 0.990000E+00 -.198498E+00




































































































 -.990000E+00 -.515941E+00
 -.970000E+00 -.527951E+00
 -.950000E+00 -.539742E+00
 -.930000E+00 -.551313E+00
 -.910000E+00 -.562667E+00
 -.890000E+00 -.571318E+00
 -.870000E+00 -.577403E+00
 -.850000E+00 -.583453E+00
 -.830000E+00 -.589468E+00
 -.810000E+00 -.595447E+00
 -.790000E+00 -.601390E+00
 -.770000E+00 -.607297E+00
 -.750000E+00 -.613168E+00
 -.730000E+00 -.619001E+00
 -.710000E+00 -.624798E+00
 -.690000E+00 -.630558E+00
 -.670000E+00 -.636280E+00
 -.650000E+00 -.641965E+00
 -.630000E+00 -.647611E+00
 -.610000E+00 -.653220E+00
 -.590000E+00 -.658790E+00
 -.570000E+00 -.664322E+00
 -.550000E+00 -.669814E+00
 -.530000E+00 -.675268E+00
 -.510000E+00 -.680683E+00
 -.490000E+00 -.686058E+00
 -.470000E+00 -.691393E+00
 -.450000E+00 -.696689E+00
 -.430000E+00 -.701944E+00
 -.410000E+00 -.707159E+00
 -.390000E+00 -.712334E+00
 -.370000E+00 -.717467E+00
 -.350000E+00 -.722560E+00
 -.330000E+00 -.727612E+00
 -.310000E+00 -.732623E+00
 -.290000E+00 -.737592E+00
 -.270000E+00 -.742519E+00
 -.250000E+00 -.747405E+00
 -.230000E+00 -.752248E+00
 -.210000E+00 -.757049E+00
 -.190000E+00 -.761808E+00
 -.170000E+00 -.766524E+00
 -.150000E+00 -.771198E+00
 -.130000E+00 -.775828E+00
 -.110000E+00 -.780416E+00
 -.900000E-01 -.784960E+00
 -.700000E-01 -.789460E+00
 -.500000E-01 -.793917E+00
 -.300000E-01 -.798331E+00
 -.100000E-01 -.802700E+00
 0.100000E-01 -.807025E+00
 0.300000E-01 -.811306E+00
 0.500000E-01 -.815543E+00
 0.700000E-01 -.819735E+00
 0.900000E-01 -.823882E+00
 0.110000E+00 -.827985E+00
 0.130000E+00 -.832042E+00
 0.150000E+00 -.836054E+00
 0.170000E+00 -.840021E+00
 0.190000E+00 -.843942E+00
 0.210000E+00 -.847818E+00
 0.230000E+00 -.851648E+00
 0.250000E+00 -.855433E+00
 0.270000E+00 -.859171E+00
 0.290000E+00 -.862863E+00
 0.310000E+00 -.866509E+00
 0.330000E+00 -.870108E+00
 0.350000E+00 -.873661E+00
 0.370000E+00 -.877167E+00
 0.390000E+00 -.880626E+00
 0.410000E+00 -.884038E+00
 0.430000E+00 -.887403E+00
 0.450000E+00 -.890721E+00
 0.470000E+00 -.893992E+00
 0.490000E+00 -.897215E+00
 0.510000E+00 -.900391E+00
 0.530000E+00 -.903519E+00
 0.550000E+00 -.906599E+00
 0.570000E+00 -.909631E+00
 0.590000E+00 -.912615E+00
 0.610000E+00 -.915551E+00
 0.630000E+00 -.918439E+00
 0.650000E+00 -.921278E+00
 0.670000E+00 -.924069E+00
 0.690000E+00 -.926811E+00
 0.710000E+00 -.929505E+00
 0.730000E+00 -.932150E+00
 0.750000E+00 -.934745E+00
 0.770000E+00 -.937292E+00
 0.790000E+00 -.939789E+00
 0.810000E+00 -.942237E+00
 0.830000E+00 -.944636E+00
 0.850000E+00 -.946986E+00
 0.870000E+00 -.949285E+00
 0.890000E+00 -.951535E+00
 0.910000E+00 -.952640E+00
 0.930000E+00 -.952637E+00
 0.950000E+00 -.952634E+00
 0.970000E+00 -.952633E+00
 0.990000E+00 -.952632E+00




































































































 -.990000E+00 -.880624E+00
 -.970000E+00 -.882307E+00
 -.950000E+00 -.883979E+00
 -.930000E+00 -.885640E+00
 -.910000E+00 -.887291E+00
 -.890000E+00 -.888608E+00
 -.870000E+00 -.889596E+00
 -.850000E+00 -.890576E+00
 -.830000E+00 -.891548E+00
 -.810000E+00 -.892511E+00
 -.790000E+00 -.893467E+00
 -.770000E+00 -.894414E+00
 -.750000E+00 -.895354E+00
 -.730000E+00 -.896285E+00
 -.710000E+00 -.897208E+00
 -.690000E+00 -.898123E+00
 -.670000E+00 -.899029E+00
 -.650000E+00 -.899928E+00
 -.630000E+00 -.900818E+00
 -.610000E+00 -.901700E+00
 -.590000E+00 -.902573E+00
 -.570000E+00 -.903439E+00
 -.550000E+00 -.904296E+00
 -.530000E+00 -.905145E+00
 -.510000E+00 -.905986E+00
 -.490000E+00 -.906818E+00
 -.470000E+00 -.907642E+00
 -.450000E+00 -.908458E+00
 -.430000E+00 -.909266E+00
 -.410000E+00 -.910065E+00
 -.390000E+00 -.910856E+00
 -.370000E+00 -.911638E+00
 -.350000E+00 -.912413E+00
 -.330000E+00 -.913179E+00
 -.310000E+00 -.913936E+00
 -.290000E+00 -.914685E+00
 -.270000E+00 -.915426E+00
 -.250000E+00 -.916158E+00
 -.230000E+00 -.916882E+00
 -.210000E+00 -.917597E+00
 -.190000E+00 -.918304E+00
 -.170000E+00 -.919003E+00
 -.150000E+00 -.919693E+00
 -.130000E+00 -.920374E+00
 -.110000E+00 -.921047E+00
 -.900000E-01 -.921712E+00
 -.700000E-01 -.922368E+00
 -.500000E-01 -.923016E+00
 -.300000E-01 -.923655E+00
 -.100000E-01 -.924285E+00
 0.100000E-01 -.924907E+00
 0.300000E-01 -.925520E+00
 0.500000E-01 -.926125E+00
 0.700000E-01 -.926721E+00
 0.900000E-01 -.927309E+00
 0.110000E+00 -.927888E+00
 0.130000E+00 -.928458E+00
 0.150000E+00 -.929020E+00
 0.170000E+00 -.929573E+00
 0.190000E+00 -.930117E+00
 0.210000E+00 -.930653E+00
 0.230000E+00 -.931180E+00
 0.250000E+00 -.931698E+00
 0.270000E+00 -.932207E+00
 0.290000E+00 -.932708E+00
 0.310000E+00 -.933200E+00
 0.330000E+00 -.933683E+00
 0.350000E+00 -.934158E+00
 0.370000E+00 -.934624E+00
 0.390000E+00 -.935080E+00
 0.410000E+00 -.935529E+00
 0.430000E+00 -.935968E+00
 0.450000E+00 -.936398E+00
 0.470000E+00 -.936820E+00
 0.490000E+00 -.937232E+00
 0.510000E+00 -.937636E+00
 0.530000E+00 -.938031E+00
 0.550000E+00 -.938417E+00
 0.570000E+00 -.938794E+00
 0.590000E+00 -.939162E+00
 0.610000E+00 -.939521E+00
 0.630000E+00 -.939871E+00
 0.650000E+00 -.940212E+00
 0.670000E+00 -.940544E+00
 0.690000E+00 -.940867E+00
 0.710000E+00 -.941181E+00
 0.730000E+00 -.941486E+00
 0.750000E+00 -.941782E+00
 0.770000E+00 -.942069E+00
 0.790000E+00 -.942346E+00
 0.810000E+00 -.942615E+00
 0.830000E+00 -.942874E+00
 0.850000E+00 -.943124E+00
 0.870000E+00 -.943365E+00
 0.890000E+00 -.943597E+00
 0.910000E+00 -.943722E+00
 0.930000E+00 -.943744E+00
 0.950000E+00 -.943759E+00
 0.970000E+00 -.943769E+00
 0.990000E+00 -.943772E+00




































































































 -.990000E+00 -.821173E+00
 -.970000E+00 -.827030E+00
 -.950000E+00 -.832770E+00
 -.930000E+00 -.838392E+00
 -.910000E+00 -.843897E+00
 -.890000E+00 -.846863E+00
 -.870000E+00 -.847375E+00
 -.850000E+00 -.847887E+00
 -.830000E+00 -.848399E+00
 -.810000E+00 -.848909E+00
 -.790000E+00 -.849419E+00
 -.770000E+00 -.849927E+00
 -.750000E+00 -.850435E+00
 -.730000E+00 -.850943E+00
 -.710000E+00 -.851449E+00
 -.690000E+00 -.851955E+00
 -.670000E+00 -.852459E+00
 -.650000E+00 -.852963E+00
 -.630000E+00 -.853467E+00
 -.610000E+00 -.853969E+00
 -.590000E+00 -.854471E+00
 -.570000E+00 -.854972E+00
 -.550000E+00 -.855472E+00
 -.530000E+00 -.855971E+00
 -.510000E+00 -.856469E+00
 -.490000E+00 -.856967E+00
 -.470000E+00 -.857464E+00
 -.450000E+00 -.857960E+00
 -.430000E+00 -.858455E+00
 -.410000E+00 -.858950E+00
 -.390000E+00 -.859443E+00
 -.370000E+00 -.859936E+00
 -.350000E+00 -.860428E+00
 -.330000E+00 -.860920E+00
 -.310000E+00 -.861410E+00
 -.290000E+00 -.861900E+00
 -.270000E+00 -.862389E+00
 -.250000E+00 -.862877E+00
 -.230000E+00 -.863364E+00
 -.210000E+00 -.863850E+00
 -.190000E+00 -.864336E+00
 -.170000E+00 -.864821E+00
 -.150000E+00 -.865305E+00
 -.130000E+00 -.865788E+00
 -.110000E+00 -.866271E+00
 -.900000E-01 -.866752E+00
 -.700000E-01 -.867233E+00
 -.500000E-01 -.867713E+00
 -.300000E-01 -.868192E+00
 -.100000E-01 -.868671E+00
 0.100000E-01 -.869148E+00
 0.300000E-01 -.869625E+00
 0.500000E-01 -.870101E+00
 0.700000E-01 -.870576E+00
 0.900000E-01 -.871050E+00
 0.110000E+00 -.871524E+00
 0.130000E+00 -.871997E+00
 0.150000E+00 -.872469E+00
 0.170000E+00 -.872940E+00
 0.190000E+00 -.873410E+00
 0.210000E+00 -.873879E+00
 0.230000E+00 -.874348E+00
 0.250000E+00 -.874816E+00
 0.270000E+00 -.875283E+00
 0.290000E+00 -.875749E+00
 0.310000E+00 -.876215E+00
 0.330000E+00 -.876679E+00
 0.350000E+00 -.877143E+00
 0.370000E+00 -.877606E+00
 0.390000E+00 -.878068E+00
 0.410000E+00 -.878529E+00
 0.430000E+00 -.878990E+00
 0.450000E+00 -.879449E+00
 0.470000E+00 -.879908E+00
 0.490000E+00 -.880366E+00
 0.510000E+00 -.880824E+00
 0.530000E+00 -.881280E+00
 0.550000E+00 -.881736E+00
 0.570000E+00 -.882190E+00
 0.590000E+00 -.882644E+00
 0.610000E+00 -.883097E+00
 0.630000E+00 -.883550E+00
 0.650000E+00 -.884001E+00
 0.670000E+00 -.884452E+00
 0.690000E+00 -.884902E+00
 0.710000E+00 -.885351E+00
 0.730000E+00 -.885799E+00
 0.750000E+00 -.886246E+00
 0.770000E+00 -.886693E+00
 0.790000E+00 -.887138E+00
 0.810000E+00 -.887583E+00
 0.830000E+00 -.888027E+00
 0.850000E+00 -.888470E+00
 0.870000E+00 -.888913E+00
 0.890000E+00 -.889354E+00
 0.910000E+00 -.889585E+00
 0.930000E+00 -.889602E+00
 0.950000E+00 -.889614E+00
 0.970000E+00 -.889622E+00
 0.990000E+00 -.889624E+00




































































































 -.990000E+00 -.162034E+00
 -.970000E+00 -.170057E+00
 -.950000E+00 -.178111E+00
 -.930000E+00 -.186196E+00
 -.910000E+00 -.194312E+00
 -.890000E+00 -.199753E+00
 -.870000E+00 -.202508E+00
 -.850000E+00 -.205272E+00
 -.830000E+00 -.208046E+00
 -.810000E+00 -.210829E+00
 -.790000E+00 -.213621E+00
 -.770000E+00 -.216423E+00
 -.750000E+00 -.219235E+00
 -.730000E+00 -.222056E+00
 -.710000E+00 -.224887E+00
 -.690000E+00 -.227728E+00
 -.670000E+00 -.230578E+00
 -.650000E+00 -.233439E+00
 -.630000E+00 -.236309E+00
 -.610000E+00 -.239190E+00
 -.590000E+00 -.242080E+00
 -.570000E+00 -.244981E+00
 -.550000E+00 -.247892E+00
 -.530000E+00 -.250813E+00
 -.510000E+00 -.253745E+00
 -.490000E+00 -.256687E+00
 -.470000E+00 -.259639E+00
 -.450000E+00 -.262602E+00
 -.430000E+00 -.265576E+00
 -.410000E+00 -.268560E+00
 -.390000E+00 -.271555E+00
 -.370000E+00 -.274561E+00
 -.350000E+00 -.277578E+00
 -.330000E+00 -.280606E+00
 -.310000E+00 -.283645E+00
 -.290000E+00 -.286695E+00
 -.270000E+00 -.289756E+00
 -.250000E+00 -.292829E+00
 -.230000E+00 -.295913E+00
 -.210000E+00 -.299009E+00
 -.190000E+00 -.302116E+00
 -.170000E+00 -.305234E+00
 -.150000E+00 -.308365E+00
 -.130000E+00 -.311507E+00
 -.110000E+00 -.314661E+00
 -.900000E-01 -.317827E+00
 -.700000E-01 -.321005E+00
 -.500000E-01 -.324195E+00
 -.300000E-01 -.327398E+00
 -.100000E-01 -.330612E+00
 0.100000E-01 -.333840E+00
 0.300000E-01 -.337079E+00
 0.500000E-01 -.340332E+00
 0.700000E-01 -.343597E+00
 0.900000E-01 -.346874E+00
 0.110000E+00 -.350165E+00
 0.130000E+00 -.353469E+00
 0.150000E+00 -.356786E+00
 0.170000E+00 -.360116E+00
 0.190000E+00 -.363459E+00
 0.210000E+00 -.366815E+00
 0.230000E+00 -.370186E+00
 0.250000E+00 -.373569E+00
 0.270000E+00 -.376967E+00
 0.290000E+00 -.380378E+00
 0.310000E+00 -.383804E+00
 0.330000E+00 -.387243E+00
 0.350000E+00 -.390696E+00
 0.370000E+00 -.394164E+00
 0.390000E+00 -.397646E+00
 0.410000E+00 -.401143E+00
 0.430000E+00 -.404654E+00
 0.450000E+00 -.408180E+00
 0.470000E+00 -.411721E+00
 0.490000E+00 -.415277E+00
 0.510000E+00 -.418848E+00
 0.530000E+00 -.422434E+00
 0.550000E+00 -.426036E+00
 0.570000E+00 -.429653E+00
 0.590000E+00 -.433286E+00
 0.610000E+00 -.436934E+00
 0.630000E+00 -.440598E+00
 0.650000E+00 -.444279E+00
 0.670000E+00 -.447975E+00
 0.690000E+00 -.451688E+00
 0.710000E+00 -.455417E+00
 0.730000E+00 -.459163E+00
 0.750000E+00 -.462926E+00
 0.770000E+00 -.466705E+00
 0.790000E+00 -.470501E+00
 0.810000E+00 -.474315E+00
 0.830000E+00 -.478146E+00
 0.850000E+00 -.481994E+00
 0.870000E+00 -.485860E+00
 0.890000E+00 -.489744E+00
 0.910000E+00 -.491755E+00
 0.930000E+00 -.491864E+00
 0.950000E+00 -.491942E+00
 0.970000E+00 -.491989E+00
 0.990000E+00 -.492005E+00




































































































 -.990000E+00 0.196768E+00
 -.970000E+00 0.180236E+00
 -.950000E+00 0.163563E+00
 -.930000E+00 0.146757E+00
 -.910000E+00 0.129824E+00
 -.890000E+00 0.117638E+00
 -.870000E+00 0.110290E+00
 -.850000E+00 0.102943E+00
 -.830000E+00 0.955971E-01
 -.810000E+00 0.882518E-01
 -.790000E+00 0.809081E-01
 -.770000E+00 0.735663E-01
 -.750000E+00 0.662270E-01
 -.730000E+00 0.588905E-01
 -.710000E+00 0.515573E-01
 -.690000E+00 0.442279E-01
 -.670000E+00 0.369026E-01
 -.650000E+00 0.295818E-01
 -.630000E+00 0.222661E-01
 -.610000E+00 0.149558E-01
 -.590000E+00 0.765131E-02
 -.570000E+00 0.353053E-03
 -.550000E+00 -.693856E-02
 -.530000E+00 -.142231E-01
 -.510000E+00 -.215002E-01
 -.490000E+00 -.287695E-01
 -.470000E+00 -.360305E-01
 -.450000E+00 -.432830E-01
 -.430000E+00 -.505264E-01
 -.410000E+00 -.577604E-01
 -.390000E+00 -.649847E-01
 -.370000E+00 -.721988E-01
 -.350000E+00 -.794024E-01
 -.330000E+00 -.865952E-01
 -.310000E+00 -.937767E-01
 -.290000E+00 -.100947E+00
 -.270000E+00 -.108105E+00
 -.250000E+00 -.115250E+00
 -.230000E+00 -.122383E+00
 -.210000E+00 -.129503E+00
 -.190000E+00 -.136610E+00
 -.170000E+00 -.143703E+00
 -.150000E+00 -.150782E+00
 -.130000E+00 -.157847E+00
 -.110000E+00 -.164897E+00
 -.900000E-01 -.171932E+00
 -.700000E-01 -.178952E+00
 -.500000E-01 -.185956E+00
 -.300000E-01 -.192945E+00
 -.100000E-01 -.199917E+00
 0.100000E-01 -.206872E+00
 0.300000E-01 -.213811E+00
 0.500000E-01 -.220733E+00
 0.700000E-01 -.227637E+00
 0.900000E-01 -.234524E+00
 0.110000E+00 -.241393E+00
 0.130000E+00 -.248243E+00
 0.150000E+00 -.255075E+00
 0.170000E+00 -.261888E+00
 0.190000E+00 -.268682E+00
 0.210000E+00 -.275457E+00
 0.230000E+00 -.282212E+00
 0.250000E+00 -.288947E+00
 0.270000E+00 -.295662E+00
 0.290000E+00 -.302357E+00
 0.310000E+00 -.309031E+00
 0.330000E+00 -.315684E+00
 0.350000E+00 -.322316E+00
 0.370000E+00 -.328927E+00
 0.390000E+00 -.335516E+00
 0.410000E+00 -.342084E+00
 0.430000E+00 -.348629E+00
 0.450000E+00 -.355152E+00
 0.470000E+00 -.361652E+00
 0.490000E+00 -.368130E+00
 0.510000E+00 -.374585E+00
 0.530000E+00 -.381017E+00
 0.550000E+00 -.387425E+00
 0.570000E+00 -.393809E+00
 0.590000E+00 -.400170E+00
 0.610000E+00 -.406507E+00
 0.630000E+00 -.412820E+00
 0.650000E+00 -.419108E+00
 0.670000E+00 -.425371E+00
 0.690000E+00 -.431610E+00
 0.710000E+00 -.437823E+00
 0.730000E+00 -.444012E+00
 0.750000E+00 -.450175E+00
 0.770000E+00 -.456312E+00
 0.790000E+00 -.462424E+00
 0.810000E+00 -.468510E+00
 0.830000E+00 -.474569E+00
 0.850000E+00 -.480603E+00
 0.870000E+00 -.486609E+00
 0.890000E+00 -.492589E+00
 0.910000E+00 -.495559E+00
 0.930000E+00 -.495539E+00
 0.950000E+00 -.495525E+00
 0.970000E+00 -.495517E+00
 0.990000E+00 -.495514E+00




































































































 -.990000E+00 0.489736E+00
 -.970000E+00 0.486544E+00
 -.950000E+00 0.483287E+00
 -.930000E+00 0.479965E+00
 -.910000E+00 0.476577E+00
 -.890000E+00 0.475176E+00
 -.870000E+00 0.475737E+00
 -.850000E+00 0.476200E+00
 -.830000E+00 0.476564E+00
 -.810000E+00 0.476829E+00
 -.790000E+00 0.476996E+00
 -.770000E+00 0.477063E+00
 -.750000E+00 0.477031E+00
 -.730000E+00 0.476901E+00
 -.710000E+00 0.476671E+00
 -.690000E+00 0.476341E+00
 -.670000E+00 0.475913E+00
 -.650000E+00 0.475385E+00
 -.630000E+00 0.474758E+00
 -.610000E+00 0.474032E+00
 -.590000E+00 0.473207E+00
 -.570000E+00 0.472283E+00
 -.550000E+00 0.471261E+00
 -.530000E+00 0.470139E+00
 -.510000E+00 0.468920E+00
 -.490000E+00 0.467602E+00
 -.470000E+00 0.466186E+00
 -.450000E+00 0.464672E+00
 -.430000E+00 0.463060E+00
 -.410000E+00 0.461352E+00
 -.390000E+00 0.459547E+00
 -.370000E+00 0.457645E+00
 -.350000E+00 0.455647E+00
 -.330000E+00 0.453553E+00
 -.310000E+00 0.451363E+00
 -.290000E+00 0.449079E+00
 -.270000E+00 0.446700E+00
 -.250000E+00 0.444227E+00
 -.230000E+00 0.441661E+00
 -.210000E+00 0.439002E+00
 -.190000E+00 0.436250E+00
 -.170000E+00 0.433406E+00
 -.150000E+00 0.430471E+00
 -.130000E+00 0.427445E+00
 -.110000E+00 0.424329E+00
 -.900000E-01 0.421123E+00
 -.700000E-01 0.417829E+00
 -.500000E-01 0.414447E+00
 -.300000E-01 0.410977E+00
 -.100000E-01 0.407420E+00
 0.100000E-01 0.403778E+00
 0.300000E-01 0.400050E+00
 0.500000E-01 0.396238E+00
 0.700000E-01 0.392343E+00
 0.900000E-01 0.388365E+00
 0.110000E+00 0.384304E+00
 0.130000E+00 0.380163E+00
 0.150000E+00 0.375942E+00
 0.170000E+00 0.371641E+00
 0.190000E+00 0.367262E+00
 0.210000E+00 0.362806E+00
 0.230000E+00 0.358273E+00
 0.250000E+00 0.353664E+00
 0.270000E+00 0.348981E+00
 0.290000E+00 0.344225E+00
 0.310000E+00 0.339396E+00
 0.330000E+00 0.334495E+00
 0.350000E+00 0.329524E+00
 0.370000E+00 0.324484E+00
 0.390000E+00 0.319375E+00
 0.410000E+00 0.314199E+00
 0.430000E+00 0.308957E+00
 0.450000E+00 0.303650E+00
 0.470000E+00 0.298279E+00
 0.490000E+00 0.292845E+00
 0.510000E+00 0.287349E+00
 0.530000E+00 0.281793E+00
 0.550000E+00 0.276178E+00
 0.570000E+00 0.270505E+00
 0.590000E+00 0.264775E+00
 0.610000E+00 0.258989E+00
 0.630000E+00 0.253148E+00
 0.650000E+00 0.247255E+00
 0.670000E+00 0.241309E+00
 0.690000E+00 0.235313E+00
 0.710000E+00 0.229267E+00
 0.730000E+00 0.223172E+00
 0.750000E+00 0.217031E+00
 0.770000E+00 0.210844E+00
 0.790000E+00 0.204613E+00
 0.810000E+00 0.198338E+00
 0.830000E+00 0.192022E+00
 0.850000E+00 0.185665E+00
 0.870000E+00 0.179268E+00
 0.890000E+00 0.172834E+00
 0.910000E+00 0.169601E+00
 0.930000E+00 0.169597E+00
 0.950000E+00 0.169595E+00
 0.970000E+00 0.169593E+00
 0.990000E+00 0.169592E+00




































































































 -.990000E+00 -.117216E-01
 -.970000E+00 -.117014E-01
 -.950000E+00 -.116095E-01
 -.930000E+00 -.114460E-01
 -.910000E+00 -.112113E-01
 -.890000E+00 -.823757E-02
 -.870000E+00 -.257009E-02
 -.850000E+00 0.310323E-02
 -.830000E+00 0.877687E-02
 -.810000E+00 0.144453E-01
 -.790000E+00 0.201030E-01
 -.770000E+00 0.257444E-01
 -.750000E+00 0.313641E-01
 -.730000E+00 0.369566E-01
 -.710000E+00 0.425163E-01
 -.690000E+00 0.480379E-01
 -.670000E+00 0.535160E-01
 -.650000E+00 0.589452E-01
 -.630000E+00 0.643201E-01
 -.610000E+00 0.696356E-01
 -.590000E+00 0.748864E-01
 -.570000E+00 0.800673E-01
 -.550000E+00 0.851733E-01
 -.530000E+00 0.901994E-01
 -.510000E+00 0.951405E-01
 -.490000E+00 0.999919E-01
 -.470000E+00 0.104749E+00
 -.450000E+00 0.109406E+00
 -.430000E+00 0.113960E+00
 -.410000E+00 0.118405E+00
 -.390000E+00 0.122738E+00
 -.370000E+00 0.126954E+00
 -.350000E+00 0.131048E+00
 -.330000E+00 0.135017E+00
 -.310000E+00 0.138856E+00
 -.290000E+00 0.142563E+00
 -.270000E+00 0.146133E+00
 -.250000E+00 0.149562E+00
 -.230000E+00 0.152847E+00
 -.210000E+00 0.155986E+00
 -.190000E+00 0.158974E+00
 -.170000E+00 0.161808E+00
 -.150000E+00 0.164486E+00
 -.130000E+00 0.167006E+00
 -.110000E+00 0.169364E+00
 -.900000E-01 0.171557E+00
 -.700000E-01 0.173585E+00
 -.500000E-01 0.175444E+00
 -.300000E-01 0.177133E+00
 -.100000E-01 0.178650E+00
 0.100000E-01 0.179993E+00
 0.300000E-01 0.181161E+00
 0.500000E-01 0.182153E+00
 0.700000E-01 0.182967E+00
 0.900000E-01 0.183603E+00
 0.110000E+00 0.184060E+00
 0.130000E+00 0.184337E+00
 0.150000E+00 0.184434E+00
 0.170000E+00 0.184350E+00
 0.190000E+00 0.184087E+00
 0.210000E+00 0.183643E+00
 0.230000E+00 0.183019E+00
 0.250000E+00 0.182215E+00
 0.270000E+00 0.181233E+00
 0.290000E+00 0.180073E+00
 0.310000E+00 0.178736E+00
 0.330000E+00 0.177223E+00
 0.350000E+00 0.175536E+00
 0.370000E+00 0.173677E+00
 0.390000E+00 0.171646E+00
 0.410000E+00 0.169446E+00
 0.430000E+00 0.167079E+00
 0.450000E+00 0.164547E+00
 0.470000E+00 0.161852E+00
 0.490000E+00 0.158997E+00
 0.510000E+00 0.155986E+00
 0.530000E+00 0.152819E+00
 0.550000E+00 0.149502E+00
 0.570000E+00 0.146036E+00
 0.590000E+00 0.142425E+00
 0.610000E+00 0.138673E+00
 0.630000E+00 0.134783E+00
 0.650000E+00 0.130759E+00
 0.670000E+00 0.126605E+00
 0.690000E+00 0.122324E+00
 0.710000E+00 0.117922E+00
 0.730000E+00 0.113401E+00
 0.750000E+00 0.108767E+00
 0.770000E+00 0.104024E+00
 0.790000E+00 0.991769E-01
 0.810000E+00 0.942298E-01
 0.830000E+00 0.891876E-01
 0.850000E+00 0.840554E-01
 0.870000E+00 0.788381E-01
 0.890000E+00 0.735408E-01
 0.910000E+00 0.708634E-01
 0.930000E+00 0.708630E-01
 0.950000E+00 0.708627E-01
 0.970000E+00 0.708625E-01
 0.990000E+00 0.708624E-01




































































































 -.990000E+00 0.138797E-01
 -.970000E+00 0.130809E-01
 -.950000E+00 0.800351E-02
 -.930000E+00 0.843699E-03
 -.910000E+00 -.529754E-02
 -.890000E+00 -.539083E-02
 -.870000E+00 -.423028E-03
 -.850000E+00 0.473106E-02
 -.830000E+00 0.783852E-02
 -.810000E+00 0.755179E-02
 -.790000E+00 0.399305E-02
 -.770000E+00 -.129785E-02
 -.750000E+00 -.602966E-02
 -.730000E+00 -.815196E-02
 -.710000E+00 -.674368E-02
 -.690000E+00 -.241282E-02
 -.670000E+00 0.296603E-02
 -.650000E+00 0.706309E-02
 -.630000E+00 0.810252E-02
 -.610000E+00 0.563214E-02
 -.590000E+00 0.720111E-03
 -.570000E+00 -.450688E-02
 -.550000E+00 -.778442E-02
 -.530000E+00 -.769131E-02
 -.510000E+00 -.426586E-02
 -.490000E+00 0.100987E-02
 -.470000E+00 0.585126E-02
 -.450000E+00 0.816051E-02
 -.430000E+00 0.693558E-02
 -.410000E+00 0.270504E-02
 -.390000E+00 -.270003E-02
 -.370000E+00 -.693857E-02
 -.350000E+00 -.817352E-02
 -.330000E+00 -.586801E-02
 -.310000E+00 -.101877E-02
 -.290000E+00 0.427480E-02
 -.270000E+00 0.771950E-02
 -.250000E+00 0.782179E-02
 -.230000E+00 0.453531E-02
 -.210000E+00 -.718093E-03
 -.190000E+00 -.566356E-02
 -.170000E+00 -.815827E-02
 -.150000E+00 -.711989E-02
 -.130000E+00 -.299615E-02
 -.110000E+00 0.242817E-02
 -.900000E-01 0.680377E-02
 -.700000E-01 0.823426E-02
 -.500000E-01 0.609809E-02
 -.300000E-01 0.131861E-02
 -.100000E-01 -.403506E-02
 0.100000E-01 -.764377E-02
 0.300000E-01 -.794297E-02
 0.500000E-01 -.480103E-02
 0.700000E-01 0.422877E-03
 0.900000E-01 0.546673E-02
 0.110000E+00 0.814516E-02
 0.130000E+00 0.729629E-02
 0.150000E+00 0.328576E-02
 0.170000E+00 -.215077E-02
 0.190000E+00 -.665876E-02
 0.210000E+00 -.828455E-02
 0.230000E+00 -.632201E-02
 0.250000E+00 -.161925E-02
 0.270000E+00 0.378791E-02
 0.290000E+00 0.755722E-02
 0.310000E+00 0.805462E-02
 0.330000E+00 0.506262E-02
 0.350000E+00 -.124584E-03
 0.370000E+00 -.526096E-02
 0.390000E+00 -.812111E-02
 0.410000E+00 -.746450E-02
 0.430000E+00 -.357346E-02
 0.450000E+00 0.186815E-02
 0.470000E+00 0.650367E-02
 0.490000E+00 0.832426E-02
 0.510000E+00 0.653944E-02
 0.530000E+00 0.192030E-02
 0.550000E+00 -.353362E-02
 0.570000E+00 -.745988E-02
 0.590000E+00 -.815650E-02
 0.610000E+00 -.531971E-02
 0.630000E+00 -.176414E-03
 0.650000E+00 0.504643E-02
 0.670000E+00 0.808605E-02
 0.690000E+00 0.762421E-02
 0.710000E+00 0.385886E-02
 0.730000E+00 -.158063E-02
 0.750000E+00 -.633860E-02
 0.770000E+00 -.835323E-02
 0.790000E+00 -.675001E-02
 0.810000E+00 -.222135E-02
 0.830000E+00 0.327246E-02
 0.850000E+00 0.735180E-02
 0.870000E+00 0.824841E-02
 0.890000E+00 0.557191E-02
 0.910000E+00 0.320469E-02
 0.930000E+00 0.320468E-02
 0.950000E+00 0.320468E-02
 0.970000E+00 0.320469E-02
 0.990000E+00 0.320471E-02




































































































