 -.990000E+00 -.259660E+00
 -.970000E+00 -.259649E+00
 -.950000E+00 -.259580E+00
 -.930000E+00 -.259481E+00
 -.910000E+00 -.259397E+00
 -.890000E+00 0.675460E-04
 -.870000E+00 0.720902E-04
 -.850000E+00 0.453330E-04
 -.830000E+00 -.110567E-05
 -.810000E+00 -.470610E-04
 -.790000E+00 -.725794E-04
 -.770000E+00 -.665824E-04
 -.750000E+00 -.316760E-04
 -.730000E+00 0.169819E-04
 -.710000E+00 0.582632E-04
 -.690000E+00 0.742443E-04
 -.670000E+00 0.579876E-04
 -.650000E+00 0.165538E-04
 -.630000E+00 -.320654E-04
 -.610000E+00 -.667592E-04
 -.590000E+00 -.724644E-04
 -.570000E+00 -.467051E-04
 -.550000E+00 -.667728E-06
 -.530000E+00 0.456575E-04
 -.510000E+00 0.721560E-04
 -.490000E+00 0.673231E-04
 -.470000E+00 0.332585E-04
 -.450000E+00 -.152457E-04
 -.430000E+00 -.571283E-04
 -.410000E+00 -.742040E-04
 -.390000E+00 -.590595E-04
 -.370000E+00 -.182715E-04
 -.350000E+00 0.304487E-04
 -.330000E+00 0.659465E-04
 -.310000E+00 0.728090E-04
 -.290000E+00 0.480571E-04
 -.270000E+00 0.243910E-05
 -.250000E+00 -.442369E-04
 -.230000E+00 -.717040E-04
 -.210000E+00 -.680360E-04
 -.190000E+00 -.348263E-04
 -.170000E+00 0.135047E-04
 -.150000E+00 0.559712E-04
 -.130000E+00 0.741340E-04
 -.110000E+00 0.601068E-04
 -.900000E-01 0.199808E-04
 -.700000E-01 -.288209E-04
 -.500000E-01 -.651079E-04
 -.300000E-01 -.731242E-04
 -.100000E-01 -.493891E-04
 0.100000E-01 -.420863E-05
 0.300000E-01 0.427993E-04
 0.500000E-01 0.712234E-04
 0.700000E-01 0.687214E-04
 0.900000E-01 0.363797E-04
 0.110000E+00 -.117589E-04
 0.130000E+00 -.547921E-04
 0.150000E+00 -.740342E-04
 0.170000E+00 -.611298E-04
 0.190000E+00 -.216817E-04
 0.210000E+00 0.271816E-04
 0.230000E+00 0.642431E-04
 0.250000E+00 0.734100E-04
 0.270000E+00 0.507012E-04
 0.290000E+00 0.597653E-05
 0.310000E+00 -.413444E-04
 0.330000E+00 -.707141E-04
 0.350000E+00 -.693793E-04
 0.370000E+00 -.379187E-04
 0.390000E+00 0.100080E-04
 0.410000E+00 0.535906E-04
 0.430000E+00 0.739047E-04
 0.450000E+00 0.621287E-04
 0.470000E+00 0.233746E-04
 0.490000E+00 -.255308E-04
 0.510000E+00 -.633522E-04
 0.530000E+00 -.736665E-04
 0.550000E+00 -.519936E-04
 0.570000E+00 -.774298E-05
 0.590000E+00 0.398721E-04
 0.610000E+00 0.701762E-04
 0.630000E+00 0.700098E-04
 0.650000E+00 0.394435E-04
 0.670000E+00 -.825177E-05
 0.690000E+00 -.523667E-04
 0.710000E+00 -.737454E-04
 0.730000E+00 -.631034E-04
 0.750000E+00 -.250596E-04
 0.770000E+00 0.238682E-04
 0.790000E+00 0.624350E-04
 0.810000E+00 0.738936E-04
 0.830000E+00 0.532665E-04
 0.850000E+00 0.950817E-05
 0.870000E+00 -.383821E-04
 0.890000E+00 -.696094E-04
 0.910000E+00 0.259350E+00
 0.930000E+00 0.259343E+00
 0.950000E+00 0.259334E+00
 0.970000E+00 0.259326E+00
 0.990000E+00 0.259323E+00




































































































 -.990000E+00 -.260302E+00
 -.970000E+00 -.260299E+00
 -.950000E+00 -.260297E+00
 -.930000E+00 -.260296E+00
 -.910000E+00 -.260296E+00
 -.890000E+00 -.874248E-03
 -.870000E+00 -.879821E-03
 -.850000E+00 -.884633E-03
 -.830000E+00 -.888679E-03
 -.810000E+00 -.891957E-03
 -.790000E+00 -.894464E-03
 -.770000E+00 -.896197E-03
 -.750000E+00 -.897155E-03
 -.730000E+00 -.897336E-03
 -.710000E+00 -.896740E-03
 -.690000E+00 -.895369E-03
 -.670000E+00 -.893221E-03
 -.650000E+00 -.890301E-03
 -.630000E+00 -.886609E-03
 -.610000E+00 -.882149E-03
 -.590000E+00 -.876924E-03
 -.570000E+00 -.870939E-03
 -.550000E+00 -.864199E-03
 -.530000E+00 -.856709E-03
 -.510000E+00 -.848476E-03
 -.490000E+00 -.839506E-03
 -.470000E+00 -.829807E-03
 -.450000E+00 -.819387E-03
 -.430000E+00 -.808254E-03
 -.410000E+00 -.796419E-03
 -.390000E+00 -.783891E-03
 -.370000E+00 -.770680E-03
 -.350000E+00 -.756798E-03
 -.330000E+00 -.742257E-03
 -.310000E+00 -.727068E-03
 -.290000E+00 -.711245E-03
 -.270000E+00 -.694801E-03
 -.250000E+00 -.677750E-03
 -.230000E+00 -.660106E-03
 -.210000E+00 -.641884E-03
 -.190000E+00 -.623100E-03
 -.170000E+00 -.603770E-03
 -.150000E+00 -.583910E-03
 -.130000E+00 -.563536E-03
 -.110000E+00 -.542667E-03
 -.900000E-01 -.521320E-03
 -.700000E-01 -.499513E-03
 -.500000E-01 -.477264E-03
 -.300000E-01 -.454594E-03
 -.100000E-01 -.431520E-03
 0.100000E-01 -.408063E-03
 0.300000E-01 -.384242E-03
 0.500000E-01 -.360079E-03
 0.700000E-01 -.335593E-03
 0.900000E-01 -.310806E-03
 0.110000E+00 -.285738E-03
 0.130000E+00 -.260411E-03
 0.150000E+00 -.234848E-03
 0.170000E+00 -.209069E-03
 0.190000E+00 -.183097E-03
 0.210000E+00 -.156953E-03
 0.230000E+00 -.130662E-03
 0.250000E+00 -.104244E-03
 0.270000E+00 -.777232E-04
 0.290000E+00 -.511218E-04
 0.310000E+00 -.244627E-04
 0.330000E+00 0.223104E-05
 0.350000E+00 0.289365E-04
 0.370000E+00 0.556307E-04
 0.390000E+00 0.822906E-04
 0.410000E+00 0.108893E-03
 0.430000E+00 0.135416E-03
 0.450000E+00 0.161835E-03
 0.470000E+00 0.188128E-03
 0.490000E+00 0.214273E-03
 0.510000E+00 0.240246E-03
 0.530000E+00 0.266026E-03
 0.550000E+00 0.291589E-03
 0.570000E+00 0.316914E-03
 0.590000E+00 0.341978E-03
 0.610000E+00 0.366761E-03
 0.630000E+00 0.391239E-03
 0.650000E+00 0.415393E-03
 0.670000E+00 0.439201E-03
 0.690000E+00 0.462641E-03
 0.710000E+00 0.485695E-03
 0.730000E+00 0.508341E-03
 0.750000E+00 0.530560E-03
 0.770000E+00 0.552331E-03
 0.790000E+00 0.573637E-03
 0.810000E+00 0.594459E-03
 0.830000E+00 0.614777E-03
 0.850000E+00 0.634574E-03
 0.870000E+00 0.653834E-03
 0.890000E+00 0.672537E-03
 0.910000E+00 0.260116E+00
 0.930000E+00 0.260132E+00
 0.950000E+00 0.260146E+00
 0.970000E+00 0.260157E+00
 0.990000E+00 0.260166E+00




































































































 -.990000E+00 -.269619E+00
 -.970000E+00 -.269512E+00
 -.950000E+00 -.269405E+00
 -.930000E+00 -.269297E+00
 -.910000E+00 -.269190E+00
 -.890000E+00 -.966733E-02
 -.870000E+00 -.958019E-02
 -.850000E+00 -.949111E-02
 -.830000E+00 -.940011E-02
 -.810000E+00 -.930722E-02
 -.790000E+00 -.921245E-02
 -.770000E+00 -.911582E-02
 -.750000E+00 -.901734E-02
 -.730000E+00 -.891706E-02
 -.710000E+00 -.881497E-02
 -.690000E+00 -.871110E-02
 -.670000E+00 -.860548E-02
 -.650000E+00 -.849812E-02
 -.630000E+00 -.838905E-02
 -.610000E+00 -.827829E-02
 -.590000E+00 -.816586E-02
 -.570000E+00 -.805179E-02
 -.550000E+00 -.793609E-02
 -.530000E+00 -.781880E-02
 -.510000E+00 -.769993E-02
 -.490000E+00 -.757951E-02
 -.470000E+00 -.745756E-02
 -.450000E+00 -.733412E-02
 -.430000E+00 -.720920E-02
 -.410000E+00 -.708283E-02
 -.390000E+00 -.695503E-02
 -.370000E+00 -.682584E-02
 -.350000E+00 -.669527E-02
 -.330000E+00 -.656336E-02
 -.310000E+00 -.643013E-02
 -.290000E+00 -.629561E-02
 -.270000E+00 -.615983E-02
 -.250000E+00 -.602281E-02
 -.230000E+00 -.588458E-02
 -.210000E+00 -.574517E-02
 -.190000E+00 -.560461E-02
 -.170000E+00 -.546292E-02
 -.150000E+00 -.532014E-02
 -.130000E+00 -.517630E-02
 -.110000E+00 -.503141E-02
 -.900000E-01 -.488553E-02
 -.700000E-01 -.473866E-02
 -.500000E-01 -.459085E-02
 -.300000E-01 -.444212E-02
 -.100000E-01 -.429250E-02
 0.100000E-01 -.414202E-02
 0.300000E-01 -.399072E-02
 0.500000E-01 -.383862E-02
 0.700000E-01 -.368576E-02
 0.900000E-01 -.353217E-02
 0.110000E+00 -.337787E-02
 0.130000E+00 -.322290E-02
 0.150000E+00 -.306730E-02
 0.170000E+00 -.291108E-02
 0.190000E+00 -.275429E-02
 0.210000E+00 -.259695E-02
 0.230000E+00 -.243910E-02
 0.250000E+00 -.228077E-02
 0.270000E+00 -.212199E-02
 0.290000E+00 -.196280E-02
 0.310000E+00 -.180322E-02
 0.330000E+00 -.164329E-02
 0.350000E+00 -.148304E-02
 0.370000E+00 -.132251E-02
 0.390000E+00 -.116171E-02
 0.410000E+00 -.100070E-02
 0.430000E+00 -.839502E-03
 0.450000E+00 -.678144E-03
 0.470000E+00 -.516663E-03
 0.490000E+00 -.355091E-03
 0.510000E+00 -.193461E-03
 0.530000E+00 -.318059E-04
 0.550000E+00 0.129842E-03
 0.570000E+00 0.291450E-03
 0.590000E+00 0.452986E-03
 0.610000E+00 0.614416E-03
 0.630000E+00 0.775707E-03
 0.650000E+00 0.936828E-03
 0.670000E+00 0.109775E-02
 0.690000E+00 0.125843E-02
 0.710000E+00 0.141884E-02
 0.730000E+00 0.157895E-02
 0.750000E+00 0.173873E-02
 0.770000E+00 0.189814E-02
 0.790000E+00 0.205716E-02
 0.810000E+00 0.221574E-02
 0.830000E+00 0.237387E-02
 0.850000E+00 0.253149E-02
 0.870000E+00 0.268860E-02
 0.890000E+00 0.284514E-02
 0.910000E+00 0.262405E+00
 0.930000E+00 0.262516E+00
 0.950000E+00 0.262627E+00
 0.970000E+00 0.262737E+00
 0.990000E+00 0.262846E+00




































































































 -.990000E+00 -.265776E+00
 -.970000E+00 -.265685E+00
 -.950000E+00 -.265594E+00
 -.930000E+00 -.265503E+00
 -.910000E+00 -.265410E+00
 -.890000E+00 -.587485E-02
 -.870000E+00 -.574744E-02
 -.850000E+00 -.561972E-02
 -.830000E+00 -.549169E-02
 -.810000E+00 -.536336E-02
 -.790000E+00 -.523475E-02
 -.770000E+00 -.510584E-02
 -.750000E+00 -.497666E-02
 -.730000E+00 -.484721E-02
 -.710000E+00 -.471750E-02
 -.690000E+00 -.458753E-02
 -.670000E+00 -.445732E-02
 -.650000E+00 -.432686E-02
 -.630000E+00 -.419616E-02
 -.610000E+00 -.406524E-02
 -.590000E+00 -.393410E-02
 -.570000E+00 -.380274E-02
 -.550000E+00 -.367118E-02
 -.530000E+00 -.353942E-02
 -.510000E+00 -.340747E-02
 -.490000E+00 -.327533E-02
 -.470000E+00 -.314302E-02
 -.450000E+00 -.301053E-02
 -.430000E+00 -.287788E-02
 -.410000E+00 -.274507E-02
 -.390000E+00 -.261212E-02
 -.370000E+00 -.247902E-02
 -.350000E+00 -.234579E-02
 -.330000E+00 -.221244E-02
 -.310000E+00 -.207896E-02
 -.290000E+00 -.194537E-02
 -.270000E+00 -.181167E-02
 -.250000E+00 -.167788E-02
 -.230000E+00 -.154400E-02
 -.210000E+00 -.141003E-02
 -.190000E+00 -.127598E-02
 -.170000E+00 -.114187E-02
 -.150000E+00 -.100769E-02
 -.130000E+00 -.873462E-03
 -.110000E+00 -.739184E-03
 -.900000E-01 -.604866E-03
 -.700000E-01 -.470515E-03
 -.500000E-01 -.336139E-03
 -.300000E-01 -.201744E-03
 -.100000E-01 -.673386E-04
 0.100000E-01 0.670705E-04
 0.300000E-01 0.201476E-03
 0.500000E-01 0.335871E-03
 0.700000E-01 0.470247E-03
 0.900000E-01 0.604598E-03
 0.110000E+00 0.738916E-03
 0.130000E+00 0.873194E-03
 0.150000E+00 0.100742E-02
 0.170000E+00 0.114160E-02
 0.190000E+00 0.127571E-02
 0.210000E+00 0.140976E-02
 0.230000E+00 0.154373E-02
 0.250000E+00 0.167761E-02
 0.270000E+00 0.181141E-02
 0.290000E+00 0.194510E-02
 0.310000E+00 0.207869E-02
 0.330000E+00 0.221217E-02
 0.350000E+00 0.234553E-02
 0.370000E+00 0.247876E-02
 0.390000E+00 0.261185E-02
 0.410000E+00 0.274481E-02
 0.430000E+00 0.287761E-02
 0.450000E+00 0.301026E-02
 0.470000E+00 0.314275E-02
 0.490000E+00 0.327506E-02
 0.510000E+00 0.340720E-02
 0.530000E+00 0.353916E-02
 0.550000E+00 0.367092E-02
 0.570000E+00 0.380248E-02
 0.590000E+00 0.393383E-02
 0.610000E+00 0.406498E-02
 0.630000E+00 0.419590E-02
 0.650000E+00 0.432659E-02
 0.670000E+00 0.445705E-02
 0.690000E+00 0.458727E-02
 0.710000E+00 0.471724E-02
 0.730000E+00 0.484695E-02
 0.750000E+00 0.497640E-02
 0.770000E+00 0.510558E-02
 0.790000E+00 0.523448E-02
 0.810000E+00 0.536310E-02
 0.830000E+00 0.549143E-02
 0.850000E+00 0.561946E-02
 0.870000E+00 0.574718E-02
 0.890000E+00 0.587459E-02
 0.910000E+00 0.265410E+00
 0.930000E+00 0.265502E+00
 0.950000E+00 0.265594E+00
 0.970000E+00 0.265685E+00
 0.990000E+00 0.265776E+00




































































































 -.990000E+00 -.337806E+00
 -.970000E+00 -.338501E+00
 -.950000E+00 -.339204E+00
 -.930000E+00 -.339913E+00
 -.910000E+00 -.340629E+00
 -.890000E+00 -.815000E-01
 -.870000E+00 -.813704E-01
 -.850000E+00 -.812397E-01
 -.830000E+00 -.811080E-01
 -.810000E+00 -.809752E-01
 -.790000E+00 -.808414E-01
 -.770000E+00 -.807066E-01
 -.750000E+00 -.805708E-01
 -.730000E+00 -.804339E-01
 -.710000E+00 -.802960E-01
 -.690000E+00 -.801570E-01
 -.670000E+00 -.800170E-01
 -.650000E+00 -.798761E-01
 -.630000E+00 -.797341E-01
 -.610000E+00 -.795911E-01
 -.590000E+00 -.794471E-01
 -.570000E+00 -.793020E-01
 -.550000E+00 -.791560E-01
 -.530000E+00 -.790090E-01
 -.510000E+00 -.788609E-01
 -.490000E+00 -.787119E-01
 -.470000E+00 -.785619E-01
 -.450000E+00 -.784109E-01
 -.430000E+00 -.782589E-01
 -.410000E+00 -.781059E-01
 -.390000E+00 -.779519E-01
 -.370000E+00 -.777970E-01
 -.350000E+00 -.776410E-01
 -.330000E+00 -.774841E-01
 -.310000E+00 -.773263E-01
 -.290000E+00 -.771674E-01
 -.270000E+00 -.770076E-01
 -.250000E+00 -.768468E-01
 -.230000E+00 -.766851E-01
 -.210000E+00 -.765224E-01
 -.190000E+00 -.763588E-01
 -.170000E+00 -.761942E-01
 -.150000E+00 -.760286E-01
 -.130000E+00 -.758621E-01
 -.110000E+00 -.756946E-01
 -.900000E-01 -.755263E-01
 -.700000E-01 -.753569E-01
 -.500000E-01 -.751867E-01
 -.300000E-01 -.750155E-01
 -.100000E-01 -.748433E-01
 0.100000E-01 -.746703E-01
 0.300000E-01 -.744963E-01
 0.500000E-01 -.743213E-01
 0.700000E-01 -.741455E-01
 0.900000E-01 -.739687E-01
 0.110000E+00 -.737911E-01
 0.130000E+00 -.736125E-01
 0.150000E+00 -.734330E-01
 0.170000E+00 -.732526E-01
 0.190000E+00 -.730713E-01
 0.210000E+00 -.728891E-01
 0.230000E+00 -.727059E-01
 0.250000E+00 -.725219E-01
 0.270000E+00 -.723370E-01
 0.290000E+00 -.721512E-01
 0.310000E+00 -.719645E-01
 0.330000E+00 -.717769E-01
 0.350000E+00 -.715885E-01
 0.370000E+00 -.713991E-01
 0.390000E+00 -.712089E-01
 0.410000E+00 -.710178E-01
 0.430000E+00 -.708258E-01
 0.450000E+00 -.706330E-01
 0.470000E+00 -.704393E-01
 0.490000E+00 -.702447E-01
 0.510000E+00 -.700492E-01
 0.530000E+00 -.698529E-01
 0.550000E+00 -.696557E-01
 0.570000E+00 -.694577E-01
 0.590000E+00 -.692588E-01
 0.610000E+00 -.690591E-01
 0.630000E+00 -.688585E-01
 0.650000E+00 -.686571E-01
 0.670000E+00 -.684548E-01
 0.690000E+00 -.682517E-01
 0.710000E+00 -.680477E-01
 0.730000E+00 -.678429E-01
 0.750000E+00 -.676373E-01
 0.770000E+00 -.674309E-01
 0.790000E+00 -.672236E-01
 0.810000E+00 -.670155E-01
 0.830000E+00 -.668065E-01
 0.850000E+00 -.665968E-01
 0.870000E+00 -.663862E-01
 0.890000E+00 -.661748E-01
 0.910000E+00 0.193782E+00
 0.930000E+00 0.194625E+00
 0.950000E+00 0.195459E+00
 0.970000E+00 0.196283E+00
 0.990000E+00 0.197097E+00




































































































 -.990000E+00 -.261203E+00
 -.970000E+00 -.261079E+00
 -.950000E+00 -.260954E+00
 -.930000E+00 -.260827E+00
 -.910000E+00 -.260698E+00
 -.890000E+00 -.119414E-02
 -.870000E+00 -.116732E-02
 -.850000E+00 -.114051E-02
 -.830000E+00 -.111368E-02
 -.810000E+00 -.108686E-02
 -.790000E+00 -.106004E-02
 -.770000E+00 -.103322E-02
 -.750000E+00 -.100639E-02
 -.730000E+00 -.979565E-03
 -.710000E+00 -.952738E-03
 -.690000E+00 -.925911E-03
 -.670000E+00 -.899082E-03
 -.650000E+00 -.872253E-03
 -.630000E+00 -.845423E-03
 -.610000E+00 -.818592E-03
 -.590000E+00 -.791760E-03
 -.570000E+00 -.764928E-03
 -.550000E+00 -.738095E-03
 -.530000E+00 -.711261E-03
 -.510000E+00 -.684426E-03
 -.490000E+00 -.657591E-03
 -.470000E+00 -.630755E-03
 -.450000E+00 -.603919E-03
 -.430000E+00 -.577082E-03
 -.410000E+00 -.550245E-03
 -.390000E+00 -.523407E-03
 -.370000E+00 -.496568E-03
 -.350000E+00 -.469729E-03
 -.330000E+00 -.442890E-03
 -.310000E+00 -.416050E-03
 -.290000E+00 -.389210E-03
 -.270000E+00 -.362370E-03
 -.250000E+00 -.335529E-03
 -.230000E+00 -.308688E-03
 -.210000E+00 -.281846E-03
 -.190000E+00 -.255005E-03
 -.170000E+00 -.228163E-03
 -.150000E+00 -.201321E-03
 -.130000E+00 -.174478E-03
 -.110000E+00 -.147636E-03
 -.900000E-01 -.120793E-03
 -.700000E-01 -.939504E-04
 -.500000E-01 -.671075E-04
 -.300000E-01 -.402646E-04
 -.100000E-01 -.134217E-04
 0.100000E-01 0.134212E-04
 0.300000E-01 0.402642E-04
 0.500000E-01 0.671071E-04
 0.700000E-01 0.939499E-04
 0.900000E-01 0.120793E-03
 0.110000E+00 0.147635E-03
 0.130000E+00 0.174478E-03
 0.150000E+00 0.201320E-03
 0.170000E+00 0.228162E-03
 0.190000E+00 0.255004E-03
 0.210000E+00 0.281846E-03
 0.230000E+00 0.308687E-03
 0.250000E+00 0.335528E-03
 0.270000E+00 0.362369E-03
 0.290000E+00 0.389210E-03
 0.310000E+00 0.416050E-03
 0.330000E+00 0.442890E-03
 0.350000E+00 0.469729E-03
 0.370000E+00 0.496568E-03
 0.390000E+00 0.523406E-03
 0.410000E+00 0.550244E-03
 0.430000E+00 0.577082E-03
 0.450000E+00 0.603919E-03
 0.470000E+00 0.630755E-03
 0.490000E+00 0.657591E-03
 0.510000E+00 0.684426E-03
 0.530000E+00 0.711260E-03
 0.550000E+00 0.738094E-03
 0.570000E+00 0.764927E-03
 0.590000E+00 0.791760E-03
 0.610000E+00 0.818591E-03
 0.630000E+00 0.845422E-03
 0.650000E+00 0.872252E-03
 0.670000E+00 0.899082E-03
 0.690000E+00 0.925910E-03
 0.710000E+00 0.952738E-03
 0.730000E+00 0.979564E-03
 0.750000E+00 0.100639E-02
 0.770000E+00 0.103322E-02
 0.790000E+00 0.106004E-02
 0.810000E+00 0.108686E-02
 0.830000E+00 0.111368E-02
 0.850000E+00 0.114050E-02
 0.870000E+00 0.116732E-02
 0.890000E+00 0.119414E-02
 0.910000E+00 0.260698E+00
 0.930000E+00 0.260827E+00
 0.950000E+00 0.260954E+00
 0.970000E+00 0.261079E+00
 0.990000E+00 0.261203E+00




































































































 -.990000E+00 -.197097E+00
 -.970000E+00 -.196283E+00
 -.950000E+00 -.195459E+00
 -.930000E+00 -.194625E+00
 -.910000E+00 -.193782E+00
 -.890000E+00 0.661748E-01
 -.870000E+00 0.663862E-01
 -.850000E+00 0.665968E-01
 -.830000E+00 0.668065E-01
 -.810000E+00 0.670155E-01
 -.790000E+00 0.672236E-01
 -.770000E+00 0.674309E-01
 -.750000E+00 0.676373E-01
 -.730000E+00 0.678429E-01
 -.710000E+00 0.680477E-01
 -.690000E+00 0.682517E-01
 -.670000E+00 0.684548E-01
 -.650000E+00 0.686571E-01
 -.630000E+00 0.688585E-01
 -.610000E+00 0.690591E-01
 -.590000E+00 0.692588E-01
 -.570000E+00 0.694577E-01
 -.550000E+00 0.696557E-01
 -.530000E+00 0.698529E-01
 -.510000E+00 0.700492E-01
 -.490000E+00 0.702447E-01
 -.470000E+00 0.704393E-01
 -.450000E+00 0.706330E-01
 -.430000E+00 0.708258E-01
 -.410000E+00 0.710178E-01
 -.390000E+00 0.712089E-01
 -.370000E+00 0.713991E-01
 -.350000E+00 0.715885E-01
 -.330000E+00 0.717769E-01
 -.310000E+00 0.719645E-01
 -.290000E+00 0.721512E-01
 -.270000E+00 0.723370E-01
 -.250000E+00 0.725219E-01
 -.230000E+00 0.727059E-01
 -.210000E+00 0.728891E-01
 -.190000E+00 0.730713E-01
 -.170000E+00 0.732526E-01
 -.150000E+00 0.734330E-01
 -.130000E+00 0.736125E-01
 -.110000E+00 0.737911E-01
 -.900000E-01 0.739687E-01
 -.700000E-01 0.741455E-01
 -.500000E-01 0.743213E-01
 -.300000E-01 0.744963E-01
 -.100000E-01 0.746703E-01
 0.100000E-01 0.748433E-01
 0.300000E-01 0.750155E-01
 0.500000E-01 0.751867E-01
 0.700000E-01 0.753569E-01
 0.900000E-01 0.755263E-01
 0.110000E+00 0.756946E-01
 0.130000E+00 0.758621E-01
 0.150000E+00 0.760286E-01
 0.170000E+00 0.761942E-01
 0.190000E+00 0.763588E-01
 0.210000E+00 0.765224E-01
 0.230000E+00 0.766851E-01
 0.250000E+00 0.768468E-01
 0.270000E+00 0.770076E-01
 0.290000E+00 0.771674E-01
 0.310000E+00 0.773263E-01
 0.330000E+00 0.774841E-01
 0.350000E+00 0.776410E-01
 0.370000E+00 0.777970E-01
 0.390000E+00 0.779519E-01
 0.410000E+00 0.781059E-01
 0.430000E+00 0.782589E-01
 0.450000E+00 0.784109E-01
 0.470000E+00 0.785619E-01
 0.490000E+00 0.787119E-01
 0.510000E+00 0.788609E-01
 0.530000E+00 0.790090E-01
 0.550000E+00 0.791560E-01
 0.570000E+00 0.793020E-01
 0.590000E+00 0.794471E-01
 0.610000E+00 0.795911E-01
 0.630000E+00 0.797341E-01
 0.650000E+00 0.798761E-01
 0.670000E+00 0.800170E-01
 0.690000E+00 0.801570E-01
 0.710000E+00 0.802960E-01
 0.730000E+00 0.804339E-01
 0.750000E+00 0.805708E-01
 0.770000E+00 0.807066E-01
 0.790000E+00 0.808414E-01
 0.810000E+00 0.809752E-01
 0.830000E+00 0.811080E-01
 0.850000E+00 0.812397E-01
 0.870000E+00 0.813704E-01
 0.890000E+00 0.815000E-01
 0.910000E+00 0.340629E+00
 0.930000E+00 0.339913E+00
 0.950000E+00 0.339204E+00
 0.970000E+00 0.338501E+00
 0.990000E+00 0.337806E+00




































































































 -.990000E+00 -.265776E+00
 -.970000E+00 -.265685E+00
 -.950000E+00 -.265594E+00
 -.930000E+00 -.265502E+00
 -.910000E+00 -.265410E+00
 -.890000E+00 -.587459E-02
 -.870000E+00 -.574718E-02
 -.850000E+00 -.561946E-02
 -.830000E+00 -.549143E-02
 -.810000E+00 -.536310E-02
 -.790000E+00 -.523448E-02
 -.770000E+00 -.510558E-02
 -.750000E+00 -.497640E-02
 -.730000E+00 -.484695E-02
 -.710000E+00 -.471724E-02
 -.690000E+00 -.458727E-02
 -.670000E+00 -.445705E-02
 -.650000E+00 -.432659E-02
 -.630000E+00 -.419590E-02
 -.610000E+00 -.406498E-02
 -.590000E+00 -.393383E-02
 -.570000E+00 -.380248E-02
 -.550000E+00 -.367092E-02
 -.530000E+00 -.353916E-02
 -.510000E+00 -.340720E-02
 -.490000E+00 -.327506E-02
 -.470000E+00 -.314275E-02
 -.450000E+00 -.301026E-02
 -.430000E+00 -.287761E-02
 -.410000E+00 -.274481E-02
 -.390000E+00 -.261185E-02
 -.370000E+00 -.247876E-02
 -.350000E+00 -.234553E-02
 -.330000E+00 -.221217E-02
 -.310000E+00 -.207869E-02
 -.290000E+00 -.194510E-02
 -.270000E+00 -.181141E-02
 -.250000E+00 -.167761E-02
 -.230000E+00 -.154373E-02
 -.210000E+00 -.140976E-02
 -.190000E+00 -.127571E-02
 -.170000E+00 -.114160E-02
 -.150000E+00 -.100742E-02
 -.130000E+00 -.873194E-03
 -.110000E+00 -.738916E-03
 -.900000E-01 -.604598E-03
 -.700000E-01 -.470247E-03
 -.500000E-01 -.335871E-03
 -.300000E-01 -.201476E-03
 -.100000E-01 -.670705E-04
 0.100000E-01 0.673386E-04
 0.300000E-01 0.201744E-03
 0.500000E-01 0.336139E-03
 0.700000E-01 0.470515E-03
 0.900000E-01 0.604866E-03
 0.110000E+00 0.739184E-03
 0.130000E+00 0.873462E-03
 0.150000E+00 0.100769E-02
 0.170000E+00 0.114187E-02
 0.190000E+00 0.127598E-02
 0.210000E+00 0.141003E-02
 0.230000E+00 0.154400E-02
 0.250000E+00 0.167788E-02
 0.270000E+00 0.181167E-02
 0.290000E+00 0.194537E-02
 0.310000E+00 0.207896E-02
 0.330000E+00 0.221244E-02
 0.350000E+00 0.234579E-02
 0.370000E+00 0.247902E-02
 0.390000E+00 0.261212E-02
 0.410000E+00 0.274507E-02
 0.430000E+00 0.287788E-02
 0.450000E+00 0.301053E-02
 0.470000E+00 0.314302E-02
 0.490000E+00 0.327533E-02
 0.510000E+00 0.340747E-02
 0.530000E+00 0.353942E-02
 0.550000E+00 0.367118E-02
 0.570000E+00 0.380274E-02
 0.590000E+00 0.393410E-02
 0.610000E+00 0.406524E-02
 0.630000E+00 0.419616E-02
 0.650000E+00 0.432686E-02
 0.670000E+00 0.445732E-02
 0.690000E+00 0.458753E-02
 0.710000E+00 0.471750E-02
 0.730000E+00 0.484721E-02
 0.750000E+00 0.497666E-02
 0.770000E+00 0.510584E-02
 0.790000E+00 0.523475E-02
 0.810000E+00 0.536336E-02
 0.830000E+00 0.549169E-02
 0.850000E+00 0.561972E-02
 0.870000E+00 0.574744E-02
 0.890000E+00 0.587485E-02
 0.910000E+00 0.265410E+00
 0.930000E+00 0.265503E+00
 0.950000E+00 0.265594E+00
 0.970000E+00 0.265685E+00
 0.990000E+00 0.265776E+00




































































































 -.990000E+00 -.262846E+00
 -.970000E+00 -.262737E+00
 -.950000E+00 -.262627E+00
 -.930000E+00 -.262516E+00
 -.910000E+00 -.262405E+00
 -.890000E+00 -.284514E-02
 -.870000E+00 -.268860E-02
 -.850000E+00 -.253149E-02
 -.830000E+00 -.237387E-02
 -.810000E+00 -.221574E-02
 -.790000E+00 -.205716E-02
 -.770000E+00 -.189814E-02
 -.750000E+00 -.173873E-02
 -.730000E+00 -.157895E-02
 -.710000E+00 -.141884E-02
 -.690000E+00 -.125843E-02
 -.670000E+00 -.109775E-02
 -.650000E+00 -.936828E-03
 -.630000E+00 -.775707E-03
 -.610000E+00 -.614416E-03
 -.590000E+00 -.452986E-03
 -.570000E+00 -.291450E-03
 -.550000E+00 -.129842E-03
 -.530000E+00 0.318059E-04
 -.510000E+00 0.193461E-03
 -.490000E+00 0.355091E-03
 -.470000E+00 0.516663E-03
 -.450000E+00 0.678144E-03
 -.430000E+00 0.839502E-03
 -.410000E+00 0.100070E-02
 -.390000E+00 0.116171E-02
 -.370000E+00 0.132251E-02
 -.350000E+00 0.148304E-02
 -.330000E+00 0.164329E-02
 -.310000E+00 0.180322E-02
 -.290000E+00 0.196280E-02
 -.270000E+00 0.212199E-02
 -.250000E+00 0.228077E-02
 -.230000E+00 0.243910E-02
 -.210000E+00 0.259695E-02
 -.190000E+00 0.275429E-02
 -.170000E+00 0.291108E-02
 -.150000E+00 0.306730E-02
 -.130000E+00 0.322290E-02
 -.110000E+00 0.337787E-02
 -.900000E-01 0.353217E-02
 -.700000E-01 0.368576E-02
 -.500000E-01 0.383862E-02
 -.300000E-01 0.399072E-02
 -.100000E-01 0.414202E-02
 0.100000E-01 0.429250E-02
 0.300000E-01 0.444212E-02
 0.500000E-01 0.459085E-02
 0.700000E-01 0.473866E-02
 0.900000E-01 0.488553E-02
 0.110000E+00 0.503141E-02
 0.130000E+00 0.517630E-02
 0.150000E+00 0.532014E-02
 0.170000E+00 0.546292E-02
 0.190000E+00 0.560461E-02
 0.210000E+00 0.574517E-02
 0.230000E+00 0.588458E-02
 0.250000E+00 0.602281E-02
 0.270000E+00 0.615983E-02
 0.290000E+00 0.629561E-02
 0.310000E+00 0.643013E-02
 0.330000E+00 0.656336E-02
 0.350000E+00 0.669527E-02
 0.370000E+00 0.682584E-02
 0.390000E+00 0.695503E-02
 0.410000E+00 0.708283E-02
 0.430000E+00 0.720920E-02
 0.450000E+00 0.733412E-02
 0.470000E+00 0.745756E-02
 0.490000E+00 0.757951E-02
 0.510000E+00 0.769993E-02
 0.530000E+00 0.781880E-02
 0.550000E+00 0.793609E-02
 0.570000E+00 0.805179E-02
 0.590000E+00 0.816586E-02
 0.610000E+00 0.827829E-02
 0.630000E+00 0.838905E-02
 0.650000E+00 0.849812E-02
 0.670000E+00 0.860548E-02
 0.690000E+00 0.871110E-02
 0.710000E+00 0.881497E-02
 0.730000E+00 0.891706E-02
 0.750000E+00 0.901734E-02
 0.770000E+00 0.911582E-02
 0.790000E+00 0.921245E-02
 0.810000E+00 0.930722E-02
 0.830000E+00 0.940011E-02
 0.850000E+00 0.949111E-02
 0.870000E+00 0.958019E-02
 0.890000E+00 0.966733E-02
 0.910000E+00 0.269190E+00
 0.930000E+00 0.269297E+00
 0.950000E+00 0.269405E+00
 0.970000E+00 0.269512E+00
 0.990000E+00 0.269619E+00




































































































 -.990000E+00 -.260166E+00
 -.970000E+00 -.260157E+00
 -.950000E+00 -.260146E+00
 -.930000E+00 -.260132E+00
 -.910000E+00 -.260116E+00
 -.890000E+00 -.672537E-03
 -.870000E+00 -.653834E-03
 -.850000E+00 -.634574E-03
 -.830000E+00 -.614777E-03
 -.810000E+00 -.594459E-03
 -.790000E+00 -.573637E-03
 -.770000E+00 -.552331E-03
 -.750000E+00 -.530560E-03
 -.730000E+00 -.508341E-03
 -.710000E+00 -.485695E-03
 -.690000E+00 -.462641E-03
 -.670000E+00 -.439201E-03
 -.650000E+00 -.415393E-03
 -.630000E+00 -.391239E-03
 -.610000E+00 -.366761E-03
 -.590000E+00 -.341978E-03
 -.570000E+00 -.316914E-03
 -.550000E+00 -.291589E-03
 -.530000E+00 -.266026E-03
 -.510000E+00 -.240246E-03
 -.490000E+00 -.214273E-03
 -.470000E+00 -.188128E-03
 -.450000E+00 -.161835E-03
 -.430000E+00 -.135416E-03
 -.410000E+00 -.108893E-03
 -.390000E+00 -.822906E-04
 -.370000E+00 -.556307E-04
 -.350000E+00 -.289365E-04
 -.330000E+00 -.223104E-05
 -.310000E+00 0.244627E-04
 -.290000E+00 0.511218E-04
 -.270000E+00 0.777232E-04
 -.250000E+00 0.104244E-03
 -.230000E+00 0.130662E-03
 -.210000E+00 0.156953E-03
 -.190000E+00 0.183097E-03
 -.170000E+00 0.209069E-03
 -.150000E+00 0.234848E-03
 -.130000E+00 0.260411E-03
 -.110000E+00 0.285738E-03
 -.900000E-01 0.310806E-03
 -.700000E-01 0.335593E-03
 -.500000E-01 0.360079E-03
 -.300000E-01 0.384242E-03
 -.100000E-01 0.408063E-03
 0.100000E-01 0.431520E-03
 0.300000E-01 0.454594E-03
 0.500000E-01 0.477264E-03
 0.700000E-01 0.499513E-03
 0.900000E-01 0.521320E-03
 0.110000E+00 0.542667E-03
 0.130000E+00 0.563536E-03
 0.150000E+00 0.583910E-03
 0.170000E+00 0.603770E-03
 0.190000E+00 0.623100E-03
 0.210000E+00 0.641884E-03
 0.230000E+00 0.660106E-03
 0.250000E+00 0.677750E-03
 0.270000E+00 0.694801E-03
 0.290000E+00 0.711245E-03
 0.310000E+00 0.727068E-03
 0.330000E+00 0.742257E-03
 0.350000E+00 0.756798E-03
 0.370000E+00 0.770680E-03
 0.390000E+00 0.783891E-03
 0.410000E+00 0.796419E-03
 0.430000E+00 0.808254E-03
 0.450000E+00 0.819387E-03
 0.470000E+00 0.829807E-03
 0.490000E+00 0.839506E-03
 0.510000E+00 0.848476E-03
 0.530000E+00 0.856709E-03
 0.550000E+00 0.864199E-03
 0.570000E+00 0.870939E-03
 0.590000E+00 0.876924E-03
 0.610000E+00 0.882149E-03
 0.630000E+00 0.886609E-03
 0.650000E+00 0.890301E-03
 0.670000E+00 0.893221E-03
 0.690000E+00 0.895369E-03
 0.710000E+00 0.896740E-03
 0.730000E+00 0.897336E-03
 0.750000E+00 0.897155E-03
 0.770000E+00 0.896197E-03
 0.790000E+00 0.894464E-03
 0.810000E+00 0.891957E-03
 0.830000E+00 0.888679E-03
 0.850000E+00 0.884633E-03
 0.870000E+00 0.879821E-03
 0.890000E+00 0.874248E-03
 0.910000E+00 0.260296E+00
 0.930000E+00 0.260296E+00
 0.950000E+00 0.260297E+00
 0.970000E+00 0.260299E+00
 0.990000E+00 0.260302E+00




































































































 -.990000E+00 -.259323E+00
 -.970000E+00 -.259326E+00
 -.950000E+00 -.259334E+00
 -.930000E+00 -.259343E+00
 -.910000E+00 -.259350E+00
 -.890000E+00 0.696094E-04
 -.870000E+00 0.383821E-04
 -.850000E+00 -.950817E-05
 -.830000E+00 -.532665E-04
 -.810000E+00 -.738936E-04
 -.790000E+00 -.624350E-04
 -.770000E+00 -.238682E-04
 -.750000E+00 0.250596E-04
 -.730000E+00 0.631034E-04
 -.710000E+00 0.737454E-04
 -.690000E+00 0.523667E-04
 -.670000E+00 0.825177E-05
 -.650000E+00 -.394435E-04
 -.630000E+00 -.700098E-04
 -.610000E+00 -.701762E-04
 -.590000E+00 -.398721E-04
 -.570000E+00 0.774298E-05
 -.550000E+00 0.519936E-04
 -.530000E+00 0.736665E-04
 -.510000E+00 0.633522E-04
 -.490000E+00 0.255308E-04
 -.470000E+00 -.233746E-04
 -.450000E+00 -.621287E-04
 -.430000E+00 -.739047E-04
 -.410000E+00 -.535906E-04
 -.390000E+00 -.100080E-04
 -.370000E+00 0.379187E-04
 -.350000E+00 0.693793E-04
 -.330000E+00 0.707141E-04
 -.310000E+00 0.413444E-04
 -.290000E+00 -.597653E-05
 -.270000E+00 -.507012E-04
 -.250000E+00 -.734100E-04
 -.230000E+00 -.642431E-04
 -.210000E+00 -.271816E-04
 -.190000E+00 0.216817E-04
 -.170000E+00 0.611298E-04
 -.150000E+00 0.740342E-04
 -.130000E+00 0.547921E-04
 -.110000E+00 0.117589E-04
 -.900000E-01 -.363797E-04
 -.700000E-01 -.687214E-04
 -.500000E-01 -.712234E-04
 -.300000E-01 -.427993E-04
 -.100000E-01 0.420863E-05
 0.100000E-01 0.493891E-04
 0.300000E-01 0.731242E-04
 0.500000E-01 0.651079E-04
 0.700000E-01 0.288209E-04
 0.900000E-01 -.199808E-04
 0.110000E+00 -.601068E-04
 0.130000E+00 -.741340E-04
 0.150000E+00 -.559712E-04
 0.170000E+00 -.135047E-04
 0.190000E+00 0.348263E-04
 0.210000E+00 0.680360E-04
 0.230000E+00 0.717040E-04
 0.250000E+00 0.442369E-04
 0.270000E+00 -.243910E-05
 0.290000E+00 -.480571E-04
 0.310000E+00 -.728090E-04
 0.330000E+00 -.659465E-04
 0.350000E+00 -.304487E-04
 0.370000E+00 0.182715E-04
 0.390000E+00 0.590595E-04
 0.410000E+00 0.742040E-04
 0.430000E+00 0.571283E-04
 0.450000E+00 0.152457E-04
 0.470000E+00 -.332585E-04
 0.490000E+00 -.673231E-04
 0.510000E+00 -.721560E-04
 0.530000E+00 -.456575E-04
 0.550000E+00 0.667728E-06
 0.570000E+00 0.467051E-04
 0.590000E+00 0.724644E-04
 0.610000E+00 0.667592E-04
 0.630000E+00 0.320654E-04
 0.650000E+00 -.165538E-04
 0.670000E+00 -.579876E-04
 0.690000E+00 -.742443E-04
 0.710000E+00 -.582632E-04
 0.730000E+00 -.169819E-04
 0.750000E+00 0.316760E-04
 0.770000E+00 0.665824E-04
 0.790000E+00 0.725794E-04
 0.810000E+00 0.470610E-04
 0.830000E+00 0.110567E-05
 0.850000E+00 -.453330E-04
 0.870000E+00 -.720902E-04
 0.890000E+00 -.675460E-04
 0.910000E+00 0.259397E+00
 0.930000E+00 0.259481E+00
 0.950000E+00 0.259580E+00
 0.970000E+00 0.259649E+00
 0.990000E+00 0.259660E+00




































































































