 -.990000E+00 -.320471E-02
 -.970000E+00 -.320469E-02
 -.950000E+00 -.320468E-02
 -.930000E+00 -.320468E-02
 -.910000E+00 -.320469E-02
 -.890000E+00 -.557191E-02
 -.870000E+00 -.824841E-02
 -.850000E+00 -.735180E-02
 -.830000E+00 -.327246E-02
 -.810000E+00 0.222135E-02
 -.790000E+00 0.675001E-02
 -.770000E+00 0.835323E-02
 -.750000E+00 0.633860E-02
 -.730000E+00 0.158063E-02
 -.710000E+00 -.385886E-02
 -.690000E+00 -.762421E-02
 -.670000E+00 -.808605E-02
 -.650000E+00 -.504643E-02
 -.630000E+00 0.176414E-03
 -.610000E+00 0.531971E-02
 -.590000E+00 0.815650E-02
 -.570000E+00 0.745988E-02
 -.550000E+00 0.353362E-02
 -.530000E+00 -.192030E-02
 -.510000E+00 -.653944E-02
 -.490000E+00 -.832426E-02
 -.470000E+00 -.650367E-02
 -.450000E+00 -.186815E-02
 -.430000E+00 0.357346E-02
 -.410000E+00 0.746450E-02
 -.390000E+00 0.812111E-02
 -.370000E+00 0.526096E-02
 -.350000E+00 0.124584E-03
 -.330000E+00 -.506262E-02
 -.310000E+00 -.805462E-02
 -.290000E+00 -.755722E-02
 -.270000E+00 -.378791E-02
 -.250000E+00 0.161925E-02
 -.230000E+00 0.632201E-02
 -.210000E+00 0.828455E-02
 -.190000E+00 0.665876E-02
 -.170000E+00 0.215077E-02
 -.150000E+00 -.328576E-02
 -.130000E+00 -.729629E-02
 -.110000E+00 -.814516E-02
 -.900000E-01 -.546673E-02
 -.700000E-01 -.422877E-03
 -.500000E-01 0.480103E-02
 -.300000E-01 0.794297E-02
 -.100000E-01 0.764377E-02
 0.100000E-01 0.403506E-02
 0.300000E-01 -.131861E-02
 0.500000E-01 -.609809E-02
 0.700000E-01 -.823426E-02
 0.900000E-01 -.680377E-02
 0.110000E+00 -.242817E-02
 0.130000E+00 0.299615E-02
 0.150000E+00 0.711989E-02
 0.170000E+00 0.815827E-02
 0.190000E+00 0.566356E-02
 0.210000E+00 0.718093E-03
 0.230000E+00 -.453531E-02
 0.250000E+00 -.782179E-02
 0.270000E+00 -.771950E-02
 0.290000E+00 -.427480E-02
 0.310000E+00 0.101877E-02
 0.330000E+00 0.586801E-02
 0.350000E+00 0.817352E-02
 0.370000E+00 0.693857E-02
 0.390000E+00 0.270003E-02
 0.410000E+00 -.270504E-02
 0.430000E+00 -.693558E-02
 0.450000E+00 -.816051E-02
 0.470000E+00 -.585126E-02
 0.490000E+00 -.100987E-02
 0.510000E+00 0.426586E-02
 0.530000E+00 0.769131E-02
 0.550000E+00 0.778442E-02
 0.570000E+00 0.450688E-02
 0.590000E+00 -.720111E-03
 0.610000E+00 -.563214E-02
 0.630000E+00 -.810252E-02
 0.650000E+00 -.706309E-02
 0.670000E+00 -.296603E-02
 0.690000E+00 0.241282E-02
 0.710000E+00 0.674368E-02
 0.730000E+00 0.815196E-02
 0.750000E+00 0.602966E-02
 0.770000E+00 0.129785E-02
 0.790000E+00 -.399305E-02
 0.810000E+00 -.755179E-02
 0.830000E+00 -.783852E-02
 0.850000E+00 -.473106E-02
 0.870000E+00 0.423028E-03
 0.890000E+00 0.539083E-02
 0.910000E+00 0.529754E-02
 0.930000E+00 -.843699E-03
 0.950000E+00 -.800351E-02
 0.970000E+00 -.130809E-01
 0.990000E+00 -.138797E-01




































































































 -.990000E+00 -.708624E-01
 -.970000E+00 -.708625E-01
 -.950000E+00 -.708627E-01
 -.930000E+00 -.708630E-01
 -.910000E+00 -.708634E-01
 -.890000E+00 -.735408E-01
 -.870000E+00 -.788381E-01
 -.850000E+00 -.840554E-01
 -.830000E+00 -.891876E-01
 -.810000E+00 -.942298E-01
 -.790000E+00 -.991769E-01
 -.770000E+00 -.104024E+00
 -.750000E+00 -.108767E+00
 -.730000E+00 -.113401E+00
 -.710000E+00 -.117922E+00
 -.690000E+00 -.122324E+00
 -.670000E+00 -.126605E+00
 -.650000E+00 -.130759E+00
 -.630000E+00 -.134783E+00
 -.610000E+00 -.138673E+00
 -.590000E+00 -.142425E+00
 -.570000E+00 -.146036E+00
 -.550000E+00 -.149502E+00
 -.530000E+00 -.152819E+00
 -.510000E+00 -.155986E+00
 -.490000E+00 -.158997E+00
 -.470000E+00 -.161852E+00
 -.450000E+00 -.164547E+00
 -.430000E+00 -.167079E+00
 -.410000E+00 -.169446E+00
 -.390000E+00 -.171646E+00
 -.370000E+00 -.173677E+00
 -.350000E+00 -.175536E+00
 -.330000E+00 -.177223E+00
 -.310000E+00 -.178736E+00
 -.290000E+00 -.180073E+00
 -.270000E+00 -.181233E+00
 -.250000E+00 -.182215E+00
 -.230000E+00 -.183019E+00
 -.210000E+00 -.183643E+00
 -.190000E+00 -.184087E+00
 -.170000E+00 -.184350E+00
 -.150000E+00 -.184434E+00
 -.130000E+00 -.184337E+00
 -.110000E+00 -.184060E+00
 -.900000E-01 -.183603E+00
 -.700000E-01 -.182967E+00
 -.500000E-01 -.182153E+00
 -.300000E-01 -.181161E+00
 -.100000E-01 -.179993E+00
 0.100000E-01 -.178650E+00
 0.300000E-01 -.177133E+00
 0.500000E-01 -.175444E+00
 0.700000E-01 -.173585E+00
 0.900000E-01 -.171557E+00
 0.110000E+00 -.169364E+00
 0.130000E+00 -.167006E+00
 0.150000E+00 -.164486E+00
 0.170000E+00 -.161808E+00
 0.190000E+00 -.158974E+00
 0.210000E+00 -.155986E+00
 0.230000E+00 -.152847E+00
 0.250000E+00 -.149562E+00
 0.270000E+00 -.146133E+00
 0.290000E+00 -.142563E+00
 0.310000E+00 -.138856E+00
 0.330000E+00 -.135017E+00
 0.350000E+00 -.131048E+00
 0.370000E+00 -.126954E+00
 0.390000E+00 -.122738E+00
 0.410000E+00 -.118405E+00
 0.430000E+00 -.113960E+00
 0.450000E+00 -.109406E+00
 0.470000E+00 -.104749E+00
 0.490000E+00 -.999919E-01
 0.510000E+00 -.951405E-01
 0.530000E+00 -.901994E-01
 0.550000E+00 -.851733E-01
 0.570000E+00 -.800673E-01
 0.590000E+00 -.748864E-01
 0.610000E+00 -.696356E-01
 0.630000E+00 -.643201E-01
 0.650000E+00 -.589452E-01
 0.670000E+00 -.535160E-01
 0.690000E+00 -.480379E-01
 0.710000E+00 -.425163E-01
 0.730000E+00 -.369566E-01
 0.750000E+00 -.313641E-01
 0.770000E+00 -.257444E-01
 0.790000E+00 -.201030E-01
 0.810000E+00 -.144453E-01
 0.830000E+00 -.877687E-02
 0.850000E+00 -.310323E-02
 0.870000E+00 0.257009E-02
 0.890000E+00 0.823757E-02
 0.910000E+00 0.112113E-01
 0.930000E+00 0.114460E-01
 0.950000E+00 0.116095E-01
 0.970000E+00 0.117014E-01
 0.990000E+00 0.117216E-01




































































































 -.990000E+00 -.169592E+00
 -.970000E+00 -.169593E+00
 -.950000E+00 -.169595E+00
 -.930000E+00 -.169597E+00
 -.910000E+00 -.169601E+00
 -.890000E+00 -.172834E+00
 -.870000E+00 -.179268E+00
 -.850000E+00 -.185665E+00
 -.830000E+00 -.192022E+00
 -.810000E+00 -.198338E+00
 -.790000E+00 -.204613E+00
 -.770000E+00 -.210844E+00
 -.750000E+00 -.217031E+00
 -.730000E+00 -.223172E+00
 -.710000E+00 -.229267E+00
 -.690000E+00 -.235313E+00
 -.670000E+00 -.241309E+00
 -.650000E+00 -.247255E+00
 -.630000E+00 -.253148E+00
 -.610000E+00 -.258989E+00
 -.590000E+00 -.264775E+00
 -.570000E+00 -.270505E+00
 -.550000E+00 -.276178E+00
 -.530000E+00 -.281793E+00
 -.510000E+00 -.287349E+00
 -.490000E+00 -.292845E+00
 -.470000E+00 -.298279E+00
 -.450000E+00 -.303650E+00
 -.430000E+00 -.308957E+00
 -.410000E+00 -.314199E+00
 -.390000E+00 -.319375E+00
 -.370000E+00 -.324484E+00
 -.350000E+00 -.329524E+00
 -.330000E+00 -.334495E+00
 -.310000E+00 -.339396E+00
 -.290000E+00 -.344225E+00
 -.270000E+00 -.348981E+00
 -.250000E+00 -.353664E+00
 -.230000E+00 -.358273E+00
 -.210000E+00 -.362806E+00
 -.190000E+00 -.367262E+00
 -.170000E+00 -.371641E+00
 -.150000E+00 -.375942E+00
 -.130000E+00 -.380163E+00
 -.110000E+00 -.384304E+00
 -.900000E-01 -.388365E+00
 -.700000E-01 -.392343E+00
 -.500000E-01 -.396238E+00
 -.300000E-01 -.400050E+00
 -.100000E-01 -.403778E+00
 0.100000E-01 -.407420E+00
 0.300000E-01 -.410977E+00
 0.500000E-01 -.414447E+00
 0.700000E-01 -.417829E+00
 0.900000E-01 -.421123E+00
 0.110000E+00 -.424329E+00
 0.130000E+00 -.427445E+00
 0.150000E+00 -.430471E+00
 0.170000E+00 -.433406E+00
 0.190000E+00 -.436250E+00
 0.210000E+00 -.439002E+00
 0.230000E+00 -.441661E+00
 0.250000E+00 -.444227E+00
 0.270000E+00 -.446700E+00
 0.290000E+00 -.449079E+00
 0.310000E+00 -.451363E+00
 0.330000E+00 -.453553E+00
 0.350000E+00 -.455647E+00
 0.370000E+00 -.457645E+00
 0.390000E+00 -.459547E+00
 0.410000E+00 -.461352E+00
 0.430000E+00 -.463060E+00
 0.450000E+00 -.464672E+00
 0.470000E+00 -.466186E+00
 0.490000E+00 -.467602E+00
 0.510000E+00 -.468920E+00
 0.530000E+00 -.470139E+00
 0.550000E+00 -.471261E+00
 0.570000E+00 -.472283E+00
 0.590000E+00 -.473207E+00
 0.610000E+00 -.474032E+00
 0.630000E+00 -.474758E+00
 0.650000E+00 -.475385E+00
 0.670000E+00 -.475913E+00
 0.690000E+00 -.476341E+00
 0.710000E+00 -.476671E+00
 0.730000E+00 -.476901E+00
 0.750000E+00 -.477031E+00
 0.770000E+00 -.477063E+00
 0.790000E+00 -.476996E+00
 0.810000E+00 -.476829E+00
 0.830000E+00 -.476564E+00
 0.850000E+00 -.476200E+00
 0.870000E+00 -.475737E+00
 0.890000E+00 -.475176E+00
 0.910000E+00 -.476577E+00
 0.930000E+00 -.479965E+00
 0.950000E+00 -.483287E+00
 0.970000E+00 -.486544E+00
 0.990000E+00 -.489736E+00




































































































 -.990000E+00 0.495514E+00
 -.970000E+00 0.495517E+00
 -.950000E+00 0.495525E+00
 -.930000E+00 0.495539E+00
 -.910000E+00 0.495559E+00
 -.890000E+00 0.492589E+00
 -.870000E+00 0.486609E+00
 -.850000E+00 0.480603E+00
 -.830000E+00 0.474569E+00
 -.810000E+00 0.468510E+00
 -.790000E+00 0.462424E+00
 -.770000E+00 0.456312E+00
 -.750000E+00 0.450175E+00
 -.730000E+00 0.444012E+00
 -.710000E+00 0.437823E+00
 -.690000E+00 0.431610E+00
 -.670000E+00 0.425371E+00
 -.650000E+00 0.419108E+00
 -.630000E+00 0.412820E+00
 -.610000E+00 0.406507E+00
 -.590000E+00 0.400170E+00
 -.570000E+00 0.393809E+00
 -.550000E+00 0.387425E+00
 -.530000E+00 0.381017E+00
 -.510000E+00 0.374585E+00
 -.490000E+00 0.368130E+00
 -.470000E+00 0.361652E+00
 -.450000E+00 0.355152E+00
 -.430000E+00 0.348629E+00
 -.410000E+00 0.342084E+00
 -.390000E+00 0.335516E+00
 -.370000E+00 0.328927E+00
 -.350000E+00 0.322316E+00
 -.330000E+00 0.315684E+00
 -.310000E+00 0.309031E+00
 -.290000E+00 0.302357E+00
 -.270000E+00 0.295662E+00
 -.250000E+00 0.288947E+00
 -.230000E+00 0.282212E+00
 -.210000E+00 0.275457E+00
 -.190000E+00 0.268682E+00
 -.170000E+00 0.261888E+00
 -.150000E+00 0.255075E+00
 -.130000E+00 0.248243E+00
 -.110000E+00 0.241393E+00
 -.900000E-01 0.234524E+00
 -.700000E-01 0.227637E+00
 -.500000E-01 0.220733E+00
 -.300000E-01 0.213811E+00
 -.100000E-01 0.206872E+00
 0.100000E-01 0.199917E+00
 0.300000E-01 0.192945E+00
 0.500000E-01 0.185956E+00
 0.700000E-01 0.178952E+00
 0.900000E-01 0.171932E+00
 0.110000E+00 0.164897E+00
 0.130000E+00 0.157847E+00
 0.150000E+00 0.150782E+00
 0.170000E+00 0.143703E+00
 0.190000E+00 0.136610E+00
 0.210000E+00 0.129503E+00
 0.230000E+00 0.122383E+00
 0.250000E+00 0.115250E+00
 0.270000E+00 0.108105E+00
 0.290000E+00 0.100947E+00
 0.310000E+00 0.937767E-01
 0.330000E+00 0.865952E-01
 0.350000E+00 0.794024E-01
 0.370000E+00 0.721988E-01
 0.390000E+00 0.649847E-01
 0.410000E+00 0.577604E-01
 0.430000E+00 0.505264E-01
 0.450000E+00 0.432830E-01
 0.470000E+00 0.360305E-01
 0.490000E+00 0.287695E-01
 0.510000E+00 0.215002E-01
 0.530000E+00 0.142231E-01
 0.550000E+00 0.693856E-02
 0.570000E+00 -.353053E-03
 0.590000E+00 -.765131E-02
 0.610000E+00 -.149558E-01
 0.630000E+00 -.222661E-01
 0.650000E+00 -.295818E-01
 0.670000E+00 -.369026E-01
 0.690000E+00 -.442279E-01
 0.710000E+00 -.515573E-01
 0.730000E+00 -.588905E-01
 0.750000E+00 -.662270E-01
 0.770000E+00 -.735663E-01
 0.790000E+00 -.809081E-01
 0.810000E+00 -.882518E-01
 0.830000E+00 -.955971E-01
 0.850000E+00 -.102943E+00
 0.870000E+00 -.110290E+00
 0.890000E+00 -.117638E+00
 0.910000E+00 -.129824E+00
 0.930000E+00 -.146757E+00
 0.950000E+00 -.163563E+00
 0.970000E+00 -.180236E+00
 0.990000E+00 -.196768E+00




































































































 -.990000E+00 0.492005E+00
 -.970000E+00 0.491989E+00
 -.950000E+00 0.491942E+00
 -.930000E+00 0.491864E+00
 -.910000E+00 0.491755E+00
 -.890000E+00 0.489744E+00
 -.870000E+00 0.485860E+00
 -.850000E+00 0.481994E+00
 -.830000E+00 0.478146E+00
 -.810000E+00 0.474315E+00
 -.790000E+00 0.470501E+00
 -.770000E+00 0.466705E+00
 -.750000E+00 0.462926E+00
 -.730000E+00 0.459163E+00
 -.710000E+00 0.455417E+00
 -.690000E+00 0.451688E+00
 -.670000E+00 0.447975E+00
 -.650000E+00 0.444279E+00
 -.630000E+00 0.440598E+00
 -.610000E+00 0.436934E+00
 -.590000E+00 0.433286E+00
 -.570000E+00 0.429653E+00
 -.550000E+00 0.426036E+00
 -.530000E+00 0.422434E+00
 -.510000E+00 0.418848E+00
 -.490000E+00 0.415277E+00
 -.470000E+00 0.411721E+00
 -.450000E+00 0.408180E+00
 -.430000E+00 0.404654E+00
 -.410000E+00 0.401143E+00
 -.390000E+00 0.397646E+00
 -.370000E+00 0.394164E+00
 -.350000E+00 0.390696E+00
 -.330000E+00 0.387243E+00
 -.310000E+00 0.383804E+00
 -.290000E+00 0.380378E+00
 -.270000E+00 0.376967E+00
 -.250000E+00 0.373569E+00
 -.230000E+00 0.370186E+00
 -.210000E+00 0.366815E+00
 -.190000E+00 0.363459E+00
 -.170000E+00 0.360116E+00
 -.150000E+00 0.356786E+00
 -.130000E+00 0.353469E+00
 -.110000E+00 0.350165E+00
 -.900000E-01 0.346874E+00
 -.700000E-01 0.343597E+00
 -.500000E-01 0.340332E+00
 -.300000E-01 0.337079E+00
 -.100000E-01 0.333840E+00
 0.100000E-01 0.330612E+00
 0.300000E-01 0.327398E+00
 0.500000E-01 0.324195E+00
 0.700000E-01 0.321005E+00
 0.900000E-01 0.317827E+00
 0.110000E+00 0.314661E+00
 0.130000E+00 0.311507E+00
 0.150000E+00 0.308365E+00
 0.170000E+00 0.305234E+00
 0.190000E+00 0.302116E+00
 0.210000E+00 0.299009E+00
 0.230000E+00 0.295913E+00
 0.250000E+00 0.292829E+00
 0.270000E+00 0.289756E+00
 0.290000E+00 0.286695E+00
 0.310000E+00 0.283645E+00
 0.330000E+00 0.280606E+00
 0.350000E+00 0.277578E+00
 0.370000E+00 0.274561E+00
 0.390000E+00 0.271555E+00
 0.410000E+00 0.268560E+00
 0.430000E+00 0.265576E+00
 0.450000E+00 0.262602E+00
 0.470000E+00 0.259639E+00
 0.490000E+00 0.256687E+00
 0.510000E+00 0.253745E+00
 0.530000E+00 0.250813E+00
 0.550000E+00 0.247892E+00
 0.570000E+00 0.244981E+00
 0.590000E+00 0.242080E+00
 0.610000E+00 0.239190E+00
 0.630000E+00 0.236309E+00
 0.650000E+00 0.233439E+00
 0.670000E+00 0.230578E+00
 0.690000E+00 0.227728E+00
 0.710000E+00 0.224887E+00
 0.730000E+00 0.222056E+00
 0.750000E+00 0.219235E+00
 0.770000E+00 0.216423E+00
 0.790000E+00 0.213621E+00
 0.810000E+00 0.210829E+00
 0.830000E+00 0.208046E+00
 0.850000E+00 0.205272E+00
 0.870000E+00 0.202508E+00
 0.890000E+00 0.199753E+00
 0.910000E+00 0.194312E+00
 0.930000E+00 0.186196E+00
 0.950000E+00 0.178111E+00
 0.970000E+00 0.170057E+00
 0.990000E+00 0.162034E+00




































































































 -.990000E+00 0.889534E+00
 -.970000E+00 0.889532E+00
 -.950000E+00 0.889525E+00
 -.930000E+00 0.889512E+00
 -.910000E+00 0.889495E+00
 -.890000E+00 0.889264E+00
 -.870000E+00 0.888821E+00
 -.850000E+00 0.888378E+00
 -.830000E+00 0.887933E+00
 -.810000E+00 0.887488E+00
 -.790000E+00 0.887042E+00
 -.770000E+00 0.886595E+00
 -.750000E+00 0.886147E+00
 -.730000E+00 0.885699E+00
 -.710000E+00 0.885250E+00
 -.690000E+00 0.884799E+00
 -.670000E+00 0.884348E+00
 -.650000E+00 0.883896E+00
 -.630000E+00 0.883444E+00
 -.610000E+00 0.882990E+00
 -.590000E+00 0.882536E+00
 -.570000E+00 0.882081E+00
 -.550000E+00 0.881625E+00
 -.530000E+00 0.881168E+00
 -.510000E+00 0.880710E+00
 -.490000E+00 0.880252E+00
 -.470000E+00 0.879792E+00
 -.450000E+00 0.879332E+00
 -.430000E+00 0.878871E+00
 -.410000E+00 0.878410E+00
 -.390000E+00 0.877947E+00
 -.370000E+00 0.877484E+00
 -.350000E+00 0.877019E+00
 -.330000E+00 0.876554E+00
 -.310000E+00 0.876089E+00
 -.290000E+00 0.875622E+00
 -.270000E+00 0.875154E+00
 -.250000E+00 0.874686E+00
 -.230000E+00 0.874217E+00
 -.210000E+00 0.873747E+00
 -.190000E+00 0.873276E+00
 -.170000E+00 0.872805E+00
 -.150000E+00 0.872332E+00
 -.130000E+00 0.871859E+00
 -.110000E+00 0.871385E+00
 -.900000E-01 0.870910E+00
 -.700000E-01 0.870434E+00
 -.500000E-01 0.869958E+00
 -.300000E-01 0.869481E+00
 -.100000E-01 0.869003E+00
 0.100000E-01 0.868524E+00
 0.300000E-01 0.868044E+00
 0.500000E-01 0.867563E+00
 0.700000E-01 0.867082E+00
 0.900000E-01 0.866600E+00
 0.110000E+00 0.866117E+00
 0.130000E+00 0.865633E+00
 0.150000E+00 0.865149E+00
 0.170000E+00 0.864663E+00
 0.190000E+00 0.864177E+00
 0.210000E+00 0.863690E+00
 0.230000E+00 0.863202E+00
 0.250000E+00 0.862714E+00
 0.270000E+00 0.862224E+00
 0.290000E+00 0.861734E+00
 0.310000E+00 0.861243E+00
 0.330000E+00 0.860751E+00
 0.350000E+00 0.860259E+00
 0.370000E+00 0.859765E+00
 0.390000E+00 0.859271E+00
 0.410000E+00 0.858776E+00
 0.430000E+00 0.858280E+00
 0.450000E+00 0.857783E+00
 0.470000E+00 0.857286E+00
 0.490000E+00 0.856788E+00
 0.510000E+00 0.856289E+00
 0.530000E+00 0.855789E+00
 0.550000E+00 0.855288E+00
 0.570000E+00 0.854787E+00
 0.590000E+00 0.854284E+00
 0.610000E+00 0.853781E+00
 0.630000E+00 0.853277E+00
 0.650000E+00 0.852773E+00
 0.670000E+00 0.852267E+00
 0.690000E+00 0.851761E+00
 0.710000E+00 0.851254E+00
 0.730000E+00 0.850746E+00
 0.750000E+00 0.850238E+00
 0.770000E+00 0.849728E+00
 0.790000E+00 0.849218E+00
 0.810000E+00 0.848707E+00
 0.830000E+00 0.848195E+00
 0.850000E+00 0.847682E+00
 0.870000E+00 0.847169E+00
 0.890000E+00 0.846655E+00
 0.910000E+00 0.843686E+00
 0.930000E+00 0.838174E+00
 0.950000E+00 0.832546E+00
 0.970000E+00 0.826801E+00
 0.990000E+00 0.820938E+00




































































































 -.990000E+00 0.943772E+00
 -.970000E+00 0.943769E+00
 -.950000E+00 0.943759E+00
 -.930000E+00 0.943744E+00
 -.910000E+00 0.943722E+00
 -.890000E+00 0.943597E+00
 -.870000E+00 0.943365E+00
 -.850000E+00 0.943124E+00
 -.830000E+00 0.942874E+00
 -.810000E+00 0.942615E+00
 -.790000E+00 0.942346E+00
 -.770000E+00 0.942069E+00
 -.750000E+00 0.941782E+00
 -.730000E+00 0.941486E+00
 -.710000E+00 0.941181E+00
 -.690000E+00 0.940867E+00
 -.670000E+00 0.940544E+00
 -.650000E+00 0.940212E+00
 -.630000E+00 0.939871E+00
 -.610000E+00 0.939521E+00
 -.590000E+00 0.939162E+00
 -.570000E+00 0.938794E+00
 -.550000E+00 0.938417E+00
 -.530000E+00 0.938031E+00
 -.510000E+00 0.937636E+00
 -.490000E+00 0.937232E+00
 -.470000E+00 0.936820E+00
 -.450000E+00 0.936398E+00
 -.430000E+00 0.935968E+00
 -.410000E+00 0.935529E+00
 -.390000E+00 0.935080E+00
 -.370000E+00 0.934624E+00
 -.350000E+00 0.934158E+00
 -.330000E+00 0.933683E+00
 -.310000E+00 0.933200E+00
 -.290000E+00 0.932708E+00
 -.270000E+00 0.932207E+00
 -.250000E+00 0.931698E+00
 -.230000E+00 0.931180E+00
 -.210000E+00 0.930653E+00
 -.190000E+00 0.930117E+00
 -.170000E+00 0.929573E+00
 -.150000E+00 0.929020E+00
 -.130000E+00 0.928458E+00
 -.110000E+00 0.927888E+00
 -.900000E-01 0.927309E+00
 -.700000E-01 0.926721E+00
 -.500000E-01 0.926125E+00
 -.300000E-01 0.925520E+00
 -.100000E-01 0.924907E+00
 0.100000E-01 0.924285E+00
 0.300000E-01 0.923655E+00
 0.500000E-01 0.923016E+00
 0.700000E-01 0.922368E+00
 0.900000E-01 0.921712E+00
 0.110000E+00 0.921047E+00
 0.130000E+00 0.920374E+00
 0.150000E+00 0.919693E+00
 0.170000E+00 0.919003E+00
 0.190000E+00 0.918304E+00
 0.210000E+00 0.917597E+00
 0.230000E+00 0.916882E+00
 0.250000E+00 0.916158E+00
 0.270000E+00 0.915426E+00
 0.290000E+00 0.914685E+00
 0.310000E+00 0.913936E+00
 0.330000E+00 0.913179E+00
 0.350000E+00 0.912413E+00
 0.370000E+00 0.911638E+00
 0.390000E+00 0.910856E+00
 0.410000E+00 0.910065E+00
 0.430000E+00 0.909266E+00
 0.450000E+00 0.908458E+00
 0.470000E+00 0.907642E+00
 0.490000E+00 0.906818E+00
 0.510000E+00 0.905986E+00
 0.530000E+00 0.905145E+00
 0.550000E+00 0.904296E+00
 0.570000E+00 0.903439E+00
 0.590000E+00 0.902573E+00
 0.610000E+00 0.901700E+00
 0.630000E+00 0.900818E+00
 0.650000E+00 0.899928E+00
 0.670000E+00 0.899029E+00
 0.690000E+00 0.898123E+00
 0.710000E+00 0.897208E+00
 0.730000E+00 0.896285E+00
 0.750000E+00 0.895354E+00
 0.770000E+00 0.894414E+00
 0.790000E+00 0.893467E+00
 0.810000E+00 0.892511E+00
 0.830000E+00 0.891548E+00
 0.850000E+00 0.890576E+00
 0.870000E+00 0.889596E+00
 0.890000E+00 0.888608E+00
 0.910000E+00 0.887291E+00
 0.930000E+00 0.885640E+00
 0.950000E+00 0.883979E+00
 0.970000E+00 0.882307E+00
 0.990000E+00 0.880624E+00




































































































 -.990000E+00 0.952632E+00
 -.970000E+00 0.952633E+00
 -.950000E+00 0.952634E+00
 -.930000E+00 0.952637E+00
 -.910000E+00 0.952640E+00
 -.890000E+00 0.951535E+00
 -.870000E+00 0.949285E+00
 -.850000E+00 0.946986E+00
 -.830000E+00 0.944636E+00
 -.810000E+00 0.942237E+00
 -.790000E+00 0.939789E+00
 -.770000E+00 0.937292E+00
 -.750000E+00 0.934745E+00
 -.730000E+00 0.932150E+00
 -.710000E+00 0.929505E+00
 -.690000E+00 0.926811E+00
 -.670000E+00 0.924069E+00
 -.650000E+00 0.921278E+00
 -.630000E+00 0.918439E+00
 -.610000E+00 0.915551E+00
 -.590000E+00 0.912615E+00
 -.570000E+00 0.909631E+00
 -.550000E+00 0.906599E+00
 -.530000E+00 0.903519E+00
 -.510000E+00 0.900391E+00
 -.490000E+00 0.897215E+00
 -.470000E+00 0.893992E+00
 -.450000E+00 0.890721E+00
 -.430000E+00 0.887403E+00
 -.410000E+00 0.884038E+00
 -.390000E+00 0.880626E+00
 -.370000E+00 0.877167E+00
 -.350000E+00 0.873661E+00
 -.330000E+00 0.870108E+00
 -.310000E+00 0.866509E+00
 -.290000E+00 0.862863E+00
 -.270000E+00 0.859171E+00
 -.250000E+00 0.855433E+00
 -.230000E+00 0.851648E+00
 -.210000E+00 0.847818E+00
 -.190000E+00 0.843942E+00
 -.170000E+00 0.840021E+00
 -.150000E+00 0.836054E+00
 -.130000E+00 0.832042E+00
 -.110000E+00 0.827985E+00
 -.900000E-01 0.823882E+00
 -.700000E-01 0.819735E+00
 -.500000E-01 0.815543E+00
 -.300000E-01 0.811306E+00
 -.100000E-01 0.807025E+00
 0.100000E-01 0.802700E+00
 0.300000E-01 0.798331E+00
 0.500000E-01 0.793917E+00
 0.700000E-01 0.789460E+00
 0.900000E-01 0.784960E+00
 0.110000E+00 0.780416E+00
 0.130000E+00 0.775828E+00
 0.150000E+00 0.771198E+00
 0.170000E+00 0.766524E+00
 0.190000E+00 0.761808E+00
 0.210000E+00 0.757049E+00
 0.230000E+00 0.752248E+00
 0.250000E+00 0.747405E+00
 0.270000E+00 0.742519E+00
 0.290000E+00 0.737592E+00
 0.310000E+00 0.732623E+00
 0.330000E+00 0.727612E+00
 0.350000E+00 0.722560E+00
 0.370000E+00 0.717467E+00
 0.390000E+00 0.712334E+00
 0.410000E+00 0.707159E+00
 0.430000E+00 0.701944E+00
 0.450000E+00 0.696689E+00
 0.470000E+00 0.691393E+00
 0.490000E+00 0.686058E+00
 0.510000E+00 0.680683E+00
 0.530000E+00 0.675268E+00
 0.550000E+00 0.669814E+00
 0.570000E+00 0.664322E+00
 0.590000E+00 0.658790E+00
 0.610000E+00 0.653220E+00
 0.630000E+00 0.647611E+00
 0.650000E+00 0.641965E+00
 0.670000E+00 0.636280E+00
 0.690000E+00 0.630558E+00
 0.710000E+00 0.624798E+00
 0.730000E+00 0.619001E+00
 0.750000E+00 0.613168E+00
 0.770000E+00 0.607297E+00
 0.790000E+00 0.601390E+00
 0.810000E+00 0.595447E+00
 0.830000E+00 0.589468E+00
 0.850000E+00 0.583453E+00
 0.870000E+00 0.577403E+00
 0.890000E+00 0.571318E+00
 0.910000E+00 0.562667E+00
 0.930000E+00 0.551313E+00
 0.950000E+00 0.539742E+00
 0.970000E+00 0.527951E+00
 0.990000E+00 0.515941E+00




































































































 -.990000E+00 0.198498E+00
 -.970000E+00 0.198498E+00
 -.950000E+00 0.198496E+00
 -.930000E+00 0.198494E+00
 -.910000E+00 0.198492E+00
 -.890000E+00 0.195265E+00
 -.870000E+00 0.188786E+00
 -.850000E+00 0.182271E+00
 -.830000E+00 0.175721E+00
 -.810000E+00 0.169136E+00
 -.790000E+00 0.162519E+00
 -.770000E+00 0.155871E+00
 -.750000E+00 0.149192E+00
 -.730000E+00 0.142485E+00
 -.710000E+00 0.135751E+00
 -.690000E+00 0.128992E+00
 -.670000E+00 0.122207E+00
 -.650000E+00 0.115400E+00
 -.630000E+00 0.108572E+00
 -.610000E+00 0.101723E+00
 -.590000E+00 0.948555E-01
 -.570000E+00 0.879708E-01
 -.550000E+00 0.810703E-01
 -.530000E+00 0.741555E-01
 -.510000E+00 0.672278E-01
 -.490000E+00 0.602886E-01
 -.470000E+00 0.533395E-01
 -.450000E+00 0.463819E-01
 -.430000E+00 0.394173E-01
 -.410000E+00 0.324472E-01
 -.390000E+00 0.254730E-01
 -.370000E+00 0.184962E-01
 -.350000E+00 0.115183E-01
 -.330000E+00 0.454090E-02
 -.310000E+00 -.243462E-02
 -.290000E+00 -.940675E-02
 -.270000E+00 -.163740E-01
 -.250000E+00 -.233348E-01
 -.230000E+00 -.302877E-01
 -.210000E+00 -.372312E-01
 -.190000E+00 -.441638E-01
 -.170000E+00 -.510841E-01
 -.150000E+00 -.579904E-01
 -.130000E+00 -.648813E-01
 -.110000E+00 -.717554E-01
 -.900000E-01 -.786111E-01
 -.700000E-01 -.854469E-01
 -.500000E-01 -.922614E-01
 -.300000E-01 -.990530E-01
 -.100000E-01 -.105820E+00
 0.100000E-01 -.112562E+00
 0.300000E-01 -.119276E+00
 0.500000E-01 -.125962E+00
 0.700000E-01 -.132617E+00
 0.900000E-01 -.139241E+00
 0.110000E+00 -.145832E+00
 0.130000E+00 -.152388E+00
 0.150000E+00 -.158909E+00
 0.170000E+00 -.165392E+00
 0.190000E+00 -.171836E+00
 0.210000E+00 -.178240E+00
 0.230000E+00 -.184603E+00
 0.250000E+00 -.190923E+00
 0.270000E+00 -.197198E+00
 0.290000E+00 -.203428E+00
 0.310000E+00 -.209611E+00
 0.330000E+00 -.215746E+00
 0.350000E+00 -.221831E+00
 0.370000E+00 -.227865E+00
 0.390000E+00 -.233846E+00
 0.410000E+00 -.239774E+00
 0.430000E+00 -.245648E+00
 0.450000E+00 -.251465E+00
 0.470000E+00 -.257225E+00
 0.490000E+00 -.262927E+00
 0.510000E+00 -.268568E+00
 0.530000E+00 -.274149E+00
 0.550000E+00 -.279668E+00
 0.570000E+00 -.285124E+00
 0.590000E+00 -.290515E+00
 0.610000E+00 -.295840E+00
 0.630000E+00 -.301099E+00
 0.650000E+00 -.306290E+00
 0.670000E+00 -.311412E+00
 0.690000E+00 -.316465E+00
 0.710000E+00 -.321446E+00
 0.730000E+00 -.326356E+00
 0.750000E+00 -.331192E+00
 0.770000E+00 -.335955E+00
 0.790000E+00 -.340643E+00
 0.810000E+00 -.345255E+00
 0.830000E+00 -.349790E+00
 0.850000E+00 -.354248E+00
 0.870000E+00 -.358627E+00
 0.890000E+00 -.362926E+00
 0.910000E+00 -.369853E+00
 0.930000E+00 -.379315E+00
 0.950000E+00 -.388573E+00
 0.970000E+00 -.397622E+00
 0.990000E+00 -.406461E+00




































































































 -.990000E+00 0.713408E-01
 -.970000E+00 0.713408E-01
 -.950000E+00 0.713408E-01
 -.930000E+00 0.713407E-01
 -.910000E+00 0.713407E-01
 -.890000E+00 0.686492E-01
 -.870000E+00 0.632193E-01
 -.850000E+00 0.577309E-01
 -.830000E+00 0.521895E-01
 -.810000E+00 0.466005E-01
 -.790000E+00 0.409694E-01
 -.770000E+00 0.353017E-01
 -.750000E+00 0.296029E-01
 -.730000E+00 0.238787E-01
 -.710000E+00 0.181346E-01
 -.690000E+00 0.123763E-01
 -.670000E+00 0.660935E-02
 -.650000E+00 0.839451E-03
 -.630000E+00 -.492777E-02
 -.610000E+00 -.106867E-01
 -.590000E+00 -.164317E-01
 -.570000E+00 -.221571E-01
 -.550000E+00 -.278574E-01
 -.530000E+00 -.335269E-01
 -.510000E+00 -.391603E-01
 -.490000E+00 -.447519E-01
 -.470000E+00 -.502964E-01
 -.450000E+00 -.557883E-01
 -.430000E+00 -.612223E-01
 -.410000E+00 -.665931E-01
 -.390000E+00 -.718956E-01
 -.370000E+00 -.771244E-01
 -.350000E+00 -.822747E-01
 -.330000E+00 -.873413E-01
 -.310000E+00 -.923195E-01
 -.290000E+00 -.972043E-01
 -.270000E+00 -.101991E+00
 -.250000E+00 -.106675E+00
 -.230000E+00 -.111252E+00
 -.210000E+00 -.115718E+00
 -.190000E+00 -.120067E+00
 -.170000E+00 -.124297E+00
 -.150000E+00 -.128402E+00
 -.130000E+00 -.132379E+00
 -.110000E+00 -.136225E+00
 -.900000E-01 -.139935E+00
 -.700000E-01 -.143506E+00
 -.500000E-01 -.146935E+00
 -.300000E-01 -.150218E+00
 -.100000E-01 -.153352E+00
 0.100000E-01 -.156335E+00
 0.300000E-01 -.159163E+00
 0.500000E-01 -.161834E+00
 0.700000E-01 -.164346E+00
 0.900000E-01 -.166695E+00
 0.110000E+00 -.168881E+00
 0.130000E+00 -.170900E+00
 0.150000E+00 -.172751E+00
 0.170000E+00 -.174433E+00
 0.190000E+00 -.175943E+00
 0.210000E+00 -.177281E+00
 0.230000E+00 -.178446E+00
 0.250000E+00 -.179435E+00
 0.270000E+00 -.180250E+00
 0.290000E+00 -.180888E+00
 0.310000E+00 -.181349E+00
 0.330000E+00 -.181633E+00
 0.350000E+00 -.181740E+00
 0.370000E+00 -.181670E+00
 0.390000E+00 -.181424E+00
 0.410000E+00 -.181000E+00
 0.430000E+00 -.180401E+00
 0.450000E+00 -.179626E+00
 0.470000E+00 -.178677E+00
 0.490000E+00 -.177554E+00
 0.510000E+00 -.176259E+00
 0.530000E+00 -.174794E+00
 0.550000E+00 -.173159E+00
 0.570000E+00 -.171356E+00
 0.590000E+00 -.169388E+00
 0.610000E+00 -.167256E+00
 0.630000E+00 -.164963E+00
 0.650000E+00 -.162510E+00
 0.670000E+00 -.159901E+00
 0.690000E+00 -.157138E+00
 0.710000E+00 -.154223E+00
 0.730000E+00 -.151160E+00
 0.750000E+00 -.147952E+00
 0.770000E+00 -.144601E+00
 0.790000E+00 -.141112E+00
 0.810000E+00 -.137487E+00
 0.830000E+00 -.133731E+00
 0.850000E+00 -.129847E+00
 0.870000E+00 -.125838E+00
 0.890000E+00 -.121710E+00
 0.910000E+00 -.120027E+00
 0.930000E+00 -.120746E+00
 0.950000E+00 -.121290E+00
 0.970000E+00 -.121659E+00
 0.990000E+00 -.121856E+00




































































































 -.990000E+00 0.320423E-02
 -.970000E+00 0.320429E-02
 -.950000E+00 0.320475E-02
 -.930000E+00 0.320542E-02
 -.910000E+00 0.320600E-02
 -.890000E+00 0.482035E-03
 -.870000E+00 -.481557E-02
 -.850000E+00 -.802486E-02
 -.830000E+00 -.775752E-02
 -.810000E+00 -.413140E-02
 -.790000E+00 0.128139E-02
 -.770000E+00 0.613607E-02
 -.750000E+00 0.833094E-02
 -.730000E+00 0.691726E-02
 -.710000E+00 0.250932E-02
 -.690000E+00 -.298247E-02
 -.670000E+00 -.717955E-02
 -.650000E+00 -.826540E-02
 -.630000E+00 -.577175E-02
 -.610000E+00 -.780494E-03
 -.590000E+00 0.454569E-02
 -.570000E+00 0.790041E-02
 -.550000E+00 0.783228E-02
 -.530000E+00 0.437289E-02
 -.510000E+00 -.977835E-03
 -.490000E+00 -.590193E-02
 -.470000E+00 -.826755E-02
 -.450000E+00 -.705197E-02
 -.430000E+00 -.278368E-02
 -.410000E+00 0.268734E-02
 -.390000E+00 0.699145E-02
 -.370000E+00 0.826571E-02
 -.350000E+00 0.596022E-02
 -.330000E+00 0.107540E-02
 -.310000E+00 -.427210E-02
 -.290000E+00 -.776658E-02
 -.270000E+00 -.789609E-02
 -.250000E+00 -.460657E-02
 -.230000E+00 0.675554E-03
 -.210000E+00 0.566198E-02
 -.190000E+00 0.819379E-02
 -.170000E+00 0.717623E-02
 -.150000E+00 0.305204E-02
 -.130000E+00 -.239116E-02
 -.110000E+00 -.679572E-02
 -.900000E-01 -.825512E-02
 -.700000E-01 -.613924E-02
 -.500000E-01 -.136641E-02
 -.300000E-01 0.399518E-02
 -.100000E-01 0.762364E-02
 0.100000E-01 0.794894E-02
 0.300000E-01 0.483221E-02
 0.500000E-01 -.374935E-03
 0.700000E-01 -.541658E-02
 0.900000E-01 -.810985E-02
 0.110000E+00 -.728999E-02
 0.130000E+00 -.331412E-02
 0.150000E+00 0.209433E-02
 0.170000E+00 0.659267E-02
 0.190000E+00 0.823372E-02
 0.210000E+00 0.630865E-02
 0.230000E+00 0.165315E-02
 0.250000E+00 -.371533E-02
 0.270000E+00 -.747186E-02
 0.290000E+00 -.799086E-02
 0.310000E+00 -.504957E-02
 0.330000E+00 0.763578E-04
 0.350000E+00 0.516612E-02
 0.370000E+00 0.801592E-02
 0.390000E+00 0.739316E-02
 0.410000E+00 0.356961E-02
 0.430000E+00 -.179724E-02
 0.450000E+00 -.638265E-02
 0.470000E+00 -.820165E-02
 0.490000E+00 -.646831E-02
 0.510000E+00 -.193529E-02
 0.530000E+00 0.343295E-02
 0.550000E+00 0.731150E-02
 0.570000E+00 0.802189E-02
 0.590000E+00 0.525843E-02
 0.610000E+00 0.219799E-03
 0.630000E+00 -.491096E-02
 0.650000E+00 -.791221E-02
 0.670000E+00 -.748572E-02
 0.690000E+00 -.381824E-02
 0.710000E+00 0.150029E-02
 0.730000E+00 0.616598E-02
 0.750000E+00 0.815903E-02
 0.770000E+00 0.661809E-02
 0.790000E+00 0.221250E-02
 0.810000E+00 -.314842E-02
 0.830000E+00 -.714285E-02
 0.850000E+00 -.804207E-02
 0.870000E+00 -.545860E-02
 0.890000E+00 -.513166E-03
 0.910000E+00 0.228424E-02
 0.930000E+00 0.275512E-02
 0.950000E+00 0.342031E-02
 0.970000E+00 0.399177E-02
 0.990000E+00 0.422219E-02




































































































