 0.10000000E-01 0.25609375E-07 0.55130986E-01
 0.12000000E-01 0.25015943E-07 0.55130808E-01
 0.14000000E-01 0.24321160E-07 0.55130699E-01
 0.16000000E-01 0.23839157E-07 0.55130528E-01
 0.18000000E-01 0.23439841E-07 0.55130072E-01
 0.20000000E-01 0.23494938E-07 0.55130118E-01
 0.22000000E-01 0.24156759E-07 0.55129896E-01
 0.24000000E-01 0.24703438E-07 0.55129531E-01
 0.26000000E-01 0.24642879E-07 0.55129190E-01
 0.28000000E-01 0.24328362E-07 0.55128871E-01
 0.30000000E-01 0.24071413E-07 0.55128486E-01
 0.32000000E-01 0.23826482E-07 0.55128144E-01
 0.34000000E-01 0.23725230E-07 0.55127790E-01
 0.36000000E-01 0.24007116E-07 0.55127525E-01
 0.38000000E-01 0.24422627E-07 0.55126835E-01
 0.40000000E-01 0.24514289E-07 0.55126254E-01
 0.42000000E-01 0.24337915E-07 0.55125801E-01
 0.44000000E-01 0.24155642E-07 0.55125273E-01
 0.46000000E-01 0.23988866E-07 0.55124691E-01
 0.48000000E-01 0.23858539E-07 0.55124053E-01
 0.50000000E-01 0.23959826E-07 0.55123375E-01
 0.52000000E-01 0.24267087E-07 0.55122772E-01
 0.54000000E-01 0.24431350E-07 0.55119806E-01
 0.56000000E-01 0.24346167E-07 0.55121397E-01
 0.58000000E-01 0.24202518E-07 0.55120687E-01
 0.60000000E-01 0.24078790E-07 0.55119993E-01
 0.62000000E-01 0.23955686E-07 0.55119219E-01
 0.64000000E-01 0.23957972E-07 0.55118323E-01
 0.66000000E-01 0.24166680E-07 0.55117593E-01
 0.68000000E-01 0.24361593E-07 0.55116658E-01
 0.70000000E-01 0.24350273E-07 0.55115845E-01
 0.72000000E-01 0.24236834E-07 0.55115043E-01
 0.74000000E-01 0.24136134E-07 0.55113918E-01
 0.76000000E-01 0.24032304E-07 0.55111667E-01
 0.78000000E-01 0.23982938E-07 0.55110447E-01
 0.80000000E-01 0.24103577E-07 0.55109486E-01
 0.82000000E-01 0.24296322E-07 0.55107972E-01
 0.84000000E-01 0.24346280E-07 0.55105006E-01
 0.86000000E-01 0.24265771E-07 0.55107814E-01
 0.88000000E-01 0.24177263E-07 0.55106794E-01
 0.90000000E-01 0.24092669E-07 0.55104828E-01
 0.92000000E-01 0.24022004E-07 0.55104474E-01
 0.94000000E-01 0.24070865E-07 0.55102509E-01
 0.96000000E-01 0.24236871E-07 0.55102482E-01
 0.98000000E-01 0.24333356E-07 0.55100790E-01
 0.10000000E+00 0.24290893E-07 0.55104640E-01
 0.11000000E+00 0.24186888E-07 0.55093028E-01
 0.12000000E+00 0.24114465E-07 0.55085670E-01
 0.13000000E+00 0.24272154E-07 0.55077678E-01
 0.14000000E+00 0.24246947E-07 0.55068581E-01
 0.15000000E+00 0.24144954E-07 0.55059881E-01
 0.16000000E+00 0.24277002E-07 0.55050094E-01
 0.17000000E+00 0.24296332E-07 0.55039902E-01
 0.18000000E+00 0.24184078E-07 0.55028435E-01
 0.19000000E+00 0.24298317E-07 0.55016181E-01
 0.20000000E+00 0.24341988E-07 0.55004175E-01
 0.21000000E+00 0.24231186E-07 0.54990476E-01
 0.22000000E+00 0.24332499E-07 0.54977462E-01
 0.23000000E+00 0.24388584E-07 0.54962384E-01
 0.24000000E+00 0.24285478E-07 0.54947877E-01
 0.25000000E+00 0.24377696E-07 0.54932156E-01
 0.26000000E+00 0.24439246E-07 0.54915932E-01
 0.27000000E+00 0.24346423E-07 0.54898954E-01
 0.28000000E+00 0.24433048E-07 0.54881444E-01
 0.29000000E+00 0.24495856E-07 0.54863065E-01
 0.30000000E+00 0.24414041E-07 0.54843845E-01
 0.31000000E+00 0.24498284E-07 0.54824382E-01
 0.32000000E+00 0.24559269E-07 0.54804233E-01
 0.33000000E+00 0.24489038E-07 0.54783213E-01
 0.34000000E+00 0.24573509E-07 0.54761521E-01
 0.35000000E+00 0.24629467E-07 0.54739284E-01
 0.36000000E+00 0.24572807E-07 0.54716497E-01
 0.37000000E+00 0.24659162E-07 0.54693044E-01
 0.38000000E+00 0.24705674E-07 0.54668657E-01
 0.39000000E+00 0.24667229E-07 0.54644528E-01
 0.40000000E+00 0.24756047E-07 0.54617822E-01
 0.41000000E+00 0.24786802E-07 0.54591610E-01
 0.42000000E+00 0.24774074E-07 0.54564800E-01
 0.43000000E+00 0.24865176E-07 0.54537276E-01
 0.44000000E+00 0.24872942E-07 0.54508783E-01
 0.45000000E+00 0.24894012E-07 0.54479858E-01
 0.46000000E+00 0.24986684E-07 0.54448605E-01
 0.47000000E+00 0.24968399E-07 0.54419705E-01
 0.48000000E+00 0.25026120E-07 0.54388569E-01
 0.49000000E+00 0.25117166E-07 0.54356817E-01
 0.50000000E+00 0.25083589E-07 0.54324288E-01
 0.51000000E+00 0.25170056E-07 0.54291866E-01
 0.52000000E+00 0.25247379E-07 0.54257329E-01
 0.53000000E+00 0.25229102E-07 0.54222827E-01
 0.54000000E+00 0.25330239E-07 0.54187287E-01
 0.55000000E+00 0.25369803E-07 0.54151197E-01
 0.56000000E+00 0.25403390E-07 0.54114566E-01
 0.57000000E+00 0.25509919E-07 0.54077055E-01
 0.58000000E+00 0.25503514E-07 0.54038892E-01
 0.59000000E+00 0.25594348E-07 0.53999992E-01
 0.60000000E+00 0.25691120E-07 0.53960430E-01
 0.61000000E+00 0.25687892E-07 0.53919998E-01
 0.62000000E+00 0.25805728E-07 0.53878933E-01
 0.63000000E+00 0.25850850E-07 0.53836913E-01
 0.64000000E+00 0.25919045E-07 0.53794145E-01
 0.65000000E+00 0.26041685E-07 0.53750808E-01
 0.66000000E+00 0.26043532E-07 0.53706714E-01
 0.67000000E+00 0.26170609E-07 0.53657529E-01
 0.68000000E+00 0.26252523E-07 0.53616165E-01
 0.69000000E+00 0.26316621E-07 0.53569817E-01
 0.70000000E+00 0.26458170E-07 0.53522552E-01
 0.71000000E+00 0.26476866E-07 0.53474595E-01
 0.72000000E+00 0.26622458E-07 0.53425741E-01
 0.73000000E+00 0.26721374E-07 0.53376252E-01
 0.74000000E+00 0.26810515E-07 0.53325876E-01
 0.75000000E+00 0.26974453E-07 0.53274834E-01
 0.76000000E+00 0.27012636E-07 0.53122069E-01
 0.77000000E+00 0.27189691E-07 0.53177791E-01
 0.78000000E+00 0.27286030E-07 0.53116571E-01
 0.79000000E+00 0.27434330E-07 0.53062023E-01
 0.80000000E+00 0.27616470E-07 0.53006874E-01
 0.81000000E+00 0.27702763E-07 0.52950870E-01
 0.82000000E+00 0.27925389E-07 0.52894009E-01
 0.83000000E+00 0.28014651E-07 0.52836162E-01
 0.84000000E+00 0.28247834E-07 0.52777593E-01
 0.85000000E+00 0.28419118E-07 0.52718428E-01
 0.86000000E+00 0.28628071E-07 0.52657986E-01
 0.87000000E+00 0.28892460E-07 0.52596791E-01
 0.88000000E+00 0.29062319E-07 0.52534752E-01
 0.89000000E+00 0.29394283E-07 0.52472141E-01
 0.90000000E+00 0.29574859E-07 0.52408137E-01
 0.91000000E+00 0.29960862E-07 0.52343231E-01
 0.92000000E+00 0.30227386E-07 0.52277701E-01
 0.93000000E+00 0.30669711E-07 0.52211141E-01
 0.94000000E+00 0.31097976E-07 0.52143811E-01
 0.95000000E+00 0.31615645E-07 0.52076607E-01
 0.96000000E+00 0.32309270E-07 0.52006039E-01
 0.97000000E+00 0.33082609E-07 0.51935795E-01
 0.98000000E+00 0.37138012E-07 0.51864704E-01
 0.99000000E+00 0.51036864E-07 0.51792387E-01
 0.10000000E+01 0.69701912E-07 0.51719321E-01
 0.10100000E+01 0.84020671E-07 0.51645154E-01
 0.10200000E+01 0.99529536E-07 0.51569800E-01
 0.10300000E+01 0.10962058E-06 0.51493737E-01
 0.10400000E+01 0.12036722E-06 0.51416796E-01
 0.10500000E+01 0.12752918E-06 0.51338585E-01
 0.10600000E+01 0.13537862E-06 0.51259236E-01
 0.10700000E+01 0.14088458E-06 0.51179072E-01
 0.10800000E+01 0.14695860E-06 0.51097868E-01
 0.10900000E+01 0.15141132E-06 0.51015298E-01
 0.11000000E+01 0.15626102E-06 0.50931880E-01
 0.11100000E+01 0.16001267E-06 0.50851758E-01
 0.11200000E+01 0.16393674E-06 0.50761916E-01
 0.11300000E+01 0.16703974E-06 0.50674970E-01
 0.11400000E+01 0.17039725E-06 0.50587086E-01
 0.11500000E+01 0.17301017E-06 0.50498617E-01
 0.11600000E+01 0.17590617E-06 0.50407874E-01
 0.11700000E+01 0.17809644E-06 0.50316559E-01
 0.11800000E+01 0.18068724E-06 0.50224179E-01
 0.11900000E+01 0.18248421E-06 0.50130311E-01
 0.12000000E+01 0.18484801E-06 0.50035428E-01
 0.12100000E+01 0.18633573E-06 0.49939276E-01
 0.12200000E+01 0.18853883E-06 0.49841724E-01
 0.12300000E+01 0.18974530E-06 0.49743088E-01
 0.12400000E+01 0.19185927E-06 0.49637394E-01
 0.12500000E+01 0.19286010E-06 0.49541752E-01
 0.12600000E+01 0.19487598E-06 0.49440307E-01
 0.12700000E+01 0.19570924E-06 0.49335308E-01
 0.12800000E+01 0.19761519E-06 0.49230031E-01
 0.12900000E+01 0.19837040E-06 0.49123080E-01
 0.13000000E+01 0.20004205E-06 0.49015196E-01
 0.13100000E+01 0.20080751E-06 0.48905737E-01
 0.13200000E+01 0.20215387E-06 0.48794790E-01
 0.13300000E+01 0.20301760E-06 0.48682519E-01
 0.13400000E+01 0.20395692E-06 0.48568550E-01
 0.13500000E+01 0.20508261E-06 0.48453213E-01
 0.13600000E+01 0.20571801E-06 0.48336130E-01
 0.13700000E+01 0.20713150E-06 0.48217629E-01
 0.13800000E+01 0.20766754E-06 0.48097726E-01
 0.13900000E+01 0.20916006E-06 0.47976089E-01
 0.14000000E+01 0.20968537E-06 0.47852610E-01
 0.14100000E+01 0.21095397E-06 0.47727608E-01
 0.14200000E+01 0.21157683E-06 0.47555359E-01
 0.14300000E+01 0.21234662E-06 0.47473118E-01
 0.14400000E+01 0.21339672E-06 0.47342094E-01
 0.14500000E+01 0.21392122E-06 0.47210205E-01
 0.14600000E+01 0.21538758E-06 0.47076131E-01
 0.14700000E+01 0.21617451E-06 0.46960231E-01
 0.14800000E+01 0.21721948E-06 0.46802661E-01
 0.14900000E+01 0.21786779E-06 0.46662934E-01
 0.15000000E+01 0.21856579E-06 0.46521299E-01
 0.15100000E+01 0.21978796E-06 0.46377472E-01
 0.15200000E+01 0.22041316E-06 0.46231859E-01
 0.15300000E+01 0.22196368E-06 0.46084121E-01
 0.15400000E+01 0.22263456E-06 0.45933372E-01
 0.15500000E+01 0.22367828E-06 0.45783026E-01
 0.15600000E+01 0.22471150E-06 0.45626179E-01
 0.15700000E+01 0.22546307E-06 0.45469139E-01
 0.15800000E+01 0.22716061E-06 0.45309554E-01
 0.15900000E+01 0.22799221E-06 0.45147469E-01
 0.16000000E+01 0.22922100E-06 0.44983455E-01
 0.16100000E+01 0.23048298E-06 0.44821069E-01
 0.16200000E+01 0.23135525E-06 0.44645656E-01
 0.16300000E+01 0.23326224E-06 0.44472703E-01
 0.16400000E+01 0.23431925E-06 0.44297257E-01
 0.16500000E+01 0.23557876E-06 0.44118493E-01
 0.16600000E+01 0.23724098E-06 0.43936828E-01
 0.16700000E+01 0.23852025E-06 0.43752099E-01
 0.16800000E+01 0.24062218E-06 0.43563739E-01
 0.16900000E+01 0.24198753E-06 0.43372249E-01
 0.17000000E+01 0.24338629E-06 0.43177226E-01
 0.17100000E+01 0.24580643E-06 0.42978580E-01
 0.17200000E+01 0.24747674E-06 0.42775992E-01
 0.17300000E+01 0.24956569E-06 0.42573699E-01
 0.17400000E+01 0.25174729E-06 0.42361470E-01
 0.17500000E+01 0.25374010E-06 0.42144234E-01
 0.17600000E+01 0.25663506E-06 0.41924577E-01
 0.17700000E+01 0.25884527E-06 0.41700566E-01
 0.17800000E+01 0.26124170E-06 0.41471369E-01
 0.17900000E+01 0.26482516E-06 0.41238404E-01
 0.18000000E+01 0.26758453E-06 0.40997298E-01
 0.18100000E+01 0.27052024E-06 0.40751416E-01
 0.18140000E+01 0.27244734E-06 0.40652781E-01
 0.18180000E+01 0.27403612E-06 0.40550354E-01
 0.18220000E+01 0.27527099E-06 0.40448330E-01
 0.18260000E+01 0.27667963E-06 0.40345167E-01
 0.18300000E+01 0.27828977E-06 0.40240921E-01
 0.18340000E+01 0.27971017E-06 0.40135559E-01
 0.18380000E+01 0.28127969E-06 0.40029024E-01
 0.18420000E+01 0.28342378E-06 0.39921549E-01
 0.18460000E+01 0.28552107E-06 0.39812306E-01
 0.18500000E+01 0.28717061E-06 0.39701911E-01
 0.18540000E+01 0.28900188E-06 0.39591720E-01
 0.18580000E+01 0.29107703E-06 0.39477439E-01
 0.18620000E+01 0.29297417E-06 0.39363137E-01
 0.18660000E+01 0.29499070E-06 0.39247196E-01
 0.18700000E+01 0.29757285E-06 0.39129784E-01
 0.18740000E+01 0.30042058E-06 0.39011114E-01
 0.18780000E+01 0.30277202E-06 0.38890444E-01
 0.18820000E+01 0.30517382E-06 0.38768097E-01
 0.18860000E+01 0.30804203E-06 0.38644522E-01
 0.18900000E+01 0.31083694E-06 0.38518211E-01
 0.18940000E+01 0.31367181E-06 0.38390116E-01
 0.18980000E+01 0.31701585E-06 0.38260530E-01
 0.19020000E+01 0.32097898E-06 0.38128039E-01
 0.19060000E+01 0.32467612E-06 0.37993642E-01
 0.19100000E+01 0.32839049E-06 0.37856717E-01
 0.19140000E+01 0.33258919E-06 0.37717297E-01
 0.19180000E+01 0.33718262E-06 0.37575199E-01
 0.19220000E+01 0.34203893E-06 0.37431061E-01
 0.19260000E+01 0.34720037E-06 0.37281234E-01
 0.19300000E+01 0.35375124E-06 0.37129649E-01
 0.19340000E+01 0.36077423E-06 0.36973261E-01
 0.19380000E+01 0.36836257E-06 0.36813220E-01
 0.19420000E+01 0.37720813E-06 0.36647539E-01
 0.19460000E+01 0.38845069E-06 0.36476496E-01
 0.19500000E+01 0.40392508E-06 0.36298201E-01
 0.19540000E+01 0.10360635E-05 0.36106357E-01
 0.19580000E+01 0.89203032E-05 0.35903081E-01
 0.19620000E+01 0.25450281E-04 0.35693622E-01
 0.19660000E+01 0.50031112E-04 0.35481086E-01
 0.19700000E+01 0.82026434E-04 0.35266664E-01
 0.19740000E+01 0.12087943E-03 0.35053539E-01
 0.19780000E+01 0.16594935E-03 0.34840659E-01
 0.19820000E+01 0.21664954E-03 0.34629642E-01
 0.19860000E+01 0.27252102E-03 0.34420679E-01
 0.19900000E+01 0.33301425E-03 0.34214148E-01
 0.19940000E+01 0.39794099E-03 0.34010450E-01
 0.19980000E+01 0.46677029E-03 0.33809725E-01
 0.20020000E+01 0.53930173E-03 0.33612225E-01
 0.20060000E+01 0.61519492E-03 0.33418126E-01
 0.20100000E+01 0.69420637E-03 0.33229275E-01
 0.20140000E+01 0.77595486E-03 0.33041306E-01
 0.20180000E+01 0.86020002E-03 0.32858682E-01
 0.20220000E+01 0.94674899E-03 0.32680142E-01
 0.20260000E+01 0.10351311E-02 0.32505743E-01
 0.20300000E+01 0.11251109E-02 0.32335369E-01
 0.20340000E+01 0.12164257E-02 0.32168842E-01
 0.20380000E+01 0.13089213E-02 0.32006713E-01
 0.20420000E+01 0.14022520E-02 0.31848234E-01
 0.20460000E+01 0.14963060E-02 0.31693431E-01
 0.20500000E+01 0.15908403E-02 0.31542206E-01
 0.20540000E+01 0.16859012E-02 0.31394334E-01
 0.20580000E+01 0.17811601E-02 0.31250033E-01
 0.20620000E+01 0.18767192E-02 0.31108691E-01
 0.20660000E+01 0.19723292E-02 0.30970335E-01
 0.20700000E+01 0.20679684E-02 0.30835209E-01
 0.20740000E+01 0.21635407E-02 0.30702689E-01
 0.20780000E+01 0.22590248E-02 0.30572787E-01
 0.20820000E+01 0.23544974E-02 0.30445553E-01
 0.20860000E+01 0.24497556E-02 0.30320732E-01
 0.20900000E+01 0.25448406E-02 0.30198192E-01
 0.20940000E+01 0.26396874E-02 0.30077907E-01
 0.20980000E+01 0.27343042E-02 0.29959990E-01
 0.21020000E+01 0.28286371E-02 0.29844227E-01
 0.21060000E+01 0.29226787E-02 0.29730068E-01
 0.21100000E+01 0.30163883E-02 0.29618148E-01
 0.21140000E+01 0.31098784E-02 0.29508128E-01
 0.21180000E+01 0.32029653E-02 0.29400029E-01
 0.21220000E+01 0.32957839E-02 0.29293573E-01
 0.21260000E+01 0.33882641E-02 0.29189006E-01
 0.21300000E+01 0.34803745E-02 0.29086045E-01
 0.21340000E+01 0.35721150E-02 0.28984722E-01
 0.21380000E+01 0.36634215E-02 0.28884131E-01
 0.21420000E+01 0.37545209E-02 0.28786733E-01
 0.21460000E+01 0.38452001E-02 0.28690185E-01
 0.21500000E+01 0.39355039E-02 0.28594966E-01
 0.21540000E+01 0.40254351E-02 0.28501040E-01
 0.21580000E+01 0.41149970E-02 0.28408845E-01
 0.21620000E+01 0.42041043E-02 0.28317871E-01
 0.21660000E+01 0.42929373E-02 0.28228253E-01
 0.21700000E+01 0.43812855E-02 0.28139860E-01
 0.21740000E+01 0.44693386E-02 0.28052787E-01
 0.21780000E+01 0.45569688E-02 0.27966960E-01
 0.21820000E+01 0.46442603E-02 0.27882283E-01
 0.21860000E+01 0.47311403E-02 0.27798891E-01
 0.21900000E+01 0.48176298E-02 0.27716701E-01
 0.21940000E+01 0.49037276E-02 0.27635544E-01
 0.21980000E+01 0.49893800E-02 0.27555526E-01
 0.22020000E+01 0.50747888E-02 0.27476661E-01
 0.22220000E+01 0.54957904E-02 0.27097867E-01
 0.22420000E+01 0.59073778E-02 0.26743605E-01
 0.22620000E+01 0.63096252E-02 0.26412359E-01
 0.22820000E+01 0.67028218E-02 0.26102053E-01
 0.23020000E+01 0.70870146E-02 0.25810567E-01
 0.23220000E+01 0.74624821E-02 0.25537737E-01
 0.23420000E+01 0.78294985E-02 0.25281673E-01
 0.23620000E+01 0.81881359E-02 0.25042117E-01
 0.23820000E+01 0.85386299E-02 0.24817606E-01
 0.24020000E+01 0.88813253E-02 0.24607551E-01
 0.24220000E+01 0.92162008E-02 0.24410897E-01
 0.24420000E+01 0.95436228E-02 0.24227630E-01
 0.24620000E+01 0.98637100E-02 0.24056698E-01
 0.24820000E+01 0.10176609E-01 0.23897623E-01
 0.25020000E+01 0.10482587E-01 0.23749475E-01
 0.25220000E+01 0.10781767E-01 0.23612479E-01
 0.25420000E+01 0.11074311E-01 0.23486033E-01
 0.25620000E+01 0.11360474E-01 0.23369629E-01
 0.25820000E+01 0.11640284E-01 0.23262791E-01
 0.26020000E+01 0.11914013E-01 0.23165531E-01
 0.26220000E+01 0.12181757E-01 0.23077148E-01
 0.26420000E+01 0.12443621E-01 0.22997479E-01
 0.26620000E+01 0.12699872E-01 0.22926452E-01
 0.26820000E+01 0.12950503E-01 0.22863504E-01
 0.27020000E+01 0.13195766E-01 0.22808155E-01
 0.27220000E+01 0.13435737E-01 0.22760607E-01
 0.27420000E+01 0.13670509E-01 0.22720512E-01
 0.27620000E+01 0.13900301E-01 0.22687758E-01
 0.27820000E+01 0.14125157E-01 0.22661788E-01
 0.28020000E+01 0.14345209E-01 0.22642904E-01
 0.28220000E+01 0.14560568E-01 0.22630611E-01
 0.28420000E+01 0.14771364E-01 0.22624579E-01
 0.28620000E+01 0.14977674E-01 0.22625189E-01
 0.28820000E+01 0.15179542E-01 0.22631697E-01
 0.29020000E+01 0.15377279E-01 0.22644351E-01
 0.29220000E+01 0.15570714E-01 0.22662888E-01
 0.29420000E+01 0.15760134E-01 0.22686590E-01
 0.29620000E+01 0.15945524E-01 0.22716104E-01
 0.29820000E+01 0.16127061E-01 0.22751273E-01
 0.30020000E+01 0.16304718E-01 0.22791441E-01
 0.31020000E+01 0.17138723E-01 0.23068904E-01
 0.32020000E+01 0.17888775E-01 0.23462487E-01
 0.33020000E+01 0.18563346E-01 0.23961548E-01
 0.34020000E+01 0.19169714E-01 0.24556155E-01
 0.35020000E+01 0.19714281E-01 0.25237960E-01
 0.36020000E+01 0.20202710E-01 0.26000082E-01
 0.37020000E+01 0.20640038E-01 0.26835427E-01
 0.38020000E+01 0.21030692E-01 0.27738750E-01
 0.39020000E+01 0.21378688E-01 0.28705003E-01
 0.40020000E+01 0.21687575E-01 0.29729038E-01
 0.41020000E+01 0.21960522E-01 0.30806811E-01
 0.42020000E+01 0.22200403E-01 0.31934515E-01
 0.43020000E+01 0.22409839E-01 0.33108423E-01
 0.44020000E+01 0.22591150E-01 0.34325019E-01
 0.45020000E+01 0.22746504E-01 0.35581318E-01
 0.46020000E+01 0.22877830E-01 0.36874603E-01
 0.47020000E+01 0.22986894E-01 0.38201747E-01
 0.48020000E+01 0.23075376E-01 0.39560212E-01
 0.49020000E+01 0.23144680E-01 0.40947805E-01
 0.50020000E+01 0.23196234E-01 0.42362204E-01
 0.51020000E+01 0.23231266E-01 0.43801872E-01
 0.52020000E+01 0.23250977E-01 0.45262232E-01
 0.53020000E+01 0.23256439E-01 0.46743970E-01
 0.54020000E+01 0.23248635E-01 0.48244555E-01
 0.55020000E+01 0.23228499E-01 0.49762006E-01
 0.56020000E+01 0.23196871E-01 0.51294608E-01
 0.57020000E+01 0.23154579E-01 0.52840731E-01
 0.58020000E+01 0.23102355E-01 0.54398437E-01
 0.59020000E+01 0.23040908E-01 0.55968104E-01
 0.60020000E+01 0.22970829E-01 0.57546320E-01
 0.61020000E+01 0.22892801E-01 0.59132527E-01
 0.62020000E+01 0.22807330E-01 0.60725384E-01
 0.63020000E+01 0.22715012E-01 0.62323695E-01
 0.64020000E+01 0.22616287E-01 0.63926492E-01
 0.65020000E+01 0.22511654E-01 0.65532454E-01
 0.66020000E+01 0.22401541E-01 0.67141074E-01
 0.67020000E+01 0.22286371E-01 0.68750140E-01
 0.68020000E+01 0.22166514E-01 0.70359936E-01
 0.69020000E+01 0.22042359E-01 0.71969063E-01
 0.70020000E+01 0.21914223E-01 0.73576931E-01
 0.71020000E+01 0.21782461E-01 0.75182554E-01
 0.72020000E+01 0.21647335E-01 0.76785047E-01
 0.73020000E+01 0.21509150E-01 0.78384004E-01
 0.74020000E+01 0.21368205E-01 0.79978514E-01
 0.75020000E+01 0.21224716E-01 0.81567777E-01
 0.76020000E+01 0.21078960E-01 0.83151786E-01
 0.77020000E+01 0.20931111E-01 0.84729358E-01
 0.78020000E+01 0.20781424E-01 0.86300092E-01
 0.79020000E+01 0.20630109E-01 0.87863715E-01
 0.80020000E+01 0.20477307E-01 0.89419530E-01
 0.81020000E+01 0.20323240E-01 0.90966900E-01
 0.82020000E+01 0.20168052E-01 0.92505927E-01
 0.83020000E+01 0.20011936E-01 0.94035772E-01
 0.84020000E+01 0.19854996E-01 0.95556205E-01
 0.85020000E+01 0.19697403E-01 0.97066867E-01
 0.86020000E+01 0.19539286E-01 0.98567554E-01
 0.87020000E+01 0.19380777E-01 0.10005781E+00
 0.88020000E+01 0.19221961E-01 0.10153734E+00
 0.89020000E+01 0.19062983E-01 0.10300609E+00
 0.90020000E+01 0.18903933E-01 0.10446354E+00
 0.91020000E+01 0.18744930E-01 0.10590988E+00
 0.92020000E+01 0.18586025E-01 0.10734421E+00
 0.93020000E+01 0.18427339E-01 0.10876717E+00
 0.94020000E+01 0.18268938E-01 0.11017804E+00
 0.95020000E+01 0.18110916E-01 0.11157683E+00
 0.96020000E+01 0.17953316E-01 0.11296352E+00
 0.97020000E+01 0.17796213E-01 0.11433773E+00
 0.98020000E+01 0.17639689E-01 0.11569993E+00
 0.99020000E+01 0.17483783E-01 0.11704915E+00
 0.10002000E+02 0.17328573E-01 0.11838604E+00
 0.10102000E+02 0.17174070E-01 0.11971013E+00
 0.10202000E+02 0.17020347E-01 0.12102164E+00
 0.10302000E+02 0.16867454E-01 0.12232292E+00
 0.10402000E+02 0.16715412E-01 0.12360631E+00
 0.10502000E+02 0.16564277E-01 0.12487947E+00
 0.10602000E+02 0.16414088E-01 0.12613979E+00
 0.10702000E+02 0.16264851E-01 0.12738730E+00
 0.10802000E+02 0.16116609E-01 0.12862199E+00
 0.10902000E+02 0.15969392E-01 0.12984379E+00
 0.11002000E+02 0.15823229E-01 0.13105297E+00
 0.11102000E+02 0.15678138E-01 0.13224936E+00
 0.11202000E+02 0.15534140E-01 0.13343317E+00
 0.11302000E+02 0.15391265E-01 0.13460406E+00
 0.11402000E+02 0.15249506E-01 0.13576232E+00
 0.11502000E+02 0.15108891E-01 0.13690801E+00
 0.11602000E+02 0.14969433E-01 0.13804124E+00
 0.11702000E+02 0.14831152E-01 0.13916204E+00
 0.11802000E+02 0.14694049E-01 0.14027044E+00
 0.11902000E+02 0.14558135E-01 0.14136649E+00
 0.12002000E+02 0.14423421E-01 0.14245024E+00
 0.12102000E+02 0.14289924E-01 0.14352184E+00
 0.12202000E+02 0.14157626E-01 0.14458131E+00
 0.12302000E+02 0.14026541E-01 0.14562888E+00
 0.12402000E+02 0.13896671E-01 0.14666440E+00
 0.12502000E+02 0.13768026E-01 0.14768808E+00
 0.12602000E+02 0.13640611E-01 0.14870017E+00
 0.12702000E+02 0.13514410E-01 0.14970039E+00
 0.12802000E+02 0.13389432E-01 0.15068912E+00
 0.12902000E+02 0.13265680E-01 0.15166660E+00
 0.13002000E+02 0.13143155E-01 0.15263261E+00
 0.13102000E+02 0.13021836E-01 0.15358732E+00
 0.13202000E+02 0.12901736E-01 0.15453115E+00
 0.13302000E+02 0.12782844E-01 0.15546379E+00
 0.13402000E+02 0.12665158E-01 0.15638541E+00
 0.13502000E+02 0.12548674E-01 0.15729618E+00
 0.13602000E+02 0.12433395E-01 0.15819632E+00
 0.13702000E+02 0.12319299E-01 0.15908581E+00
 0.13802000E+02 0.12206390E-01 0.15996478E+00
 0.13902000E+02 0.12094659E-01 0.16083344E+00
 0.14002000E+02 0.11984103E-01 0.16169179E+00
 0.14102000E+02 0.11874718E-01 0.16254008E+00
 0.14202000E+02 0.11766480E-01 0.16337813E+00
 0.14302000E+02 0.11659396E-01 0.16420632E+00
 0.14402000E+02 0.11553446E-01 0.16502468E+00
 0.14502000E+02 0.11448635E-01 0.16583327E+00
 0.14602000E+02 0.11344945E-01 0.16663133E+00
 0.14702000E+02 0.11242372E-01 0.16742177E+00
 0.14802000E+02 0.11140905E-01 0.16820190E+00
 0.14902000E+02 0.11040541E-01 0.16897285E+00
 0.15002000E+02 0.10941262E-01 0.16973450E+00
 0.15102000E+02 0.10843060E-01 0.17048704E+00
 0.15202000E+02 0.10745930E-01 0.17123068E+00
 0.15302000E+02 0.10649859E-01 0.17196553E+00
 0.15402000E+02 0.10554839E-01 0.17269160E+00
 0.15502000E+02 0.10460865E-01 0.17340903E+00
 0.15602000E+02 0.10367915E-01 0.17411787E+00
 0.15702000E+02 0.10275988E-01 0.17481831E+00
 0.15802000E+02 0.10185066E-01 0.17551035E+00
 0.15902000E+02 0.10095147E-01 0.17619427E+00
 0.16002000E+02 0.10006220E-01 0.17687005E+00
 0.16102000E+02 0.99182713E-02 0.17753782E+00
 0.16202000E+02 0.98312940E-02 0.17819762E+00
 0.16302000E+02 0.97452765E-02 0.17884963E+00
 0.16402000E+02 0.96602130E-02 0.17949400E+00
 0.16502000E+02 0.95760866E-02 0.18013074E+00
 0.16602000E+02 0.94928888E-02 0.18075988E+00
 0.16702000E+02 0.94106105E-02 0.18138160E+00
 0.16802000E+02 0.93292422E-02 0.18199609E+00
 0.16902000E+02 0.92487743E-02 0.18260327E+00
 0.17002000E+02 0.91691974E-02 0.18320341E+00
 0.17102000E+02 0.90905066E-02 0.18379644E+00
 0.17202000E+02 0.90126761E-02 0.18438247E+00
 0.17302000E+02 0.89357072E-02 0.18496168E+00
 0.17402000E+02 0.88595894E-02 0.18553419E+00
 0.17502000E+02 0.87843146E-02 0.18610081E+00
 0.17602000E+02 0.87098668E-02 0.18665908E+00
 0.17702000E+02 0.86362402E-02 0.18721167E+00
 0.17802000E+02 0.85634278E-02 0.18775785E+00
 0.17902000E+02 0.84914162E-02 0.18829774E+00
 0.18002000E+02 0.84201973E-02 0.18883122E+00
 0.18102000E+02 0.83497628E-02 0.18935867E+00
 0.18202000E+02 0.82801021E-02 0.18988016E+00
 0.18302000E+02 0.82112096E-02 0.19039529E+00
 0.18402000E+02 0.81430697E-02 0.19090464E+00
 0.18502000E+02 0.80756785E-02 0.19140812E+00
 0.18602000E+02 0.80090230E-02 0.19190582E+00
 0.18702000E+02 0.79430980E-02 0.19239782E+00
 0.18802000E+02 0.78778919E-02 0.19288418E+00
 0.18902000E+02 0.78133991E-02 0.19336498E+00
 0.19002000E+02 0.77496091E-02 0.19384033E+00
 0.19102000E+02 0.76865148E-02 0.19431029E+00
 0.19202000E+02 0.76241108E-02 0.19477493E+00
 0.19302000E+02 0.75623779E-02 0.19523433E+00
 0.19402000E+02 0.75013150E-02 0.19568834E+00
 0.19502000E+02 0.74409135E-02 0.19613735E+00
 0.19602000E+02 0.73811662E-02 0.19658131E+00
 0.19702000E+02 0.73220625E-02 0.19702025E+00
 0.19802000E+02 0.72635997E-02 0.19745435E+00
 0.19902000E+02 0.72057623E-02 0.19788351E+00
 0.20002000E+02 0.71485477E-02 0.19830786E+00
 0.20102000E+02 0.70919481E-02 0.19872749E+00
 0.20202000E+02 0.70359537E-02 0.19914245E+00
 0.20302000E+02 0.69805590E-02 0.19955281E+00
 0.20402000E+02 0.69257555E-02 0.19995864E+00
 0.20502000E+02 0.68715364E-02 0.20035996E+00
 0.20602000E+02 0.68178941E-02 0.20075683E+00
 0.20702000E+02 0.67648229E-02 0.20114934E+00
 0.20802000E+02 0.67123158E-02 0.20153758E+00
 0.20902000E+02 0.66603624E-02 0.20192157E+00
 0.21002000E+02 0.66089585E-02 0.20230137E+00
 0.21102000E+02 0.65580960E-02 0.20267702E+00
 0.21202000E+02 0.65077706E-02 0.20304848E+00
 0.21302000E+02 0.64579730E-02 0.20341600E+00
 0.21402000E+02 0.64086985E-02 0.20377961E+00
 0.21502000E+02 0.63599389E-02 0.20413916E+00
 0.21602000E+02 0.63116892E-02 0.20449484E+00
 0.21702000E+02 0.62639433E-02 0.20484670E+00
 0.21802000E+02 0.62166936E-02 0.20519478E+00
 0.21902000E+02 0.61699410E-02 0.20553926E+00
 0.22002000E+02 0.61236664E-02 0.20587992E+00
 0.22102000E+02 0.60778711E-02 0.20621694E+00
 0.22202000E+02 0.60325484E-02 0.20655038E+00
 0.22302000E+02 0.59876933E-02 0.20688031E+00
 0.22402000E+02 0.59432997E-02 0.20720677E+00
 0.22502000E+02 0.58993611E-02 0.20752971E+00
 0.22602000E+02 0.58558735E-02 0.20784927E+00
 0.22702000E+02 0.58128295E-02 0.20816546E+00
 0.22802000E+02 0.57702269E-02 0.20847839E+00
 0.22902000E+02 0.57280558E-02 0.20878802E+00
 0.23002000E+02 0.56863120E-02 0.20909440E+00
 0.23102000E+02 0.56449920E-02 0.20939759E+00
 0.23202000E+02 0.56040900E-02 0.20969763E+00
 0.23302000E+02 0.55636017E-02 0.20999458E+00
 0.23402000E+02 0.55235203E-02 0.21028845E+00
 0.23502000E+02 0.54838409E-02 0.21057927E+00
 0.23602000E+02 0.54445601E-02 0.21086709E+00
 0.23702000E+02 0.54056720E-02 0.21115196E+00
 0.23802000E+02 0.53671718E-02 0.21143391E+00
 0.23902000E+02 0.53290556E-02 0.21171300E+00
 0.24002000E+02 0.52913175E-02 0.21198928E+00
 0.24102000E+02 0.52539544E-02 0.21226271E+00
 0.24202000E+02 0.52169624E-02 0.21253343E+00
 0.24302000E+02 0.51803332E-02 0.21280133E+00
 0.24402000E+02 0.51440652E-02 0.21306657E+00
 0.24502000E+02 0.51081532E-02 0.21332913E+00
 0.24602000E+02 0.50725939E-02 0.21358906E+00
 0.24702000E+02 0.50373821E-02 0.21384636E+00
 0.24802000E+02 0.50025150E-02 0.21410114E+00
 0.24902000E+02 0.49679864E-02 0.21435331E+00
 0.25002000E+02 0.49337931E-02 0.21460300E+00
 0.25102000E+02 0.48999320E-02 0.21485025E+00
 0.25202000E+02 0.48663977E-02 0.21509501E+00
 0.25302000E+02 0.48331871E-02 0.21533736E+00
 0.25402000E+02 0.48002963E-02 0.21557734E+00
 0.25502000E+02 0.47677256E-02 0.21581505E+00
 0.25602000E+02 0.47354628E-02 0.21605034E+00
 0.25702000E+02 0.47035082E-02 0.21628331E+00
 0.25802000E+02 0.46718590E-02 0.21651409E+00
 0.25902000E+02 0.46405105E-02 0.21674258E+00
 0.26002000E+02 0.46094593E-02 0.21696883E+00
 0.26102000E+02 0.45787029E-02 0.21719290E+00
 0.26202000E+02 0.45482368E-02 0.21741482E+00
 0.26302000E+02 0.45180580E-02 0.21763460E+00
 0.26402000E+02 0.44881631E-02 0.21785225E+00
 0.26502000E+02 0.44585488E-02 0.21806782E+00
 0.26602000E+02 0.44292120E-02 0.21828134E+00
 0.26702000E+02 0.44001491E-02 0.21849290E+00
 0.26802000E+02 0.43713577E-02 0.21870248E+00
 0.26902000E+02 0.43428329E-02 0.21890997E+00
 0.27002000E+02 0.43145747E-02 0.21911554E+00
 0.27102000E+02 0.42865762E-02 0.21931913E+00
 0.27202000E+02 0.42588361E-02 0.21952081E+00
 0.27302000E+02 0.42313516E-02 0.21972058E+00
 0.27402000E+02 0.42041197E-02 0.21991849E+00
 0.27502000E+02 0.41771372E-02 0.22011455E+00
 0.27602000E+02 0.41504017E-02 0.22030879E+00
 0.27702000E+02 0.41239102E-02 0.22050123E+00
 0.27802000E+02 0.40976606E-02 0.22069190E+00
 0.27902000E+02 0.40716483E-02 0.22088077E+00
 0.28002000E+02 0.40458719E-02 0.22106791E+00
 0.28102000E+02 0.40203286E-02 0.22125331E+00
 0.28202000E+02 0.39950155E-02 0.22143704E+00
 0.28302000E+02 0.39699305E-02 0.22161908E+00
 0.28402000E+02 0.39450701E-02 0.22179945E+00
 0.28502000E+02 0.39204327E-02 0.22197821E+00
 0.28602000E+02 0.38960150E-02 0.22215530E+00
 0.28702000E+02 0.38718151E-02 0.22233079E+00
 0.28802000E+02 0.38478304E-02 0.22250470E+00
 0.28902000E+02 0.38240600E-02 0.22267709E+00
 0.29002000E+02 0.38004979E-02 0.22284788E+00
 0.29102000E+02 0.37771444E-02 0.22301714E+00
 0.29202000E+02 0.37539962E-02 0.22318488E+00
 0.29302000E+02 0.37310516E-02 0.22335112E+00
 0.29402000E+02 0.37083079E-02 0.22351591E+00
 0.29502000E+02 0.36857631E-02 0.22367920E+00
 0.29602000E+02 0.36634153E-02 0.22384104E+00
 0.29702000E+02 0.36412618E-02 0.22400147E+00
 0.29802000E+02 0.36193010E-02 0.22416050E+00
 0.29902000E+02 0.35975301E-02 0.22431809E+00
 0.30002000E+02 0.35759476E-02 0.22447431E+00
 0.30102000E+02 0.35545516E-02 0.22462918E+00
 0.30202000E+02 0.35333390E-02 0.22478268E+00
 0.30302000E+02 0.35123085E-02 0.22493483E+00
 0.30402000E+02 0.34914581E-02 0.22508566E+00
 0.30502000E+02 0.34707857E-02 0.22523520E+00
 0.30602000E+02 0.34502899E-02 0.22538344E+00
 0.30702000E+02 0.34299711E-02 0.22553053E+00
 0.30802000E+02 0.34098212E-02 0.22567620E+00
 0.30902000E+02 0.33898421E-02 0.22582061E+00
 0.31002000E+02 0.33700316E-02 0.22596384E+00
 0.31102000E+02 0.33503882E-02 0.22610581E+00
 0.31202000E+02 0.33309096E-02 0.22624656E+00
 0.31302000E+02 0.33115948E-02 0.22638615E+00
 0.31402000E+02 0.32924410E-02 0.22652453E+00
 0.31502000E+02 0.32734474E-02 0.22666173E+00
 0.31602000E+02 0.32546123E-02 0.22679780E+00
 0.31702000E+02 0.32359331E-02 0.22693271E+00
 0.31802000E+02 0.32174088E-02 0.22706647E+00
 0.31902000E+02 0.31990375E-02 0.22719912E+00
 0.32002000E+02 0.31808178E-02 0.22733070E+00
 0.32102000E+02 0.31627485E-02 0.22746114E+00
 0.32202000E+02 0.31448271E-02 0.22759049E+00
 0.32302000E+02 0.31270526E-02 0.22771880E+00
 0.32402000E+02 0.31094233E-02 0.22784601E+00
 0.32502000E+02 0.30919378E-02 0.22797217E+00
 0.32602000E+02 0.30745948E-02 0.22809732E+00
 0.32702000E+02 0.30573923E-02 0.22822141E+00
 0.32802000E+02 0.30403294E-02 0.22834450E+00
 0.32902000E+02 0.30234041E-02 0.22846658E+00
 0.33002000E+02 0.30066159E-02 0.22858768E+00
 0.33102000E+02 0.29899620E-02 0.22870775E+00
 0.33202000E+02 0.29734429E-02 0.22882692E+00
 0.33302000E+02 0.29570548E-02 0.22894506E+00
 0.33402000E+02 0.29407977E-02 0.22906223E+00
 0.33502000E+02 0.29246704E-02 0.22917850E+00
 0.33602000E+02 0.29086710E-02 0.22929381E+00
 0.33702000E+02 0.28927986E-02 0.22940819E+00
 0.33802000E+02 0.28770518E-02 0.22952167E+00
 0.33902000E+02 0.28614295E-02 0.22963424E+00
 0.34002000E+02 0.28459302E-02 0.22974589E+00
 0.34102000E+02 0.28305528E-02 0.22985666E+00
 0.34202000E+02 0.28152961E-02 0.22996656E+00
 0.34302000E+02 0.28001586E-02 0.23007558E+00
 0.34402000E+02 0.27851394E-02 0.23018372E+00
 0.34502000E+02 0.27702378E-02 0.23029108E+00
 0.34602000E+02 0.27554514E-02 0.23039753E+00
 0.34702000E+02 0.27407796E-02 0.23050315E+00
 0.34802000E+02 0.27262216E-02 0.23060796E+00
 0.34902000E+02 0.27117758E-02 0.23071194E+00
 0.35002000E+02 0.26974413E-02 0.23081511E+00
 0.35102000E+02 0.26832171E-02 0.23091749E+00
 0.35202000E+02 0.26691018E-02 0.23101906E+00
 0.35302000E+02 0.26550946E-02 0.23111984E+00
 0.35402000E+02 0.26411946E-02 0.23121987E+00
 0.35502000E+02 0.26274002E-02 0.23131910E+00
 0.35602000E+02 0.26137107E-02 0.23141757E+00
 0.35702000E+02 0.26001253E-02 0.23151531E+00
 0.35802000E+02 0.25866425E-02 0.23161228E+00
 0.35902000E+02 0.25732614E-02 0.23170850E+00
 0.36002000E+02 0.25599813E-02 0.23180405E+00
 0.36102000E+02 0.25468020E-02 0.23189886E+00
 0.36202000E+02 0.25337203E-02 0.23199291E+00
 0.36302000E+02 0.25207365E-02 0.23208623E+00
 0.36402000E+02 0.25078499E-02 0.23217890E+00
 0.36502000E+02 0.24950591E-02 0.23227084E+00
 0.36602000E+02 0.24823636E-02 0.23236208E+00
 0.36702000E+02 0.24697623E-02 0.23245271E+00
 0.36802000E+02 0.24572541E-02 0.23254260E+00
 0.36902000E+02 0.24448384E-02 0.23263181E+00
 0.37002000E+02 0.24325143E-02 0.23271750E+00
 0.37102000E+02 0.24202808E-02 0.23280828E+00
 0.37202000E+02 0.24081370E-02 0.23289550E+00
 0.37302000E+02 0.23960823E-02 0.23298213E+00
 0.37402000E+02 0.23841154E-02 0.23306807E+00
 0.37502000E+02 0.23722359E-02 0.23315340E+00
 0.37602000E+02 0.23604428E-02 0.23323810E+00
 0.37702000E+02 0.23487353E-02 0.23332217E+00
 0.37802000E+02 0.23371126E-02 0.23340564E+00
 0.37902000E+02 0.23255740E-02 0.23348849E+00
 0.38002000E+02 0.23141185E-02 0.23357074E+00
 0.38102000E+02 0.23027455E-02 0.23365239E+00
 0.38202000E+02 0.22914544E-02 0.23373346E+00
 0.38302000E+02 0.22802439E-02 0.23381394E+00
 0.38402000E+02 0.22691159E-02 0.23389393E+00
 0.38502000E+02 0.22580654E-02 0.23397327E+00
 0.38602000E+02 0.22470931E-02 0.23405200E+00
 0.38702000E+02 0.22361987E-02 0.23413017E+00
 0.38802000E+02 0.22253815E-02 0.23420778E+00
 0.38902000E+02 0.22146410E-02 0.23428484E+00
 0.39002000E+02 0.22039763E-02 0.23436136E+00
 0.39102000E+02 0.21933868E-02 0.23443734E+00
 0.39202000E+02 0.21828717E-02 0.23451280E+00
 0.39302000E+02 0.21724303E-02 0.23458769E+00
 0.39402000E+02 0.21620623E-02 0.23466206E+00
 0.39502000E+02 0.21517665E-02 0.23473592E+00
 0.39602000E+02 0.21415424E-02 0.23480923E+00
 0.39702000E+02 0.21313896E-02 0.23488203E+00
 0.39802000E+02 0.21213072E-02 0.23495434E+00
 0.39902000E+02 0.21112946E-02 0.23502613E+00
 0.40002000E+02 0.21013512E-02 0.23509742E+00
 0.40102000E+02 0.20914766E-02 0.23516822E+00
 0.40202000E+02 0.20816697E-02 0.23523852E+00
 0.40302000E+02 0.20719303E-02 0.23530833E+00
 0.40402000E+02 0.20622578E-02 0.23537767E+00
 0.40502000E+02 0.20526514E-02 0.23544652E+00
 0.40602000E+02 0.20431106E-02 0.23551491E+00
 0.40702000E+02 0.20336349E-02 0.23558282E+00
 0.40802000E+02 0.20242235E-02 0.23565028E+00
 0.40902000E+02 0.20148759E-02 0.23571726E+00
 0.41002000E+02 0.20055921E-02 0.23578380E+00
 0.41102000E+02 0.19963706E-02 0.23584988E+00
 0.41202000E+02 0.19872112E-02 0.23591553E+00
 0.41302000E+02 0.19781134E-02 0.23598070E+00
 0.41402000E+02 0.19690769E-02 0.23604544E+00
 0.41502000E+02 0.19601008E-02 0.23610975E+00
 0.41602000E+02 0.19511849E-02 0.23617361E+00
 0.41702000E+02 0.19423285E-02 0.23623706E+00
 0.41802000E+02 0.19335309E-02 0.23630006E+00
 0.41902000E+02 0.19247921E-02 0.23636266E+00
 0.42002000E+02 0.19161111E-02 0.23642483E+00
 0.42102000E+02 0.19074875E-02 0.23648660E+00
 0.42202000E+02 0.18989211E-02 0.23654793E+00
 0.42302000E+02 0.18904110E-02 0.23660887E+00
 0.42402000E+02 0.18819569E-02 0.23666940E+00
 0.42502000E+02 0.18735583E-02 0.23672952E+00
 0.42602000E+02 0.18652149E-02 0.23678926E+00
 0.42702000E+02 0.18569260E-02 0.23684860E+00
 0.42802000E+02 0.18486912E-02 0.23690754E+00
 0.42902000E+02 0.18405101E-02 0.23696611E+00
 0.43002000E+02 0.18323822E-02 0.23702429E+00
 0.43102000E+02 0.18243070E-02 0.23708208E+00
 0.43202000E+02 0.18162842E-02 0.23713951E+00
 0.43302000E+02 0.18083140E-02 0.23719662E+00
 0.43402000E+02 0.18003948E-02 0.23725331E+00
 0.43502000E+02 0.17925261E-02 0.23730961E+00
 0.43602000E+02 0.17847079E-02 0.23736555E+00
 0.43702000E+02 0.17769399E-02 0.23742113E+00
 0.43802000E+02 0.17692216E-02 0.23747634E+00
 0.43902000E+02 0.17615526E-02 0.23753121E+00
 0.44002000E+02 0.17539326E-02 0.23758571E+00
 0.44102000E+02 0.17463610E-02 0.23763989E+00
 0.44202000E+02 0.17388375E-02 0.23769370E+00
 0.44302000E+02 0.17313617E-02 0.23774718E+00
 0.44402000E+02 0.17239333E-02 0.23780032E+00
 0.44502000E+02 0.17165517E-02 0.23785312E+00
 0.44602000E+02 0.17092165E-02 0.23790558E+00
 0.44702000E+02 0.17019275E-02 0.23795770E+00
 0.44802000E+02 0.16946843E-02 0.23800951E+00
 0.44902000E+02 0.16874864E-02 0.23806098E+00
 0.45002000E+02 0.16803335E-02 0.23811213E+00
 0.45102000E+02 0.16732253E-02 0.23816296E+00
 0.45202000E+02 0.16661613E-02 0.23821346E+00
 0.45302000E+02 0.16591413E-02 0.23826365E+00
 0.45402000E+02 0.16521648E-02 0.23831352E+00
 0.45502000E+02 0.16452315E-02 0.23836309E+00
 0.45602000E+02 0.16383411E-02 0.23841235E+00
 0.45702000E+02 0.16314931E-02 0.23846131E+00
 0.45802000E+02 0.16246873E-02 0.23850996E+00
 0.45902000E+02 0.16179237E-02 0.23855833E+00
 0.46002000E+02 0.16112012E-02 0.23860638E+00
 0.46102000E+02 0.16045199E-02 0.23865414E+00
 0.46202000E+02 0.15978794E-02 0.23870159E+00
 0.46302000E+02 0.15912793E-02 0.23874876E+00
 0.46402000E+02 0.15847195E-02 0.23879567E+00
 0.46502000E+02 0.15781994E-02 0.23884226E+00
 0.46602000E+02 0.15717190E-02 0.23888859E+00
 0.46702000E+02 0.15652777E-02 0.23893462E+00
 0.46802000E+02 0.15588754E-02 0.23898037E+00
 0.46902000E+02 0.15525117E-02 0.23902583E+00
 0.47002000E+02 0.15461863E-02 0.23907103E+00
 0.47102000E+02 0.15398988E-02 0.23911596E+00
 0.47202000E+02 0.15336491E-02 0.23916060E+00
 0.47302000E+02 0.15274368E-02 0.23920499E+00
 0.47402000E+02 0.15212616E-02 0.23924911E+00
 0.47502000E+02 0.15151232E-02 0.23929296E+00
 0.47602000E+02 0.15090214E-02 0.23933655E+00
 0.47702000E+02 0.15029557E-02 0.23937988E+00
 0.47802000E+02 0.14969261E-02 0.23942294E+00
 0.47902000E+02 0.14909321E-02 0.23946575E+00
 0.48002000E+02 0.14849735E-02 0.23950831E+00
 0.48102000E+02 0.14790508E-02 0.23955067E+00
 0.48202000E+02 0.14731622E-02 0.23959272E+00
 0.48302000E+02 0.14673082E-02 0.23963453E+00
 0.48402000E+02 0.14614885E-02 0.23967609E+00
 0.48502000E+02 0.14557030E-02 0.23971741E+00
 0.48602000E+02 0.14499511E-02 0.23975849E+00
 0.48702000E+02 0.14442329E-02 0.23979931E+00
 0.48802000E+02 0.14385479E-02 0.23983990E+00
 0.48902000E+02 0.14328960E-02 0.23988025E+00
 0.49002000E+02 0.14272769E-02 0.23992042E+00
 0.49102000E+02 0.14216903E-02 0.23996026E+00
 0.49202000E+02 0.14161359E-02 0.23999993E+00
 0.49302000E+02 0.14106137E-02 0.24003935E+00
 0.49402000E+02 0.14051232E-02 0.24007854E+00
 0.49502000E+02 0.13996642E-02 0.24011751E+00
 0.49602000E+02 0.13942366E-02 0.24015625E+00
 0.49702000E+02 0.13888401E-02 0.24019478E+00
 0.49802000E+02 0.13834744E-02 0.24023309E+00
 0.49902000E+02 0.13781394E-02 0.24027117E+00
 0.50002000E+02 0.13728347E-02 0.24030902E+00
 0.50102000E+02 0.13675602E-02 0.24034667E+00
 0.50202000E+02 0.13623156E-02 0.24038410E+00
 0.50302000E+02 0.13571007E-02 0.24042132E+00
 0.50402000E+02 0.13519154E-02 0.24045832E+00
 0.50502000E+02 0.13467593E-02 0.24049512E+00
 0.50602000E+02 0.13416323E-02 0.24053171E+00
 0.50702000E+02 0.13365341E-02 0.24056808E+00
 0.50802000E+02 0.13314646E-02 0.24060426E+00
 0.50902000E+02 0.13264235E-02 0.24064024E+00
 0.51002000E+02 0.13214106E-02 0.24067600E+00
 0.51102000E+02 0.13164257E-02 0.24071158E+00
 0.51202000E+02 0.13114686E-02 0.24074695E+00
 0.51302000E+02 0.13065390E-02 0.24078212E+00
 0.51402000E+02 0.13016384E-02 0.24081724E+00
 0.51502000E+02 0.12967634E-02 0.24085232E+00
 0.51602000E+02 0.12919154E-02 0.24088659E+00
 0.51702000E+02 0.12870942E-02 0.24092098E+00
 0.51802000E+02 0.12822996E-02 0.24095519E+00
 0.51902000E+02 0.12775314E-02 0.24098919E+00
 0.52002000E+02 0.12727894E-02 0.24102302E+00
 0.52102000E+02 0.12680735E-02 0.24105666E+00
 0.52202000E+02 0.12633835E-02 0.24109011E+00
 0.52302000E+02 0.12587190E-02 0.24112339E+00
 0.52402000E+02 0.12540801E-02 0.24115647E+00
 0.52502000E+02 0.12494664E-02 0.24118937E+00
 0.52602000E+02 0.12448778E-02 0.24122209E+00
 0.52702000E+02 0.12403142E-02 0.24125464E+00
 0.52802000E+02 0.12357754E-02 0.24128701E+00
 0.52902000E+02 0.12312611E-02 0.24131921E+00
 0.53002000E+02 0.12267712E-02 0.24135122E+00
 0.53102000E+02 0.12223055E-02 0.24138307E+00
 0.53202000E+02 0.12178639E-02 0.24141474E+00
 0.53302000E+02 0.12134462E-02 0.24144625E+00
 0.53402000E+02 0.12090523E-02 0.24147758E+00
 0.53502000E+02 0.12046818E-02 0.24150874E+00
 0.53602000E+02 0.12003347E-02 0.24153974E+00
 0.53702000E+02 0.11960109E-02 0.24157057E+00
 0.53802000E+02 0.11917101E-02 0.24160124E+00
 0.53902000E+02 0.11874323E-02 0.24163175E+00
 0.54002000E+02 0.11831771E-02 0.24166209E+00
 0.54102000E+02 0.11789447E-02 0.24169229E+00
 0.54202000E+02 0.11747345E-02 0.24172231E+00
 0.54302000E+02 0.11705466E-02 0.24175216E+00
 0.54402000E+02 0.11663808E-02 0.24178187E+00
 0.54502000E+02 0.11622369E-02 0.24181142E+00
 0.54602000E+02 0.11581148E-02 0.24184080E+00
 0.54702000E+02 0.11540144E-02 0.24187004E+00
 0.54802000E+02 0.11499354E-02 0.24189912E+00
 0.54902000E+02 0.11458779E-02 0.24192804E+00
 0.55002000E+02 0.11418415E-02 0.24195682E+00
 0.55102000E+02 0.11378262E-02 0.24198545E+00
 0.55202000E+02 0.11338318E-02 0.24201392E+00
 0.55302000E+02 0.11298582E-02 0.24204224E+00
 0.55402000E+02 0.11259051E-02 0.24207042E+00
 0.55502000E+02 0.11219727E-02 0.24209845E+00
 0.55602000E+02 0.11180605E-02 0.24212437E+00
 0.55702000E+02 0.11141685E-02 0.24215410E+00
 0.55802000E+02 0.11102966E-02 0.24218171E+00
 0.55902000E+02 0.11064448E-02 0.24220917E+00
 0.56002000E+02 0.11026126E-02 0.24223648E+00
 0.56102000E+02 0.10988001E-02 0.24226366E+00
 0.56202000E+02 0.10950072E-02 0.24229069E+00
 0.56302000E+02 0.10912336E-02 0.24231758E+00
 0.56402000E+02 0.10874795E-02 0.24234436E+00
 0.56502000E+02 0.10837443E-02 0.24237098E+00
 0.56602000E+02 0.10800282E-02 0.24239746E+00
 0.56702000E+02 0.10763309E-02 0.24242381E+00
 0.56802000E+02 0.10726525E-02 0.24245003E+00
 0.56902000E+02 0.10689926E-02 0.24247611E+00
 0.57002000E+02 0.10653513E-02 0.24250207E+00
 0.57102000E+02 0.10617283E-02 0.24252788E+00
 0.57202000E+02 0.10581237E-02 0.24255357E+00
 0.57302000E+02 0.10545371E-02 0.24257912E+00
 0.57402000E+02 0.10509686E-02 0.24260456E+00
 0.57502000E+02 0.10474180E-02 0.24262987E+00
 0.57602000E+02 0.10438852E-02 0.24265504E+00
 0.57702000E+02 0.10403700E-02 0.24268009E+00
 0.57802000E+02 0.10368724E-02 0.24270501E+00
 0.57902000E+02 0.10333922E-02 0.24272982E+00
 0.58002000E+02 0.10299294E-02 0.24275449E+00
 0.58102000E+02 0.10264837E-02 0.24277905E+00
 0.58202000E+02 0.10230552E-02 0.24280347E+00
 0.58302000E+02 0.10196436E-02 0.24282779E+00
 0.58402000E+02 0.10162489E-02 0.24285198E+00
 0.58502000E+02 0.10128710E-02 0.24287605E+00
 0.58602000E+02 0.10095097E-02 0.24290000E+00
 0.58702000E+02 0.10061650E-02 0.24292383E+00
 0.58802000E+02 0.10028368E-02 0.24294756E+00
 0.58902000E+02 0.99952499E-03 0.24297119E+00
 0.59002000E+02 0.99622924E-03 0.24299467E+00
 0.59102000E+02 0.99294959E-03 0.24301804E+00
 0.59202000E+02 0.98968596E-03 0.24304129E+00
 0.59302000E+02 0.98643827E-03 0.24306443E+00
 0.59402000E+02 0.98320636E-03 0.24308745E+00
 0.59502000E+02 0.97999017E-03 0.24311037E+00
 0.59602000E+02 0.97678964E-03 0.24313317E+00
 0.59702000E+02 0.97360457E-03 0.24315586E+00
 0.59802000E+02 0.97043490E-03 0.24317844E+00
 0.59902000E+02 0.96728059E-03 0.24320092E+00
 0.60002000E+02 0.96414145E-03 0.24322329E+00
 0.60102000E+02 0.96101742E-03 0.24324554E+00
 0.60202000E+02 0.95790845E-03 0.24326769E+00
 0.60302000E+02 0.95481437E-03 0.24328973E+00
 0.60402000E+02 0.95173514E-03 0.24331167E+00
 0.60502000E+02 0.94867067E-03 0.24333350E+00
 0.60602000E+02 0.94562083E-03 0.24335524E+00
 0.60702000E+02 0.94258553E-03 0.24337686E+00
 0.60802000E+02 0.93956470E-03 0.24339837E+00
 0.60902000E+02 0.93655828E-03 0.24341980E+00
 0.61002000E+02 0.93356610E-03 0.24344112E+00
 0.61102000E+02 0.93058813E-03 0.24346233E+00
 0.61202000E+02 0.92762424E-03 0.24348345E+00
 0.61302000E+02 0.92467446E-03 0.24350447E+00
 0.61402000E+02 0.92173849E-03 0.24352539E+00
 0.61502000E+02 0.91881640E-03 0.24354621E+00
 0.61602000E+02 0.91590803E-03 0.24356693E+00
 0.61702000E+02 0.91301334E-03 0.24358755E+00
 0.61802000E+02 0.91013225E-03 0.24360807E+00
 0.61902000E+02 0.90726464E-03 0.24362850E+00
 0.62002000E+02 0.90441045E-03 0.24364883E+00
 0.62102000E+02 0.90156965E-03 0.24366908E+00
 0.62202000E+02 0.89874203E-03 0.24368923E+00
 0.62302000E+02 0.89592760E-03 0.24370936E+00
 0.62402000E+02 0.89312629E-03 0.24372932E+00
 0.62502000E+02 0.89033793E-03 0.24374918E+00
 0.62602000E+02 0.88756297E-03 0.24376901E+00
 0.62702000E+02 0.88480041E-03 0.24378870E+00
 0.62802000E+02 0.88205058E-03 0.24380829E+00
 0.62902000E+02 0.87931347E-03 0.24382779E+00
 0.63002000E+02 0.87658900E-03 0.24384720E+00
 0.63102000E+02 0.87387704E-03 0.24386652E+00
 0.63202000E+02 0.87117754E-03 0.24388575E+00
 0.63302000E+02 0.86849044E-03 0.24390489E+00
 0.63402000E+02 0.86581569E-03 0.24392395E+00
 0.63502000E+02 0.86315313E-03 0.24394292E+00
 0.63602000E+02 0.86050276E-03 0.24396181E+00
 0.63702000E+02 0.85786454E-03 0.24398061E+00
 0.63802000E+02 0.85523845E-03 0.24399935E+00
 0.63902000E+02 0.85262409E-03 0.24401797E+00
 0.64002000E+02 0.85002161E-03 0.24403651E+00
 0.64102000E+02 0.84743094E-03 0.24405497E+00
 0.64202000E+02 0.84485200E-03 0.24407334E+00
 0.64302000E+02 0.84228473E-03 0.24409163E+00
 0.64402000E+02 0.83972904E-03 0.24410984E+00
 0.64502000E+02 0.83718489E-03 0.24412796E+00
 0.64602000E+02 0.83465222E-03 0.24414601E+00
 0.64702000E+02 0.83213090E-03 0.24416397E+00
 0.64802000E+02 0.82962090E-03 0.24418185E+00
 0.64902000E+02 0.82712216E-03 0.24419966E+00
 0.65002000E+02 0.82463460E-03 0.24421738E+00
 0.65102000E+02 0.82215816E-03 0.24423502E+00
 0.65202000E+02 0.81969278E-03 0.24425259E+00
 0.65302000E+02 0.81723838E-03 0.24427008E+00
 0.65402000E+02 0.81479490E-03 0.24428749E+00
 0.65502000E+02 0.81236230E-03 0.24430482E+00
 0.65602000E+02 0.80994049E-03 0.24432208E+00
 0.65702000E+02 0.80752941E-03 0.24433926E+00
 0.65802000E+02 0.80512899E-03 0.24435637E+00
 0.65902000E+02 0.80273919E-03 0.24437340E+00
 0.66002000E+02 0.80035993E-03 0.24439035E+00
 0.66102000E+02 0.79799115E-03 0.24440723E+00
 0.66202000E+02 0.79563288E-03 0.24442405E+00
 0.66302000E+02 0.79328488E-03 0.24444078E+00
 0.66402000E+02 0.79094718E-03 0.24445744E+00
 0.66502000E+02 0.78861973E-03 0.24447403E+00
 0.66602000E+02 0.78630246E-03 0.24449055E+00
 0.66702000E+02 0.78399532E-03 0.24450699E+00
 0.66802000E+02 0.78169823E-03 0.24452336E+00
 0.66902000E+02 0.77941116E-03 0.24453966E+00
 0.67002000E+02 0.77713404E-03 0.24455588E+00
 0.67102000E+02 0.77486682E-03 0.24457205E+00
 0.67202000E+02 0.77260942E-03 0.24458813E+00
 0.67302000E+02 0.77036181E-03 0.24460415E+00
 0.67402000E+02 0.76812392E-03 0.24462010E+00
 0.67502000E+02 0.76589570E-03 0.24463599E+00
 0.67602000E+02 0.76367709E-03 0.24465180E+00
 0.67702000E+02 0.76146805E-03 0.24466755E+00
 0.67802000E+02 0.75926850E-03 0.24468323E+00
 0.67902000E+02 0.75707841E-03 0.24469884E+00
 0.68002000E+02 0.75489771E-03 0.24471439E+00
 0.68102000E+02 0.75272635E-03 0.24472986E+00
 0.68202000E+02 0.75056429E-03 0.24474528E+00
 0.68302000E+02 0.74841146E-03 0.24476063E+00
 0.68402000E+02 0.74626782E-03 0.24477591E+00
 0.68502000E+02 0.74413330E-03 0.24479113E+00
 0.68602000E+02 0.74200787E-03 0.24480628E+00
 0.68702000E+02 0.73989164E-03 0.24482140E+00
 0.68802000E+02 0.73778420E-03 0.24483642E+00
 0.68902000E+02 0.73568570E-03 0.24485138E+00
 0.69002000E+02 0.73359608E-03 0.24486628E+00
 0.69102000E+02 0.73151528E-03 0.24488111E+00
 0.69202000E+02 0.72944328E-03 0.24489588E+00
 0.69302000E+02 0.72738000E-03 0.24491060E+00
 0.69402000E+02 0.72532541E-03 0.24492525E+00
 0.69502000E+02 0.72327944E-03 0.24493984E+00
 0.69602000E+02 0.72124207E-03 0.24495436E+00
 0.69702000E+02 0.71921323E-03 0.24496883E+00
 0.69802000E+02 0.71719290E-03 0.24498324E+00
 0.69902000E+02 0.71518100E-03 0.24499759E+00
 0.70002000E+02 0.71317750E-03 0.24501189E+00
 0.70102000E+02 0.71118237E-03 0.24502612E+00
 0.70202000E+02 0.70919553E-03 0.24504029E+00
 0.70302000E+02 0.70721694E-03 0.24505440E+00
 0.70402000E+02 0.70524657E-03 0.24506846E+00
 0.70502000E+02 0.70328438E-03 0.24508246E+00
 0.70602000E+02 0.70133030E-03 0.24509640E+00
 0.70702000E+02 0.69938431E-03 0.24511028E+00
 0.70802000E+02 0.69744636E-03 0.24512410E+00
 0.70902000E+02 0.69551638E-03 0.24513787E+00
 0.71002000E+02 0.69359436E-03 0.24515158E+00
 0.71102000E+02 0.69168025E-03 0.24516524E+00
 0.71202000E+02 0.68977401E-03 0.24517884E+00
 0.71302000E+02 0.68787558E-03 0.24519239E+00
 0.71402000E+02 0.68598493E-03 0.24520588E+00
 0.71502000E+02 0.68410200E-03 0.24521934E+00
 0.71602000E+02 0.68222678E-03 0.24523272E+00
 0.71702000E+02 0.68035920E-03 0.24524605E+00
 0.71802000E+02 0.67849924E-03 0.24525933E+00
 0.71902000E+02 0.67664686E-03 0.24527255E+00
 0.72002000E+02 0.67480199E-03 0.24528572E+00
 0.72102000E+02 0.67296462E-03 0.24529883E+00
 0.72202000E+02 0.67113468E-03 0.24531189E+00
 0.72302000E+02 0.66931250E-03 0.24532496E+00
 0.72402000E+02 0.66749732E-03 0.24533792E+00
 0.72502000E+02 0.66568948E-03 0.24535082E+00
 0.72602000E+02 0.66388893E-03 0.24536367E+00
 0.72702000E+02 0.66209567E-03 0.24537648E+00
 0.72802000E+02 0.66030957E-03 0.24538922E+00
 0.72902000E+02 0.65853066E-03 0.24540192E+00
 0.73002000E+02 0.65675888E-03 0.24541457E+00
 0.73102000E+02 0.65499419E-03 0.24542717E+00
 0.73202000E+02 0.65323657E-03 0.24543972E+00
 0.73302000E+02 0.65148597E-03 0.24545222E+00
 0.73402000E+02 0.64974236E-03 0.24546467E+00
 0.73502000E+02 0.64800570E-03 0.24547707E+00
 0.73602000E+02 0.64627595E-03 0.24548942E+00
 0.73702000E+02 0.64455307E-03 0.24550172E+00
 0.73802000E+02 0.64283704E-03 0.24551398E+00
 0.73902000E+02 0.64112782E-03 0.24552619E+00
 0.74002000E+02 0.63942535E-03 0.24553835E+00
 0.74102000E+02 0.63772961E-03 0.24555047E+00
 0.74202000E+02 0.63604058E-03 0.24556253E+00
 0.74302000E+02 0.63435821E-03 0.24557455E+00
 0.74402000E+02 0.63268246E-03 0.24558652E+00
 0.74502000E+02 0.63101330E-03 0.24559845E+00
 0.74602000E+02 0.62935071E-03 0.24561033E+00
 0.74702000E+02 0.62769464E-03 0.24562216E+00
 0.74802000E+02 0.62604507E-03 0.24563395E+00
 0.74902000E+02 0.62440195E-03 0.24564569E+00
 0.75002000E+02 0.62276525E-03 0.24565739E+00
 0.75102000E+02 0.62113494E-03 0.24566904E+00
 0.75202000E+02 0.61951098E-03 0.24568065E+00
 0.75302000E+02 0.61789336E-03 0.24569221E+00
 0.75402000E+02 0.61628202E-03 0.24570373E+00
 0.75502000E+02 0.61467695E-03 0.24571521E+00
 0.75602000E+02 0.61307811E-03 0.24572664E+00
 0.75702000E+02 0.61148546E-03 0.24573803E+00
 0.75802000E+02 0.60989897E-03 0.24574937E+00
 0.75902000E+02 0.60831860E-03 0.24576067E+00
 0.76002000E+02 0.60674434E-03 0.24577193E+00
 0.76102000E+02 0.60517615E-03 0.24578314E+00
 0.76202000E+02 0.60361400E-03 0.24579432E+00
 0.76302000E+02 0.60205786E-03 0.24580545E+00
 0.76402000E+02 0.60050772E-03 0.24581654E+00
 0.76502000E+02 0.59896349E-03 0.24582759E+00
 0.76602000E+02 0.59742518E-03 0.24583859E+00
 0.76702000E+02 0.59589277E-03 0.24584956E+00
 0.76802000E+02 0.59436620E-03 0.24586048E+00
 0.76902000E+02 0.59284547E-03 0.24587136E+00
 0.77002000E+02 0.59133053E-03 0.24588220E+00
 0.77102000E+02 0.58982136E-03 0.24589300E+00
 0.77202000E+02 0.58831864E-03 0.24590390E+00
 0.77302000E+02 0.58682089E-03 0.24591462E+00
 0.77402000E+02 0.58532885E-03 0.24592530E+00
 0.77502000E+02 0.58384243E-03 0.24593593E+00
 0.77602000E+02 0.58236166E-03 0.24594653E+00
 0.77702000E+02 0.58088647E-03 0.24595710E+00
 0.77802000E+02 0.57941685E-03 0.24596762E+00
 0.77902000E+02 0.57795277E-03 0.24597811E+00
 0.78002000E+02 0.57649419E-03 0.24598855E+00
 0.78102000E+02 0.57504112E-03 0.24599896E+00
 0.78202000E+02 0.57359350E-03 0.24600932E+00
 0.78302000E+02 0.57215131E-03 0.24601965E+00
 0.78402000E+02 0.57071452E-03 0.24602994E+00
 0.78502000E+02 0.56928312E-03 0.24604020E+00
 0.78602000E+02 0.56785706E-03 0.24605041E+00
 0.78702000E+02 0.56643633E-03 0.24606059E+00
 0.78802000E+02 0.56502089E-03 0.24607073E+00
 0.78902000E+02 0.56361073E-03 0.24608084E+00
 0.79002000E+02 0.56220582E-03 0.24609091E+00
 0.79102000E+02 0.56080612E-03 0.24610094E+00
 0.79202000E+02 0.55941162E-03 0.24611093E+00
 0.79302000E+02 0.55802229E-03 0.24612089E+00
 0.79402000E+02 0.55663809E-03 0.24613082E+00
 0.79502000E+02 0.55525903E-03 0.24614071E+00
 0.79602000E+02 0.55388504E-03 0.24615056E+00
 0.79702000E+02 0.55251613E-03 0.24616037E+00
 0.79802000E+02 0.55115226E-03 0.24617016E+00
 0.79902000E+02 0.54979341E-03 0.24617990E+00
 0.80002000E+02 0.54843958E-03 0.24618962E+00
 0.80102000E+02 0.54709069E-03 0.24619930E+00
 0.80202000E+02 0.54574675E-03 0.24620894E+00
 0.80302000E+02 0.54440779E-03 0.24621856E+00
 0.80402000E+02 0.54307367E-03 0.24622814E+00
 0.80502000E+02 0.54174441E-03 0.24623767E+00
 0.80602000E+02 0.54042001E-03 0.24624718E+00
 0.80702000E+02 0.53910043E-03 0.24625666E+00
 0.80802000E+02 0.53778566E-03 0.24626609E+00
 0.80902000E+02 0.53647567E-03 0.24627550E+00
 0.81002000E+02 0.53517043E-03 0.24628487E+00
 0.81102000E+02 0.53386995E-03 0.24629422E+00
 0.81202000E+02 0.53257416E-03 0.24630352E+00
 0.81302000E+02 0.53128307E-03 0.24631280E+00
 0.81402000E+02 0.52999664E-03 0.24632204E+00
 0.81502000E+02 0.52871485E-03 0.24633125E+00
 0.81602000E+02 0.52743768E-03 0.24634043E+00
 0.81702000E+02 0.52616512E-03 0.24634957E+00
 0.81802000E+02 0.52489713E-03 0.24635869E+00
 0.81902000E+02 0.52363370E-03 0.24636778E+00
 0.82002000E+02 0.52237481E-03 0.24637683E+00
 0.82102000E+02 0.52112042E-03 0.24638585E+00
 0.82202000E+02 0.51987053E-03 0.24639484E+00
 0.82302000E+02 0.51862511E-03 0.24640380E+00
 0.82402000E+02 0.51738414E-03 0.24641272E+00
 0.82502000E+02 0.51614760E-03 0.24642162E+00
 0.82602000E+02 0.51491546E-03 0.24643049E+00
 0.82702000E+02 0.51368771E-03 0.24643933E+00
 0.82802000E+02 0.51246432E-03 0.24644813E+00
 0.82902000E+02 0.51124527E-03 0.24645691E+00
 0.83002000E+02 0.51003057E-03 0.24646566E+00
 0.83102000E+02 0.50882016E-03 0.24647437E+00
 0.83202000E+02 0.50761404E-03 0.24648306E+00
 0.83302000E+02 0.50641217E-03 0.24649172E+00
 0.83402000E+02 0.50521455E-03 0.24650034E+00
 0.83502000E+02 0.50402115E-03 0.24650894E+00
 0.83602000E+02 0.50283195E-03 0.24651751E+00
 0.83702000E+02 0.50164697E-03 0.24652606E+00
 0.83802000E+02 0.50046612E-03 0.24653457E+00
 0.83902000E+02 0.49928943E-03 0.24654305E+00
 0.84002000E+02 0.49811685E-03 0.24655151E+00
 0.84102000E+02 0.49694839E-03 0.24655994E+00
 0.84202000E+02 0.49578401E-03 0.24656833E+00
 0.84302000E+02 0.49462370E-03 0.24657670E+00
 0.84402000E+02 0.49346744E-03 0.24658505E+00
 0.84502000E+02 0.49231522E-03 0.24659336E+00
 0.84602000E+02 0.49116700E-03 0.24660165E+00
 0.84702000E+02 0.49002278E-03 0.24660991E+00
 0.84802000E+02 0.48888255E-03 0.24661815E+00
 0.84902000E+02 0.48774627E-03 0.24662635E+00
 0.85002000E+02 0.48661392E-03 0.24663453E+00
 0.85102000E+02 0.48548550E-03 0.24664268E+00
 0.85202000E+02 0.48436097E-03 0.24665080E+00
 0.85302000E+02 0.48324034E-03 0.24665890E+00
 0.85402000E+02 0.48212357E-03 0.24666699E+00
 0.85502000E+02 0.48101065E-03 0.24667503E+00
 0.85602000E+02 0.47990156E-03 0.24668306E+00
 0.85702000E+02 0.47879628E-03 0.24669105E+00
 0.85802000E+02 0.47769481E-03 0.24669902E+00
 0.85902000E+02 0.47659711E-03 0.24670696E+00
 0.86002000E+02 0.47550319E-03 0.24671488E+00
 0.86102000E+02 0.47441300E-03 0.24672277E+00
 0.86202000E+02 0.47332655E-03 0.24673064E+00
 0.86302000E+02 0.47224380E-03 0.24673848E+00
 0.86402000E+02 0.47116475E-03 0.24674629E+00
 0.86502000E+02 0.47008937E-03 0.24675408E+00
 0.86602000E+02 0.46901766E-03 0.24676185E+00
 0.86702000E+02 0.46794961E-03 0.24676959E+00
 0.86802000E+02 0.46688517E-03 0.24677731E+00
 0.86902000E+02 0.46582436E-03 0.24678500E+00
 0.87002000E+02 0.46476712E-03 0.24679267E+00
 0.87102000E+02 0.46371347E-03 0.24680031E+00
 0.87202000E+02 0.46266339E-03 0.24680796E+00
 0.87302000E+02 0.46161685E-03 0.24681555E+00
 0.87402000E+02 0.46057387E-03 0.24682313E+00
 0.87502000E+02 0.45953444E-03 0.24683069E+00
 0.87602000E+02 0.45849845E-03 0.24683822E+00
 0.87702000E+02 0.45746594E-03 0.24684571E+00
 0.87802000E+02 0.45643691E-03 0.24685319E+00
 0.87902000E+02 0.45541132E-03 0.24686064E+00
 0.88002000E+02 0.45438917E-03 0.24686807E+00
 0.88102000E+02 0.45337046E-03 0.24687548E+00
 0.88202000E+02 0.45235514E-03 0.24688287E+00
 0.88302000E+02 0.45134322E-03 0.24689023E+00
 0.88402000E+02 0.45033468E-03 0.24689757E+00
 0.88502000E+02 0.44932951E-03 0.24690488E+00
 0.88602000E+02 0.44832768E-03 0.24691218E+00
 0.88702000E+02 0.44732918E-03 0.24691945E+00
 0.88802000E+02 0.44633401E-03 0.24692670E+00
 0.88902000E+02 0.44534213E-03 0.24693393E+00
 0.89002000E+02 0.44435354E-03 0.24694113E+00
 0.89102000E+02 0.44336823E-03 0.24694832E+00
 0.89202000E+02 0.44238618E-03 0.24695548E+00
 0.89302000E+02 0.44140737E-03 0.24696262E+00
 0.89402000E+02 0.44043180E-03 0.24696974E+00
 0.89502000E+02 0.43945945E-03 0.24697684E+00
 0.89602000E+02 0.43849030E-03 0.24698392E+00
 0.89702000E+02 0.43752434E-03 0.24699097E+00
 0.89802000E+02 0.43656155E-03 0.24699801E+00
 0.89902000E+02 0.43560193E-03 0.24700502E+00
 0.90002000E+02 0.43464545E-03 0.24701201E+00
 0.90102000E+02 0.43369212E-03 0.24701899E+00
 0.90202000E+02 0.43274189E-03 0.24702594E+00
 0.90302000E+02 0.43179478E-03 0.24703287E+00
 0.90402000E+02 0.43085077E-03 0.24703978E+00
 0.90502000E+02 0.42990983E-03 0.24704667E+00
 0.90602000E+02 0.42897196E-03 0.24705354E+00
 0.90702000E+02 0.42803714E-03 0.24706039E+00
 0.90802000E+02 0.42710536E-03 0.24706722E+00
 0.90902000E+02 0.42617662E-03 0.24707403E+00
 0.91002000E+02 0.42525090E-03 0.24708083E+00
 0.91102000E+02 0.42432817E-03 0.24708760E+00
 0.91202000E+02 0.42340842E-03 0.24709435E+00
 0.91302000E+02 0.42249165E-03 0.24710108E+00
 0.91402000E+02 0.42157784E-03 0.24710779E+00
 0.91502000E+02 0.42066699E-03 0.24711449E+00
 0.91602000E+02 0.41975907E-03 0.24712116E+00
 0.91702000E+02 0.41885407E-03 0.24712782E+00
 0.91802000E+02 0.41795199E-03 0.24713445E+00
 0.91902000E+02 0.41705281E-03 0.24714107E+00
 0.92002000E+02 0.41615651E-03 0.24714767E+00
 0.92102000E+02 0.41526309E-03 0.24715425E+00
 0.92202000E+02 0.41437254E-03 0.24716082E+00
 0.92302000E+02 0.41348484E-03 0.24716736E+00
 0.92402000E+02 0.41259997E-03 0.24717389E+00
 0.92502000E+02 0.41171794E-03 0.24718040E+00
 0.92602000E+02 0.41083871E-03 0.24718689E+00
 0.92702000E+02 0.40996229E-03 0.24719336E+00
 0.92802000E+02 0.40908866E-03 0.24719981E+00
 0.92902000E+02 0.40821781E-03 0.24720625E+00
 0.93002000E+02 0.40734983E-03 0.24721270E+00
 0.93102000E+02 0.40648450E-03 0.24721911E+00
 0.93202000E+02 0.40562191E-03 0.24722551E+00
 0.93302000E+02 0.40476206E-03 0.24723187E+00
 0.93402000E+02 0.40390493E-03 0.24723822E+00
 0.93502000E+02 0.40305051E-03 0.24724456E+00
 0.93602000E+02 0.40219878E-03 0.24725087E+00
 0.93702000E+02 0.40134975E-03 0.24725717E+00
 0.93802000E+02 0.40050339E-03 0.24726346E+00
 0.93902000E+02 0.39965969E-03 0.24726972E+00
 0.94002000E+02 0.39881866E-03 0.24727598E+00
 0.94102000E+02 0.39798025E-03 0.24728221E+00
 0.94202000E+02 0.39714449E-03 0.24728843E+00
 0.94302000E+02 0.39631134E-03 0.24729463E+00
 0.94402000E+02 0.39548080E-03 0.24730081E+00
 0.94502000E+02 0.39465286E-03 0.24730698E+00
 0.94602000E+02 0.39382751E-03 0.24731314E+00
 0.94702000E+02 0.39300476E-03 0.24731928E+00
 0.94802000E+02 0.39218459E-03 0.24732541E+00
 0.94902000E+02 0.39136694E-03 0.24733152E+00
 0.95002000E+02 0.39055182E-03 0.24733761E+00
 0.95102000E+02 0.38973925E-03 0.24734369E+00
 0.95202000E+02 0.38892920E-03 0.24734974E+00
 0.95302000E+02 0.38812167E-03 0.24735579E+00
 0.95402000E+02 0.38731664E-03 0.24736182E+00
 0.95502000E+02 0.38651410E-03 0.24736783E+00
 0.95602000E+02 0.38571404E-03 0.24737383E+00
 0.95702000E+02 0.38491646E-03 0.24737982E+00
 0.95802000E+02 0.38412134E-03 0.24738580E+00
 0.95902000E+02 0.38332869E-03 0.24739176E+00
 0.96002000E+02 0.38253846E-03 0.24739770E+00
 0.96102000E+02 0.38175067E-03 0.24740363E+00
 0.96202000E+02 0.38096530E-03 0.24740954E+00
 0.96302000E+02 0.38018235E-03 0.24741544E+00
 0.96402000E+02 0.37940179E-03 0.24742133E+00
 0.96502000E+02 0.37862364E-03 0.24742720E+00
 0.96602000E+02 0.37784786E-03 0.24743306E+00
 0.96702000E+02 0.37707446E-03 0.24743890E+00
 0.96802000E+02 0.37630342E-03 0.24744474E+00
 0.96902000E+02 0.37553473E-03 0.24745056E+00
 0.97002000E+02 0.37476840E-03 0.24745637E+00
 0.97102000E+02 0.37400440E-03 0.24746216E+00
 0.97202000E+02 0.37324272E-03 0.24746794E+00
 0.97302000E+02 0.37248336E-03 0.24747371E+00
 0.97402000E+02 0.37172631E-03 0.24747946E+00
 0.97502000E+02 0.37097155E-03 0.24748520E+00
 0.97602000E+02 0.37021908E-03 0.24749094E+00
 0.97702000E+02 0.36946891E-03 0.24749666E+00
 0.97802000E+02 0.36872099E-03 0.24750236E+00
 0.97902000E+02 0.36797533E-03 0.24750805E+00
 0.98002000E+02 0.36723194E-03 0.24751373E+00
 0.98102000E+02 0.36649077E-03 0.24751940E+00
 0.98202000E+02 0.36575185E-03 0.24752506E+00
 0.98302000E+02 0.36501514E-03 0.24753070E+00
 0.98402000E+02 0.36428068E-03 0.24753634E+00
 0.98502000E+02 0.36354840E-03 0.24754196E+00
 0.98602000E+02 0.36281832E-03 0.24754757E+00
 0.98702000E+02 0.36209043E-03 0.24755317E+00
 0.98802000E+02 0.36136472E-03 0.24755876E+00
 0.98902000E+02 0.36064119E-03 0.24756433E+00
 0.99002000E+02 0.35991982E-03 0.24756990E+00
 0.99102000E+02 0.35920060E-03 0.24757545E+00
 0.99202000E+02 0.35848353E-03 0.24758100E+00
 0.99302000E+02 0.35776860E-03 0.24758653E+00
 0.99402000E+02 0.35705580E-03 0.24759206E+00
 0.99502000E+02 0.35634512E-03 0.24759757E+00
 0.99602000E+02 0.35563655E-03 0.24760308E+00
 0.99702000E+02 0.35493009E-03 0.24760857E+00
 0.99802000E+02 0.35422572E-03 0.24761405E+00
 0.99902000E+02 0.35352345E-03 0.24761953E+00
 0.10000200E+03 0.35282325E-03 0.24762499E+00
 0.10010200E+03 0.35212512E-03 0.24763045E+00
 0.10020200E+03 0.35142906E-03 0.24763589E+00
 0.10030200E+03 0.35073505E-03 0.24764133E+00
 0.10040200E+03 0.35004308E-03 0.24764675E+00
 0.10050200E+03 0.34935316E-03 0.24765218E+00
 0.10060200E+03 0.34866527E-03 0.24765758E+00
 0.10070200E+03 0.34797940E-03 0.24766301E+00
 0.10080200E+03 0.34729556E-03 0.24766840E+00
 0.10090200E+03 0.34661371E-03 0.24767378E+00
 0.10100200E+03 0.34593386E-03 0.24767916E+00
 0.10110200E+03 0.34525601E-03 0.24768453E+00
 0.10120200E+03 0.34458014E-03 0.24768989E+00
 0.10130200E+03 0.34390625E-03 0.24769525E+00
 0.10140200E+03 0.34323434E-03 0.24770060E+00
 0.10150200E+03 0.34256437E-03 0.24770594E+00
 0.10160200E+03 0.34189637E-03 0.24771127E+00
 0.10170200E+03 0.34123030E-03 0.24771659E+00
 0.10180200E+03 0.34056618E-03 0.24772191E+00
 0.10190200E+03 0.33990399E-03 0.24772722E+00
 0.10200200E+03 0.33924374E-03 0.24773253E+00
 0.10210200E+03 0.33858542E-03 0.24773785E+00
 0.10220200E+03 0.33792898E-03 0.24774314E+00
 0.10230200E+03 0.33727443E-03 0.24774842E+00
 0.10240200E+03 0.33662178E-03 0.24775370E+00
 0.10250200E+03 0.33597101E-03 0.24775897E+00
 0.10260200E+03 0.33532213E-03 0.24776424E+00
 0.10270200E+03 0.33467512E-03 0.24776951E+00
 0.10280200E+03 0.33402997E-03 0.24777477E+00
 0.10290200E+03 0.33338668E-03 0.24778002E+00
 0.10300200E+03 0.33274525E-03 0.24778527E+00
 0.10310200E+03 0.33210565E-03 0.24779051E+00
 0.10320200E+03 0.33146790E-03 0.24779576E+00
 0.10330200E+03 0.33083198E-03 0.24780100E+00
 0.10340200E+03 0.33019787E-03 0.24780623E+00
 0.10350200E+03 0.32956559E-03 0.24781146E+00
 0.10360200E+03 0.32893511E-03 0.24781668E+00
 0.10370200E+03 0.32830643E-03 0.24782191E+00
 0.10380200E+03 0.32767955E-03 0.24782713E+00
 0.10390200E+03 0.32705446E-03 0.24783234E+00
 0.10400200E+03 0.32643115E-03 0.24783756E+00
 0.10410200E+03 0.32580961E-03 0.24784277E+00
 0.10420200E+03 0.32518984E-03 0.24784798E+00
 0.10430200E+03 0.32457184E-03 0.24785319E+00
 0.10440200E+03 0.32395559E-03 0.24785840E+00
 0.10450200E+03 0.32334109E-03 0.24786361E+00
 0.10460200E+03 0.32272833E-03 0.24786881E+00
 0.10470200E+03 0.32211730E-03 0.24787402E+00
 0.10480200E+03 0.32150800E-03 0.24787922E+00
 0.10490200E+03 0.32090043E-03 0.24788443E+00
 0.10500200E+03 0.32029457E-03 0.24788963E+00
 0.10510200E+03 0.31969043E-03 0.24789484E+00
 0.10520200E+03 0.31908798E-03 0.24790005E+00
 0.10530200E+03 0.31848723E-03 0.24790526E+00
 0.10540200E+03 0.31788817E-03 0.24791047E+00
 0.10550200E+03 0.31729079E-03 0.24791568E+00
 0.10560200E+03 0.31669509E-03 0.24792089E+00
 0.10570200E+03 0.31610108E-03 0.24792611E+00
 0.10580200E+03 0.31550872E-03 0.24793133E+00
 0.10590200E+03 0.31491801E-03 0.24793655E+00
 0.10600200E+03 0.31432896E-03 0.24794177E+00
 0.10610200E+03 0.31374156E-03 0.24794700E+00
 0.10620200E+03 0.31315579E-03 0.24795223E+00
 0.10630200E+03 0.31257166E-03 0.24795747E+00
 0.10640200E+03 0.31198916E-03 0.24796272E+00
 0.10650200E+03 0.31140828E-03 0.24796796E+00
 0.10660200E+03 0.31082902E-03 0.24797322E+00
 0.10670200E+03 0.31025136E-03 0.24797848E+00
 0.10680200E+03 0.30967531E-03 0.24798374E+00
 0.10690200E+03 0.30910086E-03 0.24798902E+00
 0.10700200E+03 0.30852801E-03 0.24799431E+00
 0.10710200E+03 0.30795674E-03 0.24799960E+00
 0.10720200E+03 0.30738705E-03 0.24800490E+00
 0.10730200E+03 0.30681894E-03 0.24801021E+00
 0.10740200E+03 0.30625247E-03 0.24801556E+00
 0.10750200E+03 0.30568748E-03 0.24802089E+00
 0.10760200E+03 0.30512405E-03 0.24802623E+00
 0.10770200E+03 0.30456218E-03 0.24803158E+00
 0.10780200E+03 0.30400185E-03 0.24803694E+00
 0.10790200E+03 0.30344306E-03 0.24804232E+00
 0.10800200E+03 0.30288581E-03 0.24804771E+00
 0.10810200E+03 0.30233008E-03 0.24805312E+00
 0.10820200E+03 0.30177589E-03 0.24805854E+00
 0.10830200E+03 0.30122321E-03 0.24806398E+00
 0.10840200E+03 0.30067204E-03 0.24806943E+00
 0.10850200E+03 0.30012238E-03 0.24807490E+00
 0.10860200E+03 0.29957422E-03 0.24808039E+00
 0.10870200E+03 0.29902756E-03 0.24808589E+00
 0.10880200E+03 0.29848239E-03 0.24809142E+00
 0.10890200E+03 0.29793870E-03 0.24809697E+00
 0.10900200E+03 0.29739650E-03 0.24810254E+00
 0.10910200E+03 0.29685577E-03 0.24810813E+00
 0.10920200E+03 0.29631651E-03 0.24811374E+00
 0.10930200E+03 0.29577871E-03 0.24811938E+00
 0.10940200E+03 0.29524242E-03 0.24812506E+00
 0.10950200E+03 0.29470753E-03 0.24813075E+00
 0.10960200E+03 0.29417409E-03 0.24813647E+00
 0.10970200E+03 0.29364210E-03 0.24814222E+00
 0.10980200E+03 0.29311154E-03 0.24814799E+00
 0.10990200E+03 0.29258242E-03 0.24815380E+00
 0.11000200E+03 0.29205472E-03 0.24815964E+00
 0.11010200E+03 0.29152845E-03 0.24816551E+00
 0.11020200E+03 0.29100359E-03 0.24817142E+00
 0.11030200E+03 0.29048015E-03 0.24817737E+00
 0.11040200E+03 0.28995811E-03 0.24818335E+00
 0.11050200E+03 0.28943748E-03 0.24818938E+00
 0.11060200E+03 0.28891825E-03 0.24819544E+00
 0.11070200E+03 0.28840041E-03 0.24820156E+00
 0.11080200E+03 0.28788395E-03 0.24820772E+00
 0.11090200E+03 0.28736888E-03 0.24821393E+00
 0.11100200E+03 0.28685519E-03 0.24822018E+00
 0.11110200E+03 0.28634286E-03 0.24822649E+00
 0.11120200E+03 0.28583191E-03 0.24823285E+00
 0.11130200E+03 0.28532231E-03 0.24823926E+00
 0.11140200E+03 0.28481408E-03 0.24824574E+00
 0.11150200E+03 0.28430720E-03 0.24825227E+00
 0.11160200E+03 0.28380167E-03 0.24825888E+00
 0.11170200E+03 0.28329748E-03 0.24826555E+00
 0.11180200E+03 0.28279463E-03 0.24827228E+00
 0.11190200E+03 0.28229311E-03 0.24827910E+00
 0.11200200E+03 0.28179293E-03 0.24828598E+00
 0.11210200E+03 0.28129407E-03 0.24829295E+00
 0.11220200E+03 0.28079653E-03 0.24830000E+00
 0.11230200E+03 0.28030030E-03 0.24830714E+00
 0.11240200E+03 0.27980539E-03 0.24831437E+00
 0.11250200E+03 0.27931179E-03 0.24832170E+00
 0.11260200E+03 0.27881948E-03 0.24832914E+00
 0.11270200E+03 0.27832847E-03 0.24833667E+00
 0.11280200E+03 0.27783876E-03 0.24834432E+00
 0.11290200E+03 0.27735033E-03 0.24835208E+00
 0.11300200E+03 0.27686319E-03 0.24835996E+00
 0.11310200E+03 0.27637734E-03 0.24836798E+00
 0.11320200E+03 0.27589274E-03 0.24837613E+00
 0.11330200E+03 0.27540942E-03 0.24838442E+00
 0.11340200E+03 0.27492737E-03 0.24839286E+00
 0.11350200E+03 0.27444658E-03 0.24840146E+00
 0.11360200E+03 0.27396704E-03 0.24841023E+00
 0.11370200E+03 0.27348875E-03 0.24841917E+00
 0.11380200E+03 0.27301172E-03 0.24842830E+00
 0.11390200E+03 0.27253593E-03 0.24843762E+00
 0.11400200E+03 0.27206138E-03 0.24844716E+00
 0.11410200E+03 0.27158806E-03 0.24845691E+00
 0.11420200E+03 0.27111598E-03 0.24846691E+00
 0.11430200E+03 0.27064512E-03 0.24847714E+00
 0.11440200E+03 0.27017549E-03 0.24848765E+00
 0.11450200E+03 0.26970724E-03 0.24849852E+00
 0.11460200E+03 0.26924004E-03 0.24850960E+00
 0.11470200E+03 0.26877404E-03 0.24852101E+00
 0.11480200E+03 0.26830925E-03 0.24853276E+00
 0.11490200E+03 0.26784566E-03 0.24854488E+00
 0.11500200E+03 0.26738327E-03 0.24855740E+00
 0.11510200E+03 0.26692207E-03 0.24857034E+00
 0.11520200E+03 0.26646207E-03 0.24858374E+00
 0.11530200E+03 0.26600324E-03 0.24859763E+00
 0.11540200E+03 0.26554560E-03 0.24861206E+00
 0.11550200E+03 0.26508914E-03 0.24862706E+00
 0.11560200E+03 0.26463385E-03 0.24864269E+00
 0.11570200E+03 0.26417973E-03 0.24865901E+00
 0.11580200E+03 0.26372677E-03 0.24867607E+00
 0.11590200E+03 0.26327498E-03 0.24869396E+00
 0.11600200E+03 0.26282434E-03 0.24871275E+00
 0.11610200E+03 0.26237486E-03 0.24873253E+00
 0.11620200E+03 0.26192653E-03 0.24875342E+00
 0.11630200E+03 0.26147934E-03 0.24877555E+00
 0.11640200E+03 0.26103329E-03 0.24879905E+00
 0.11650200E+03 0.26058838E-03 0.24882410E+00
 0.11660200E+03 0.26014461E-03 0.24885091E+00
 0.11670200E+03 0.25970199E-03 0.24887974E+00
 0.11680200E+03 0.25926048E-03 0.24891088E+00
 0.11690200E+03 0.25882008E-03 0.24894469E+00
 0.11700200E+03 0.25838080E-03 0.24898165E+00
 0.11710200E+03 0.25794264E-03 0.24902237E+00
 0.11720200E+03 0.25750558E-03 0.24906762E+00
 0.11730200E+03 0.25706963E-03 0.24911847E+00
 0.11740200E+03 0.25663479E-03 0.24917639E+00
 0.11750200E+03 0.25620105E-03 0.24924357E+00
 0.11760200E+03 0.25576840E-03 0.24932336E+00
 0.11770200E+03 0.25533685E-03 0.24942156E+00
 0.11780200E+03 0.25490638E-03 0.24954958E+00
 0.11790200E+03 0.25447700E-03 0.24973681E+00
 0.11800200E+03 0.25404871E-03 0.25008677E+00
 0.11810200E+03 0.25362149E-03 0.25014560E+00
 0.11820200E+03 0.25319534E-03 0.25001949E+00
 0.11830200E+03 0.25277026E-03 0.24989995E+00
 0.11840200E+03 0.25234626E-03 0.24978387E+00
 0.11850200E+03 0.25192332E-03 0.24967011E+00
 0.11860200E+03 0.25150143E-03 0.24955810E+00
 0.11870200E+03 0.25108060E-03 0.24944752E+00
 0.11880200E+03 0.25066083E-03 0.24933814E+00
 0.11890200E+03 0.25024210E-03 0.24922982E+00
 0.11900200E+03 0.24982442E-03 0.24912243E+00
 0.11910200E+03 0.24940779E-03 0.24901590E+00
 0.11920200E+03 0.24899219E-03 0.24891017E+00
 0.11930200E+03 0.24857763E-03 0.24880519E+00
 0.11940200E+03 0.24816410E-03 0.24870091E+00
 0.11950200E+03 0.24775160E-03 0.24859730E+00
 0.11960200E+03 0.24734012E-03 0.24849435E+00
 0.11970200E+03 0.24692967E-03 0.24839202E+00
 0.11980200E+03 0.24652023E-03 0.24829032E+00
 0.11990200E+03 0.24611182E-03 0.24818922E+00
 0.12000200E+03 0.24570441E-03 0.24808872E+00
 0.12010200E+03 0.24529801E-03 0.24798881E+00
 0.12020200E+03 0.24489262E-03 0.24788949E+00
 0.12030200E+03 0.24448823E-03 0.24779077E+00
 0.12040200E+03 0.24408483E-03 0.24769265E+00
 0.12050200E+03 0.24368245E-03 0.24759515E+00
 0.12060200E+03 0.24328104E-03 0.24749827E+00
 0.12070200E+03 0.24288062E-03 0.24740204E+00
 0.12080200E+03 0.24248119E-03 0.24730648E+00
 0.12090200E+03 0.24208274E-03 0.24721162E+00
 0.12100200E+03 0.24168526E-03 0.24711751E+00
 0.12110200E+03 0.24128877E-03 0.24702421E+00
 0.12120200E+03 0.24089325E-03 0.24693178E+00
 0.12130200E+03 0.24049870E-03 0.24684033E+00
 0.12140200E+03 0.24010511E-03 0.24675000E+00
 0.12150200E+03 0.23971248E-03 0.24666099E+00
 0.12160200E+03 0.23932082E-03 0.24657362E+00
 0.12170200E+03 0.23893011E-03 0.24648844E+00
 0.12180200E+03 0.23854042E-03 0.24640656E+00
 0.12190200E+03 0.23815159E-03 0.24633102E+00
 0.12200200E+03 0.23733746E-03 0.24605337E+00
 0.12210200E+03 0.23610790E-03 0.24552598E+00
 0.12220200E+03 0.23519100E-03 0.24515232E+00
 0.12230200E+03 0.23438510E-03 0.24483465E+00
 0.12240200E+03 0.23363667E-03 0.24454574E+00
 0.12250200E+03 0.23292466E-03 0.24427482E+00
 0.12260200E+03 0.23223833E-03 0.24401639E+00
 0.12270200E+03 0.23157138E-03 0.24376722E+00
 0.12280200E+03 0.23091973E-03 0.24352524E+00
 0.12290200E+03 0.23028058E-03 0.24328901E+00
 0.12300200E+03 0.22965195E-03 0.24305752E+00
 0.12310200E+03 0.22903233E-03 0.24283000E+00
 0.12320200E+03 0.22842058E-03 0.24260588E+00
 0.12330200E+03 0.22781579E-03 0.24238469E+00
 0.12340200E+03 0.22721726E-03 0.24216608E+00
 0.12350200E+03 0.22662439E-03 0.24194975E+00
 0.12360200E+03 0.22603671E-03 0.24173545E+00
 0.12370200E+03 0.22545382E-03 0.24152299E+00
 0.12380200E+03 0.22487535E-03 0.24131220E+00
 0.12390200E+03 0.22430104E-03 0.24110292E+00
 0.12400200E+03 0.22373067E-03 0.24089506E+00
 0.12410200E+03 0.22316395E-03 0.24068848E+00
 0.12420200E+03 0.22260073E-03 0.24048309E+00
 0.12430200E+03 0.22204083E-03 0.24027882E+00
 0.12440200E+03 0.22148412E-03 0.24007559E+00
 0.12450200E+03 0.22093046E-03 0.23987334E+00
 0.12460200E+03 0.22037975E-03 0.23967202E+00
 0.12470200E+03 0.21983187E-03 0.23947157E+00
 0.12480200E+03 0.21928674E-03 0.23927196E+00
 0.12490200E+03 0.21874426E-03 0.23907314E+00
 0.12500200E+03 0.21820436E-03 0.23887508E+00
 0.12510200E+03 0.21766697E-03 0.23867773E+00
 0.12520200E+03 0.21713203E-03 0.23848109E+00
 0.12530200E+03 0.21659947E-03 0.23828510E+00
 0.12540200E+03 0.21606925E-03 0.23808976E+00
 0.12550200E+03 0.21554132E-03 0.23789504E+00
 0.12560200E+03 0.21501561E-03 0.23770092E+00
 0.12570200E+03 0.21449210E-03 0.23750737E+00
 0.12580200E+03 0.21397075E-03 0.23731438E+00
 0.12590200E+03 0.21345151E-03 0.23712194E+00
 0.12600200E+03 0.21293435E-03 0.23693003E+00
 0.12610200E+03 0.21241924E-03 0.23673864E+00
 0.12620200E+03 0.21190615E-03 0.23654775E+00
 0.12630200E+03 0.21139505E-03 0.23635735E+00
 0.12640200E+03 0.21088590E-03 0.23616743E+00
 0.12650200E+03 0.21037870E-03 0.23597798E+00
 0.12660200E+03 0.20987340E-03 0.23578899E+00
 0.12670200E+03 0.20936999E-03 0.23560045E+00
 0.12680200E+03 0.20886845E-03 0.23541235E+00
 0.12690200E+03 0.20836875E-03 0.23522469E+00
 0.12700200E+03 0.20787088E-03 0.23503745E+00
 0.12710200E+03 0.20737481E-03 0.23485062E+00
 0.12720200E+03 0.20688053E-03 0.23466422E+00
 0.12730200E+03 0.20638802E-03 0.23447821E+00
 0.12740200E+03 0.20589726E-03 0.23429261E+00
 0.12750200E+03 0.20540824E-03 0.23410739E+00
 0.12760200E+03 0.20492094E-03 0.23392257E+00
 0.12770200E+03 0.20443535E-03 0.23373813E+00
 0.12780200E+03 0.20395145E-03 0.23355407E+00
 0.12790200E+03 0.20346923E-03 0.23337038E+00
 0.12800200E+03 0.20298867E-03 0.23318706E+00
 0.12810200E+03 0.20250975E-03 0.23300411E+00
 0.12820200E+03 0.20203248E-03 0.23282151E+00
 0.12830200E+03 0.20155684E-03 0.23263927E+00
 0.12840200E+03 0.20108280E-03 0.23245738E+00
 0.12850200E+03 0.20061037E-03 0.23227584E+00
 0.12860200E+03 0.20013953E-03 0.23209465E+00
 0.12870200E+03 0.19967028E-03 0.23191380E+00
 0.12880200E+03 0.19920259E-03 0.23173329E+00
 0.12890200E+03 0.19873646E-03 0.23155311E+00
 0.12900200E+03 0.19827188E-03 0.23137327E+00
 0.12910200E+03 0.19780884E-03 0.23119376E+00
 0.12920200E+03 0.19734733E-03 0.23101458E+00
 0.12930200E+03 0.19688734E-03 0.23083572E+00
 0.12940200E+03 0.19642887E-03 0.23065719E+00
 0.12950200E+03 0.19597189E-03 0.23047897E+00
 0.12960200E+03 0.19551641E-03 0.23030107E+00
 0.12970200E+03 0.19506241E-03 0.23012349E+00
 0.12980200E+03 0.19460989E-03 0.22994623E+00
 0.12990200E+03 0.19415883E-03 0.22976927E+00
 0.13000200E+03 0.19370924E-03 0.22959262E+00
 0.13010200E+03 0.19326109E-03 0.22941628E+00
 0.13020200E+03 0.19281439E-03 0.22924025E+00
 0.13030200E+03 0.19236913E-03 0.22906452E+00
 0.13040200E+03 0.19192529E-03 0.22888909E+00
 0.13050200E+03 0.19148288E-03 0.22871396E+00
 0.13060200E+03 0.19104187E-03 0.22853913E+00
 0.13070200E+03 0.19060228E-03 0.22836460E+00
 0.13080200E+03 0.19016408E-03 0.22819036E+00
 0.13090200E+03 0.18972727E-03 0.22801641E+00
 0.13100200E+03 0.18929185E-03 0.22784276E+00
 0.13110200E+03 0.18885780E-03 0.22766939E+00
 0.13120200E+03 0.18842513E-03 0.22749632E+00
 0.13130200E+03 0.18799385E-03 0.22732354E+00
 0.13140200E+03 0.18756389E-03 0.22715104E+00
 0.13150200E+03 0.18713529E-03 0.22697882E+00
 0.13160200E+03 0.18670803E-03 0.22680689E+00
 0.13170200E+03 0.18628211E-03 0.22663523E+00
 0.13180200E+03 0.18585753E-03 0.22646386E+00
 0.13190200E+03 0.18543426E-03 0.22629277E+00
 0.13200200E+03 0.18501232E-03 0.22612195E+00
 0.13210200E+03 0.18459169E-03 0.22595141E+00
 0.13220200E+03 0.18417237E-03 0.22578115E+00
 0.13230200E+03 0.18375435E-03 0.22561116E+00
 0.13240200E+03 0.18333762E-03 0.22544145E+00
 0.13250200E+03 0.18292219E-03 0.22527201E+00
 0.13260200E+03 0.18250804E-03 0.22510284E+00
 0.13270200E+03 0.18209516E-03 0.22493394E+00
 0.13280200E+03 0.18168356E-03 0.22476530E+00
 0.13290200E+03 0.18127323E-03 0.22459694E+00
 0.13300200E+03 0.18086416E-03 0.22442884E+00
 0.13310200E+03 0.18045634E-03 0.22426101E+00
 0.13320200E+03 0.18004977E-03 0.22409344E+00
 0.13330200E+03 0.17964445E-03 0.22392614E+00
 0.13340200E+03 0.17924037E-03 0.22375910E+00
 0.13350200E+03 0.17883752E-03 0.22359233E+00
 0.13360200E+03 0.17843590E-03 0.22342581E+00
 0.13370200E+03 0.17803551E-03 0.22325955E+00
 0.13380200E+03 0.17763633E-03 0.22309356E+00
 0.13390200E+03 0.17723836E-03 0.22292782E+00
 0.13400200E+03 0.17684161E-03 0.22276234E+00
 0.13410200E+03 0.17644606E-03 0.22259711E+00
 0.13420200E+03 0.17605170E-03 0.22243215E+00
 0.13430200E+03 0.17565854E-03 0.22226743E+00
 0.13440200E+03 0.17526657E-03 0.22210297E+00
 0.13450200E+03 0.17487578E-03 0.22193877E+00
 0.13460200E+03 0.17448617E-03 0.22177481E+00
 0.13470200E+03 0.17409773E-03 0.22161111E+00
 0.13480200E+03 0.17371046E-03 0.22144766E+00
 0.13490200E+03 0.17332435E-03 0.22128446E+00
 0.13500200E+03 0.17293941E-03 0.22112150E+00
 0.13510200E+03 0.17255562E-03 0.22095880E+00
 0.13520200E+03 0.17217298E-03 0.22079634E+00
 0.13530200E+03 0.17179148E-03 0.22063414E+00
 0.13540200E+03 0.17141112E-03 0.22047217E+00
 0.13550200E+03 0.17103190E-03 0.22031046E+00
 0.13560200E+03 0.17065382E-03 0.22014898E+00
 0.13570200E+03 0.17027686E-03 0.21998775E+00
 0.13580200E+03 0.16990102E-03 0.21982677E+00
 0.13590200E+03 0.16952630E-03 0.21966603E+00
 0.13600200E+03 0.16915269E-03 0.21950552E+00
 0.13610200E+03 0.16878019E-03 0.21934526E+00
 0.13620200E+03 0.16840880E-03 0.21918525E+00
 0.13630200E+03 0.16803856E-03 0.21902550E+00
 0.13640200E+03 0.16766936E-03 0.21886596E+00
 0.13650200E+03 0.16730126E-03 0.21870665E+00
 0.13660200E+03 0.16693424E-03 0.21854759E+00
 0.13670200E+03 0.16656831E-03 0.21838876E+00
 0.13680200E+03 0.16620345E-03 0.21823017E+00
 0.13690200E+03 0.16583967E-03 0.21807181E+00
 0.13700200E+03 0.16547696E-03 0.21791369E+00
 0.13710200E+03 0.16511532E-03 0.21775581E+00
 0.13720200E+03 0.16475474E-03 0.21759815E+00
 0.13730200E+03 0.16439522E-03 0.21744074E+00
 0.13740200E+03 0.16403675E-03 0.21728355E+00
 0.13750200E+03 0.16367934E-03 0.21712660E+00
 0.13760200E+03 0.16332297E-03 0.21696987E+00
 0.13770200E+03 0.16296764E-03 0.21681338E+00
 0.13780200E+03 0.16261335E-03 0.21665712E+00
 0.13790200E+03 0.16226010E-03 0.21650109E+00
 0.13800200E+03 0.16190787E-03 0.21634528E+00
 0.13810200E+03 0.16155668E-03 0.21618971E+00
 0.13820200E+03 0.16120650E-03 0.21603436E+00
 0.13830200E+03 0.16085735E-03 0.21587924E+00
 0.13840200E+03 0.16050920E-03 0.21572435E+00
 0.13850200E+03 0.16016208E-03 0.21556968E+00
 0.13860200E+03 0.15981595E-03 0.21541524E+00
 0.13870200E+03 0.15947083E-03 0.21526102E+00
 0.13880200E+03 0.15912672E-03 0.21510703E+00
 0.13890200E+03 0.15878359E-03 0.21495326E+00
 0.13900200E+03 0.15844146E-03 0.21479972E+00
 0.13910200E+03 0.15810032E-03 0.21464639E+00
 0.13920200E+03 0.15776017E-03 0.21449329E+00
 0.13930200E+03 0.15742099E-03 0.21434041E+00
 0.13940200E+03 0.15708279E-03 0.21418775E+00
 0.13950200E+03 0.15674557E-03 0.21403532E+00
 0.13960200E+03 0.15640932E-03 0.21388310E+00
 0.13970200E+03 0.15607403E-03 0.21373110E+00
 0.13980200E+03 0.15573971E-03 0.21357932E+00
 0.13990200E+03 0.15540634E-03 0.21342776E+00
 0.14000200E+03 0.15507394E-03 0.21327642E+00
 0.14010200E+03 0.15474248E-03 0.21312529E+00
 0.14020200E+03 0.15441197E-03 0.21297438E+00
 0.14030200E+03 0.15408241E-03 0.21282369E+00
 0.14040200E+03 0.15375380E-03 0.21267321E+00
 0.14050200E+03 0.15342612E-03 0.21252295E+00
 0.14060200E+03 0.15309937E-03 0.21237290E+00
 0.14070200E+03 0.15277356E-03 0.21222307E+00
 0.14080200E+03 0.15244868E-03 0.21207345E+00
 0.14090200E+03 0.15212472E-03 0.21192404E+00
 0.14100200E+03 0.15180168E-03 0.21177485E+00
 0.14110200E+03 0.15147956E-03 0.21162586E+00
 0.14120200E+03 0.15115836E-03 0.21147709E+00
 0.14130200E+03 0.15083807E-03 0.21132853E+00
 0.14140200E+03 0.15051868E-03 0.21118018E+00
 0.14150200E+03 0.15020021E-03 0.21103205E+00
 0.14160200E+03 0.14988263E-03 0.21088412E+00
 0.14170200E+03 0.14956595E-03 0.21073640E+00
 0.14180200E+03 0.14925017E-03 0.21058889E+00
 0.14190200E+03 0.14893528E-03 0.21044158E+00
 0.14200200E+03 0.14862128E-03 0.21029449E+00
 0.14210200E+03 0.14830816E-03 0.21014760E+00
 0.14220200E+03 0.14799593E-03 0.21000092E+00
 0.14230200E+03 0.14768457E-03 0.20985445E+00
 0.14240200E+03 0.14737409E-03 0.20970818E+00
 0.14250200E+03 0.14706449E-03 0.20956212E+00
 0.14260200E+03 0.14675575E-03 0.20941626E+00
 0.14270200E+03 0.14644788E-03 0.20927060E+00
 0.14280200E+03 0.14614088E-03 0.20912515E+00
 0.14290200E+03 0.14583474E-03 0.20897991E+00
 0.14300200E+03 0.14552956E-03 0.20883494E+00
 0.14310200E+03 0.14522513E-03 0.20869010E+00
 0.14320200E+03 0.14492154E-03 0.20854546E+00
 0.14330200E+03 0.14461881E-03 0.20840102E+00
 0.14340200E+03 0.14431692E-03 0.20825679E+00
 0.14350200E+03 0.14401587E-03 0.20811275E+00
 0.14360200E+03 0.14371567E-03 0.20796891E+00
 0.14370200E+03 0.14341630E-03 0.20782528E+00
 0.14380200E+03 0.14311776E-03 0.20768184E+00
 0.14390200E+03 0.14282005E-03 0.20753861E+00
 0.14400200E+03 0.14252318E-03 0.20739557E+00
 0.14410200E+03 0.14222712E-03 0.20725273E+00
 0.14420200E+03 0.14193189E-03 0.20711009E+00
 0.14430200E+03 0.14163748E-03 0.20696764E+00
 0.14440200E+03 0.14134388E-03 0.20682539E+00
 0.14450200E+03 0.14105110E-03 0.20668334E+00
 0.14460200E+03 0.14075913E-03 0.20654149E+00
 0.14470200E+03 0.14046796E-03 0.20639983E+00
 0.14480200E+03 0.14017760E-03 0.20625836E+00
 0.14490200E+03 0.13988804E-03 0.20611709E+00
 0.14500200E+03 0.13959928E-03 0.20597602E+00
 0.14510200E+03 0.13931132E-03 0.20583513E+00
 0.14520200E+03 0.13902415E-03 0.20569445E+00
 0.14530200E+03 0.13873777E-03 0.20555395E+00
 0.14540200E+03 0.13845218E-03 0.20541365E+00
 0.14550200E+03 0.13816737E-03 0.20527354E+00
 0.14560200E+03 0.13788335E-03 0.20513362E+00
 0.14570200E+03 0.13760011E-03 0.20499389E+00
 0.14580200E+03 0.13731764E-03 0.20485436E+00
 0.14590200E+03 0.13703595E-03 0.20471501E+00
 0.14600200E+03 0.13675503E-03 0.20457586E+00
 0.14610200E+03 0.13647488E-03 0.20443689E+00
 0.14620200E+03 0.13619550E-03 0.20429811E+00
 0.14630200E+03 0.13591688E-03 0.20415953E+00
 0.14640200E+03 0.13563902E-03 0.20402113E+00
 0.14650200E+03 0.13536192E-03 0.20388292E+00
 0.14660200E+03 0.13508557E-03 0.20374490E+00
 0.14670200E+03 0.13480998E-03 0.20360706E+00
 0.14680200E+03 0.13453514E-03 0.20346941E+00
 0.14690200E+03 0.13426105E-03 0.20333195E+00
 0.14700200E+03 0.13398770E-03 0.20319468E+00
 0.14710200E+03 0.13371510E-03 0.20305759E+00
 0.14720200E+03 0.13344324E-03 0.20292068E+00
 0.14730200E+03 0.13317211E-03 0.20278396E+00
 0.14740200E+03 0.13290172E-03 0.20264743E+00
 0.14750200E+03 0.13263206E-03 0.20251108E+00
 0.14760200E+03 0.13236314E-03 0.20237491E+00
 0.14770200E+03 0.13209494E-03 0.20223893E+00
 0.14780200E+03 0.13182747E-03 0.20210313E+00
 0.14790200E+03 0.13156072E-03 0.20196751E+00
 0.14800200E+03 0.13129469E-03 0.20183208E+00
 0.14810200E+03 0.13102937E-03 0.20169682E+00
 0.14820200E+03 0.13076478E-03 0.20156175E+00
 0.14830200E+03 0.13050090E-03 0.20142686E+00
 0.14840200E+03 0.13023772E-03 0.20129215E+00
 0.14850200E+03 0.12997526E-03 0.20115762E+00
 0.14860200E+03 0.12971350E-03 0.20102327E+00
 0.14870200E+03 0.12945245E-03 0.20088910E+00
 0.14880200E+03 0.12919209E-03 0.20075511E+00
 0.14890200E+03 0.12893244E-03 0.20062130E+00
 0.14900200E+03 0.12867348E-03 0.20048767E+00
 0.14910200E+03 0.12841522E-03 0.20035422E+00
 0.14920200E+03 0.12815765E-03 0.20022094E+00
 0.14930200E+03 0.12790076E-03 0.20008784E+00
 0.14940200E+03 0.12764457E-03 0.19995492E+00
 0.14950200E+03 0.12738906E-03 0.19982218E+00
 0.14960200E+03 0.12713423E-03 0.19968961E+00
 0.14970200E+03 0.12688008E-03 0.19955721E+00
 0.14980200E+03 0.12662661E-03 0.19942500E+00
 0.14990200E+03 0.12637382E-03 0.19929296E+00
 0.15000200E+03 0.12612170E-03 0.19916109E+00
 0.15010200E+03 0.12587025E-03 0.19902940E+00
 0.15020200E+03 0.12561947E-03 0.19889788E+00
 0.15030200E+03 0.12536935E-03 0.19876654E+00
 0.15040200E+03 0.12511990E-03 0.19863537E+00
 0.15050200E+03 0.12487112E-03 0.19850437E+00
