 -.375000E-01 0.280801E+00
 -.125000E-01 0.280801E+00
 0.125000E-01 0.280801E+00
 0.375000E-01 0.280801E+00




 -.375000E-01 0.280947E+00
 -.125000E-01 0.280947E+00
 0.125000E-01 0.280947E+00
 0.375000E-01 0.280947E+00




 -.375000E-01 0.281609E+00
 -.125000E-01 0.281609E+00
 0.125000E-01 0.281609E+00
 0.375000E-01 0.281609E+00




 -.375000E-01 0.285618E+00
 -.125000E-01 0.285618E+00
 0.125000E-01 0.285618E+00
 0.375000E-01 0.285618E+00




 -.375000E-01 0.810301E+01
 -.125000E-01 0.810301E+01
 0.125000E-01 0.810301E+01
 0.375000E-01 0.810301E+01




 -.375000E-01 0.218934E+01
 -.125000E-01 0.218934E+01
 0.125000E-01 0.218934E+01
 0.375000E-01 0.218934E+01




 -.375000E-01 0.184343E+01
 -.125000E-01 0.184343E+01
 0.125000E-01 0.184343E+01
 0.375000E-01 0.184343E+01




 -.375000E-01 0.172674E+01
 -.125000E-01 0.172674E+01
 0.125000E-01 0.172674E+01
 0.375000E-01 0.172674E+01




 -.375000E-01 0.168695E+01
 -.125000E-01 0.168695E+01
 0.125000E-01 0.168695E+01
 0.375000E-01 0.168695E+01




 -.375000E-01 0.169440E+01
 -.125000E-01 0.169440E+01
 0.125000E-01 0.169440E+01
 0.375000E-01 0.169440E+01




 -.375000E-01 0.175403E+01
 -.125000E-01 0.175403E+01
 0.125000E-01 0.175403E+01
 0.375000E-01 0.175403E+01




 -.375000E-01 0.191623E+01
 -.125000E-01 0.191623E+01
 0.125000E-01 0.191623E+01
 0.375000E-01 0.191623E+01




 -.375000E-01 0.248559E+01
 -.125000E-01 0.248559E+01
 0.125000E-01 0.248559E+01
 0.375000E-01 0.248559E+01




 -.375000E-01 0.336025E+00
 -.125000E-01 0.336025E+00
 0.125000E-01 0.336025E+00
 0.375000E-01 0.336025E+00




 -.375000E-01 0.283241E+00
 -.125000E-01 0.283241E+00
 0.125000E-01 0.283241E+00
 0.375000E-01 0.283241E+00




 -.375000E-01 0.281280E+00
 -.125000E-01 0.281280E+00
 0.125000E-01 0.281280E+00
 0.375000E-01 0.281280E+00




 -.375000E-01 0.280866E+00
 -.125000E-01 0.280866E+00
 0.125000E-01 0.280866E+00
 0.375000E-01 0.280866E+00




