 -.375000E-01 -.235139E-01
 -.125000E-01 -.235139E-01
 0.125000E-01 -.235139E-01
 0.375000E-01 -.235139E-01




 -.375000E-01 -.313118E+00
 -.125000E-01 -.313118E+00
 0.125000E-01 -.313118E+00
 0.375000E-01 -.313118E+00




 -.375000E-01 -.677901E+00
 -.125000E-01 -.677901E+00
 0.125000E-01 -.677901E+00
 0.375000E-01 -.677901E+00




 -.375000E-01 -.133248E+01
 -.125000E-01 -.133248E+01
 0.125000E-01 -.133248E+01
 0.375000E-01 -.133248E+01




 -.375000E-01 -.651059E+01
 -.125000E-01 -.651059E+01
 0.125000E-01 -.651059E+01
 0.375000E-01 -.651059E+01




 -.375000E-01 -.117689E-04
 -.125000E-01 -.117689E-04
 0.125000E-01 -.117689E-04
 0.375000E-01 -.117689E-04




 -.375000E-01 -.417696E-05
 -.125000E-01 -.417696E-05
 0.125000E-01 -.417696E-05
 0.375000E-01 -.417696E-05




 -.375000E-01 -.180420E-05
 -.125000E-01 -.180420E-05
 0.125000E-01 -.180420E-05
 0.375000E-01 -.180420E-05




 -.375000E-01 -.405785E-06
 -.125000E-01 -.405785E-06
 0.125000E-01 -.405785E-06
 0.375000E-01 -.405785E-06




 -.375000E-01 0.828621E-06
 -.125000E-01 0.828621E-06
 0.125000E-01 0.828621E-06
 0.375000E-01 0.828621E-06




 -.375000E-01 0.241529E-05
 -.125000E-01 0.241529E-05
 0.125000E-01 0.241529E-05
 0.375000E-01 0.241529E-05




 -.375000E-01 0.559587E-05
 -.125000E-01 0.559587E-05
 0.125000E-01 0.559587E-05
 0.375000E-01 0.559587E-05




 -.375000E-01 0.206787E-04
 -.125000E-01 0.206787E-04
 0.125000E-01 0.206787E-04
 0.375000E-01 0.206787E-04




 -.375000E-01 0.279318E+01
 -.125000E-01 0.279318E+01
 0.125000E-01 0.279318E+01
 0.375000E-01 0.279318E+01




 -.375000E-01 0.104790E+01
 -.125000E-01 0.104790E+01
 0.125000E-01 0.104790E+01
 0.375000E-01 0.104790E+01




 -.375000E-01 0.540991E+00
 -.125000E-01 0.540991E+00
 0.125000E-01 0.540991E+00
 0.375000E-01 0.540991E+00




 -.375000E-01 0.212560E+00
 -.125000E-01 0.212560E+00
 0.125000E-01 0.212560E+00
 0.375000E-01 0.212560E+00




