 -.375000E-01 0.140428E+01
 -.125000E-01 0.140428E+01
 0.125000E-01 0.140428E+01
 0.375000E-01 0.140428E+01




 -.375000E-01 0.140431E+01
 -.125000E-01 0.140431E+01
 0.125000E-01 0.140431E+01
 0.375000E-01 0.140431E+01




 -.375000E-01 0.140441E+01
 -.125000E-01 0.140441E+01
 0.125000E-01 0.140441E+01
 0.375000E-01 0.140441E+01




 -.375000E-01 0.140479E+01
 -.125000E-01 0.140479E+01
 0.125000E-01 0.140479E+01
 0.375000E-01 0.140479E+01




 -.375000E-01 0.143349E+01
 -.125000E-01 0.143349E+01
 0.125000E-01 0.143349E+01
 0.375000E-01 0.143349E+01




 -.375000E-01 0.161025E+01
 -.125000E-01 0.161025E+01
 0.125000E-01 0.161025E+01
 0.375000E-01 0.161025E+01




 -.375000E-01 0.165596E+01
 -.125000E-01 0.165596E+01
 0.125000E-01 0.165596E+01
 0.375000E-01 0.165596E+01




 -.375000E-01 0.167632E+01
 -.125000E-01 0.167632E+01
 0.125000E-01 0.167632E+01
 0.375000E-01 0.167632E+01




 -.375000E-01 0.168403E+01
 -.125000E-01 0.168403E+01
 0.125000E-01 0.168403E+01
 0.375000E-01 0.168403E+01




 -.375000E-01 0.168256E+01
 -.125000E-01 0.168256E+01
 0.125000E-01 0.168256E+01
 0.375000E-01 0.168256E+01




 -.375000E-01 0.167127E+01
 -.125000E-01 0.167127E+01
 0.125000E-01 0.167127E+01
 0.375000E-01 0.167127E+01




 -.375000E-01 0.164473E+01
 -.125000E-01 0.164473E+01
 0.125000E-01 0.164473E+01
 0.375000E-01 0.164473E+01




 -.375000E-01 0.158250E+01
 -.125000E-01 0.158250E+01
 0.125000E-01 0.158250E+01
 0.375000E-01 0.158250E+01




 -.375000E-01 0.140651E+01
 -.125000E-01 0.140651E+01
 0.125000E-01 0.140651E+01
 0.375000E-01 0.140651E+01




 -.375000E-01 0.140460E+01
 -.125000E-01 0.140460E+01
 0.125000E-01 0.140460E+01
 0.375000E-01 0.140460E+01




 -.375000E-01 0.140437E+01
 -.125000E-01 0.140437E+01
 0.125000E-01 0.140437E+01
 0.375000E-01 0.140437E+01




 -.375000E-01 0.140430E+01
 -.125000E-01 0.140430E+01
 0.125000E-01 0.140430E+01
 0.375000E-01 0.140430E+01




