 -.990000E+00 0.538246E-02
 -.970000E+00 0.708329E-02
 -.950000E+00 0.705581E-02
 -.930000E+00 0.531055E-02
 -.910000E+00 0.260279E-02
 -.890000E+00 0.309014E-02
 -.870000E+00 0.309014E-02
 -.850000E+00 0.309036E-02
 -.830000E+00 0.309045E-02
 -.810000E+00 0.309028E-02
 -.790000E+00 0.309011E-02
 -.770000E+00 0.309020E-02
 -.750000E+00 0.309041E-02
 -.730000E+00 0.309042E-02
 -.710000E+00 0.309021E-02
 -.690000E+00 0.309011E-02
 -.670000E+00 0.309027E-02
 -.650000E+00 0.309045E-02
 -.630000E+00 0.309036E-02
 -.610000E+00 0.309015E-02
 -.590000E+00 0.309014E-02
 -.570000E+00 0.309034E-02
 -.550000E+00 0.309045E-02
 -.530000E+00 0.309029E-02
 -.510000E+00 0.309011E-02
 -.490000E+00 0.309019E-02
 -.470000E+00 0.309041E-02
 -.450000E+00 0.309043E-02
 -.430000E+00 0.309022E-02
 -.410000E+00 0.309011E-02
 -.390000E+00 0.309026E-02
 -.370000E+00 0.309045E-02
 -.350000E+00 0.309038E-02
 -.330000E+00 0.309016E-02
 -.310000E+00 0.309013E-02
 -.290000E+00 0.309033E-02
 -.270000E+00 0.309046E-02
 -.250000E+00 0.309031E-02
 -.230000E+00 0.309012E-02
 -.210000E+00 0.309018E-02
 -.190000E+00 0.309040E-02
 -.170000E+00 0.309043E-02
 -.150000E+00 0.309023E-02
 -.130000E+00 0.309010E-02
 -.110000E+00 0.309025E-02
 -.900000E-01 0.309044E-02
 -.700000E-01 0.309039E-02
 -.500000E-01 0.309017E-02
 -.300000E-01 0.309012E-02
 -.100000E-01 0.309032E-02
 0.100000E-01 0.309046E-02
 0.300000E-01 0.309032E-02
 0.500000E-01 0.309012E-02
 0.700000E-01 0.309017E-02
 0.900000E-01 0.309039E-02
 0.110000E+00 0.309044E-02
 0.130000E+00 0.309025E-02
 0.150000E+00 0.309010E-02
 0.170000E+00 0.309023E-02
 0.190000E+00 0.309044E-02
 0.210000E+00 0.309040E-02
 0.230000E+00 0.309018E-02
 0.250000E+00 0.309012E-02
 0.270000E+00 0.309031E-02
 0.290000E+00 0.309046E-02
 0.310000E+00 0.309033E-02
 0.330000E+00 0.309013E-02
 0.350000E+00 0.309016E-02
 0.370000E+00 0.309038E-02
 0.390000E+00 0.309045E-02
 0.410000E+00 0.309026E-02
 0.430000E+00 0.309010E-02
 0.450000E+00 0.309022E-02
 0.470000E+00 0.309043E-02
 0.490000E+00 0.309041E-02
 0.510000E+00 0.309019E-02
 0.530000E+00 0.309011E-02
 0.550000E+00 0.309030E-02
 0.570000E+00 0.309046E-02
 0.590000E+00 0.309034E-02
 0.610000E+00 0.309013E-02
 0.630000E+00 0.309015E-02
 0.650000E+00 0.309037E-02
 0.670000E+00 0.309045E-02
 0.690000E+00 0.309027E-02
 0.710000E+00 0.309011E-02
 0.730000E+00 0.309021E-02
 0.750000E+00 0.309042E-02
 0.770000E+00 0.309041E-02
 0.790000E+00 0.309020E-02
 0.810000E+00 0.309011E-02
 0.830000E+00 0.309028E-02
 0.850000E+00 0.309045E-02
 0.870000E+00 0.309036E-02
 0.890000E+00 0.309014E-02
 0.910000E+00 0.309032E-02
 0.930000E+00 0.309041E-02
 0.950000E+00 0.309047E-02
 0.970000E+00 0.309047E-02
 0.990000E+00 0.309041E-02




































































































 -.990000E+00 -.411427E-01
 -.970000E+00 -.423362E-01
 -.950000E+00 -.434843E-01
 -.930000E+00 -.445860E-01
 -.910000E+00 -.456406E-01
 -.890000E+00 0.299475E-02
 -.870000E+00 0.299841E-02
 -.850000E+00 0.300231E-02
 -.830000E+00 0.300643E-02
 -.810000E+00 0.301075E-02
 -.790000E+00 0.301526E-02
 -.770000E+00 0.301994E-02
 -.750000E+00 0.302477E-02
 -.730000E+00 0.302973E-02
 -.710000E+00 0.303480E-02
 -.690000E+00 0.303997E-02
 -.670000E+00 0.304521E-02
 -.650000E+00 0.305051E-02
 -.630000E+00 0.305583E-02
 -.610000E+00 0.306117E-02
 -.590000E+00 0.306650E-02
 -.570000E+00 0.307179E-02
 -.550000E+00 0.307704E-02
 -.530000E+00 0.308221E-02
 -.510000E+00 0.308730E-02
 -.490000E+00 0.309227E-02
 -.470000E+00 0.309711E-02
 -.450000E+00 0.310180E-02
 -.430000E+00 0.310632E-02
 -.410000E+00 0.311066E-02
 -.390000E+00 0.311479E-02
 -.370000E+00 0.311871E-02
 -.350000E+00 0.312239E-02
 -.330000E+00 0.312582E-02
 -.310000E+00 0.312899E-02
 -.290000E+00 0.313188E-02
 -.270000E+00 0.313449E-02
 -.250000E+00 0.313680E-02
 -.230000E+00 0.313881E-02
 -.210000E+00 0.314050E-02
 -.190000E+00 0.314187E-02
 -.170000E+00 0.314292E-02
 -.150000E+00 0.314364E-02
 -.130000E+00 0.314402E-02
 -.110000E+00 0.314407E-02
 -.900000E-01 0.314379E-02
 -.700000E-01 0.314317E-02
 -.500000E-01 0.314222E-02
 -.300000E-01 0.314095E-02
 -.100000E-01 0.313935E-02
 0.100000E-01 0.313743E-02
 0.300000E-01 0.313521E-02
 0.500000E-01 0.313268E-02
 0.700000E-01 0.312986E-02
 0.900000E-01 0.312677E-02
 0.110000E+00 0.312340E-02
 0.130000E+00 0.311978E-02
 0.150000E+00 0.311592E-02
 0.170000E+00 0.311184E-02
 0.190000E+00 0.310754E-02
 0.210000E+00 0.310305E-02
 0.230000E+00 0.309839E-02
 0.250000E+00 0.309357E-02
 0.270000E+00 0.308860E-02
 0.290000E+00 0.308352E-02
 0.310000E+00 0.307834E-02
 0.330000E+00 0.307308E-02
 0.350000E+00 0.306776E-02
 0.370000E+00 0.306240E-02
 0.390000E+00 0.305703E-02
 0.410000E+00 0.305165E-02
 0.430000E+00 0.304631E-02
 0.450000E+00 0.304100E-02
 0.470000E+00 0.303577E-02
 0.490000E+00 0.303062E-02
 0.510000E+00 0.302557E-02
 0.530000E+00 0.302066E-02
 0.550000E+00 0.301589E-02
 0.570000E+00 0.301128E-02
 0.590000E+00 0.300685E-02
 0.610000E+00 0.300263E-02
 0.630000E+00 0.299862E-02
 0.650000E+00 0.299484E-02
 0.670000E+00 0.299131E-02
 0.690000E+00 0.298804E-02
 0.710000E+00 0.298504E-02
 0.730000E+00 0.298233E-02
 0.750000E+00 0.297991E-02
 0.770000E+00 0.297780E-02
 0.790000E+00 0.297600E-02
 0.810000E+00 0.297453E-02
 0.830000E+00 0.297338E-02
 0.850000E+00 0.297256E-02
 0.870000E+00 0.297207E-02
 0.890000E+00 0.297192E-02
 0.910000E+00 0.311883E-02
 0.930000E+00 0.312149E-02
 0.950000E+00 0.312419E-02
 0.970000E+00 0.312693E-02
 0.990000E+00 0.312972E-02




































































































 -.990000E+00 0.422436E-01
 -.970000E+00 0.422271E-01
 -.950000E+00 0.422073E-01
 -.930000E+00 0.421844E-01
 -.910000E+00 0.421582E-01
 -.890000E+00 0.308384E-02
 -.870000E+00 0.307659E-02
 -.850000E+00 0.306901E-02
 -.830000E+00 0.306110E-02
 -.810000E+00 0.305287E-02
 -.790000E+00 0.304433E-02
 -.770000E+00 0.303548E-02
 -.750000E+00 0.302634E-02
 -.730000E+00 0.301690E-02
 -.710000E+00 0.300717E-02
 -.690000E+00 0.299717E-02
 -.670000E+00 0.298691E-02
 -.650000E+00 0.297638E-02
 -.630000E+00 0.296560E-02
 -.610000E+00 0.295458E-02
 -.590000E+00 0.294332E-02
 -.570000E+00 0.293184E-02
 -.550000E+00 0.292015E-02
 -.530000E+00 0.290824E-02
 -.510000E+00 0.289615E-02
 -.490000E+00 0.288386E-02
 -.470000E+00 0.287140E-02
 -.450000E+00 0.285877E-02
 -.430000E+00 0.284599E-02
 -.410000E+00 0.283306E-02
 -.390000E+00 0.282000E-02
 -.370000E+00 0.280681E-02
 -.350000E+00 0.279351E-02
 -.330000E+00 0.278011E-02
 -.310000E+00 0.276661E-02
 -.290000E+00 0.275303E-02
 -.270000E+00 0.273939E-02
 -.250000E+00 0.272568E-02
 -.230000E+00 0.271193E-02
 -.210000E+00 0.269814E-02
 -.190000E+00 0.268432E-02
 -.170000E+00 0.267050E-02
 -.150000E+00 0.265667E-02
 -.130000E+00 0.264285E-02
 -.110000E+00 0.262905E-02
 -.900000E-01 0.261528E-02
 -.700000E-01 0.260155E-02
 -.500000E-01 0.258788E-02
 -.300000E-01 0.257427E-02
 -.100000E-01 0.256074E-02
 0.100000E-01 0.254730E-02
 0.300000E-01 0.253396E-02
 0.500000E-01 0.252072E-02
 0.700000E-01 0.250761E-02
 0.900000E-01 0.249463E-02
 0.110000E+00 0.248179E-02
 0.130000E+00 0.246910E-02
 0.150000E+00 0.245658E-02
 0.170000E+00 0.244422E-02
 0.190000E+00 0.243206E-02
 0.210000E+00 0.242008E-02
 0.230000E+00 0.240831E-02
 0.250000E+00 0.239675E-02
 0.270000E+00 0.238541E-02
 0.290000E+00 0.237431E-02
 0.310000E+00 0.236344E-02
 0.330000E+00 0.235283E-02
 0.350000E+00 0.234247E-02
 0.370000E+00 0.233239E-02
 0.390000E+00 0.232257E-02
 0.410000E+00 0.231304E-02
 0.430000E+00 0.230380E-02
 0.450000E+00 0.229487E-02
 0.470000E+00 0.228623E-02
 0.490000E+00 0.227791E-02
 0.510000E+00 0.226992E-02
 0.530000E+00 0.226224E-02
 0.550000E+00 0.225491E-02
 0.570000E+00 0.224791E-02
 0.590000E+00 0.224126E-02
 0.610000E+00 0.223495E-02
 0.630000E+00 0.222901E-02
 0.650000E+00 0.222342E-02
 0.670000E+00 0.221820E-02
 0.690000E+00 0.221336E-02
 0.710000E+00 0.220888E-02
 0.730000E+00 0.220478E-02
 0.750000E+00 0.220107E-02
 0.770000E+00 0.219774E-02
 0.790000E+00 0.219480E-02
 0.810000E+00 0.219224E-02
 0.830000E+00 0.219008E-02
 0.850000E+00 0.218831E-02
 0.870000E+00 0.218694E-02
 0.890000E+00 0.218597E-02
 0.910000E+00 0.352328E-02
 0.930000E+00 0.352324E-02
 0.950000E+00 0.352323E-02
 0.970000E+00 0.352326E-02
 0.990000E+00 0.352332E-02




































































































 -.990000E+00 0.276553E+00
 -.970000E+00 0.276086E+00
 -.950000E+00 0.275588E+00
 -.930000E+00 0.275061E+00
 -.910000E+00 0.274502E+00
 -.890000E+00 -.142655E-02
 -.870000E+00 -.147995E-02
 -.850000E+00 -.153273E-02
 -.830000E+00 -.158488E-02
 -.810000E+00 -.163636E-02
 -.790000E+00 -.168719E-02
 -.770000E+00 -.173734E-02
 -.750000E+00 -.178681E-02
 -.730000E+00 -.183558E-02
 -.710000E+00 -.188364E-02
 -.690000E+00 -.193098E-02
 -.670000E+00 -.197759E-02
 -.650000E+00 -.202347E-02
 -.630000E+00 -.206859E-02
 -.610000E+00 -.211296E-02
 -.590000E+00 -.215655E-02
 -.570000E+00 -.219937E-02
 -.550000E+00 -.224140E-02
 -.530000E+00 -.228263E-02
 -.510000E+00 -.232305E-02
 -.490000E+00 -.236266E-02
 -.470000E+00 -.240144E-02
 -.450000E+00 -.243939E-02
 -.430000E+00 -.247649E-02
 -.410000E+00 -.251275E-02
 -.390000E+00 -.254815E-02
 -.370000E+00 -.258269E-02
 -.350000E+00 -.261635E-02
 -.330000E+00 -.264913E-02
 -.310000E+00 -.268103E-02
 -.290000E+00 -.271203E-02
 -.270000E+00 -.274214E-02
 -.250000E+00 -.277133E-02
 -.230000E+00 -.279962E-02
 -.210000E+00 -.282698E-02
 -.190000E+00 -.285342E-02
 -.170000E+00 -.287893E-02
 -.150000E+00 -.290351E-02
 -.130000E+00 -.292714E-02
 -.110000E+00 -.294983E-02
 -.900000E-01 -.297157E-02
 -.700000E-01 -.299235E-02
 -.500000E-01 -.301218E-02
 -.300000E-01 -.303104E-02
 -.100000E-01 -.304894E-02
 0.100000E-01 -.306586E-02
 0.300000E-01 -.308182E-02
 0.500000E-01 -.309679E-02
 0.700000E-01 -.311079E-02
 0.900000E-01 -.312381E-02
 0.110000E+00 -.313584E-02
 0.130000E+00 -.314688E-02
 0.150000E+00 -.315694E-02
 0.170000E+00 -.316600E-02
 0.190000E+00 -.317408E-02
 0.210000E+00 -.318116E-02
 0.230000E+00 -.318725E-02
 0.250000E+00 -.319234E-02
 0.270000E+00 -.319644E-02
 0.290000E+00 -.319954E-02
 0.310000E+00 -.320164E-02
 0.330000E+00 -.320275E-02
 0.350000E+00 -.320287E-02
 0.370000E+00 -.320198E-02
 0.390000E+00 -.320011E-02
 0.410000E+00 -.319724E-02
 0.430000E+00 -.319337E-02
 0.450000E+00 -.318852E-02
 0.470000E+00 -.318268E-02
 0.490000E+00 -.317585E-02
 0.510000E+00 -.316803E-02
 0.530000E+00 -.315923E-02
 0.550000E+00 -.314945E-02
 0.570000E+00 -.313870E-02
 0.590000E+00 -.312696E-02
 0.610000E+00 -.311426E-02
 0.630000E+00 -.310058E-02
 0.650000E+00 -.308594E-02
 0.670000E+00 -.307034E-02
 0.690000E+00 -.305379E-02
 0.710000E+00 -.303628E-02
 0.730000E+00 -.301781E-02
 0.750000E+00 -.299841E-02
 0.770000E+00 -.297807E-02
 0.790000E+00 -.295679E-02
 0.810000E+00 -.293458E-02
 0.830000E+00 -.291145E-02
 0.850000E+00 -.288739E-02
 0.870000E+00 -.286243E-02
 0.890000E+00 -.283656E-02
 0.910000E+00 0.210132E+00
 0.930000E+00 0.210176E+00
 0.950000E+00 0.210219E+00
 0.970000E+00 0.210262E+00
 0.990000E+00 0.210305E+00




































































































 -.990000E+00 0.188698E+00
 -.970000E+00 0.186148E+00
 -.950000E+00 0.183551E+00
 -.930000E+00 0.180909E+00
 -.910000E+00 0.178220E+00
 -.890000E+00 0.518023E-02
 -.870000E+00 0.518075E-02
 -.850000E+00 0.518109E-02
 -.830000E+00 0.518123E-02
 -.810000E+00 0.518118E-02
 -.790000E+00 0.518094E-02
 -.770000E+00 0.518051E-02
 -.750000E+00 0.517990E-02
 -.730000E+00 0.517909E-02
 -.710000E+00 0.517808E-02
 -.690000E+00 0.517689E-02
 -.670000E+00 0.517551E-02
 -.650000E+00 0.517394E-02
 -.630000E+00 0.517217E-02
 -.610000E+00 0.517022E-02
 -.590000E+00 0.516807E-02
 -.570000E+00 0.516574E-02
 -.550000E+00 0.516321E-02
 -.530000E+00 0.516049E-02
 -.510000E+00 0.515758E-02
 -.490000E+00 0.515448E-02
 -.470000E+00 0.515119E-02
 -.450000E+00 0.514771E-02
 -.430000E+00 0.514404E-02
 -.410000E+00 0.514018E-02
 -.390000E+00 0.513613E-02
 -.370000E+00 0.513188E-02
 -.350000E+00 0.512745E-02
 -.330000E+00 0.512283E-02
 -.310000E+00 0.511802E-02
 -.290000E+00 0.511302E-02
 -.270000E+00 0.510782E-02
 -.250000E+00 0.510244E-02
 -.230000E+00 0.509688E-02
 -.210000E+00 0.509112E-02
 -.190000E+00 0.508517E-02
 -.170000E+00 0.507904E-02
 -.150000E+00 0.507271E-02
 -.130000E+00 0.506620E-02
 -.110000E+00 0.505950E-02
 -.900000E-01 0.505261E-02
 -.700000E-01 0.504554E-02
 -.500000E-01 0.503828E-02
 -.300000E-01 0.503083E-02
 -.100000E-01 0.502320E-02
 0.100000E-01 0.501538E-02
 0.300000E-01 0.500737E-02
 0.500000E-01 0.499918E-02
 0.700000E-01 0.499080E-02
 0.900000E-01 0.498224E-02
 0.110000E+00 0.497349E-02
 0.130000E+00 0.496456E-02
 0.150000E+00 0.495545E-02
 0.170000E+00 0.494615E-02
 0.190000E+00 0.493667E-02
 0.210000E+00 0.492700E-02
 0.230000E+00 0.491716E-02
 0.250000E+00 0.490713E-02
 0.270000E+00 0.489692E-02
 0.290000E+00 0.488653E-02
 0.310000E+00 0.487596E-02
 0.330000E+00 0.486521E-02
 0.350000E+00 0.485428E-02
 0.370000E+00 0.484317E-02
 0.390000E+00 0.483188E-02
 0.410000E+00 0.482042E-02
 0.430000E+00 0.480877E-02
 0.450000E+00 0.479695E-02
 0.470000E+00 0.478495E-02
 0.490000E+00 0.477278E-02
 0.510000E+00 0.476043E-02
 0.530000E+00 0.474791E-02
 0.550000E+00 0.473521E-02
 0.570000E+00 0.472234E-02
 0.590000E+00 0.470929E-02
 0.610000E+00 0.469607E-02
 0.630000E+00 0.468268E-02
 0.650000E+00 0.466912E-02
 0.670000E+00 0.465539E-02
 0.690000E+00 0.464148E-02
 0.710000E+00 0.462741E-02
 0.730000E+00 0.461317E-02
 0.750000E+00 0.459876E-02
 0.770000E+00 0.458418E-02
 0.790000E+00 0.456944E-02
 0.810000E+00 0.455452E-02
 0.830000E+00 0.453945E-02
 0.850000E+00 0.452421E-02
 0.870000E+00 0.450880E-02
 0.890000E+00 0.449323E-02
 0.910000E+00 0.269972E+00
 0.930000E+00 0.269952E+00
 0.950000E+00 0.269932E+00
 0.970000E+00 0.269912E+00
 0.990000E+00 0.269892E+00




































































































 -.990000E+00 0.216909E-01
 -.970000E+00 0.185228E-01
 -.950000E+00 0.153503E-01
 -.930000E+00 0.121742E-01
 -.910000E+00 0.899531E-02
 -.890000E+00 0.252896E-02
 -.870000E+00 0.252896E-02
 -.850000E+00 0.252896E-02
 -.830000E+00 0.252896E-02
 -.810000E+00 0.252895E-02
 -.790000E+00 0.252895E-02
 -.770000E+00 0.252895E-02
 -.750000E+00 0.252895E-02
 -.730000E+00 0.252895E-02
 -.710000E+00 0.252894E-02
 -.690000E+00 0.252894E-02
 -.670000E+00 0.252894E-02
 -.650000E+00 0.252894E-02
 -.630000E+00 0.252894E-02
 -.610000E+00 0.252893E-02
 -.590000E+00 0.252893E-02
 -.570000E+00 0.252893E-02
 -.550000E+00 0.252893E-02
 -.530000E+00 0.252893E-02
 -.510000E+00 0.252892E-02
 -.490000E+00 0.252892E-02
 -.470000E+00 0.252892E-02
 -.450000E+00 0.252892E-02
 -.430000E+00 0.252892E-02
 -.410000E+00 0.252891E-02
 -.390000E+00 0.252891E-02
 -.370000E+00 0.252891E-02
 -.350000E+00 0.252891E-02
 -.330000E+00 0.252891E-02
 -.310000E+00 0.252891E-02
 -.290000E+00 0.252890E-02
 -.270000E+00 0.252890E-02
 -.250000E+00 0.252890E-02
 -.230000E+00 0.252890E-02
 -.210000E+00 0.252890E-02
 -.190000E+00 0.252889E-02
 -.170000E+00 0.252889E-02
 -.150000E+00 0.252889E-02
 -.130000E+00 0.252889E-02
 -.110000E+00 0.252889E-02
 -.900000E-01 0.252888E-02
 -.700000E-01 0.252888E-02
 -.500000E-01 0.252888E-02
 -.300000E-01 0.252888E-02
 -.100000E-01 0.252888E-02
 0.100000E-01 0.252887E-02
 0.300000E-01 0.252887E-02
 0.500000E-01 0.252887E-02
 0.700000E-01 0.252887E-02
 0.900000E-01 0.252887E-02
 0.110000E+00 0.252886E-02
 0.130000E+00 0.252886E-02
 0.150000E+00 0.252886E-02
 0.170000E+00 0.252886E-02
 0.190000E+00 0.252886E-02
 0.210000E+00 0.252886E-02
 0.230000E+00 0.252885E-02
 0.250000E+00 0.252885E-02
 0.270000E+00 0.252885E-02
 0.290000E+00 0.252885E-02
 0.310000E+00 0.252885E-02
 0.330000E+00 0.252884E-02
 0.350000E+00 0.252884E-02
 0.370000E+00 0.252884E-02
 0.390000E+00 0.252884E-02
 0.410000E+00 0.252884E-02
 0.430000E+00 0.252883E-02
 0.450000E+00 0.252883E-02
 0.470000E+00 0.252883E-02
 0.490000E+00 0.252883E-02
 0.510000E+00 0.252883E-02
 0.530000E+00 0.252882E-02
 0.550000E+00 0.252882E-02
 0.570000E+00 0.252882E-02
 0.590000E+00 0.252882E-02
 0.610000E+00 0.252882E-02
 0.630000E+00 0.252881E-02
 0.650000E+00 0.252881E-02
 0.670000E+00 0.252881E-02
 0.690000E+00 0.252881E-02
 0.710000E+00 0.252881E-02
 0.730000E+00 0.252880E-02
 0.750000E+00 0.252880E-02
 0.770000E+00 0.252880E-02
 0.790000E+00 0.252880E-02
 0.810000E+00 0.252880E-02
 0.830000E+00 0.252880E-02
 0.850000E+00 0.252879E-02
 0.870000E+00 0.252879E-02
 0.890000E+00 0.252879E-02
 0.910000E+00 0.283317E+00
 0.930000E+00 0.283317E+00
 0.950000E+00 0.283317E+00
 0.970000E+00 0.283317E+00
 0.990000E+00 0.283317E+00




































































































 -.990000E+00 -.152993E+00
 -.970000E+00 -.154399E+00
 -.950000E+00 -.155790E+00
 -.930000E+00 -.157166E+00
 -.910000E+00 -.158528E+00
 -.890000E+00 0.128798E-02
 -.870000E+00 0.129719E-02
 -.850000E+00 0.130641E-02
 -.830000E+00 0.131561E-02
 -.810000E+00 0.132482E-02
 -.790000E+00 0.133402E-02
 -.770000E+00 0.134322E-02
 -.750000E+00 0.135242E-02
 -.730000E+00 0.136161E-02
 -.710000E+00 0.137080E-02
 -.690000E+00 0.137998E-02
 -.670000E+00 0.138915E-02
 -.650000E+00 0.139832E-02
 -.630000E+00 0.140749E-02
 -.610000E+00 0.141664E-02
 -.590000E+00 0.142579E-02
 -.570000E+00 0.143493E-02
 -.550000E+00 0.144407E-02
 -.530000E+00 0.145319E-02
 -.510000E+00 0.146231E-02
 -.490000E+00 0.147141E-02
 -.470000E+00 0.148051E-02
 -.450000E+00 0.148959E-02
 -.430000E+00 0.149867E-02
 -.410000E+00 0.150773E-02
 -.390000E+00 0.151678E-02
 -.370000E+00 0.152582E-02
 -.350000E+00 0.153484E-02
 -.330000E+00 0.154386E-02
 -.310000E+00 0.155286E-02
 -.290000E+00 0.156184E-02
 -.270000E+00 0.157081E-02
 -.250000E+00 0.157977E-02
 -.230000E+00 0.158871E-02
 -.210000E+00 0.159764E-02
 -.190000E+00 0.160655E-02
 -.170000E+00 0.161544E-02
 -.150000E+00 0.162432E-02
 -.130000E+00 0.163318E-02
 -.110000E+00 0.164202E-02
 -.900000E-01 0.165084E-02
 -.700000E-01 0.165965E-02
 -.500000E-01 0.166843E-02
 -.300000E-01 0.167720E-02
 -.100000E-01 0.168594E-02
 0.100000E-01 0.169467E-02
 0.300000E-01 0.170338E-02
 0.500000E-01 0.171206E-02
 0.700000E-01 0.172072E-02
 0.900000E-01 0.172936E-02
 0.110000E+00 0.173798E-02
 0.130000E+00 0.174658E-02
 0.150000E+00 0.175515E-02
 0.170000E+00 0.176370E-02
 0.190000E+00 0.177222E-02
 0.210000E+00 0.178072E-02
 0.230000E+00 0.178920E-02
 0.250000E+00 0.179765E-02
 0.270000E+00 0.180607E-02
 0.290000E+00 0.181447E-02
 0.310000E+00 0.182284E-02
 0.330000E+00 0.183118E-02
 0.350000E+00 0.183950E-02
 0.370000E+00 0.184779E-02
 0.390000E+00 0.185605E-02
 0.410000E+00 0.186429E-02
 0.430000E+00 0.187249E-02
 0.450000E+00 0.188067E-02
 0.470000E+00 0.188881E-02
 0.490000E+00 0.189693E-02
 0.510000E+00 0.190501E-02
 0.530000E+00 0.191307E-02
 0.550000E+00 0.192109E-02
 0.570000E+00 0.192908E-02
 0.590000E+00 0.193704E-02
 0.610000E+00 0.194497E-02
 0.630000E+00 0.195286E-02
 0.650000E+00 0.196072E-02
 0.670000E+00 0.196855E-02
 0.690000E+00 0.197634E-02
 0.710000E+00 0.198410E-02
 0.730000E+00 0.199182E-02
 0.750000E+00 0.199951E-02
 0.770000E+00 0.200717E-02
 0.790000E+00 0.201479E-02
 0.810000E+00 0.202237E-02
 0.830000E+00 0.202991E-02
 0.850000E+00 0.203742E-02
 0.870000E+00 0.204489E-02
 0.890000E+00 0.205233E-02
 0.910000E+00 0.269872E+00
 0.930000E+00 0.269877E+00
 0.950000E+00 0.269882E+00
 0.970000E+00 0.269887E+00
 0.990000E+00 0.269892E+00




































































































 -.990000E+00 -.278144E+00
 -.970000E+00 -.277905E+00
 -.950000E+00 -.277659E+00
 -.930000E+00 -.277406E+00
 -.910000E+00 -.277146E+00
 -.890000E+00 0.200305E-03
 -.870000E+00 0.211793E-03
 -.850000E+00 0.223514E-03
 -.830000E+00 0.235468E-03
 -.810000E+00 0.247650E-03
 -.790000E+00 0.260058E-03
 -.770000E+00 0.272689E-03
 -.750000E+00 0.285541E-03
 -.730000E+00 0.298611E-03
 -.710000E+00 0.311896E-03
 -.690000E+00 0.325392E-03
 -.670000E+00 0.339096E-03
 -.650000E+00 0.353007E-03
 -.630000E+00 0.367120E-03
 -.610000E+00 0.381432E-03
 -.590000E+00 0.395941E-03
 -.570000E+00 0.410642E-03
 -.550000E+00 0.425534E-03
 -.530000E+00 0.440611E-03
 -.510000E+00 0.455872E-03
 -.490000E+00 0.471312E-03
 -.470000E+00 0.486928E-03
 -.450000E+00 0.502717E-03
 -.430000E+00 0.518675E-03
 -.410000E+00 0.534799E-03
 -.390000E+00 0.551085E-03
 -.370000E+00 0.567529E-03
 -.350000E+00 0.584128E-03
 -.330000E+00 0.600878E-03
 -.310000E+00 0.617775E-03
 -.290000E+00 0.634816E-03
 -.270000E+00 0.651997E-03
 -.250000E+00 0.669314E-03
 -.230000E+00 0.686763E-03
 -.210000E+00 0.704340E-03
 -.190000E+00 0.722041E-03
 -.170000E+00 0.739863E-03
 -.150000E+00 0.757802E-03
 -.130000E+00 0.775853E-03
 -.110000E+00 0.794012E-03
 -.900000E-01 0.812276E-03
 -.700000E-01 0.830640E-03
 -.500000E-01 0.849101E-03
 -.300000E-01 0.867654E-03
 -.100000E-01 0.886295E-03
 0.100000E-01 0.905021E-03
 0.300000E-01 0.923826E-03
 0.500000E-01 0.942707E-03
 0.700000E-01 0.961659E-03
 0.900000E-01 0.980679E-03
 0.110000E+00 0.999762E-03
 0.130000E+00 0.101890E-02
 0.150000E+00 0.103810E-02
 0.170000E+00 0.105735E-02
 0.190000E+00 0.107664E-02
 0.210000E+00 0.109598E-02
 0.230000E+00 0.111535E-02
 0.250000E+00 0.113476E-02
 0.270000E+00 0.115419E-02
 0.290000E+00 0.117365E-02
 0.310000E+00 0.119313E-02
 0.330000E+00 0.121263E-02
 0.350000E+00 0.123214E-02
 0.370000E+00 0.125165E-02
 0.390000E+00 0.127117E-02
 0.410000E+00 0.129069E-02
 0.430000E+00 0.131020E-02
 0.450000E+00 0.132971E-02
 0.470000E+00 0.134920E-02
 0.490000E+00 0.136867E-02
 0.510000E+00 0.138812E-02
 0.530000E+00 0.140754E-02
 0.550000E+00 0.142693E-02
 0.570000E+00 0.144628E-02
 0.590000E+00 0.146560E-02
 0.610000E+00 0.148487E-02
 0.630000E+00 0.150409E-02
 0.650000E+00 0.152326E-02
 0.670000E+00 0.154237E-02
 0.690000E+00 0.156142E-02
 0.710000E+00 0.158041E-02
 0.730000E+00 0.159933E-02
 0.750000E+00 0.161817E-02
 0.770000E+00 0.163694E-02
 0.790000E+00 0.165562E-02
 0.810000E+00 0.167422E-02
 0.830000E+00 0.169272E-02
 0.850000E+00 0.171114E-02
 0.870000E+00 0.172945E-02
 0.890000E+00 0.174766E-02
 0.910000E+00 0.210281E+00
 0.930000E+00 0.210287E+00
 0.950000E+00 0.210293E+00
 0.970000E+00 0.210299E+00
 0.990000E+00 0.210305E+00




































































































 -.990000E+00 -.172620E-01
 -.970000E+00 -.210850E-01
 -.950000E+00 -.248955E-01
 -.930000E+00 -.286916E-01
 -.910000E+00 -.324711E-01
 -.890000E+00 0.443111E-02
 -.870000E+00 0.441719E-02
 -.850000E+00 0.440281E-02
 -.830000E+00 0.438796E-02
 -.810000E+00 0.437267E-02
 -.790000E+00 0.435694E-02
 -.770000E+00 0.434079E-02
 -.750000E+00 0.432423E-02
 -.730000E+00 0.430728E-02
 -.710000E+00 0.428994E-02
 -.690000E+00 0.427223E-02
 -.670000E+00 0.425417E-02
 -.650000E+00 0.423577E-02
 -.630000E+00 0.421705E-02
 -.610000E+00 0.419801E-02
 -.590000E+00 0.417868E-02
 -.570000E+00 0.415908E-02
 -.550000E+00 0.413921E-02
 -.530000E+00 0.411910E-02
 -.510000E+00 0.409875E-02
 -.490000E+00 0.407820E-02
 -.470000E+00 0.405745E-02
 -.450000E+00 0.403651E-02
 -.430000E+00 0.401542E-02
 -.410000E+00 0.399418E-02
 -.390000E+00 0.397282E-02
 -.370000E+00 0.395134E-02
 -.350000E+00 0.392977E-02
 -.330000E+00 0.390813E-02
 -.310000E+00 0.388643E-02
 -.290000E+00 0.386469E-02
 -.270000E+00 0.384293E-02
 -.250000E+00 0.382117E-02
 -.230000E+00 0.379941E-02
 -.210000E+00 0.377770E-02
 -.190000E+00 0.375603E-02
 -.170000E+00 0.373443E-02
 -.150000E+00 0.371291E-02
 -.130000E+00 0.369150E-02
 -.110000E+00 0.367020E-02
 -.900000E-01 0.364905E-02
 -.700000E-01 0.362805E-02
 -.500000E-01 0.360722E-02
 -.300000E-01 0.358658E-02
 -.100000E-01 0.356615E-02
 0.100000E-01 0.354594E-02
 0.300000E-01 0.352598E-02
 0.500000E-01 0.350627E-02
 0.700000E-01 0.348683E-02
 0.900000E-01 0.346768E-02
 0.110000E+00 0.344883E-02
 0.130000E+00 0.343031E-02
 0.150000E+00 0.341212E-02
 0.170000E+00 0.339428E-02
 0.190000E+00 0.337680E-02
 0.210000E+00 0.335971E-02
 0.230000E+00 0.334300E-02
 0.250000E+00 0.332671E-02
 0.270000E+00 0.331084E-02
 0.290000E+00 0.329540E-02
 0.310000E+00 0.328040E-02
 0.330000E+00 0.326587E-02
 0.350000E+00 0.325180E-02
 0.370000E+00 0.323822E-02
 0.390000E+00 0.322513E-02
 0.410000E+00 0.321255E-02
 0.430000E+00 0.320048E-02
 0.450000E+00 0.318894E-02
 0.470000E+00 0.317793E-02
 0.490000E+00 0.316746E-02
 0.510000E+00 0.315755E-02
 0.530000E+00 0.314820E-02
 0.550000E+00 0.313941E-02
 0.570000E+00 0.313120E-02
 0.590000E+00 0.312358E-02
 0.610000E+00 0.311654E-02
 0.630000E+00 0.311010E-02
 0.650000E+00 0.310426E-02
 0.670000E+00 0.309902E-02
 0.690000E+00 0.309440E-02
 0.710000E+00 0.309038E-02
 0.730000E+00 0.308699E-02
 0.750000E+00 0.308421E-02
 0.770000E+00 0.308206E-02
 0.790000E+00 0.308053E-02
 0.810000E+00 0.307962E-02
 0.830000E+00 0.307934E-02
 0.850000E+00 0.307969E-02
 0.870000E+00 0.308067E-02
 0.890000E+00 0.308227E-02
 0.910000E+00 0.351428E-02
 0.930000E+00 0.351649E-02
 0.950000E+00 0.351873E-02
 0.970000E+00 0.352101E-02
 0.990000E+00 0.352332E-02




































































































 -.990000E+00 0.606852E-01
 -.970000E+00 0.588590E-01
 -.950000E+00 0.569729E-01
 -.930000E+00 0.550286E-01
 -.910000E+00 0.530278E-01
 -.890000E+00 0.304669E-02
 -.870000E+00 0.305017E-02
 -.850000E+00 0.305391E-02
 -.830000E+00 0.305789E-02
 -.810000E+00 0.306209E-02
 -.790000E+00 0.306651E-02
 -.770000E+00 0.307111E-02
 -.750000E+00 0.307589E-02
 -.730000E+00 0.308083E-02
 -.710000E+00 0.308590E-02
 -.690000E+00 0.309108E-02
 -.670000E+00 0.309637E-02
 -.650000E+00 0.310173E-02
 -.630000E+00 0.310714E-02
 -.610000E+00 0.311259E-02
 -.590000E+00 0.311805E-02
 -.570000E+00 0.312350E-02
 -.550000E+00 0.312892E-02
 -.530000E+00 0.313429E-02
 -.510000E+00 0.313958E-02
 -.490000E+00 0.314479E-02
 -.470000E+00 0.314988E-02
 -.450000E+00 0.315484E-02
 -.430000E+00 0.315964E-02
 -.410000E+00 0.316428E-02
 -.390000E+00 0.316872E-02
 -.370000E+00 0.317296E-02
 -.350000E+00 0.317697E-02
 -.330000E+00 0.318075E-02
 -.310000E+00 0.318427E-02
 -.290000E+00 0.318752E-02
 -.270000E+00 0.319049E-02
 -.250000E+00 0.319317E-02
 -.230000E+00 0.319555E-02
 -.210000E+00 0.319762E-02
 -.190000E+00 0.319936E-02
 -.170000E+00 0.320078E-02
 -.150000E+00 0.320186E-02
 -.130000E+00 0.320261E-02
 -.110000E+00 0.320302E-02
 -.900000E-01 0.320308E-02
 -.700000E-01 0.320281E-02
 -.500000E-01 0.320219E-02
 -.300000E-01 0.320123E-02
 -.100000E-01 0.319994E-02
 0.100000E-01 0.319832E-02
 0.300000E-01 0.319637E-02
 0.500000E-01 0.319411E-02
 0.700000E-01 0.319154E-02
 0.900000E-01 0.318867E-02
 0.110000E+00 0.318551E-02
 0.130000E+00 0.318208E-02
 0.150000E+00 0.317839E-02
 0.170000E+00 0.317445E-02
 0.190000E+00 0.317028E-02
 0.210000E+00 0.316589E-02
 0.230000E+00 0.316131E-02
 0.250000E+00 0.315654E-02
 0.270000E+00 0.315161E-02
 0.290000E+00 0.314654E-02
 0.310000E+00 0.314135E-02
 0.330000E+00 0.313605E-02
 0.350000E+00 0.313067E-02
 0.370000E+00 0.312523E-02
 0.390000E+00 0.311975E-02
 0.410000E+00 0.311425E-02
 0.430000E+00 0.310876E-02
 0.450000E+00 0.310328E-02
 0.470000E+00 0.309786E-02
 0.490000E+00 0.309250E-02
 0.510000E+00 0.308722E-02
 0.530000E+00 0.308206E-02
 0.550000E+00 0.307702E-02
 0.570000E+00 0.307214E-02
 0.590000E+00 0.306742E-02
 0.610000E+00 0.306288E-02
 0.630000E+00 0.305855E-02
 0.650000E+00 0.305444E-02
 0.670000E+00 0.305056E-02
 0.690000E+00 0.304694E-02
 0.710000E+00 0.304358E-02
 0.730000E+00 0.304051E-02
 0.750000E+00 0.303772E-02
 0.770000E+00 0.303523E-02
 0.790000E+00 0.303306E-02
 0.810000E+00 0.303121E-02
 0.830000E+00 0.302968E-02
 0.850000E+00 0.302849E-02
 0.870000E+00 0.302764E-02
 0.890000E+00 0.302713E-02
 0.910000E+00 0.313794E-02
 0.930000E+00 0.313583E-02
 0.950000E+00 0.313376E-02
 0.970000E+00 0.313172E-02
 0.990000E+00 0.312972E-02




































































































 -.990000E+00 0.137987E-02
 -.970000E+00 0.245259E-02
 -.950000E+00 0.380173E-02
 -.930000E+00 0.484290E-02
 -.910000E+00 0.512514E-02
 -.890000E+00 0.308992E-02
 -.870000E+00 0.308993E-02
 -.850000E+00 0.309014E-02
 -.830000E+00 0.309023E-02
 -.810000E+00 0.309006E-02
 -.790000E+00 0.308989E-02
 -.770000E+00 0.308998E-02
 -.750000E+00 0.309020E-02
 -.730000E+00 0.309020E-02
 -.710000E+00 0.308999E-02
 -.690000E+00 0.308989E-02
 -.670000E+00 0.309006E-02
 -.650000E+00 0.309023E-02
 -.630000E+00 0.309015E-02
 -.610000E+00 0.308993E-02
 -.590000E+00 0.308992E-02
 -.570000E+00 0.309013E-02
 -.550000E+00 0.309024E-02
 -.530000E+00 0.309008E-02
 -.510000E+00 0.308990E-02
 -.490000E+00 0.308997E-02
 -.470000E+00 0.309019E-02
 -.450000E+00 0.309021E-02
 -.430000E+00 0.309000E-02
 -.410000E+00 0.308989E-02
 -.390000E+00 0.309004E-02
 -.370000E+00 0.309023E-02
 -.350000E+00 0.309016E-02
 -.330000E+00 0.308994E-02
 -.310000E+00 0.308991E-02
 -.290000E+00 0.309012E-02
 -.270000E+00 0.309024E-02
 -.250000E+00 0.309009E-02
 -.230000E+00 0.308990E-02
 -.210000E+00 0.308996E-02
 -.190000E+00 0.309018E-02
 -.170000E+00 0.309022E-02
 -.150000E+00 0.309002E-02
 -.130000E+00 0.308989E-02
 -.110000E+00 0.309003E-02
 -.900000E-01 0.309022E-02
 -.700000E-01 0.309017E-02
 -.500000E-01 0.308995E-02
 -.300000E-01 0.308991E-02
 -.100000E-01 0.309010E-02
 0.100000E-01 0.309024E-02
 0.300000E-01 0.309010E-02
 0.500000E-01 0.308990E-02
 0.700000E-01 0.308995E-02
 0.900000E-01 0.309017E-02
 0.110000E+00 0.309022E-02
 0.130000E+00 0.309003E-02
 0.150000E+00 0.308989E-02
 0.170000E+00 0.309002E-02
 0.190000E+00 0.309022E-02
 0.210000E+00 0.309018E-02
 0.230000E+00 0.308996E-02
 0.250000E+00 0.308990E-02
 0.270000E+00 0.309009E-02
 0.290000E+00 0.309024E-02
 0.310000E+00 0.309011E-02
 0.330000E+00 0.308991E-02
 0.350000E+00 0.308994E-02
 0.370000E+00 0.309016E-02
 0.390000E+00 0.309023E-02
 0.410000E+00 0.309004E-02
 0.430000E+00 0.308989E-02
 0.450000E+00 0.309000E-02
 0.470000E+00 0.309021E-02
 0.490000E+00 0.309019E-02
 0.510000E+00 0.308997E-02
 0.530000E+00 0.308989E-02
 0.550000E+00 0.309008E-02
 0.570000E+00 0.309024E-02
 0.590000E+00 0.309013E-02
 0.610000E+00 0.308992E-02
 0.630000E+00 0.308993E-02
 0.650000E+00 0.309015E-02
 0.670000E+00 0.309023E-02
 0.690000E+00 0.309005E-02
 0.710000E+00 0.308989E-02
 0.730000E+00 0.308999E-02
 0.750000E+00 0.309021E-02
 0.770000E+00 0.309020E-02
 0.790000E+00 0.308998E-02
 0.810000E+00 0.308989E-02
 0.830000E+00 0.309007E-02
 0.850000E+00 0.309024E-02
 0.870000E+00 0.309014E-02
 0.890000E+00 0.308992E-02
 0.910000E+00 0.309017E-02
 0.930000E+00 0.309012E-02
 0.950000E+00 0.309016E-02
 0.970000E+00 0.309027E-02
 0.990000E+00 0.309041E-02




































































































