 -.990000E+00 -.592166E-02
 -.970000E+00 -.592178E-02
 -.950000E+00 -.592208E-02
 -.930000E+00 -.592244E-02
 -.910000E+00 -.592269E-02
 -.890000E+00 -.364429E-02
 -.870000E+00 0.183080E-02
 -.850000E+00 0.651217E-02
 -.830000E+00 0.837249E-02
 -.810000E+00 0.660650E-02
 -.790000E+00 0.197955E-02
 -.770000E+00 -.350404E-02
 -.750000E+00 -.746924E-02
 -.730000E+00 -.819901E-02
 -.710000E+00 -.537775E-02
 -.690000E+00 -.227864E-03
 -.670000E+00 0.501995E-02
 -.650000E+00 0.809290E-02
 -.630000E+00 0.766043E-02
 -.610000E+00 0.391037E-02
 -.590000E+00 -.153268E-02
 -.570000E+00 -.631113E-02
 -.550000E+00 -.835559E-02
 -.530000E+00 -.678102E-02
 -.510000E+00 -.226989E-02
 -.490000E+00 0.322364E-02
 -.470000E+00 0.732023E-02
 -.450000E+00 0.824589E-02
 -.430000E+00 0.560020E-02
 -.410000E+00 0.529509E-03
 -.390000E+00 -.476976E-02
 -.370000E+00 -.800250E-02
 -.350000E+00 -.776897E-02
 -.330000E+00 -.417080E-02
 -.310000E+00 0.123317E-02
 -.290000E+00 0.610226E-02
 -.270000E+00 0.832781E-02
 -.250000E+00 0.694633E-02
 -.230000E+00 0.255666E-02
 -.210000E+00 -.293962E-02
 -.190000E+00 -.716196E-02
 -.170000E+00 -.828191E-02
 -.150000E+00 -.581487E-02
 -.130000E+00 -.829838E-03
 -.110000E+00 0.451385E-02
 -.900000E-01 0.790185E-02
 -.700000E-01 0.786713E-02
 -.500000E-01 0.442523E-02
 -.300000E-01 -.932674E-03
 -.100000E-01 -.588586E-02
 0.100000E-01 -.828920E-02
 0.300000E-01 -.710221E-02
 0.500000E-01 -.283950E-02
 0.700000E-01 0.265234E-02
 0.900000E-01 0.699466E-02
 0.110000E+00 0.830703E-02
 0.130000E+00 0.602150E-02
 0.150000E+00 0.112846E-02
 0.170000E+00 -.425258E-02
 0.190000E+00 -.779107E-02
 0.210000E+00 -.795481E-02
 0.230000E+00 -.467336E-02
 0.250000E+00 0.631582E-03
 0.270000E+00 0.566221E-02
 0.290000E+00 0.823984E-02
 0.310000E+00 0.724850E-02
 0.330000E+00 0.311805E-02
 0.350000E+00 -.236219E-02
 0.370000E+00 -.681857E-02
 0.390000E+00 -.832124E-02
 0.410000E+00 -.621984E-02
 0.430000E+00 -.142499E-02
 0.450000E+00 0.398629E-02
 0.470000E+00 0.767035E-02
 0.490000E+00 0.803191E-02
 0.510000E+00 0.491487E-02
 0.530000E+00 -.330287E-03
 0.550000E+00 -.543163E-02
 0.570000E+00 -.817983E-02
 0.590000E+00 -.738502E-02
 0.610000E+00 -.339194E-02
 0.630000E+00 0.206956E-02
 0.650000E+00 0.663394E-02
 0.670000E+00 0.832456E-02
 0.690000E+00 0.640964E-02
 0.710000E+00 0.171905E-02
 0.730000E+00 -.371535E-02
 0.750000E+00 -.753986E-02
 0.770000E+00 -.809836E-02
 0.790000E+00 -.514946E-02
 0.810000E+00 0.291852E-04
 0.830000E+00 0.519443E-02
 0.850000E+00 0.810925E-02
 0.870000E+00 0.751160E-02
 0.890000E+00 0.366084E-02
 0.910000E+00 -.339368E-02
 0.930000E+00 -.869073E-02
 0.950000E+00 -.765816E-02
 0.970000E+00 -.746184E-03
 0.990000E+00 0.904975E-02




































































































 -.990000E+00 -.132142E+00
 -.970000E+00 -.132142E+00
 -.950000E+00 -.132141E+00
 -.930000E+00 -.132140E+00
 -.910000E+00 -.132139E+00
 -.890000E+00 -.130067E+00
 -.870000E+00 -.125830E+00
 -.850000E+00 -.121472E+00
 -.830000E+00 -.116995E+00
 -.810000E+00 -.112406E+00
 -.790000E+00 -.107707E+00
 -.770000E+00 -.102903E+00
 -.750000E+00 -.980002E-01
 -.730000E+00 -.930021E-01
 -.710000E+00 -.879140E-01
 -.690000E+00 -.827408E-01
 -.670000E+00 -.774876E-01
 -.650000E+00 -.721595E-01
 -.630000E+00 -.667617E-01
 -.610000E+00 -.612996E-01
 -.590000E+00 -.557784E-01
 -.570000E+00 -.502035E-01
 -.550000E+00 -.445805E-01
 -.530000E+00 -.389147E-01
 -.510000E+00 -.332117E-01
 -.490000E+00 -.274772E-01
 -.470000E+00 -.217166E-01
 -.450000E+00 -.159357E-01
 -.430000E+00 -.101400E-01
 -.410000E+00 -.433529E-02
 -.390000E+00 0.147284E-02
 -.370000E+00 0.727870E-02
 -.350000E+00 0.130766E-01
 -.330000E+00 0.188610E-01
 -.310000E+00 0.246260E-01
 -.290000E+00 0.303663E-01
 -.270000E+00 0.360760E-01
 -.250000E+00 0.417497E-01
 -.230000E+00 0.473819E-01
 -.210000E+00 0.529670E-01
 -.190000E+00 0.584996E-01
 -.170000E+00 0.639743E-01
 -.150000E+00 0.693857E-01
 -.130000E+00 0.747287E-01
 -.110000E+00 0.799979E-01
 -.900000E-01 0.851883E-01
 -.700000E-01 0.902948E-01
 -.500000E-01 0.953125E-01
 -.300000E-01 0.100236E+00
 -.100000E-01 0.105062E+00
 0.100000E-01 0.109784E+00
 0.300000E-01 0.114398E+00
 0.500000E-01 0.118900E+00
 0.700000E-01 0.123286E+00
 0.900000E-01 0.127550E+00
 0.110000E+00 0.131689E+00
 0.130000E+00 0.135700E+00
 0.150000E+00 0.139577E+00
 0.170000E+00 0.143317E+00
 0.190000E+00 0.146918E+00
 0.210000E+00 0.150374E+00
 0.230000E+00 0.153683E+00
 0.250000E+00 0.156842E+00
 0.270000E+00 0.159847E+00
 0.290000E+00 0.162696E+00
 0.310000E+00 0.165385E+00
 0.330000E+00 0.167913E+00
 0.350000E+00 0.170277E+00
 0.370000E+00 0.172474E+00
 0.390000E+00 0.174503E+00
 0.410000E+00 0.176361E+00
 0.430000E+00 0.178047E+00
 0.450000E+00 0.179559E+00
 0.470000E+00 0.180896E+00
 0.490000E+00 0.182056E+00
 0.510000E+00 0.183039E+00
 0.530000E+00 0.183842E+00
 0.550000E+00 0.184466E+00
 0.570000E+00 0.184911E+00
 0.590000E+00 0.185174E+00
 0.610000E+00 0.185257E+00
 0.630000E+00 0.185160E+00
 0.650000E+00 0.184882E+00
 0.670000E+00 0.184423E+00
 0.690000E+00 0.183785E+00
 0.710000E+00 0.182968E+00
 0.730000E+00 0.181972E+00
 0.750000E+00 0.180799E+00
 0.770000E+00 0.179449E+00
 0.790000E+00 0.177925E+00
 0.810000E+00 0.176228E+00
 0.830000E+00 0.174359E+00
 0.850000E+00 0.172320E+00
 0.870000E+00 0.170113E+00
 0.890000E+00 0.167741E+00
 0.910000E+00 0.163329E+00
 0.930000E+00 0.156967E+00
 0.950000E+00 0.150563E+00
 0.970000E+00 0.144125E+00
 0.990000E+00 0.137659E+00




































































































 -.990000E+00 -.346839E+00
 -.970000E+00 -.346839E+00
 -.950000E+00 -.346839E+00
 -.930000E+00 -.346839E+00
 -.910000E+00 -.346838E+00
 -.890000E+00 -.344384E+00
 -.870000E+00 -.339424E+00
 -.850000E+00 -.334395E+00
 -.830000E+00 -.329298E+00
 -.810000E+00 -.324134E+00
 -.790000E+00 -.318905E+00
 -.770000E+00 -.313611E+00
 -.750000E+00 -.308253E+00
 -.730000E+00 -.302833E+00
 -.710000E+00 -.297352E+00
 -.690000E+00 -.291810E+00
 -.670000E+00 -.286209E+00
 -.650000E+00 -.280550E+00
 -.630000E+00 -.274834E+00
 -.610000E+00 -.269063E+00
 -.590000E+00 -.263237E+00
 -.570000E+00 -.257357E+00
 -.550000E+00 -.251426E+00
 -.530000E+00 -.245444E+00
 -.510000E+00 -.239412E+00
 -.490000E+00 -.233332E+00
 -.470000E+00 -.227204E+00
 -.450000E+00 -.221031E+00
 -.430000E+00 -.214813E+00
 -.410000E+00 -.208551E+00
 -.390000E+00 -.202248E+00
 -.370000E+00 -.195903E+00
 -.350000E+00 -.189520E+00
 -.330000E+00 -.183098E+00
 -.310000E+00 -.176639E+00
 -.290000E+00 -.170144E+00
 -.270000E+00 -.163616E+00
 -.250000E+00 -.157054E+00
 -.230000E+00 -.150462E+00
 -.210000E+00 -.143838E+00
 -.190000E+00 -.137187E+00
 -.170000E+00 -.130507E+00
 -.150000E+00 -.123802E+00
 -.130000E+00 -.117072E+00
 -.110000E+00 -.110319E+00
 -.900000E-01 -.103543E+00
 -.700000E-01 -.967477E-01
 -.500000E-01 -.899329E-01
 -.300000E-01 -.831004E-01
 -.100000E-01 -.762516E-01
 0.100000E-01 -.693879E-01
 0.300000E-01 -.625107E-01
 0.500000E-01 -.556215E-01
 0.700000E-01 -.487216E-01
 0.900000E-01 -.418125E-01
 0.110000E+00 -.348955E-01
 0.130000E+00 -.279722E-01
 0.150000E+00 -.210440E-01
 0.170000E+00 -.141122E-01
 0.190000E+00 -.717826E-02
 0.210000E+00 -.243673E-03
 0.230000E+00 0.669017E-02
 0.250000E+00 0.136218E-01
 0.270000E+00 0.205499E-01
 0.290000E+00 0.274730E-01
 0.310000E+00 0.343896E-01
 0.330000E+00 0.412984E-01
 0.350000E+00 0.481979E-01
 0.370000E+00 0.550867E-01
 0.390000E+00 0.619633E-01
 0.410000E+00 0.688265E-01
 0.430000E+00 0.756747E-01
 0.450000E+00 0.825066E-01
 0.470000E+00 0.893207E-01
 0.490000E+00 0.961158E-01
 0.510000E+00 0.102890E+00
 0.530000E+00 0.109643E+00
 0.550000E+00 0.116372E+00
 0.570000E+00 0.123077E+00
 0.590000E+00 0.129755E+00
 0.610000E+00 0.136406E+00
 0.630000E+00 0.143029E+00
 0.650000E+00 0.149621E+00
 0.670000E+00 0.156182E+00
 0.690000E+00 0.162710E+00
 0.710000E+00 0.169203E+00
 0.730000E+00 0.175662E+00
 0.750000E+00 0.182083E+00
 0.770000E+00 0.188467E+00
 0.790000E+00 0.194811E+00
 0.810000E+00 0.201114E+00
 0.830000E+00 0.207375E+00
 0.850000E+00 0.213593E+00
 0.870000E+00 0.219767E+00
 0.890000E+00 0.225895E+00
 0.910000E+00 0.229354E+00
 0.930000E+00 0.230186E+00
 0.950000E+00 0.231025E+00
 0.970000E+00 0.231871E+00
 0.990000E+00 0.232723E+00




































































































 -.990000E+00 -.997158E+00
 -.970000E+00 -.997158E+00
 -.950000E+00 -.997158E+00
 -.930000E+00 -.997157E+00
 -.910000E+00 -.997157E+00
 -.890000E+00 -.997425E+00
 -.870000E+00 -.997922E+00
 -.850000E+00 -.998366E+00
 -.830000E+00 -.998756E+00
 -.810000E+00 -.999093E+00
 -.790000E+00 -.999377E+00
 -.770000E+00 -.999607E+00
 -.750000E+00 -.999783E+00
 -.730000E+00 -.999906E+00
 -.710000E+00 -.999975E+00
 -.690000E+00 -.999990E+00
 -.670000E+00 -.999952E+00
 -.650000E+00 -.999860E+00
 -.630000E+00 -.999713E+00
 -.610000E+00 -.999513E+00
 -.590000E+00 -.999258E+00
 -.570000E+00 -.998950E+00
 -.550000E+00 -.998587E+00
 -.530000E+00 -.998171E+00
 -.510000E+00 -.997700E+00
 -.490000E+00 -.997174E+00
 -.470000E+00 -.996595E+00
 -.450000E+00 -.995961E+00
 -.430000E+00 -.995273E+00
 -.410000E+00 -.994531E+00
 -.390000E+00 -.993734E+00
 -.370000E+00 -.992883E+00
 -.350000E+00 -.991977E+00
 -.330000E+00 -.991017E+00
 -.310000E+00 -.990003E+00
 -.290000E+00 -.988934E+00
 -.270000E+00 -.987811E+00
 -.250000E+00 -.986634E+00
 -.230000E+00 -.985402E+00
 -.210000E+00 -.984116E+00
 -.190000E+00 -.982775E+00
 -.170000E+00 -.981380E+00
 -.150000E+00 -.979931E+00
 -.130000E+00 -.978427E+00
 -.110000E+00 -.976869E+00
 -.900000E-01 -.975257E+00
 -.700000E-01 -.973591E+00
 -.500000E-01 -.971870E+00
 -.300000E-01 -.970095E+00
 -.100000E-01 -.968267E+00
 0.100000E-01 -.966384E+00
 0.300000E-01 -.964447E+00
 0.500000E-01 -.962456E+00
 0.700000E-01 -.960411E+00
 0.900000E-01 -.958313E+00
 0.110000E+00 -.956161E+00
 0.130000E+00 -.953955E+00
 0.150000E+00 -.951695E+00
 0.170000E+00 -.949382E+00
 0.190000E+00 -.947015E+00
 0.210000E+00 -.944595E+00
 0.230000E+00 -.942122E+00
 0.250000E+00 -.939596E+00
 0.270000E+00 -.937016E+00
 0.290000E+00 -.934383E+00
 0.310000E+00 -.931698E+00
 0.330000E+00 -.928959E+00
 0.350000E+00 -.926168E+00
 0.370000E+00 -.923325E+00
 0.390000E+00 -.920429E+00
 0.410000E+00 -.917480E+00
 0.430000E+00 -.914480E+00
 0.450000E+00 -.911427E+00
 0.470000E+00 -.908323E+00
 0.490000E+00 -.905166E+00
 0.510000E+00 -.901958E+00
 0.530000E+00 -.898698E+00
 0.550000E+00 -.895387E+00
 0.570000E+00 -.892025E+00
 0.590000E+00 -.888612E+00
 0.610000E+00 -.885148E+00
 0.630000E+00 -.881633E+00
 0.650000E+00 -.878067E+00
 0.670000E+00 -.874452E+00
 0.690000E+00 -.870786E+00
 0.710000E+00 -.867070E+00
 0.730000E+00 -.863304E+00
 0.750000E+00 -.859488E+00
 0.770000E+00 -.855623E+00
 0.790000E+00 -.851709E+00
 0.810000E+00 -.847745E+00
 0.830000E+00 -.843733E+00
 0.850000E+00 -.839672E+00
 0.870000E+00 -.835563E+00
 0.890000E+00 -.831406E+00
 0.910000E+00 -.826604E+00
 0.930000E+00 -.821180E+00
 0.950000E+00 -.815740E+00
 0.970000E+00 -.810287E+00
 0.990000E+00 -.804824E+00




































































































 -.990000E+00 -.898793E+00
 -.970000E+00 -.898794E+00
 -.950000E+00 -.898795E+00
 -.930000E+00 -.898798E+00
 -.910000E+00 -.898802E+00
 -.890000E+00 -.899607E+00
 -.870000E+00 -.901203E+00
 -.850000E+00 -.902786E+00
 -.830000E+00 -.904357E+00
 -.810000E+00 -.905915E+00
 -.790000E+00 -.907461E+00
 -.770000E+00 -.908994E+00
 -.750000E+00 -.910514E+00
 -.730000E+00 -.912022E+00
 -.710000E+00 -.913517E+00
 -.690000E+00 -.915000E+00
 -.670000E+00 -.916470E+00
 -.650000E+00 -.917927E+00
 -.630000E+00 -.919372E+00
 -.610000E+00 -.920804E+00
 -.590000E+00 -.922224E+00
 -.570000E+00 -.923630E+00
 -.550000E+00 -.925024E+00
 -.530000E+00 -.926405E+00
 -.510000E+00 -.927774E+00
 -.490000E+00 -.929130E+00
 -.470000E+00 -.930473E+00
 -.450000E+00 -.931803E+00
 -.430000E+00 -.933121E+00
 -.410000E+00 -.934425E+00
 -.390000E+00 -.935717E+00
 -.370000E+00 -.936997E+00
 -.350000E+00 -.938263E+00
 -.330000E+00 -.939517E+00
 -.310000E+00 -.940757E+00
 -.290000E+00 -.941985E+00
 -.270000E+00 -.943201E+00
 -.250000E+00 -.944403E+00
 -.230000E+00 -.945592E+00
 -.210000E+00 -.946769E+00
 -.190000E+00 -.947933E+00
 -.170000E+00 -.949084E+00
 -.150000E+00 -.950222E+00
 -.130000E+00 -.951347E+00
 -.110000E+00 -.952460E+00
 -.900000E-01 -.953559E+00
 -.700000E-01 -.954646E+00
 -.500000E-01 -.955720E+00
 -.300000E-01 -.956781E+00
 -.100000E-01 -.957829E+00
 0.100000E-01 -.958864E+00
 0.300000E-01 -.959886E+00
 0.500000E-01 -.960895E+00
 0.700000E-01 -.961892E+00
 0.900000E-01 -.962875E+00
 0.110000E+00 -.963846E+00
 0.130000E+00 -.964804E+00
 0.150000E+00 -.965748E+00
 0.170000E+00 -.966680E+00
 0.190000E+00 -.967599E+00
 0.210000E+00 -.968505E+00
 0.230000E+00 -.969399E+00
 0.250000E+00 -.970279E+00
 0.270000E+00 -.971146E+00
 0.290000E+00 -.972000E+00
 0.310000E+00 -.972842E+00
 0.330000E+00 -.973671E+00
 0.350000E+00 -.974486E+00
 0.370000E+00 -.975289E+00
 0.390000E+00 -.976079E+00
 0.410000E+00 -.976856E+00
 0.430000E+00 -.977620E+00
 0.450000E+00 -.978371E+00
 0.470000E+00 -.979109E+00
 0.490000E+00 -.979834E+00
 0.510000E+00 -.980547E+00
 0.530000E+00 -.981246E+00
 0.550000E+00 -.981933E+00
 0.570000E+00 -.982606E+00
 0.590000E+00 -.983267E+00
 0.610000E+00 -.983915E+00
 0.630000E+00 -.984550E+00
 0.650000E+00 -.985172E+00
 0.670000E+00 -.985781E+00
 0.690000E+00 -.986378E+00
 0.710000E+00 -.986961E+00
 0.730000E+00 -.987532E+00
 0.750000E+00 -.988089E+00
 0.770000E+00 -.988634E+00
 0.790000E+00 -.989166E+00
 0.810000E+00 -.989685E+00
 0.830000E+00 -.990192E+00
 0.850000E+00 -.990685E+00
 0.870000E+00 -.991166E+00
 0.890000E+00 -.991633E+00
 0.910000E+00 -.992635E+00
 0.930000E+00 -.994057E+00
 0.950000E+00 -.995318E+00
 0.970000E+00 -.996421E+00
 0.990000E+00 -.997370E+00




































































































 -.990000E+00 -.713026E+00
 -.970000E+00 -.713027E+00
 -.950000E+00 -.713028E+00
 -.930000E+00 -.713030E+00
 -.910000E+00 -.713032E+00
 -.890000E+00 -.713068E+00
 -.870000E+00 -.713138E+00
 -.850000E+00 -.713208E+00
 -.830000E+00 -.713277E+00
 -.810000E+00 -.713347E+00
 -.790000E+00 -.713417E+00
 -.770000E+00 -.713486E+00
 -.750000E+00 -.713556E+00
 -.730000E+00 -.713625E+00
 -.710000E+00 -.713695E+00
 -.690000E+00 -.713764E+00
 -.670000E+00 -.713834E+00
 -.650000E+00 -.713904E+00
 -.630000E+00 -.713973E+00
 -.610000E+00 -.714043E+00
 -.590000E+00 -.714112E+00
 -.570000E+00 -.714182E+00
 -.550000E+00 -.714251E+00
 -.530000E+00 -.714321E+00
 -.510000E+00 -.714390E+00
 -.490000E+00 -.714460E+00
 -.470000E+00 -.714529E+00
 -.450000E+00 -.714599E+00
 -.430000E+00 -.714668E+00
 -.410000E+00 -.714738E+00
 -.390000E+00 -.714807E+00
 -.370000E+00 -.714876E+00
 -.350000E+00 -.714946E+00
 -.330000E+00 -.715015E+00
 -.310000E+00 -.715085E+00
 -.290000E+00 -.715154E+00
 -.270000E+00 -.715224E+00
 -.250000E+00 -.715293E+00
 -.230000E+00 -.715362E+00
 -.210000E+00 -.715432E+00
 -.190000E+00 -.715501E+00
 -.170000E+00 -.715571E+00
 -.150000E+00 -.715640E+00
 -.130000E+00 -.715709E+00
 -.110000E+00 -.715779E+00
 -.900000E-01 -.715848E+00
 -.700000E-01 -.715917E+00
 -.500000E-01 -.715987E+00
 -.300000E-01 -.716056E+00
 -.100000E-01 -.716125E+00
 0.100000E-01 -.716195E+00
 0.300000E-01 -.716264E+00
 0.500000E-01 -.716333E+00
 0.700000E-01 -.716403E+00
 0.900000E-01 -.716472E+00
 0.110000E+00 -.716541E+00
 0.130000E+00 -.716610E+00
 0.150000E+00 -.716680E+00
 0.170000E+00 -.716749E+00
 0.190000E+00 -.716818E+00
 0.210000E+00 -.716888E+00
 0.230000E+00 -.716957E+00
 0.250000E+00 -.717026E+00
 0.270000E+00 -.717095E+00
 0.290000E+00 -.717164E+00
 0.310000E+00 -.717234E+00
 0.330000E+00 -.717303E+00
 0.350000E+00 -.717372E+00
 0.370000E+00 -.717441E+00
 0.390000E+00 -.717510E+00
 0.410000E+00 -.717580E+00
 0.430000E+00 -.717649E+00
 0.450000E+00 -.717718E+00
 0.470000E+00 -.717787E+00
 0.490000E+00 -.717856E+00
 0.510000E+00 -.717925E+00
 0.530000E+00 -.717994E+00
 0.550000E+00 -.718064E+00
 0.570000E+00 -.718133E+00
 0.590000E+00 -.718202E+00
 0.610000E+00 -.718271E+00
 0.630000E+00 -.718340E+00
 0.650000E+00 -.718409E+00
 0.670000E+00 -.718478E+00
 0.690000E+00 -.718547E+00
 0.710000E+00 -.718616E+00
 0.730000E+00 -.718685E+00
 0.750000E+00 -.718754E+00
 0.770000E+00 -.718823E+00
 0.790000E+00 -.718892E+00
 0.810000E+00 -.718962E+00
 0.830000E+00 -.719031E+00
 0.850000E+00 -.719100E+00
 0.870000E+00 -.719169E+00
 0.890000E+00 -.719238E+00
 0.910000E+00 -.723196E+00
 0.930000E+00 -.730971E+00
 0.950000E+00 -.738649E+00
 0.970000E+00 -.746227E+00
 0.990000E+00 -.753705E+00




































































































 -.990000E+00 -.461862E+00
 -.970000E+00 -.461862E+00
 -.950000E+00 -.461863E+00
 -.930000E+00 -.461864E+00
 -.910000E+00 -.461865E+00
 -.890000E+00 -.460368E+00
 -.870000E+00 -.457370E+00
 -.850000E+00 -.454367E+00
 -.830000E+00 -.451359E+00
 -.810000E+00 -.448346E+00
 -.790000E+00 -.445328E+00
 -.770000E+00 -.442305E+00
 -.750000E+00 -.439278E+00
 -.730000E+00 -.436245E+00
 -.710000E+00 -.433208E+00
 -.690000E+00 -.430166E+00
 -.670000E+00 -.427119E+00
 -.650000E+00 -.424068E+00
 -.630000E+00 -.421012E+00
 -.610000E+00 -.417951E+00
 -.590000E+00 -.414886E+00
 -.570000E+00 -.411816E+00
 -.550000E+00 -.408742E+00
 -.530000E+00 -.405663E+00
 -.510000E+00 -.402580E+00
 -.490000E+00 -.399493E+00
 -.470000E+00 -.396401E+00
 -.450000E+00 -.393304E+00
 -.430000E+00 -.390204E+00
 -.410000E+00 -.387099E+00
 -.390000E+00 -.383990E+00
 -.370000E+00 -.380876E+00
 -.350000E+00 -.377759E+00
 -.330000E+00 -.374637E+00
 -.310000E+00 -.371511E+00
 -.290000E+00 -.368381E+00
 -.270000E+00 -.365247E+00
 -.250000E+00 -.362109E+00
 -.230000E+00 -.358968E+00
 -.210000E+00 -.355822E+00
 -.190000E+00 -.352672E+00
 -.170000E+00 -.349518E+00
 -.150000E+00 -.346361E+00
 -.130000E+00 -.343200E+00
 -.110000E+00 -.340035E+00
 -.900000E-01 -.336866E+00
 -.700000E-01 -.333694E+00
 -.500000E-01 -.330518E+00
 -.300000E-01 -.327338E+00
 -.100000E-01 -.324155E+00
 0.100000E-01 -.320968E+00
 0.300000E-01 -.317777E+00
 0.500000E-01 -.314583E+00
 0.700000E-01 -.311386E+00
 0.900000E-01 -.308185E+00
 0.110000E+00 -.304981E+00
 0.130000E+00 -.301774E+00
 0.150000E+00 -.298563E+00
 0.170000E+00 -.295349E+00
 0.190000E+00 -.292131E+00
 0.210000E+00 -.288911E+00
 0.230000E+00 -.285687E+00
 0.250000E+00 -.282460E+00
 0.270000E+00 -.279230E+00
 0.290000E+00 -.275997E+00
 0.310000E+00 -.272761E+00
 0.330000E+00 -.269522E+00
 0.350000E+00 -.266280E+00
 0.370000E+00 -.263034E+00
 0.390000E+00 -.259786E+00
 0.410000E+00 -.256536E+00
 0.430000E+00 -.253282E+00
 0.450000E+00 -.250025E+00
 0.470000E+00 -.246766E+00
 0.490000E+00 -.243504E+00
 0.510000E+00 -.240239E+00
 0.530000E+00 -.236972E+00
 0.550000E+00 -.233702E+00
 0.570000E+00 -.230430E+00
 0.590000E+00 -.227154E+00
 0.610000E+00 -.223877E+00
 0.630000E+00 -.220597E+00
 0.650000E+00 -.217314E+00
 0.670000E+00 -.214029E+00
 0.690000E+00 -.210742E+00
 0.710000E+00 -.207452E+00
 0.730000E+00 -.204160E+00
 0.750000E+00 -.200865E+00
 0.770000E+00 -.197569E+00
 0.790000E+00 -.194270E+00
 0.810000E+00 -.190969E+00
 0.830000E+00 -.187666E+00
 0.850000E+00 -.184361E+00
 0.870000E+00 -.181053E+00
 0.890000E+00 -.177744E+00
 0.910000E+00 -.178973E+00
 0.930000E+00 -.184765E+00
 0.950000E+00 -.190587E+00
 0.970000E+00 -.196438E+00
 0.990000E+00 -.202319E+00




































































































 -.990000E+00 -.515185E-01
 -.970000E+00 -.515188E-01
 -.950000E+00 -.515199E-01
 -.930000E+00 -.515217E-01
 -.910000E+00 -.515243E-01
 -.890000E+00 -.477708E-01
 -.870000E+00 -.402593E-01
 -.850000E+00 -.327458E-01
 -.830000E+00 -.252307E-01
 -.810000E+00 -.177145E-01
 -.790000E+00 -.101975E-01
 -.770000E+00 -.268017E-02
 -.750000E+00 0.483709E-02
 -.730000E+00 0.123538E-01
 -.710000E+00 0.198697E-01
 -.690000E+00 0.273842E-01
 -.670000E+00 0.348971E-01
 -.650000E+00 0.424077E-01
 -.630000E+00 0.499158E-01
 -.610000E+00 0.574210E-01
 -.590000E+00 0.649227E-01
 -.570000E+00 0.724207E-01
 -.550000E+00 0.799145E-01
 -.530000E+00 0.874036E-01
 -.510000E+00 0.948877E-01
 -.490000E+00 0.102366E+00
 -.470000E+00 0.109839E+00
 -.450000E+00 0.117306E+00
 -.430000E+00 0.124766E+00
 -.410000E+00 0.132219E+00
 -.390000E+00 0.139664E+00
 -.370000E+00 0.147101E+00
 -.350000E+00 0.154531E+00
 -.330000E+00 0.161951E+00
 -.310000E+00 0.169362E+00
 -.290000E+00 0.176764E+00
 -.270000E+00 0.184156E+00
 -.250000E+00 0.191537E+00
 -.230000E+00 0.198908E+00
 -.210000E+00 0.206268E+00
 -.190000E+00 0.213616E+00
 -.170000E+00 0.220952E+00
 -.150000E+00 0.228276E+00
 -.130000E+00 0.235587E+00
 -.110000E+00 0.242885E+00
 -.900000E-01 0.250169E+00
 -.700000E-01 0.257439E+00
 -.500000E-01 0.264695E+00
 -.300000E-01 0.271936E+00
 -.100000E-01 0.279162E+00
 0.100000E-01 0.286372E+00
 0.300000E-01 0.293567E+00
 0.500000E-01 0.300745E+00
 0.700000E-01 0.307906E+00
 0.900000E-01 0.315050E+00
 0.110000E+00 0.322177E+00
 0.130000E+00 0.329286E+00
 0.150000E+00 0.336376E+00
 0.170000E+00 0.343447E+00
 0.190000E+00 0.350500E+00
 0.210000E+00 0.357533E+00
 0.230000E+00 0.364546E+00
 0.250000E+00 0.371539E+00
 0.270000E+00 0.378511E+00
 0.290000E+00 0.385462E+00
 0.310000E+00 0.392391E+00
 0.330000E+00 0.399299E+00
 0.350000E+00 0.406184E+00
 0.370000E+00 0.413047E+00
 0.390000E+00 0.419887E+00
 0.410000E+00 0.426703E+00
 0.430000E+00 0.433496E+00
 0.450000E+00 0.440265E+00
 0.470000E+00 0.447009E+00
 0.490000E+00 0.453728E+00
 0.510000E+00 0.460422E+00
 0.530000E+00 0.467090E+00
 0.550000E+00 0.473732E+00
 0.570000E+00 0.480348E+00
 0.590000E+00 0.486937E+00
 0.610000E+00 0.493499E+00
 0.630000E+00 0.500033E+00
 0.650000E+00 0.506540E+00
 0.670000E+00 0.513018E+00
 0.690000E+00 0.519468E+00
 0.710000E+00 0.525888E+00
 0.730000E+00 0.532280E+00
 0.750000E+00 0.538641E+00
 0.770000E+00 0.544973E+00
 0.790000E+00 0.551274E+00
 0.810000E+00 0.557544E+00
 0.830000E+00 0.563783E+00
 0.850000E+00 0.569991E+00
 0.870000E+00 0.576167E+00
 0.890000E+00 0.582310E+00
 0.910000E+00 0.587704E+00
 0.930000E+00 0.592397E+00
 0.950000E+00 0.597123E+00
 0.970000E+00 0.601881E+00
 0.990000E+00 0.606672E+00




































































































 -.990000E+00 0.343065E+00
 -.970000E+00 0.343065E+00
 -.950000E+00 0.343065E+00
 -.930000E+00 0.343065E+00
 -.910000E+00 0.343065E+00
 -.890000E+00 0.345514E+00
 -.870000E+00 0.350360E+00
 -.850000E+00 0.355134E+00
 -.830000E+00 0.359835E+00
 -.810000E+00 0.364461E+00
 -.790000E+00 0.369012E+00
 -.770000E+00 0.373487E+00
 -.750000E+00 0.377885E+00
 -.730000E+00 0.382205E+00
 -.710000E+00 0.386446E+00
 -.690000E+00 0.390608E+00
 -.670000E+00 0.394689E+00
 -.650000E+00 0.398688E+00
 -.630000E+00 0.402606E+00
 -.610000E+00 0.406440E+00
 -.590000E+00 0.410191E+00
 -.570000E+00 0.413858E+00
 -.550000E+00 0.417439E+00
 -.530000E+00 0.420934E+00
 -.510000E+00 0.424342E+00
 -.490000E+00 0.427663E+00
 -.470000E+00 0.430896E+00
 -.450000E+00 0.434040E+00
 -.430000E+00 0.437094E+00
 -.410000E+00 0.440059E+00
 -.390000E+00 0.442933E+00
 -.370000E+00 0.445716E+00
 -.350000E+00 0.448407E+00
 -.330000E+00 0.451005E+00
 -.310000E+00 0.453511E+00
 -.290000E+00 0.455924E+00
 -.270000E+00 0.458242E+00
 -.250000E+00 0.460467E+00
 -.230000E+00 0.462596E+00
 -.210000E+00 0.464630E+00
 -.190000E+00 0.466569E+00
 -.170000E+00 0.468412E+00
 -.150000E+00 0.470158E+00
 -.130000E+00 0.471807E+00
 -.110000E+00 0.473360E+00
 -.900000E-01 0.474815E+00
 -.700000E-01 0.476172E+00
 -.500000E-01 0.477432E+00
 -.300000E-01 0.478593E+00
 -.100000E-01 0.479656E+00
 0.100000E-01 0.480620E+00
 0.300000E-01 0.481485E+00
 0.500000E-01 0.482252E+00
 0.700000E-01 0.482919E+00
 0.900000E-01 0.483487E+00
 0.110000E+00 0.483956E+00
 0.130000E+00 0.484325E+00
 0.150000E+00 0.484595E+00
 0.170000E+00 0.484766E+00
 0.190000E+00 0.484836E+00
 0.210000E+00 0.484808E+00
 0.230000E+00 0.484679E+00
 0.250000E+00 0.484452E+00
 0.270000E+00 0.484125E+00
 0.290000E+00 0.483698E+00
 0.310000E+00 0.483173E+00
 0.330000E+00 0.482548E+00
 0.350000E+00 0.481824E+00
 0.370000E+00 0.481002E+00
 0.390000E+00 0.480081E+00
 0.410000E+00 0.479062E+00
 0.430000E+00 0.477944E+00
 0.450000E+00 0.476729E+00
 0.470000E+00 0.475416E+00
 0.490000E+00 0.474006E+00
 0.510000E+00 0.472499E+00
 0.530000E+00 0.470896E+00
 0.550000E+00 0.469196E+00
 0.570000E+00 0.467400E+00
 0.590000E+00 0.465509E+00
 0.610000E+00 0.463522E+00
 0.630000E+00 0.461441E+00
 0.650000E+00 0.459266E+00
 0.670000E+00 0.456997E+00
 0.690000E+00 0.454635E+00
 0.710000E+00 0.452180E+00
 0.730000E+00 0.449633E+00
 0.750000E+00 0.446995E+00
 0.770000E+00 0.444265E+00
 0.790000E+00 0.441445E+00
 0.810000E+00 0.438535E+00
 0.830000E+00 0.435536E+00
 0.850000E+00 0.432449E+00
 0.870000E+00 0.429274E+00
 0.890000E+00 0.426011E+00
 0.910000E+00 0.420526E+00
 0.930000E+00 0.412712E+00
 0.950000E+00 0.404671E+00
 0.970000E+00 0.396409E+00
 0.990000E+00 0.387928E+00




































































































 -.990000E+00 0.131076E+00
 -.970000E+00 0.131076E+00
 -.950000E+00 0.131077E+00
 -.930000E+00 0.131078E+00
 -.910000E+00 0.131079E+00
 -.890000E+00 0.133118E+00
 -.870000E+00 0.137098E+00
 -.850000E+00 0.140943E+00
 -.830000E+00 0.144650E+00
 -.810000E+00 0.148216E+00
 -.790000E+00 0.151637E+00
 -.770000E+00 0.154909E+00
 -.750000E+00 0.158030E+00
 -.730000E+00 0.160996E+00
 -.710000E+00 0.163805E+00
 -.690000E+00 0.166453E+00
 -.670000E+00 0.168939E+00
 -.650000E+00 0.171260E+00
 -.630000E+00 0.173413E+00
 -.610000E+00 0.175397E+00
 -.590000E+00 0.177210E+00
 -.570000E+00 0.178849E+00
 -.550000E+00 0.180314E+00
 -.530000E+00 0.181603E+00
 -.510000E+00 0.182714E+00
 -.490000E+00 0.183647E+00
 -.470000E+00 0.184401E+00
 -.450000E+00 0.184975E+00
 -.430000E+00 0.185368E+00
 -.410000E+00 0.185581E+00
 -.390000E+00 0.185612E+00
 -.370000E+00 0.185462E+00
 -.350000E+00 0.185132E+00
 -.330000E+00 0.184621E+00
 -.310000E+00 0.183930E+00
 -.290000E+00 0.183059E+00
 -.270000E+00 0.182011E+00
 -.250000E+00 0.180785E+00
 -.230000E+00 0.179382E+00
 -.210000E+00 0.177805E+00
 -.190000E+00 0.176055E+00
 -.170000E+00 0.174133E+00
 -.150000E+00 0.172042E+00
 -.130000E+00 0.169784E+00
 -.110000E+00 0.167360E+00
 -.900000E-01 0.164773E+00
 -.700000E-01 0.162026E+00
 -.500000E-01 0.159121E+00
 -.300000E-01 0.156062E+00
 -.100000E-01 0.152851E+00
 0.100000E-01 0.149491E+00
 0.300000E-01 0.145986E+00
 0.500000E-01 0.142339E+00
 0.700000E-01 0.138554E+00
 0.900000E-01 0.134635E+00
 0.110000E+00 0.130584E+00
 0.130000E+00 0.126407E+00
 0.150000E+00 0.122108E+00
 0.170000E+00 0.117690E+00
 0.190000E+00 0.113158E+00
 0.210000E+00 0.108516E+00
 0.230000E+00 0.103769E+00
 0.250000E+00 0.989222E-01
 0.270000E+00 0.939792E-01
 0.290000E+00 0.889454E-01
 0.310000E+00 0.838257E-01
 0.330000E+00 0.786250E-01
 0.350000E+00 0.733484E-01
 0.370000E+00 0.680011E-01
 0.390000E+00 0.625884E-01
 0.410000E+00 0.571154E-01
 0.430000E+00 0.515876E-01
 0.450000E+00 0.460104E-01
 0.470000E+00 0.403891E-01
 0.490000E+00 0.347293E-01
 0.510000E+00 0.290365E-01
 0.530000E+00 0.233162E-01
 0.550000E+00 0.175740E-01
 0.570000E+00 0.118156E-01
 0.590000E+00 0.604651E-02
 0.610000E+00 0.272381E-03
 0.630000E+00 -.550116E-02
 0.650000E+00 -.112685E-01
 0.670000E+00 -.170240E-01
 0.690000E+00 -.227620E-01
 0.710000E+00 -.284771E-01
 0.730000E+00 -.341635E-01
 0.750000E+00 -.398158E-01
 0.770000E+00 -.454284E-01
 0.790000E+00 -.509960E-01
 0.810000E+00 -.565130E-01
 0.830000E+00 -.619741E-01
 0.850000E+00 -.673741E-01
 0.870000E+00 -.727075E-01
 0.890000E+00 -.779693E-01
 0.910000E+00 -.851411E-01
 0.930000E+00 -.942906E-01
 0.950000E+00 -.103446E+00
 0.970000E+00 -.112598E+00
 0.990000E+00 -.121735E+00




































































































 -.990000E+00 0.592291E-02
 -.970000E+00 0.592266E-02
 -.950000E+00 0.592204E-02
 -.930000E+00 0.592132E-02
 -.910000E+00 0.592080E-02
 -.890000E+00 0.753955E-02
 -.870000E+00 0.817097E-02
 -.850000E+00 0.526353E-02
 -.830000E+00 0.769334E-04
 -.810000E+00 -.514221E-02
 -.790000E+00 -.813354E-02
 -.770000E+00 -.760187E-02
 -.750000E+00 -.377798E-02
 -.730000E+00 0.168155E-02
 -.710000E+00 0.641201E-02
 -.690000E+00 0.836479E-02
 -.670000E+00 0.669457E-02
 -.650000E+00 0.212525E-02
 -.630000E+00 -.336383E-02
 -.610000E+00 -.739525E-02
 -.590000E+00 -.822326E-02
 -.570000E+00 -.548974E-02
 -.550000E+00 -.379069E-03
 -.530000E+00 0.489502E-02
 -.510000E+00 0.804834E-02
 -.490000E+00 0.771553E-02
 -.470000E+00 0.404126E-02
 -.450000E+00 -.138271E-02
 -.430000E+00 -.620703E-02
 -.410000E+00 -.834243E-02
 -.390000E+00 -.686450E-02
 -.370000E+00 -.241383E-02
 -.350000E+00 0.308158E-02
 -.330000E+00 0.724158E-02
 -.310000E+00 0.826470E-02
 -.290000E+00 0.570831E-02
 -.270000E+00 0.680083E-03
 -.250000E+00 -.464194E-02
 -.230000E+00 -.795279E-02
 -.210000E+00 -.781888E-02
 -.190000E+00 -.429871E-02
 -.170000E+00 0.108267E-02
 -.150000E+00 0.599436E-02
 -.130000E+00 0.830923E-02
 -.110000E+00 0.702510E-02
 -.900000E-01 0.269866E-02
 -.700000E-01 -.279590E-02
 -.500000E-01 -.707877E-02
 -.300000E-01 -.829526E-02
 -.100000E-01 -.591897E-02
 0.100000E-01 -.979587E-03
 0.300000E-01 0.438332E-02
 0.500000E-01 0.784706E-02
 0.700000E-01 0.791180E-02
 0.900000E-01 0.455001E-02
 0.110000E+00 -.781851E-03
 0.130000E+00 -.577431E-02
 0.150000E+00 -.826523E-02
 0.170000E+00 -.717619E-02
 0.190000E+00 -.297938E-02
 0.210000E+00 0.250716E-02
 0.230000E+00 0.690705E-02
 0.250000E+00 0.831492E-02
 0.270000E+00 0.612147E-02
 0.290000E+00 0.127719E-02
 0.310000E+00 -.411951E-02
 0.330000E+00 -.773129E-02
 0.350000E+00 -.799419E-02
 0.370000E+00 -.479484E-02
 0.390000E+00 0.480628E-03
 0.410000E+00 0.554716E-02
 0.430000E+00 0.821053E-02
 0.450000E+00 0.731760E-02
 0.470000E+00 0.325562E-02
 0.490000E+00 -.221574E-02
 0.510000E+00 -.672667E-02
 0.530000E+00 -.832367E-02
 0.550000E+00 -.631554E-02
 0.570000E+00 -.157251E-02
 0.590000E+00 0.385086E-02
 0.610000E+00 0.760566E-02
 0.630000E+00 0.806596E-02
 0.650000E+00 0.503291E-02
 0.670000E+00 -.179401E-03
 0.690000E+00 -.531324E-02
 0.710000E+00 -.814521E-02
 0.730000E+00 -.744915E-02
 0.750000E+00 -.352703E-02
 0.770000E+00 0.192202E-02
 0.790000E+00 0.653786E-02
 0.810000E+00 0.832154E-02
 0.830000E+00 0.650097E-02
 0.850000E+00 0.186516E-02
 0.870000E+00 -.357774E-02
 0.890000E+00 -.747035E-02
 0.910000E+00 -.104052E-01
 0.930000E+00 -.130166E-01
 0.950000E+00 -.125561E-01
 0.970000E+00 -.922384E-02
 0.990000E+00 -.446266E-02




































































































