 -.990000E+00 -.198623E+00
 -.970000E+00 -.198620E+00
 -.950000E+00 -.198602E+00
 -.930000E+00 -.198577E+00
 -.910000E+00 -.198556E+00
 -.890000E+00 0.967121E-05
 -.870000E+00 0.136713E-04
 -.850000E+00 0.117463E-04
 -.830000E+00 0.473071E-05
 -.810000E+00 -.433513E-05
 -.790000E+00 -.115221E-04
 -.770000E+00 -.137156E-04
 -.750000E+00 -.996482E-05
 -.730000E+00 -.189546E-05
 -.710000E+00 0.699533E-05
 -.690000E+00 0.128544E-04
 -.670000E+00 0.131425E-04
 -.650000E+00 0.773481E-05
 -.630000E+00 -.102505E-05
 -.610000E+00 -.934063E-05
 -.590000E+00 -.136081E-04
 -.570000E+00 -.119779E-04
 -.550000E+00 -.515669E-05
 -.530000E+00 0.389937E-05
 -.510000E+00 0.112655E-04
 -.490000E+00 0.137492E-04
 -.470000E+00 0.102742E-04
 -.450000E+00 0.234650E-05
 -.430000E+00 -.659814E-05
 -.410000E+00 -.126832E-04
 -.390000E+00 -.132715E-04
 -.370000E+00 -.810809E-05
 -.350000E+00 0.569267E-06
 -.330000E+00 0.899990E-05
 -.310000E+00 0.135301E-04
 -.290000E+00 0.121964E-04
 -.270000E+00 0.557704E-05
 -.250000E+00 -.345939E-05
 -.230000E+00 -.109965E-04
 -.210000E+00 -.137679E-04
 -.190000E+00 -.105724E-04
 -.170000E+00 -.279498E-05
 -.150000E+00 0.619378E-05
 -.130000E+00 0.124982E-04
 -.110000E+00 0.133861E-04
 -.900000E-01 0.847254E-05
 -.700000E-01 -.112878E-06
 -.500000E-01 -.864937E-05
 -.300000E-01 -.134373E-04
 -.100000E-01 -.124017E-04
 0.100000E-01 -.599131E-05
 0.300000E-01 0.301565E-05
 0.500000E-01 0.107157E-04
 0.700000E-01 0.137716E-04
 0.900000E-01 0.108591E-04
 0.110000E+00 0.324040E-05
 0.130000E+00 -.578268E-05
 0.150000E+00 -.122996E-04
 0.170000E+00 -.134860E-04
 0.190000E+00 -.882776E-05
 0.210000E+00 -.343630E-06
 0.230000E+00 0.828944E-05
 0.250000E+00 0.133300E-04
 0.270000E+00 0.125934E-04
 0.290000E+00 0.639905E-05
 0.310000E+00 -.256862E-05
 0.330000E+00 -.104231E-04
 0.350000E+00 -.137603E-04
 0.370000E+00 -.111340E-04
 0.390000E+00 -.368230E-05
 0.410000E+00 0.536528E-05
 0.430000E+00 0.120876E-04
 0.450000E+00 0.135713E-04
 0.470000E+00 0.917338E-05
 0.490000E+00 0.799772E-06
 0.510000E+00 -.792047E-05
 0.530000E+00 -.132081E-04
 0.550000E+00 -.127715E-04
 0.570000E+00 -.679984E-05
 0.590000E+00 0.211879E-05
 0.610000E+00 0.101192E-04
 0.630000E+00 0.137341E-04
 0.650000E+00 0.113967E-04
 0.670000E+00 0.412020E-05
 0.690000E+00 -.494202E-05
 0.710000E+00 -.118625E-04
 0.730000E+00 -.136419E-04
 0.750000E+00 -.950902E-05
 0.770000E+00 -.125506E-05
 0.790000E+00 0.754286E-05
 0.810000E+00 0.130718E-04
 0.830000E+00 0.129356E-04
 0.850000E+00 0.719324E-05
 0.870000E+00 -.166663E-05
 0.890000E+00 -.980424E-05
 0.910000E+00 0.198540E+00
 0.930000E+00 0.198530E+00
 0.950000E+00 0.198518E+00
 0.970000E+00 0.198509E+00
 0.990000E+00 0.198508E+00




































































































 -.990000E+00 -.198673E+00
 -.970000E+00 -.198672E+00
 -.950000E+00 -.198672E+00
 -.930000E+00 -.198672E+00
 -.910000E+00 -.198673E+00
 -.890000E+00 -.119787E-03
 -.870000E+00 -.122782E-03
 -.850000E+00 -.125661E-03
 -.830000E+00 -.128422E-03
 -.810000E+00 -.131060E-03
 -.790000E+00 -.133575E-03
 -.770000E+00 -.135963E-03
 -.750000E+00 -.138223E-03
 -.730000E+00 -.140351E-03
 -.710000E+00 -.142347E-03
 -.690000E+00 -.144207E-03
 -.670000E+00 -.145931E-03
 -.650000E+00 -.147517E-03
 -.630000E+00 -.148963E-03
 -.610000E+00 -.150268E-03
 -.590000E+00 -.151431E-03
 -.570000E+00 -.152450E-03
 -.550000E+00 -.153324E-03
 -.530000E+00 -.154053E-03
 -.510000E+00 -.154636E-03
 -.490000E+00 -.155073E-03
 -.470000E+00 -.155362E-03
 -.450000E+00 -.155504E-03
 -.430000E+00 -.155498E-03
 -.410000E+00 -.155345E-03
 -.390000E+00 -.155045E-03
 -.370000E+00 -.154598E-03
 -.350000E+00 -.154004E-03
 -.330000E+00 -.153263E-03
 -.310000E+00 -.152378E-03
 -.290000E+00 -.151347E-03
 -.270000E+00 -.150173E-03
 -.250000E+00 -.148857E-03
 -.230000E+00 -.147399E-03
 -.210000E+00 -.145801E-03
 -.190000E+00 -.144064E-03
 -.170000E+00 -.142191E-03
 -.150000E+00 -.140183E-03
 -.130000E+00 -.138042E-03
 -.110000E+00 -.135769E-03
 -.900000E-01 -.133367E-03
 -.700000E-01 -.130839E-03
 -.500000E-01 -.128186E-03
 -.300000E-01 -.125412E-03
 -.100000E-01 -.122518E-03
 0.100000E-01 -.119507E-03
 0.300000E-01 -.116383E-03
 0.500000E-01 -.113149E-03
 0.700000E-01 -.109806E-03
 0.900000E-01 -.106359E-03
 0.110000E+00 -.102811E-03
 0.130000E+00 -.991649E-04
 0.150000E+00 -.954244E-04
 0.170000E+00 -.915929E-04
 0.190000E+00 -.876741E-04
 0.210000E+00 -.836717E-04
 0.230000E+00 -.795896E-04
 0.250000E+00 -.754315E-04
 0.270000E+00 -.712014E-04
 0.290000E+00 -.669033E-04
 0.310000E+00 -.625412E-04
 0.330000E+00 -.581194E-04
 0.350000E+00 -.536419E-04
 0.370000E+00 -.491131E-04
 0.390000E+00 -.445371E-04
 0.410000E+00 -.399185E-04
 0.430000E+00 -.352614E-04
 0.450000E+00 -.305704E-04
 0.470000E+00 -.258498E-04
 0.490000E+00 -.211042E-04
 0.510000E+00 -.163381E-04
 0.530000E+00 -.115559E-04
 0.550000E+00 -.676220E-05
 0.570000E+00 -.196156E-05
 0.590000E+00 0.284149E-05
 0.610000E+00 0.764239E-05
 0.630000E+00 0.124366E-04
 0.650000E+00 0.172195E-04
 0.670000E+00 0.219867E-04
 0.690000E+00 0.267335E-04
 0.710000E+00 0.314556E-04
 0.730000E+00 0.361483E-04
 0.750000E+00 0.408073E-04
 0.770000E+00 0.454281E-04
 0.790000E+00 0.500064E-04
 0.810000E+00 0.545377E-04
 0.830000E+00 0.590179E-04
 0.850000E+00 0.634425E-04
 0.870000E+00 0.678076E-04
 0.890000E+00 0.721088E-04
 0.910000E+00 0.198632E+00
 0.930000E+00 0.198637E+00
 0.950000E+00 0.198641E+00
 0.970000E+00 0.198644E+00
 0.990000E+00 0.198646E+00




































































































 -.990000E+00 -.200705E+00
 -.970000E+00 -.200697E+00
 -.950000E+00 -.200689E+00
 -.930000E+00 -.200681E+00
 -.910000E+00 -.200673E+00
 -.890000E+00 -.211200E-02
 -.870000E+00 -.210971E-02
 -.850000E+00 -.210699E-02
 -.830000E+00 -.210385E-02
 -.810000E+00 -.210028E-02
 -.790000E+00 -.209628E-02
 -.770000E+00 -.209186E-02
 -.750000E+00 -.208702E-02
 -.730000E+00 -.208175E-02
 -.710000E+00 -.207606E-02
 -.690000E+00 -.206995E-02
 -.670000E+00 -.206342E-02
 -.650000E+00 -.205648E-02
 -.630000E+00 -.204911E-02
 -.610000E+00 -.204133E-02
 -.590000E+00 -.203314E-02
 -.570000E+00 -.202454E-02
 -.550000E+00 -.201552E-02
 -.530000E+00 -.200610E-02
 -.510000E+00 -.199627E-02
 -.490000E+00 -.198604E-02
 -.470000E+00 -.197541E-02
 -.450000E+00 -.196437E-02
 -.430000E+00 -.195294E-02
 -.410000E+00 -.194111E-02
 -.390000E+00 -.192889E-02
 -.370000E+00 -.191627E-02
 -.350000E+00 -.190327E-02
 -.330000E+00 -.188989E-02
 -.310000E+00 -.187612E-02
 -.290000E+00 -.186197E-02
 -.270000E+00 -.184744E-02
 -.250000E+00 -.183254E-02
 -.230000E+00 -.181727E-02
 -.210000E+00 -.180163E-02
 -.190000E+00 -.178563E-02
 -.170000E+00 -.176926E-02
 -.150000E+00 -.175254E-02
 -.130000E+00 -.173546E-02
 -.110000E+00 -.171803E-02
 -.900000E-01 -.170025E-02
 -.700000E-01 -.168212E-02
 -.500000E-01 -.166366E-02
 -.300000E-01 -.164486E-02
 -.100000E-01 -.162573E-02
 0.100000E-01 -.160626E-02
 0.300000E-01 -.158647E-02
 0.500000E-01 -.156637E-02
 0.700000E-01 -.154594E-02
 0.900000E-01 -.152520E-02
 0.110000E+00 -.150415E-02
 0.130000E+00 -.148280E-02
 0.150000E+00 -.146114E-02
 0.170000E+00 -.143919E-02
 0.190000E+00 -.141695E-02
 0.210000E+00 -.139442E-02
 0.230000E+00 -.137161E-02
 0.250000E+00 -.134852E-02
 0.270000E+00 -.132516E-02
 0.290000E+00 -.130153E-02
 0.310000E+00 -.127764E-02
 0.330000E+00 -.125349E-02
 0.350000E+00 -.122908E-02
 0.370000E+00 -.120443E-02
 0.390000E+00 -.117953E-02
 0.410000E+00 -.115439E-02
 0.430000E+00 -.112902E-02
 0.450000E+00 -.110342E-02
 0.470000E+00 -.107760E-02
 0.490000E+00 -.105156E-02
 0.510000E+00 -.102530E-02
 0.530000E+00 -.998841E-03
 0.550000E+00 -.972177E-03
 0.570000E+00 -.945317E-03
 0.590000E+00 -.918265E-03
 0.610000E+00 -.891026E-03
 0.630000E+00 -.863608E-03
 0.650000E+00 -.836015E-03
 0.670000E+00 -.808252E-03
 0.690000E+00 -.780326E-03
 0.710000E+00 -.752242E-03
 0.730000E+00 -.724006E-03
 0.750000E+00 -.695623E-03
 0.770000E+00 -.667099E-03
 0.790000E+00 -.638441E-03
 0.810000E+00 -.609653E-03
 0.830000E+00 -.580741E-03
 0.850000E+00 -.551713E-03
 0.870000E+00 -.522572E-03
 0.890000E+00 -.493326E-03
 0.910000E+00 0.198085E+00
 0.930000E+00 0.198102E+00
 0.950000E+00 0.198119E+00
 0.970000E+00 0.198135E+00
 0.990000E+00 0.198151E+00




































































































 -.990000E+00 -.200485E+00
 -.970000E+00 -.200481E+00
 -.950000E+00 -.200477E+00
 -.930000E+00 -.200473E+00
 -.910000E+00 -.200469E+00
 -.890000E+00 -.189096E-02
 -.870000E+00 -.185002E-02
 -.850000E+00 -.180897E-02
 -.830000E+00 -.176782E-02
 -.810000E+00 -.172657E-02
 -.790000E+00 -.168522E-02
 -.770000E+00 -.164378E-02
 -.750000E+00 -.160224E-02
 -.730000E+00 -.156061E-02
 -.710000E+00 -.151890E-02
 -.690000E+00 -.147710E-02
 -.670000E+00 -.143521E-02
 -.650000E+00 -.139324E-02
 -.630000E+00 -.135120E-02
 -.610000E+00 -.130908E-02
 -.590000E+00 -.126688E-02
 -.570000E+00 -.122461E-02
 -.550000E+00 -.118227E-02
 -.530000E+00 -.113987E-02
 -.510000E+00 -.109740E-02
 -.490000E+00 -.105487E-02
 -.470000E+00 -.101228E-02
 -.450000E+00 -.969631E-03
 -.430000E+00 -.926929E-03
 -.410000E+00 -.884173E-03
 -.390000E+00 -.841368E-03
 -.370000E+00 -.798515E-03
 -.350000E+00 -.755617E-03
 -.330000E+00 -.712676E-03
 -.310000E+00 -.669694E-03
 -.290000E+00 -.626675E-03
 -.270000E+00 -.583621E-03
 -.250000E+00 -.540533E-03
 -.230000E+00 -.497414E-03
 -.210000E+00 -.454268E-03
 -.190000E+00 -.411096E-03
 -.170000E+00 -.367900E-03
 -.150000E+00 -.324684E-03
 -.130000E+00 -.281449E-03
 -.110000E+00 -.238199E-03
 -.900000E-01 -.194935E-03
 -.700000E-01 -.151660E-03
 -.500000E-01 -.108376E-03
 -.300000E-01 -.650860E-04
 -.100000E-01 -.217924E-04
 0.100000E-01 0.215023E-04
 0.300000E-01 0.647959E-04
 0.500000E-01 0.108086E-03
 0.700000E-01 0.151369E-03
 0.900000E-01 0.194645E-03
 0.110000E+00 0.237909E-03
 0.130000E+00 0.281159E-03
 0.150000E+00 0.324394E-03
 0.170000E+00 0.367611E-03
 0.190000E+00 0.410806E-03
 0.210000E+00 0.453979E-03
 0.230000E+00 0.497125E-03
 0.250000E+00 0.540244E-03
 0.270000E+00 0.583331E-03
 0.290000E+00 0.626386E-03
 0.310000E+00 0.669406E-03
 0.330000E+00 0.712387E-03
 0.350000E+00 0.755328E-03
 0.370000E+00 0.798227E-03
 0.390000E+00 0.841080E-03
 0.410000E+00 0.883886E-03
 0.430000E+00 0.926641E-03
 0.450000E+00 0.969344E-03
 0.470000E+00 0.101199E-02
 0.490000E+00 0.105458E-02
 0.510000E+00 0.109711E-02
 0.530000E+00 0.113958E-02
 0.550000E+00 0.118199E-02
 0.570000E+00 0.122433E-02
 0.590000E+00 0.126659E-02
 0.610000E+00 0.130879E-02
 0.630000E+00 0.135091E-02
 0.650000E+00 0.139296E-02
 0.670000E+00 0.143493E-02
 0.690000E+00 0.147681E-02
 0.710000E+00 0.151861E-02
 0.730000E+00 0.156033E-02
 0.750000E+00 0.160196E-02
 0.770000E+00 0.164350E-02
 0.790000E+00 0.168494E-02
 0.810000E+00 0.172629E-02
 0.830000E+00 0.176754E-02
 0.850000E+00 0.180869E-02
 0.870000E+00 0.184974E-02
 0.890000E+00 0.189068E-02
 0.910000E+00 0.200469E+00
 0.930000E+00 0.200473E+00
 0.950000E+00 0.200477E+00
 0.970000E+00 0.200481E+00
 0.990000E+00 0.200485E+00




































































































 -.990000E+00 -.198285E+00
 -.970000E+00 -.198261E+00
 -.950000E+00 -.198238E+00
 -.930000E+00 -.198215E+00
 -.910000E+00 -.198191E+00
 -.890000E+00 0.372783E-03
 -.870000E+00 0.364463E-03
 -.850000E+00 0.356139E-03
 -.830000E+00 0.347811E-03
 -.810000E+00 0.339480E-03
 -.790000E+00 0.331144E-03
 -.770000E+00 0.322805E-03
 -.750000E+00 0.314462E-03
 -.730000E+00 0.306116E-03
 -.710000E+00 0.297766E-03
 -.690000E+00 0.289414E-03
 -.670000E+00 0.281058E-03
 -.650000E+00 0.272698E-03
 -.630000E+00 0.264336E-03
 -.610000E+00 0.255971E-03
 -.590000E+00 0.247603E-03
 -.570000E+00 0.239232E-03
 -.550000E+00 0.230859E-03
 -.530000E+00 0.222483E-03
 -.510000E+00 0.214105E-03
 -.490000E+00 0.205724E-03
 -.470000E+00 0.197341E-03
 -.450000E+00 0.188956E-03
 -.430000E+00 0.180569E-03
 -.410000E+00 0.172180E-03
 -.390000E+00 0.163788E-03
 -.370000E+00 0.155395E-03
 -.350000E+00 0.147001E-03
 -.330000E+00 0.138604E-03
 -.310000E+00 0.130207E-03
 -.290000E+00 0.121807E-03
 -.270000E+00 0.113407E-03
 -.250000E+00 0.105005E-03
 -.230000E+00 0.966019E-04
 -.210000E+00 0.881978E-04
 -.190000E+00 0.797927E-04
 -.170000E+00 0.713868E-04
 -.150000E+00 0.629801E-04
 -.130000E+00 0.545726E-04
 -.110000E+00 0.461646E-04
 -.900000E-01 0.377561E-04
 -.700000E-01 0.293471E-04
 -.500000E-01 0.209379E-04
 -.300000E-01 0.125284E-04
 -.100000E-01 0.411875E-05
 0.100000E-01 -.429093E-05
 0.300000E-01 -.127006E-04
 0.500000E-01 -.211100E-04
 0.700000E-01 -.295193E-04
 0.900000E-01 -.379282E-04
 0.110000E+00 -.463367E-04
 0.130000E+00 -.547447E-04
 0.150000E+00 -.631521E-04
 0.170000E+00 -.715588E-04
 0.190000E+00 -.799646E-04
 0.210000E+00 -.883696E-04
 0.230000E+00 -.967737E-04
 0.250000E+00 -.105177E-03
 0.270000E+00 -.113578E-03
 0.290000E+00 -.121979E-03
 0.310000E+00 -.130378E-03
 0.330000E+00 -.138776E-03
 0.350000E+00 -.147172E-03
 0.370000E+00 -.155567E-03
 0.390000E+00 -.163959E-03
 0.410000E+00 -.172350E-03
 0.430000E+00 -.180740E-03
 0.450000E+00 -.189127E-03
 0.470000E+00 -.197512E-03
 0.490000E+00 -.205894E-03
 0.510000E+00 -.214275E-03
 0.530000E+00 -.222653E-03
 0.550000E+00 -.231029E-03
 0.570000E+00 -.239402E-03
 0.590000E+00 -.247773E-03
 0.610000E+00 -.256140E-03
 0.630000E+00 -.264505E-03
 0.650000E+00 -.272867E-03
 0.670000E+00 -.281226E-03
 0.690000E+00 -.289582E-03
 0.710000E+00 -.297935E-03
 0.730000E+00 -.306284E-03
 0.750000E+00 -.314630E-03
 0.770000E+00 -.322973E-03
 0.790000E+00 -.331312E-03
 0.810000E+00 -.339647E-03
 0.830000E+00 -.347978E-03
 0.850000E+00 -.356306E-03
 0.870000E+00 -.364630E-03
 0.890000E+00 -.372949E-03
 0.910000E+00 0.198191E+00
 0.930000E+00 0.198214E+00
 0.950000E+00 0.198238E+00
 0.970000E+00 0.198261E+00
 0.990000E+00 0.198284E+00




































































































 -.990000E+00 -.198659E+00
 -.970000E+00 -.198640E+00
 -.950000E+00 -.198620E+00
 -.930000E+00 -.198601E+00
 -.910000E+00 -.198581E+00
 -.890000E+00 -.154749E-04
 -.870000E+00 -.151272E-04
 -.850000E+00 -.147794E-04
 -.830000E+00 -.144317E-04
 -.810000E+00 -.140839E-04
 -.790000E+00 -.137362E-04
 -.770000E+00 -.133884E-04
 -.750000E+00 -.130407E-04
 -.730000E+00 -.126929E-04
 -.710000E+00 -.123452E-04
 -.690000E+00 -.119974E-04
 -.670000E+00 -.116497E-04
 -.650000E+00 -.113019E-04
 -.630000E+00 -.109542E-04
 -.610000E+00 -.106064E-04
 -.590000E+00 -.102587E-04
 -.570000E+00 -.991094E-05
 -.550000E+00 -.956319E-05
 -.530000E+00 -.921544E-05
 -.510000E+00 -.886768E-05
 -.490000E+00 -.851993E-05
 -.470000E+00 -.817218E-05
 -.450000E+00 -.782443E-05
 -.430000E+00 -.747668E-05
 -.410000E+00 -.712893E-05
 -.390000E+00 -.678118E-05
 -.370000E+00 -.643342E-05
 -.350000E+00 -.608567E-05
 -.330000E+00 -.573792E-05
 -.310000E+00 -.539017E-05
 -.290000E+00 -.504242E-05
 -.270000E+00 -.469466E-05
 -.250000E+00 -.434691E-05
 -.230000E+00 -.399916E-05
 -.210000E+00 -.365141E-05
 -.190000E+00 -.330366E-05
 -.170000E+00 -.295590E-05
 -.150000E+00 -.260815E-05
 -.130000E+00 -.226040E-05
 -.110000E+00 -.191265E-05
 -.900000E-01 -.156489E-05
 -.700000E-01 -.121714E-05
 -.500000E-01 -.869389E-06
 -.300000E-01 -.521637E-06
 -.100000E-01 -.173885E-06
 0.100000E-01 0.173868E-06
 0.300000E-01 0.521620E-06
 0.500000E-01 0.869372E-06
 0.700000E-01 0.121712E-05
 0.900000E-01 0.156488E-05
 0.110000E+00 0.191263E-05
 0.130000E+00 0.226038E-05
 0.150000E+00 0.260813E-05
 0.170000E+00 0.295589E-05
 0.190000E+00 0.330364E-05
 0.210000E+00 0.365139E-05
 0.230000E+00 0.399914E-05
 0.250000E+00 0.434689E-05
 0.270000E+00 0.469465E-05
 0.290000E+00 0.504240E-05
 0.310000E+00 0.539015E-05
 0.330000E+00 0.573790E-05
 0.350000E+00 0.608565E-05
 0.370000E+00 0.643341E-05
 0.390000E+00 0.678116E-05
 0.410000E+00 0.712891E-05
 0.430000E+00 0.747666E-05
 0.450000E+00 0.782441E-05
 0.470000E+00 0.817216E-05
 0.490000E+00 0.851992E-05
 0.510000E+00 0.886767E-05
 0.530000E+00 0.921542E-05
 0.550000E+00 0.956317E-05
 0.570000E+00 0.991092E-05
 0.590000E+00 0.102587E-04
 0.610000E+00 0.106064E-04
 0.630000E+00 0.109542E-04
 0.650000E+00 0.113019E-04
 0.670000E+00 0.116497E-04
 0.690000E+00 0.119974E-04
 0.710000E+00 0.123452E-04
 0.730000E+00 0.126929E-04
 0.750000E+00 0.130407E-04
 0.770000E+00 0.133884E-04
 0.790000E+00 0.137362E-04
 0.810000E+00 0.140839E-04
 0.830000E+00 0.144317E-04
 0.850000E+00 0.147794E-04
 0.870000E+00 0.151272E-04
 0.890000E+00 0.154749E-04
 0.910000E+00 0.198581E+00
 0.930000E+00 0.198601E+00
 0.950000E+00 0.198620E+00
 0.970000E+00 0.198640E+00
 0.990000E+00 0.198659E+00




































































































 -.990000E+00 -.198284E+00
 -.970000E+00 -.198261E+00
 -.950000E+00 -.198238E+00
 -.930000E+00 -.198214E+00
 -.910000E+00 -.198191E+00
 -.890000E+00 0.372949E-03
 -.870000E+00 0.364630E-03
 -.850000E+00 0.356306E-03
 -.830000E+00 0.347978E-03
 -.810000E+00 0.339647E-03
 -.790000E+00 0.331312E-03
 -.770000E+00 0.322973E-03
 -.750000E+00 0.314630E-03
 -.730000E+00 0.306284E-03
 -.710000E+00 0.297935E-03
 -.690000E+00 0.289582E-03
 -.670000E+00 0.281226E-03
 -.650000E+00 0.272867E-03
 -.630000E+00 0.264505E-03
 -.610000E+00 0.256140E-03
 -.590000E+00 0.247773E-03
 -.570000E+00 0.239402E-03
 -.550000E+00 0.231029E-03
 -.530000E+00 0.222653E-03
 -.510000E+00 0.214275E-03
 -.490000E+00 0.205894E-03
 -.470000E+00 0.197512E-03
 -.450000E+00 0.189127E-03
 -.430000E+00 0.180740E-03
 -.410000E+00 0.172350E-03
 -.390000E+00 0.163959E-03
 -.370000E+00 0.155567E-03
 -.350000E+00 0.147172E-03
 -.330000E+00 0.138776E-03
 -.310000E+00 0.130378E-03
 -.290000E+00 0.121979E-03
 -.270000E+00 0.113578E-03
 -.250000E+00 0.105177E-03
 -.230000E+00 0.967737E-04
 -.210000E+00 0.883696E-04
 -.190000E+00 0.799646E-04
 -.170000E+00 0.715588E-04
 -.150000E+00 0.631521E-04
 -.130000E+00 0.547447E-04
 -.110000E+00 0.463367E-04
 -.900000E-01 0.379282E-04
 -.700000E-01 0.295193E-04
 -.500000E-01 0.211100E-04
 -.300000E-01 0.127006E-04
 -.100000E-01 0.429093E-05
 0.100000E-01 -.411875E-05
 0.300000E-01 -.125284E-04
 0.500000E-01 -.209379E-04
 0.700000E-01 -.293471E-04
 0.900000E-01 -.377561E-04
 0.110000E+00 -.461646E-04
 0.130000E+00 -.545726E-04
 0.150000E+00 -.629801E-04
 0.170000E+00 -.713868E-04
 0.190000E+00 -.797927E-04
 0.210000E+00 -.881978E-04
 0.230000E+00 -.966019E-04
 0.250000E+00 -.105005E-03
 0.270000E+00 -.113407E-03
 0.290000E+00 -.121807E-03
 0.310000E+00 -.130207E-03
 0.330000E+00 -.138604E-03
 0.350000E+00 -.147001E-03
 0.370000E+00 -.155395E-03
 0.390000E+00 -.163788E-03
 0.410000E+00 -.172180E-03
 0.430000E+00 -.180569E-03
 0.450000E+00 -.188956E-03
 0.470000E+00 -.197341E-03
 0.490000E+00 -.205724E-03
 0.510000E+00 -.214105E-03
 0.530000E+00 -.222483E-03
 0.550000E+00 -.230859E-03
 0.570000E+00 -.239232E-03
 0.590000E+00 -.247603E-03
 0.610000E+00 -.255971E-03
 0.630000E+00 -.264336E-03
 0.650000E+00 -.272698E-03
 0.670000E+00 -.281058E-03
 0.690000E+00 -.289414E-03
 0.710000E+00 -.297766E-03
 0.730000E+00 -.306116E-03
 0.750000E+00 -.314462E-03
 0.770000E+00 -.322805E-03
 0.790000E+00 -.331144E-03
 0.810000E+00 -.339480E-03
 0.830000E+00 -.347811E-03
 0.850000E+00 -.356139E-03
 0.870000E+00 -.364463E-03
 0.890000E+00 -.372783E-03
 0.910000E+00 0.198191E+00
 0.930000E+00 0.198215E+00
 0.950000E+00 0.198238E+00
 0.970000E+00 0.198261E+00
 0.990000E+00 0.198285E+00




































































































 -.990000E+00 -.200485E+00
 -.970000E+00 -.200481E+00
 -.950000E+00 -.200477E+00
 -.930000E+00 -.200473E+00
 -.910000E+00 -.200469E+00
 -.890000E+00 -.189068E-02
 -.870000E+00 -.184974E-02
 -.850000E+00 -.180869E-02
 -.830000E+00 -.176754E-02
 -.810000E+00 -.172629E-02
 -.790000E+00 -.168494E-02
 -.770000E+00 -.164350E-02
 -.750000E+00 -.160196E-02
 -.730000E+00 -.156033E-02
 -.710000E+00 -.151861E-02
 -.690000E+00 -.147681E-02
 -.670000E+00 -.143493E-02
 -.650000E+00 -.139296E-02
 -.630000E+00 -.135091E-02
 -.610000E+00 -.130879E-02
 -.590000E+00 -.126659E-02
 -.570000E+00 -.122433E-02
 -.550000E+00 -.118199E-02
 -.530000E+00 -.113958E-02
 -.510000E+00 -.109711E-02
 -.490000E+00 -.105458E-02
 -.470000E+00 -.101199E-02
 -.450000E+00 -.969344E-03
 -.430000E+00 -.926641E-03
 -.410000E+00 -.883886E-03
 -.390000E+00 -.841080E-03
 -.370000E+00 -.798227E-03
 -.350000E+00 -.755328E-03
 -.330000E+00 -.712387E-03
 -.310000E+00 -.669406E-03
 -.290000E+00 -.626386E-03
 -.270000E+00 -.583331E-03
 -.250000E+00 -.540244E-03
 -.230000E+00 -.497125E-03
 -.210000E+00 -.453979E-03
 -.190000E+00 -.410806E-03
 -.170000E+00 -.367611E-03
 -.150000E+00 -.324394E-03
 -.130000E+00 -.281159E-03
 -.110000E+00 -.237909E-03
 -.900000E-01 -.194645E-03
 -.700000E-01 -.151369E-03
 -.500000E-01 -.108086E-03
 -.300000E-01 -.647959E-04
 -.100000E-01 -.215023E-04
 0.100000E-01 0.217924E-04
 0.300000E-01 0.650860E-04
 0.500000E-01 0.108376E-03
 0.700000E-01 0.151660E-03
 0.900000E-01 0.194935E-03
 0.110000E+00 0.238199E-03
 0.130000E+00 0.281449E-03
 0.150000E+00 0.324684E-03
 0.170000E+00 0.367900E-03
 0.190000E+00 0.411096E-03
 0.210000E+00 0.454268E-03
 0.230000E+00 0.497414E-03
 0.250000E+00 0.540533E-03
 0.270000E+00 0.583621E-03
 0.290000E+00 0.626675E-03
 0.310000E+00 0.669694E-03
 0.330000E+00 0.712676E-03
 0.350000E+00 0.755617E-03
 0.370000E+00 0.798515E-03
 0.390000E+00 0.841368E-03
 0.410000E+00 0.884173E-03
 0.430000E+00 0.926929E-03
 0.450000E+00 0.969631E-03
 0.470000E+00 0.101228E-02
 0.490000E+00 0.105487E-02
 0.510000E+00 0.109740E-02
 0.530000E+00 0.113987E-02
 0.550000E+00 0.118227E-02
 0.570000E+00 0.122461E-02
 0.590000E+00 0.126688E-02
 0.610000E+00 0.130908E-02
 0.630000E+00 0.135120E-02
 0.650000E+00 0.139324E-02
 0.670000E+00 0.143521E-02
 0.690000E+00 0.147710E-02
 0.710000E+00 0.151890E-02
 0.730000E+00 0.156061E-02
 0.750000E+00 0.160224E-02
 0.770000E+00 0.164378E-02
 0.790000E+00 0.168522E-02
 0.810000E+00 0.172657E-02
 0.830000E+00 0.176782E-02
 0.850000E+00 0.180897E-02
 0.870000E+00 0.185002E-02
 0.890000E+00 0.189096E-02
 0.910000E+00 0.200469E+00
 0.930000E+00 0.200473E+00
 0.950000E+00 0.200477E+00
 0.970000E+00 0.200481E+00
 0.990000E+00 0.200485E+00




































































































 -.990000E+00 -.198151E+00
 -.970000E+00 -.198135E+00
 -.950000E+00 -.198119E+00
 -.930000E+00 -.198102E+00
 -.910000E+00 -.198085E+00
 -.890000E+00 0.493326E-03
 -.870000E+00 0.522572E-03
 -.850000E+00 0.551713E-03
 -.830000E+00 0.580741E-03
 -.810000E+00 0.609653E-03
 -.790000E+00 0.638441E-03
 -.770000E+00 0.667099E-03
 -.750000E+00 0.695623E-03
 -.730000E+00 0.724006E-03
 -.710000E+00 0.752242E-03
 -.690000E+00 0.780326E-03
 -.670000E+00 0.808252E-03
 -.650000E+00 0.836015E-03
 -.630000E+00 0.863608E-03
 -.610000E+00 0.891026E-03
 -.590000E+00 0.918265E-03
 -.570000E+00 0.945317E-03
 -.550000E+00 0.972177E-03
 -.530000E+00 0.998841E-03
 -.510000E+00 0.102530E-02
 -.490000E+00 0.105156E-02
 -.470000E+00 0.107760E-02
 -.450000E+00 0.110342E-02
 -.430000E+00 0.112902E-02
 -.410000E+00 0.115439E-02
 -.390000E+00 0.117953E-02
 -.370000E+00 0.120443E-02
 -.350000E+00 0.122908E-02
 -.330000E+00 0.125349E-02
 -.310000E+00 0.127764E-02
 -.290000E+00 0.130153E-02
 -.270000E+00 0.132516E-02
 -.250000E+00 0.134852E-02
 -.230000E+00 0.137161E-02
 -.210000E+00 0.139442E-02
 -.190000E+00 0.141695E-02
 -.170000E+00 0.143919E-02
 -.150000E+00 0.146114E-02
 -.130000E+00 0.148280E-02
 -.110000E+00 0.150415E-02
 -.900000E-01 0.152520E-02
 -.700000E-01 0.154594E-02
 -.500000E-01 0.156637E-02
 -.300000E-01 0.158647E-02
 -.100000E-01 0.160626E-02
 0.100000E-01 0.162573E-02
 0.300000E-01 0.164486E-02
 0.500000E-01 0.166366E-02
 0.700000E-01 0.168212E-02
 0.900000E-01 0.170025E-02
 0.110000E+00 0.171803E-02
 0.130000E+00 0.173546E-02
 0.150000E+00 0.175254E-02
 0.170000E+00 0.176926E-02
 0.190000E+00 0.178563E-02
 0.210000E+00 0.180163E-02
 0.230000E+00 0.181727E-02
 0.250000E+00 0.183254E-02
 0.270000E+00 0.184744E-02
 0.290000E+00 0.186197E-02
 0.310000E+00 0.187612E-02
 0.330000E+00 0.188989E-02
 0.350000E+00 0.190327E-02
 0.370000E+00 0.191627E-02
 0.390000E+00 0.192889E-02
 0.410000E+00 0.194111E-02
 0.430000E+00 0.195294E-02
 0.450000E+00 0.196437E-02
 0.470000E+00 0.197541E-02
 0.490000E+00 0.198604E-02
 0.510000E+00 0.199627E-02
 0.530000E+00 0.200610E-02
 0.550000E+00 0.201552E-02
 0.570000E+00 0.202454E-02
 0.590000E+00 0.203314E-02
 0.610000E+00 0.204133E-02
 0.630000E+00 0.204911E-02
 0.650000E+00 0.205648E-02
 0.670000E+00 0.206342E-02
 0.690000E+00 0.206995E-02
 0.710000E+00 0.207606E-02
 0.730000E+00 0.208175E-02
 0.750000E+00 0.208702E-02
 0.770000E+00 0.209186E-02
 0.790000E+00 0.209628E-02
 0.810000E+00 0.210028E-02
 0.830000E+00 0.210385E-02
 0.850000E+00 0.210699E-02
 0.870000E+00 0.210971E-02
 0.890000E+00 0.211200E-02
 0.910000E+00 0.200673E+00
 0.930000E+00 0.200681E+00
 0.950000E+00 0.200689E+00
 0.970000E+00 0.200697E+00
 0.990000E+00 0.200705E+00




































































































 -.990000E+00 -.198646E+00
 -.970000E+00 -.198644E+00
 -.950000E+00 -.198641E+00
 -.930000E+00 -.198637E+00
 -.910000E+00 -.198632E+00
 -.890000E+00 -.721088E-04
 -.870000E+00 -.678076E-04
 -.850000E+00 -.634425E-04
 -.830000E+00 -.590179E-04
 -.810000E+00 -.545377E-04
 -.790000E+00 -.500064E-04
 -.770000E+00 -.454281E-04
 -.750000E+00 -.408073E-04
 -.730000E+00 -.361483E-04
 -.710000E+00 -.314556E-04
 -.690000E+00 -.267335E-04
 -.670000E+00 -.219867E-04
 -.650000E+00 -.172195E-04
 -.630000E+00 -.124366E-04
 -.610000E+00 -.764239E-05
 -.590000E+00 -.284149E-05
 -.570000E+00 0.196156E-05
 -.550000E+00 0.676220E-05
 -.530000E+00 0.115559E-04
 -.510000E+00 0.163381E-04
 -.490000E+00 0.211042E-04
 -.470000E+00 0.258498E-04
 -.450000E+00 0.305704E-04
 -.430000E+00 0.352614E-04
 -.410000E+00 0.399185E-04
 -.390000E+00 0.445371E-04
 -.370000E+00 0.491131E-04
 -.350000E+00 0.536419E-04
 -.330000E+00 0.581194E-04
 -.310000E+00 0.625412E-04
 -.290000E+00 0.669033E-04
 -.270000E+00 0.712014E-04
 -.250000E+00 0.754315E-04
 -.230000E+00 0.795896E-04
 -.210000E+00 0.836717E-04
 -.190000E+00 0.876741E-04
 -.170000E+00 0.915929E-04
 -.150000E+00 0.954244E-04
 -.130000E+00 0.991649E-04
 -.110000E+00 0.102811E-03
 -.900000E-01 0.106359E-03
 -.700000E-01 0.109806E-03
 -.500000E-01 0.113149E-03
 -.300000E-01 0.116383E-03
 -.100000E-01 0.119507E-03
 0.100000E-01 0.122518E-03
 0.300000E-01 0.125412E-03
 0.500000E-01 0.128186E-03
 0.700000E-01 0.130839E-03
 0.900000E-01 0.133367E-03
 0.110000E+00 0.135769E-03
 0.130000E+00 0.138042E-03
 0.150000E+00 0.140183E-03
 0.170000E+00 0.142191E-03
 0.190000E+00 0.144064E-03
 0.210000E+00 0.145801E-03
 0.230000E+00 0.147399E-03
 0.250000E+00 0.148857E-03
 0.270000E+00 0.150173E-03
 0.290000E+00 0.151347E-03
 0.310000E+00 0.152378E-03
 0.330000E+00 0.153263E-03
 0.350000E+00 0.154004E-03
 0.370000E+00 0.154598E-03
 0.390000E+00 0.155045E-03
 0.410000E+00 0.155345E-03
 0.430000E+00 0.155498E-03
 0.450000E+00 0.155504E-03
 0.470000E+00 0.155362E-03
 0.490000E+00 0.155073E-03
 0.510000E+00 0.154636E-03
 0.530000E+00 0.154053E-03
 0.550000E+00 0.153324E-03
 0.570000E+00 0.152450E-03
 0.590000E+00 0.151431E-03
 0.610000E+00 0.150268E-03
 0.630000E+00 0.148963E-03
 0.650000E+00 0.147517E-03
 0.670000E+00 0.145931E-03
 0.690000E+00 0.144207E-03
 0.710000E+00 0.142347E-03
 0.730000E+00 0.140351E-03
 0.750000E+00 0.138223E-03
 0.770000E+00 0.135963E-03
 0.790000E+00 0.133575E-03
 0.810000E+00 0.131060E-03
 0.830000E+00 0.128422E-03
 0.850000E+00 0.125661E-03
 0.870000E+00 0.122782E-03
 0.890000E+00 0.119787E-03
 0.910000E+00 0.198673E+00
 0.930000E+00 0.198672E+00
 0.950000E+00 0.198672E+00
 0.970000E+00 0.198672E+00
 0.990000E+00 0.198673E+00




































































































 -.990000E+00 -.198508E+00
 -.970000E+00 -.198509E+00
 -.950000E+00 -.198518E+00
 -.930000E+00 -.198530E+00
 -.910000E+00 -.198540E+00
 -.890000E+00 0.980424E-05
 -.870000E+00 0.166663E-05
 -.850000E+00 -.719324E-05
 -.830000E+00 -.129356E-04
 -.810000E+00 -.130718E-04
 -.790000E+00 -.754286E-05
 -.770000E+00 0.125506E-05
 -.750000E+00 0.950902E-05
 -.730000E+00 0.136419E-04
 -.710000E+00 0.118625E-04
 -.690000E+00 0.494202E-05
 -.670000E+00 -.412020E-05
 -.650000E+00 -.113967E-04
 -.630000E+00 -.137341E-04
 -.610000E+00 -.101192E-04
 -.590000E+00 -.211879E-05
 -.570000E+00 0.679984E-05
 -.550000E+00 0.127715E-04
 -.530000E+00 0.132081E-04
 -.510000E+00 0.792047E-05
 -.490000E+00 -.799772E-06
 -.470000E+00 -.917338E-05
 -.450000E+00 -.135713E-04
 -.430000E+00 -.120876E-04
 -.410000E+00 -.536528E-05
 -.390000E+00 0.368230E-05
 -.370000E+00 0.111340E-04
 -.350000E+00 0.137603E-04
 -.330000E+00 0.104231E-04
 -.310000E+00 0.256862E-05
 -.290000E+00 -.639905E-05
 -.270000E+00 -.125934E-04
 -.250000E+00 -.133300E-04
 -.230000E+00 -.828944E-05
 -.210000E+00 0.343630E-06
 -.190000E+00 0.882776E-05
 -.170000E+00 0.134860E-04
 -.150000E+00 0.122996E-04
 -.130000E+00 0.578268E-05
 -.110000E+00 -.324040E-05
 -.900000E-01 -.108591E-04
 -.700000E-01 -.137716E-04
 -.500000E-01 -.107157E-04
 -.300000E-01 -.301565E-05
 -.100000E-01 0.599131E-05
 0.100000E-01 0.124017E-04
 0.300000E-01 0.134373E-04
 0.500000E-01 0.864937E-05
 0.700000E-01 0.112878E-06
 0.900000E-01 -.847254E-05
 0.110000E+00 -.133861E-04
 0.130000E+00 -.124982E-04
 0.150000E+00 -.619378E-05
 0.170000E+00 0.279498E-05
 0.190000E+00 0.105724E-04
 0.210000E+00 0.137679E-04
 0.230000E+00 0.109965E-04
 0.250000E+00 0.345939E-05
 0.270000E+00 -.557704E-05
 0.290000E+00 -.121964E-04
 0.310000E+00 -.135301E-04
 0.330000E+00 -.899990E-05
 0.350000E+00 -.569267E-06
 0.370000E+00 0.810809E-05
 0.390000E+00 0.132715E-04
 0.410000E+00 0.126832E-04
 0.430000E+00 0.659814E-05
 0.450000E+00 -.234650E-05
 0.470000E+00 -.102742E-04
 0.490000E+00 -.137492E-04
 0.510000E+00 -.112655E-04
 0.530000E+00 -.389937E-05
 0.550000E+00 0.515669E-05
 0.570000E+00 0.119779E-04
 0.590000E+00 0.136081E-04
 0.610000E+00 0.934063E-05
 0.630000E+00 0.102505E-05
 0.650000E+00 -.773481E-05
 0.670000E+00 -.131425E-04
 0.690000E+00 -.128544E-04
 0.710000E+00 -.699533E-05
 0.730000E+00 0.189546E-05
 0.750000E+00 0.996482E-05
 0.770000E+00 0.137156E-04
 0.790000E+00 0.115221E-04
 0.810000E+00 0.433513E-05
 0.830000E+00 -.473071E-05
 0.850000E+00 -.117463E-04
 0.870000E+00 -.136713E-04
 0.890000E+00 -.967121E-05
 0.910000E+00 0.198556E+00
 0.930000E+00 0.198577E+00
 0.950000E+00 0.198602E+00
 0.970000E+00 0.198620E+00
 0.990000E+00 0.198623E+00




































































































