 -.990000E+00 0.592196E-02
 -.970000E+00 0.592198E-02
 -.950000E+00 0.592208E-02
 -.930000E+00 0.592224E-02
 -.910000E+00 0.592238E-02
 -.890000E+00 0.364401E-02
 -.870000E+00 -.183093E-02
 -.850000E+00 -.651210E-02
 -.830000E+00 -.837225E-02
 -.810000E+00 -.660618E-02
 -.790000E+00 -.197930E-02
 -.770000E+00 0.350411E-02
 -.750000E+00 0.746912E-02
 -.730000E+00 0.819873E-02
 -.710000E+00 0.537745E-02
 -.690000E+00 0.227662E-03
 -.670000E+00 -.501996E-02
 -.650000E+00 -.809271E-02
 -.630000E+00 -.766013E-02
 -.610000E+00 -.391009E-02
 -.590000E+00 0.153282E-02
 -.570000E+00 0.631108E-02
 -.550000E+00 0.835536E-02
 -.530000E+00 0.678071E-02
 -.510000E+00 0.226964E-02
 -.490000E+00 -.322373E-02
 -.470000E+00 -.732011E-02
 -.450000E+00 -.824562E-02
 -.430000E+00 -.559990E-02
 -.410000E+00 -.529300E-03
 -.390000E+00 0.476978E-02
 -.370000E+00 0.800233E-02
 -.350000E+00 0.776867E-02
 -.330000E+00 0.417051E-02
 -.310000E+00 -.123333E-02
 -.290000E+00 -.610222E-02
 -.270000E+00 -.832758E-02
 -.250000E+00 -.694602E-02
 -.230000E+00 -.255641E-02
 -.210000E+00 0.293971E-02
 -.190000E+00 0.716186E-02
 -.170000E+00 0.828165E-02
 -.150000E+00 0.581457E-02
 -.130000E+00 0.829621E-03
 -.110000E+00 -.451389E-02
 -.900000E-01 -.790169E-02
 -.700000E-01 -.786684E-02
 -.500000E-01 -.442494E-02
 -.300000E-01 0.932841E-03
 -.100000E-01 0.588583E-02
 0.100000E-01 0.828899E-02
 0.300000E-01 0.710191E-02
 0.500000E-01 0.283924E-02
 0.700000E-01 -.265245E-02
 0.900000E-01 -.699457E-02
 0.110000E+00 -.830677E-02
 0.130000E+00 -.602120E-02
 0.150000E+00 -.112824E-02
 0.170000E+00 0.425263E-02
 0.190000E+00 0.779092E-02
 0.210000E+00 0.795452E-02
 0.230000E+00 0.467307E-02
 0.250000E+00 -.631757E-03
 0.270000E+00 -.566219E-02
 0.290000E+00 -.823964E-02
 0.310000E+00 -.724820E-02
 0.330000E+00 -.311778E-02
 0.350000E+00 0.236231E-02
 0.370000E+00 0.681849E-02
 0.390000E+00 0.832100E-02
 0.410000E+00 0.621953E-02
 0.430000E+00 0.142476E-02
 0.450000E+00 -.398635E-02
 0.470000E+00 -.767021E-02
 0.490000E+00 -.803164E-02
 0.510000E+00 -.491458E-02
 0.530000E+00 0.330471E-03
 0.550000E+00 0.543162E-02
 0.570000E+00 0.817964E-02
 0.590000E+00 0.738472E-02
 0.610000E+00 0.339167E-02
 0.630000E+00 -.206969E-02
 0.650000E+00 -.663387E-02
 0.670000E+00 -.832432E-02
 0.690000E+00 -.640934E-02
 0.710000E+00 -.171881E-02
 0.730000E+00 0.371542E-02
 0.750000E+00 0.753973E-02
 0.770000E+00 0.809810E-02
 0.790000E+00 0.514917E-02
 0.810000E+00 -.293772E-04
 0.830000E+00 -.519443E-02
 0.850000E+00 -.810907E-02
 0.870000E+00 -.751131E-02
 0.890000E+00 -.366057E-02
 0.910000E+00 0.156065E-03
 0.930000E+00 0.419019E-02
 0.950000E+00 0.897299E-02
 0.970000E+00 0.124340E-01
 0.990000E+00 0.130754E-01




































































































 -.990000E+00 0.131643E+00
 -.970000E+00 0.131643E+00
 -.950000E+00 0.131643E+00
 -.930000E+00 0.131643E+00
 -.910000E+00 0.131643E+00
 -.890000E+00 0.129574E+00
 -.870000E+00 0.125341E+00
 -.850000E+00 0.120986E+00
 -.830000E+00 0.116514E+00
 -.810000E+00 0.111928E+00
 -.790000E+00 0.107235E+00
 -.770000E+00 0.102437E+00
 -.750000E+00 0.975404E-01
 -.730000E+00 0.925492E-01
 -.710000E+00 0.874684E-01
 -.690000E+00 0.823030E-01
 -.670000E+00 0.770581E-01
 -.650000E+00 0.717387E-01
 -.630000E+00 0.663502E-01
 -.610000E+00 0.608977E-01
 -.590000E+00 0.553867E-01
 -.570000E+00 0.498224E-01
 -.550000E+00 0.442103E-01
 -.530000E+00 0.385559E-01
 -.510000E+00 0.328647E-01
 -.490000E+00 0.271423E-01
 -.470000E+00 0.213942E-01
 -.450000E+00 0.156261E-01
 -.430000E+00 0.984367E-02
 -.410000E+00 0.405246E-02
 -.390000E+00 -.174185E-02
 -.370000E+00 -.753360E-02
 -.350000E+00 -.133171E-01
 -.330000E+00 -.190868E-01
 -.310000E+00 -.248370E-01
 -.290000E+00 -.305621E-01
 -.270000E+00 -.362566E-01
 -.250000E+00 -.419148E-01
 -.230000E+00 -.475313E-01
 -.210000E+00 -.531005E-01
 -.190000E+00 -.586171E-01
 -.170000E+00 -.640757E-01
 -.150000E+00 -.694710E-01
 -.130000E+00 -.747977E-01
 -.110000E+00 -.800506E-01
 -.900000E-01 -.852247E-01
 -.700000E-01 -.903148E-01
 -.500000E-01 -.953161E-01
 -.300000E-01 -.100224E+00
 -.100000E-01 -.105033E+00
 0.100000E-01 -.109738E+00
 0.300000E-01 -.114337E+00
 0.500000E-01 -.118822E+00
 0.700000E-01 -.123192E+00
 0.900000E-01 -.127440E+00
 0.110000E+00 -.131564E+00
 0.130000E+00 -.135558E+00
 0.150000E+00 -.139420E+00
 0.170000E+00 -.143146E+00
 0.190000E+00 -.146731E+00
 0.210000E+00 -.150172E+00
 0.230000E+00 -.153467E+00
 0.250000E+00 -.156611E+00
 0.270000E+00 -.159602E+00
 0.290000E+00 -.162437E+00
 0.310000E+00 -.165113E+00
 0.330000E+00 -.167628E+00
 0.350000E+00 -.169979E+00
 0.370000E+00 -.172164E+00
 0.390000E+00 -.174181E+00
 0.410000E+00 -.176028E+00
 0.430000E+00 -.177702E+00
 0.450000E+00 -.179203E+00
 0.470000E+00 -.180530E+00
 0.490000E+00 -.181680E+00
 0.510000E+00 -.182652E+00
 0.530000E+00 -.183447E+00
 0.550000E+00 -.184062E+00
 0.570000E+00 -.184498E+00
 0.590000E+00 -.184754E+00
 0.610000E+00 -.184830E+00
 0.630000E+00 -.184726E+00
 0.650000E+00 -.184441E+00
 0.670000E+00 -.183977E+00
 0.690000E+00 -.183334E+00
 0.710000E+00 -.182512E+00
 0.730000E+00 -.181512E+00
 0.750000E+00 -.180335E+00
 0.770000E+00 -.178982E+00
 0.790000E+00 -.177456E+00
 0.810000E+00 -.175756E+00
 0.830000E+00 -.173885E+00
 0.850000E+00 -.171845E+00
 0.870000E+00 -.169638E+00
 0.890000E+00 -.167266E+00
 0.910000E+00 -.166605E+00
 0.930000E+00 -.167557E+00
 0.950000E+00 -.168217E+00
 0.970000E+00 -.168584E+00
 0.990000E+00 -.168662E+00




































































































 -.990000E+00 0.345230E+00
 -.970000E+00 0.345230E+00
 -.950000E+00 0.345230E+00
 -.930000E+00 0.345230E+00
 -.910000E+00 0.345230E+00
 -.890000E+00 0.342768E+00
 -.870000E+00 0.337793E+00
 -.850000E+00 0.332749E+00
 -.830000E+00 0.327639E+00
 -.810000E+00 0.322462E+00
 -.790000E+00 0.317220E+00
 -.770000E+00 0.311913E+00
 -.750000E+00 0.306544E+00
 -.730000E+00 0.301113E+00
 -.710000E+00 0.295621E+00
 -.690000E+00 0.290070E+00
 -.670000E+00 0.284460E+00
 -.650000E+00 0.278792E+00
 -.630000E+00 0.273068E+00
 -.610000E+00 0.267290E+00
 -.590000E+00 0.261457E+00
 -.570000E+00 0.255572E+00
 -.550000E+00 0.249635E+00
 -.530000E+00 0.243649E+00
 -.510000E+00 0.237613E+00
 -.490000E+00 0.231529E+00
 -.470000E+00 0.225399E+00
 -.450000E+00 0.219224E+00
 -.430000E+00 0.213005E+00
 -.410000E+00 0.206743E+00
 -.390000E+00 0.200440E+00
 -.370000E+00 0.194096E+00
 -.350000E+00 0.187714E+00
 -.330000E+00 0.181295E+00
 -.310000E+00 0.174839E+00
 -.290000E+00 0.168348E+00
 -.270000E+00 0.161824E+00
 -.250000E+00 0.155268E+00
 -.230000E+00 0.148682E+00
 -.210000E+00 0.142065E+00
 -.190000E+00 0.135421E+00
 -.170000E+00 0.128750E+00
 -.150000E+00 0.122054E+00
 -.130000E+00 0.115334E+00
 -.110000E+00 0.108592E+00
 -.900000E-01 0.101828E+00
 -.700000E-01 0.950450E-01
 -.500000E-01 0.882435E-01
 -.300000E-01 0.814251E-01
 -.100000E-01 0.745912E-01
 0.100000E-01 0.677432E-01
 0.300000E-01 0.608826E-01
 0.500000E-01 0.540109E-01
 0.700000E-01 0.471293E-01
 0.900000E-01 0.402393E-01
 0.110000E+00 0.333424E-01
 0.130000E+00 0.264400E-01
 0.150000E+00 0.195335E-01
 0.170000E+00 0.126244E-01
 0.190000E+00 0.571406E-02
 0.210000E+00 -.119608E-02
 0.230000E+00 -.810457E-02
 0.250000E+00 -.150100E-01
 0.270000E+00 -.219109E-01
 0.290000E+00 -.288059E-01
 0.310000E+00 -.356936E-01
 0.330000E+00 -.425724E-01
 0.350000E+00 -.494411E-01
 0.370000E+00 -.562982E-01
 0.390000E+00 -.631422E-01
 0.410000E+00 -.699718E-01
 0.430000E+00 -.767855E-01
 0.450000E+00 -.835819E-01
 0.470000E+00 -.903597E-01
 0.490000E+00 -.971174E-01
 0.510000E+00 -.103854E+00
 0.530000E+00 -.110567E+00
 0.550000E+00 -.117256E+00
 0.570000E+00 -.123920E+00
 0.590000E+00 -.130556E+00
 0.610000E+00 -.137165E+00
 0.630000E+00 -.143743E+00
 0.650000E+00 -.150291E+00
 0.670000E+00 -.156806E+00
 0.690000E+00 -.163287E+00
 0.710000E+00 -.169734E+00
 0.730000E+00 -.176143E+00
 0.750000E+00 -.182516E+00
 0.770000E+00 -.188849E+00
 0.790000E+00 -.195142E+00
 0.810000E+00 -.201393E+00
 0.830000E+00 -.207602E+00
 0.850000E+00 -.213766E+00
 0.870000E+00 -.219885E+00
 0.890000E+00 -.225958E+00
 0.910000E+00 -.234597E+00
 0.930000E+00 -.245736E+00
 0.950000E+00 -.256733E+00
 0.970000E+00 -.267582E+00
 0.990000E+00 -.278277E+00




































































































 -.990000E+00 0.998665E+00
 -.970000E+00 0.998665E+00
 -.950000E+00 0.998665E+00
 -.930000E+00 0.998665E+00
 -.910000E+00 0.998665E+00
 -.890000E+00 0.998852E+00
 -.870000E+00 0.999182E+00
 -.850000E+00 0.999457E+00
 -.830000E+00 0.999675E+00
 -.810000E+00 0.999836E+00
 -.790000E+00 0.999941E+00
 -.770000E+00 0.999989E+00
 -.750000E+00 0.999981E+00
 -.730000E+00 0.999916E+00
 -.710000E+00 0.999795E+00
 -.690000E+00 0.999618E+00
 -.670000E+00 0.999383E+00
 -.650000E+00 0.999093E+00
 -.630000E+00 0.998746E+00
 -.610000E+00 0.998342E+00
 -.590000E+00 0.997883E+00
 -.570000E+00 0.997366E+00
 -.550000E+00 0.996794E+00
 -.530000E+00 0.996165E+00
 -.510000E+00 0.995480E+00
 -.490000E+00 0.994739E+00
 -.470000E+00 0.993941E+00
 -.450000E+00 0.993088E+00
 -.430000E+00 0.992178E+00
 -.410000E+00 0.991212E+00
 -.390000E+00 0.990191E+00
 -.370000E+00 0.989113E+00
 -.350000E+00 0.987980E+00
 -.330000E+00 0.986790E+00
 -.310000E+00 0.985545E+00
 -.290000E+00 0.984245E+00
 -.270000E+00 0.982888E+00
 -.250000E+00 0.981477E+00
 -.230000E+00 0.980009E+00
 -.210000E+00 0.978487E+00
 -.190000E+00 0.976909E+00
 -.170000E+00 0.975276E+00
 -.150000E+00 0.973587E+00
 -.130000E+00 0.971844E+00
 -.110000E+00 0.970046E+00
 -.900000E-01 0.968193E+00
 -.700000E-01 0.966285E+00
 -.500000E-01 0.964323E+00
 -.300000E-01 0.962306E+00
 -.100000E-01 0.960234E+00
 0.100000E-01 0.958109E+00
 0.300000E-01 0.955929E+00
 0.500000E-01 0.953695E+00
 0.700000E-01 0.951407E+00
 0.900000E-01 0.949065E+00
 0.110000E+00 0.946669E+00
 0.130000E+00 0.944220E+00
 0.150000E+00 0.941717E+00
 0.170000E+00 0.939161E+00
 0.190000E+00 0.936552E+00
 0.210000E+00 0.933890E+00
 0.230000E+00 0.931175E+00
 0.250000E+00 0.928407E+00
 0.270000E+00 0.925586E+00
 0.290000E+00 0.922713E+00
 0.310000E+00 0.919787E+00
 0.330000E+00 0.916810E+00
 0.350000E+00 0.913780E+00
 0.370000E+00 0.910698E+00
 0.390000E+00 0.907565E+00
 0.410000E+00 0.904380E+00
 0.430000E+00 0.901144E+00
 0.450000E+00 0.897856E+00
 0.470000E+00 0.894518E+00
 0.490000E+00 0.891128E+00
 0.510000E+00 0.887688E+00
 0.530000E+00 0.884198E+00
 0.550000E+00 0.880657E+00
 0.570000E+00 0.877066E+00
 0.590000E+00 0.873425E+00
 0.610000E+00 0.869734E+00
 0.630000E+00 0.865993E+00
 0.650000E+00 0.862204E+00
 0.670000E+00 0.858365E+00
 0.690000E+00 0.854477E+00
 0.710000E+00 0.850540E+00
 0.730000E+00 0.846555E+00
 0.750000E+00 0.842522E+00
 0.770000E+00 0.838440E+00
 0.790000E+00 0.834311E+00
 0.810000E+00 0.830133E+00
 0.830000E+00 0.825909E+00
 0.850000E+00 0.821637E+00
 0.870000E+00 0.817318E+00
 0.890000E+00 0.812952E+00
 0.910000E+00 0.809061E+00
 0.930000E+00 0.805631E+00
 0.950000E+00 0.802134E+00
 0.970000E+00 0.798570E+00
 0.990000E+00 0.794936E+00




































































































 -.990000E+00 0.886946E+00
 -.970000E+00 0.886946E+00
 -.950000E+00 0.886946E+00
 -.930000E+00 0.886945E+00
 -.910000E+00 0.886945E+00
 -.890000E+00 0.887722E+00
 -.870000E+00 0.889270E+00
 -.850000E+00 0.890809E+00
 -.830000E+00 0.892336E+00
 -.810000E+00 0.893854E+00
 -.790000E+00 0.895361E+00
 -.770000E+00 0.896858E+00
 -.750000E+00 0.898345E+00
 -.730000E+00 0.899821E+00
 -.710000E+00 0.901288E+00
 -.690000E+00 0.902743E+00
 -.670000E+00 0.904189E+00
 -.650000E+00 0.905624E+00
 -.630000E+00 0.907048E+00
 -.610000E+00 0.908463E+00
 -.590000E+00 0.909867E+00
 -.570000E+00 0.911260E+00
 -.550000E+00 0.912643E+00
 -.530000E+00 0.914016E+00
 -.510000E+00 0.915378E+00
 -.490000E+00 0.916729E+00
 -.470000E+00 0.918071E+00
 -.450000E+00 0.919401E+00
 -.430000E+00 0.920721E+00
 -.410000E+00 0.922031E+00
 -.390000E+00 0.923330E+00
 -.370000E+00 0.924619E+00
 -.350000E+00 0.925897E+00
 -.330000E+00 0.927164E+00
 -.310000E+00 0.928421E+00
 -.290000E+00 0.929667E+00
 -.270000E+00 0.930903E+00
 -.250000E+00 0.932128E+00
 -.230000E+00 0.933342E+00
 -.210000E+00 0.934546E+00
 -.190000E+00 0.935739E+00
 -.170000E+00 0.936922E+00
 -.150000E+00 0.938093E+00
 -.130000E+00 0.939255E+00
 -.110000E+00 0.940405E+00
 -.900000E-01 0.941545E+00
 -.700000E-01 0.942674E+00
 -.500000E-01 0.943792E+00
 -.300000E-01 0.944899E+00
 -.100000E-01 0.945996E+00
 0.100000E-01 0.947082E+00
 0.300000E-01 0.948157E+00
 0.500000E-01 0.949221E+00
 0.700000E-01 0.950275E+00
 0.900000E-01 0.951318E+00
 0.110000E+00 0.952350E+00
 0.130000E+00 0.953371E+00
 0.150000E+00 0.954381E+00
 0.170000E+00 0.955381E+00
 0.190000E+00 0.956370E+00
 0.210000E+00 0.957347E+00
 0.230000E+00 0.958314E+00
 0.250000E+00 0.959270E+00
 0.270000E+00 0.960215E+00
 0.290000E+00 0.961150E+00
 0.310000E+00 0.962073E+00
 0.330000E+00 0.962985E+00
 0.350000E+00 0.963887E+00
 0.370000E+00 0.964777E+00
 0.390000E+00 0.965657E+00
 0.410000E+00 0.966526E+00
 0.430000E+00 0.967383E+00
 0.450000E+00 0.968230E+00
 0.470000E+00 0.969066E+00
 0.490000E+00 0.969890E+00
 0.510000E+00 0.970704E+00
 0.530000E+00 0.971507E+00
 0.550000E+00 0.972299E+00
 0.570000E+00 0.973079E+00
 0.590000E+00 0.973849E+00
 0.610000E+00 0.974608E+00
 0.630000E+00 0.975355E+00
 0.650000E+00 0.976092E+00
 0.670000E+00 0.976817E+00
 0.690000E+00 0.977532E+00
 0.710000E+00 0.978235E+00
 0.730000E+00 0.978928E+00
 0.750000E+00 0.979609E+00
 0.770000E+00 0.980279E+00
 0.790000E+00 0.980938E+00
 0.810000E+00 0.981586E+00
 0.830000E+00 0.982223E+00
 0.850000E+00 0.982848E+00
 0.870000E+00 0.983463E+00
 0.890000E+00 0.984066E+00
 0.910000E+00 0.983843E+00
 0.930000E+00 0.982772E+00
 0.950000E+00 0.981660E+00
 0.970000E+00 0.980505E+00
 0.990000E+00 0.979309E+00




































































































 -.990000E+00 0.701237E+00
 -.970000E+00 0.701237E+00
 -.950000E+00 0.701236E+00
 -.930000E+00 0.701234E+00
 -.910000E+00 0.701231E+00
 -.890000E+00 0.701195E+00
 -.870000E+00 0.701125E+00
 -.850000E+00 0.701055E+00
 -.830000E+00 0.700986E+00
 -.810000E+00 0.700916E+00
 -.790000E+00 0.700846E+00
 -.770000E+00 0.700776E+00
 -.750000E+00 0.700707E+00
 -.730000E+00 0.700637E+00
 -.710000E+00 0.700567E+00
 -.690000E+00 0.700498E+00
 -.670000E+00 0.700428E+00
 -.650000E+00 0.700358E+00
 -.630000E+00 0.700288E+00
 -.610000E+00 0.700218E+00
 -.590000E+00 0.700149E+00
 -.570000E+00 0.700079E+00
 -.550000E+00 0.700009E+00
 -.530000E+00 0.699939E+00
 -.510000E+00 0.699869E+00
 -.490000E+00 0.699800E+00
 -.470000E+00 0.699730E+00
 -.450000E+00 0.699660E+00
 -.430000E+00 0.699590E+00
 -.410000E+00 0.699520E+00
 -.390000E+00 0.699450E+00
 -.370000E+00 0.699381E+00
 -.350000E+00 0.699311E+00
 -.330000E+00 0.699241E+00
 -.310000E+00 0.699171E+00
 -.290000E+00 0.699101E+00
 -.270000E+00 0.699031E+00
 -.250000E+00 0.698961E+00
 -.230000E+00 0.698891E+00
 -.210000E+00 0.698821E+00
 -.190000E+00 0.698751E+00
 -.170000E+00 0.698682E+00
 -.150000E+00 0.698612E+00
 -.130000E+00 0.698542E+00
 -.110000E+00 0.698472E+00
 -.900000E-01 0.698402E+00
 -.700000E-01 0.698332E+00
 -.500000E-01 0.698262E+00
 -.300000E-01 0.698192E+00
 -.100000E-01 0.698122E+00
 0.100000E-01 0.698052E+00
 0.300000E-01 0.697982E+00
 0.500000E-01 0.697912E+00
 0.700000E-01 0.697842E+00
 0.900000E-01 0.697772E+00
 0.110000E+00 0.697702E+00
 0.130000E+00 0.697632E+00
 0.150000E+00 0.697562E+00
 0.170000E+00 0.697492E+00
 0.190000E+00 0.697422E+00
 0.210000E+00 0.697352E+00
 0.230000E+00 0.697282E+00
 0.250000E+00 0.697211E+00
 0.270000E+00 0.697141E+00
 0.290000E+00 0.697071E+00
 0.310000E+00 0.697001E+00
 0.330000E+00 0.696931E+00
 0.350000E+00 0.696861E+00
 0.370000E+00 0.696791E+00
 0.390000E+00 0.696721E+00
 0.410000E+00 0.696651E+00
 0.430000E+00 0.696580E+00
 0.450000E+00 0.696510E+00
 0.470000E+00 0.696440E+00
 0.490000E+00 0.696370E+00
 0.510000E+00 0.696300E+00
 0.530000E+00 0.696230E+00
 0.550000E+00 0.696160E+00
 0.570000E+00 0.696089E+00
 0.590000E+00 0.696019E+00
 0.610000E+00 0.695949E+00
 0.630000E+00 0.695879E+00
 0.650000E+00 0.695809E+00
 0.670000E+00 0.695738E+00
 0.690000E+00 0.695668E+00
 0.710000E+00 0.695598E+00
 0.730000E+00 0.695528E+00
 0.750000E+00 0.695457E+00
 0.770000E+00 0.695387E+00
 0.790000E+00 0.695317E+00
 0.810000E+00 0.695247E+00
 0.830000E+00 0.695176E+00
 0.850000E+00 0.695106E+00
 0.870000E+00 0.695036E+00
 0.890000E+00 0.694966E+00
 0.910000E+00 0.690847E+00
 0.930000E+00 0.682616E+00
 0.950000E+00 0.674301E+00
 0.970000E+00 0.665905E+00
 0.990000E+00 0.657430E+00




































































































 -.990000E+00 0.438360E+00
 -.970000E+00 0.438359E+00
 -.950000E+00 0.438355E+00
 -.930000E+00 0.438349E+00
 -.910000E+00 0.438341E+00
 -.890000E+00 0.436687E+00
 -.870000E+00 0.433384E+00
 -.850000E+00 0.430076E+00
 -.830000E+00 0.426763E+00
 -.810000E+00 0.423445E+00
 -.790000E+00 0.420122E+00
 -.770000E+00 0.416795E+00
 -.750000E+00 0.413462E+00
 -.730000E+00 0.410125E+00
 -.710000E+00 0.406784E+00
 -.690000E+00 0.403438E+00
 -.670000E+00 0.400087E+00
 -.650000E+00 0.396732E+00
 -.630000E+00 0.393372E+00
 -.610000E+00 0.390008E+00
 -.590000E+00 0.386640E+00
 -.570000E+00 0.383267E+00
 -.550000E+00 0.379890E+00
 -.530000E+00 0.376509E+00
 -.510000E+00 0.373124E+00
 -.490000E+00 0.369735E+00
 -.470000E+00 0.366342E+00
 -.450000E+00 0.362945E+00
 -.430000E+00 0.359544E+00
 -.410000E+00 0.356139E+00
 -.390000E+00 0.352730E+00
 -.370000E+00 0.349318E+00
 -.350000E+00 0.345901E+00
 -.330000E+00 0.342482E+00
 -.310000E+00 0.339058E+00
 -.290000E+00 0.335631E+00
 -.270000E+00 0.332201E+00
 -.250000E+00 0.328767E+00
 -.230000E+00 0.325330E+00
 -.210000E+00 0.321889E+00
 -.190000E+00 0.318445E+00
 -.170000E+00 0.314998E+00
 -.150000E+00 0.311548E+00
 -.130000E+00 0.308094E+00
 -.110000E+00 0.304638E+00
 -.900000E-01 0.301178E+00
 -.700000E-01 0.297716E+00
 -.500000E-01 0.294250E+00
 -.300000E-01 0.290782E+00
 -.100000E-01 0.287311E+00
 0.100000E-01 0.283837E+00
 0.300000E-01 0.280360E+00
 0.500000E-01 0.276881E+00
 0.700000E-01 0.273399E+00
 0.900000E-01 0.269914E+00
 0.110000E+00 0.266427E+00
 0.130000E+00 0.262938E+00
 0.150000E+00 0.259446E+00
 0.170000E+00 0.255952E+00
 0.190000E+00 0.252455E+00
 0.210000E+00 0.248956E+00
 0.230000E+00 0.245455E+00
 0.250000E+00 0.241952E+00
 0.270000E+00 0.238447E+00
 0.290000E+00 0.234939E+00
 0.310000E+00 0.231430E+00
 0.330000E+00 0.227918E+00
 0.350000E+00 0.224405E+00
 0.370000E+00 0.220890E+00
 0.390000E+00 0.217373E+00
 0.410000E+00 0.213854E+00
 0.430000E+00 0.210334E+00
 0.450000E+00 0.206812E+00
 0.470000E+00 0.203288E+00
 0.490000E+00 0.199762E+00
 0.510000E+00 0.196236E+00
 0.530000E+00 0.192707E+00
 0.550000E+00 0.189178E+00
 0.570000E+00 0.185646E+00
 0.590000E+00 0.182114E+00
 0.610000E+00 0.178580E+00
 0.630000E+00 0.175045E+00
 0.650000E+00 0.171509E+00
 0.670000E+00 0.167972E+00
 0.690000E+00 0.164433E+00
 0.710000E+00 0.160894E+00
 0.730000E+00 0.157354E+00
 0.750000E+00 0.153812E+00
 0.770000E+00 0.150270E+00
 0.790000E+00 0.146727E+00
 0.810000E+00 0.143183E+00
 0.830000E+00 0.139638E+00
 0.850000E+00 0.136093E+00
 0.870000E+00 0.132547E+00
 0.890000E+00 0.129000E+00
 0.910000E+00 0.121054E+00
 0.930000E+00 0.108761E+00
 0.950000E+00 0.965402E-01
 0.970000E+00 0.843952E-01
 0.990000E+00 0.723282E-01




































































































 -.990000E+00 0.752356E-01
 -.970000E+00 0.752369E-01
 -.950000E+00 0.752405E-01
 -.930000E+00 0.752465E-01
 -.910000E+00 0.752549E-01
 -.890000E+00 0.716136E-01
 -.870000E+00 0.643170E-01
 -.850000E+00 0.570146E-01
 -.830000E+00 0.497067E-01
 -.810000E+00 0.423936E-01
 -.790000E+00 0.350758E-01
 -.770000E+00 0.277536E-01
 -.750000E+00 0.204275E-01
 -.730000E+00 0.130977E-01
 -.710000E+00 0.576461E-02
 -.690000E+00 -.157129E-02
 -.670000E+00 -.890967E-02
 -.650000E+00 -.162501E-01
 -.630000E+00 -.235923E-01
 -.610000E+00 -.309358E-01
 -.590000E+00 -.382802E-01
 -.570000E+00 -.456251E-01
 -.550000E+00 -.529702E-01
 -.530000E+00 -.603151E-01
 -.510000E+00 -.676593E-01
 -.490000E+00 -.750024E-01
 -.470000E+00 -.823441E-01
 -.450000E+00 -.896840E-01
 -.430000E+00 -.970217E-01
 -.410000E+00 -.104357E+00
 -.390000E+00 -.111689E+00
 -.370000E+00 -.119017E+00
 -.350000E+00 -.126342E+00
 -.330000E+00 -.133662E+00
 -.310000E+00 -.140978E+00
 -.290000E+00 -.148289E+00
 -.270000E+00 -.155594E+00
 -.250000E+00 -.162894E+00
 -.230000E+00 -.170187E+00
 -.210000E+00 -.177473E+00
 -.190000E+00 -.184752E+00
 -.170000E+00 -.192024E+00
 -.150000E+00 -.199288E+00
 -.130000E+00 -.206543E+00
 -.110000E+00 -.213790E+00
 -.900000E-01 -.221028E+00
 -.700000E-01 -.228256E+00
 -.500000E-01 -.235473E+00
 -.300000E-01 -.242681E+00
 -.100000E-01 -.249878E+00
 0.100000E-01 -.257063E+00
 0.300000E-01 -.264237E+00
 0.500000E-01 -.271398E+00
 0.700000E-01 -.278547E+00
 0.900000E-01 -.285683E+00
 0.110000E+00 -.292806E+00
 0.130000E+00 -.299914E+00
 0.150000E+00 -.307009E+00
 0.170000E+00 -.314089E+00
 0.190000E+00 -.321154E+00
 0.210000E+00 -.328203E+00
 0.230000E+00 -.335237E+00
 0.250000E+00 -.342254E+00
 0.270000E+00 -.349254E+00
 0.290000E+00 -.356237E+00
 0.310000E+00 -.363203E+00
 0.330000E+00 -.370150E+00
 0.350000E+00 -.377079E+00
 0.370000E+00 -.383989E+00
 0.390000E+00 -.390880E+00
 0.410000E+00 -.397751E+00
 0.430000E+00 -.404602E+00
 0.450000E+00 -.411433E+00
 0.470000E+00 -.418242E+00
 0.490000E+00 -.425030E+00
 0.510000E+00 -.431796E+00
 0.530000E+00 -.438539E+00
 0.550000E+00 -.445261E+00
 0.570000E+00 -.451958E+00
 0.590000E+00 -.458633E+00
 0.610000E+00 -.465283E+00
 0.630000E+00 -.471909E+00
 0.650000E+00 -.478511E+00
 0.670000E+00 -.485087E+00
 0.690000E+00 -.491637E+00
 0.710000E+00 -.498162E+00
 0.730000E+00 -.504660E+00
 0.750000E+00 -.511131E+00
 0.770000E+00 -.517575E+00
 0.790000E+00 -.523991E+00
 0.810000E+00 -.530379E+00
 0.830000E+00 -.536738E+00
 0.850000E+00 -.543069E+00
 0.870000E+00 -.549371E+00
 0.890000E+00 -.555642E+00
 0.910000E+00 -.562761E+00
 0.930000E+00 -.570647E+00
 0.950000E+00 -.578396E+00
 0.970000E+00 -.586011E+00
 0.990000E+00 -.593492E+00




































































































 -.990000E+00 -.340099E+00
 -.970000E+00 -.340099E+00
 -.950000E+00 -.340099E+00
 -.930000E+00 -.340100E+00
 -.910000E+00 -.340100E+00
 -.890000E+00 -.342555E+00
 -.870000E+00 -.347412E+00
 -.850000E+00 -.352198E+00
 -.830000E+00 -.356911E+00
 -.810000E+00 -.361551E+00
 -.790000E+00 -.366118E+00
 -.770000E+00 -.370609E+00
 -.750000E+00 -.375024E+00
 -.730000E+00 -.379362E+00
 -.710000E+00 -.383622E+00
 -.690000E+00 -.387804E+00
 -.670000E+00 -.391907E+00
 -.650000E+00 -.395929E+00
 -.630000E+00 -.399870E+00
 -.610000E+00 -.403729E+00
 -.590000E+00 -.407505E+00
 -.570000E+00 -.411197E+00
 -.550000E+00 -.414806E+00
 -.530000E+00 -.418329E+00
 -.510000E+00 -.421767E+00
 -.490000E+00 -.425118E+00
 -.470000E+00 -.428383E+00
 -.450000E+00 -.431559E+00
 -.430000E+00 -.434647E+00
 -.410000E+00 -.437646E+00
 -.390000E+00 -.440555E+00
 -.370000E+00 -.443374E+00
 -.350000E+00 -.446102E+00
 -.330000E+00 -.448739E+00
 -.310000E+00 -.451284E+00
 -.290000E+00 -.453736E+00
 -.270000E+00 -.456096E+00
 -.250000E+00 -.458362E+00
 -.230000E+00 -.460534E+00
 -.210000E+00 -.462612E+00
 -.190000E+00 -.464595E+00
 -.170000E+00 -.466483E+00
 -.150000E+00 -.468275E+00
 -.130000E+00 -.469971E+00
 -.110000E+00 -.471572E+00
 -.900000E-01 -.473075E+00
 -.700000E-01 -.474482E+00
 -.500000E-01 -.475792E+00
 -.300000E-01 -.477004E+00
 -.100000E-01 -.478118E+00
 0.100000E-01 -.479135E+00
 0.300000E-01 -.480054E+00
 0.500000E-01 -.480874E+00
 0.700000E-01 -.481596E+00
 0.900000E-01 -.482219E+00
 0.110000E+00 -.482744E+00
 0.130000E+00 -.483170E+00
 0.150000E+00 -.483497E+00
 0.170000E+00 -.483725E+00
 0.190000E+00 -.483854E+00
 0.210000E+00 -.483884E+00
 0.230000E+00 -.483816E+00
 0.250000E+00 -.483648E+00
 0.270000E+00 -.483381E+00
 0.290000E+00 -.483016E+00
 0.310000E+00 -.482552E+00
 0.330000E+00 -.481989E+00
 0.350000E+00 -.481328E+00
 0.370000E+00 -.480569E+00
 0.390000E+00 -.479711E+00
 0.410000E+00 -.478755E+00
 0.430000E+00 -.477702E+00
 0.450000E+00 -.476551E+00
 0.470000E+00 -.475303E+00
 0.490000E+00 -.473958E+00
 0.510000E+00 -.472516E+00
 0.530000E+00 -.470977E+00
 0.550000E+00 -.469343E+00
 0.570000E+00 -.467613E+00
 0.590000E+00 -.465787E+00
 0.610000E+00 -.463867E+00
 0.630000E+00 -.461852E+00
 0.650000E+00 -.459743E+00
 0.670000E+00 -.457540E+00
 0.690000E+00 -.455244E+00
 0.710000E+00 -.452856E+00
 0.730000E+00 -.450375E+00
 0.750000E+00 -.447802E+00
 0.770000E+00 -.445139E+00
 0.790000E+00 -.442385E+00
 0.810000E+00 -.439540E+00
 0.830000E+00 -.436607E+00
 0.850000E+00 -.433584E+00
 0.870000E+00 -.430474E+00
 0.890000E+00 -.427276E+00
 0.910000E+00 -.426118E+00
 0.930000E+00 -.427058E+00
 0.950000E+00 -.427989E+00
 0.970000E+00 -.428910E+00
 0.990000E+00 -.429823E+00




































































































 -.990000E+00 -.131404E+00
 -.970000E+00 -.131404E+00
 -.950000E+00 -.131404E+00
 -.930000E+00 -.131405E+00
 -.910000E+00 -.131405E+00
 -.890000E+00 -.133443E+00
 -.870000E+00 -.137422E+00
 -.850000E+00 -.141267E+00
 -.830000E+00 -.144973E+00
 -.810000E+00 -.148537E+00
 -.790000E+00 -.151955E+00
 -.770000E+00 -.155225E+00
 -.750000E+00 -.158343E+00
 -.730000E+00 -.161307E+00
 -.710000E+00 -.164112E+00
 -.690000E+00 -.166757E+00
 -.670000E+00 -.169238E+00
 -.650000E+00 -.171555E+00
 -.630000E+00 -.173703E+00
 -.610000E+00 -.175682E+00
 -.590000E+00 -.177489E+00
 -.570000E+00 -.179123E+00
 -.550000E+00 -.180581E+00
 -.530000E+00 -.181864E+00
 -.510000E+00 -.182968E+00
 -.490000E+00 -.183894E+00
 -.470000E+00 -.184640E+00
 -.450000E+00 -.185206E+00
 -.430000E+00 -.185592E+00
 -.410000E+00 -.185796E+00
 -.390000E+00 -.185818E+00
 -.370000E+00 -.185660E+00
 -.350000E+00 -.185320E+00
 -.330000E+00 -.184800E+00
 -.310000E+00 -.184099E+00
 -.290000E+00 -.183218E+00
 -.270000E+00 -.182160E+00
 -.250000E+00 -.180923E+00
 -.230000E+00 -.179510E+00
 -.210000E+00 -.177922E+00
 -.190000E+00 -.176161E+00
 -.170000E+00 -.174228E+00
 -.150000E+00 -.172125E+00
 -.130000E+00 -.169855E+00
 -.110000E+00 -.167420E+00
 -.900000E-01 -.164821E+00
 -.700000E-01 -.162062E+00
 -.500000E-01 -.159145E+00
 -.300000E-01 -.156074E+00
 -.100000E-01 -.152850E+00
 0.100000E-01 -.149478E+00
 0.300000E-01 -.145961E+00
 0.500000E-01 -.142301E+00
 0.700000E-01 -.138504E+00
 0.900000E-01 -.134572E+00
 0.110000E+00 -.130509E+00
 0.130000E+00 -.126319E+00
 0.150000E+00 -.122007E+00
 0.170000E+00 -.117577E+00
 0.190000E+00 -.113032E+00
 0.210000E+00 -.108378E+00
 0.230000E+00 -.103619E+00
 0.250000E+00 -.987593E-01
 0.270000E+00 -.938041E-01
 0.290000E+00 -.887583E-01
 0.310000E+00 -.836265E-01
 0.330000E+00 -.784140E-01
 0.350000E+00 -.731258E-01
 0.370000E+00 -.677670E-01
 0.390000E+00 -.623429E-01
 0.410000E+00 -.568588E-01
 0.430000E+00 -.513200E-01
 0.450000E+00 -.457320E-01
 0.470000E+00 -.401003E-01
 0.490000E+00 -.344302E-01
 0.510000E+00 -.287274E-01
 0.530000E+00 -.229974E-01
 0.550000E+00 -.172458E-01
 0.570000E+00 -.114782E-01
 0.590000E+00 -.570024E-02
 0.610000E+00 0.824374E-04
 0.630000E+00 0.586420E-02
 0.650000E+00 0.116394E-01
 0.670000E+00 0.174024E-01
 0.690000E+00 0.231477E-01
 0.710000E+00 0.288695E-01
 0.730000E+00 0.345624E-01
 0.750000E+00 0.402208E-01
 0.770000E+00 0.458391E-01
 0.790000E+00 0.514119E-01
 0.810000E+00 0.569338E-01
 0.830000E+00 0.623994E-01
 0.850000E+00 0.678034E-01
 0.870000E+00 0.731404E-01
 0.890000E+00 0.784054E-01
 0.910000E+00 0.816054E-01
 0.930000E+00 0.826536E-01
 0.950000E+00 0.835079E-01
 0.970000E+00 0.841664E-01
 0.990000E+00 0.846274E-01




































































































 -.990000E+00 -.592169E-02
 -.970000E+00 -.592170E-02
 -.950000E+00 -.592175E-02
 -.930000E+00 -.592182E-02
 -.910000E+00 -.592189E-02
 -.890000E+00 -.754074E-02
 -.870000E+00 -.817176E-02
 -.850000E+00 -.526357E-02
 -.830000E+00 -.762090E-04
 -.810000E+00 0.514339E-02
 -.790000E+00 0.813466E-02
 -.770000E+00 0.760245E-02
 -.750000E+00 0.377777E-02
 -.730000E+00 -.168246E-02
 -.710000E+00 -.641322E-02
 -.690000E+00 -.836578E-02
 -.670000E+00 -.669491E-02
 -.650000E+00 -.212479E-02
 -.630000E+00 0.336489E-02
 -.610000E+00 0.739645E-02
 -.590000E+00 0.822408E-02
 -.570000E+00 0.548982E-02
 -.550000E+00 0.378379E-03
 -.530000E+00 -.489618E-02
 -.510000E+00 -.804947E-02
 -.490000E+00 -.771615E-02
 -.470000E+00 -.404108E-02
 -.450000E+00 0.138359E-02
 -.430000E+00 0.620824E-02
 -.410000E+00 0.834345E-02
 -.390000E+00 0.686487E-02
 -.370000E+00 0.241341E-02
 -.350000E+00 -.308263E-02
 -.330000E+00 -.724279E-02
 -.310000E+00 -.826555E-02
 -.290000E+00 -.570844E-02
 -.270000E+00 -.679428E-03
 -.250000E+00 0.464309E-02
 -.230000E+00 0.795394E-02
 -.210000E+00 0.781953E-02
 -.190000E+00 0.429857E-02
 -.170000E+00 -.108353E-02
 -.150000E+00 -.599557E-02
 -.130000E+00 -.831026E-02
 -.110000E+00 -.702551E-02
 -.900000E-01 -.269828E-02
 -.700000E-01 0.279692E-02
 -.500000E-01 0.707998E-02
 -.300000E-01 0.829614E-02
 -.100000E-01 0.591914E-02
 0.100000E-01 0.978967E-03
 0.300000E-01 -.438445E-02
 0.500000E-01 -.784822E-02
 0.700000E-01 -.791248E-02
 0.900000E-01 -.454992E-02
 0.110000E+00 0.782676E-03
 0.130000E+00 0.577551E-02
 0.150000E+00 0.826629E-02
 0.170000E+00 0.717665E-02
 0.190000E+00 0.297903E-02
 0.210000E+00 -.250815E-02
 0.230000E+00 -.690827E-02
 0.250000E+00 -.831583E-02
 0.270000E+00 -.612167E-02
 0.290000E+00 -.127661E-02
 0.310000E+00 0.412063E-02
 0.330000E+00 0.773246E-02
 0.350000E+00 0.799490E-02
 0.370000E+00 0.479479E-02
 0.390000E+00 -.481422E-03
 0.410000E+00 -.554836E-02
 0.430000E+00 -.821160E-02
 0.450000E+00 -.731809E-02
 0.470000E+00 -.325531E-02
 0.490000E+00 0.221671E-02
 0.510000E+00 0.672788E-02
 0.530000E+00 0.832461E-02
 0.550000E+00 0.631579E-02
 0.570000E+00 0.157196E-02
 0.590000E+00 -.385196E-02
 0.610000E+00 -.760684E-02
 0.630000E+00 -.806671E-02
 0.650000E+00 -.503290E-02
 0.670000E+00 0.180163E-03
 0.690000E+00 0.531443E-02
 0.710000E+00 0.814631E-02
 0.730000E+00 0.744968E-02
 0.750000E+00 0.352677E-02
 0.770000E+00 -.192297E-02
 0.790000E+00 -.653908E-02
 0.810000E+00 -.832250E-02
 0.830000E+00 -.650126E-02
 0.850000E+00 -.186465E-02
 0.870000E+00 0.357882E-02
 0.890000E+00 0.747154E-02
 0.910000E+00 0.584960E-02
 0.930000E+00 -.248912E-02
 0.950000E+00 -.123124E-01
 0.970000E+00 -.193653E-01
 0.990000E+00 -.205964E-01




































































































