 -.990000E+00 0.198582E+00
 -.970000E+00 0.198594E+00
 -.950000E+00 0.198602E+00
 -.930000E+00 0.198603E+00
 -.910000E+00 0.198597E+00
 -.890000E+00 0.280878E-04
 -.870000E+00 0.441329E-05
 -.850000E+00 -.211725E-04
 -.830000E+00 -.375887E-04
 -.810000E+00 -.377256E-04
 -.790000E+00 -.215239E-04
 -.770000E+00 0.399965E-05
 -.750000E+00 0.277909E-04
 -.730000E+00 0.395462E-04
 -.710000E+00 0.341744E-04
 -.690000E+00 0.140020E-04
 -.670000E+00 -.122346E-04
 -.650000E+00 -.331724E-04
 -.630000E+00 -.397436E-04
 -.610000E+00 -.291022E-04
 -.590000E+00 -.585694E-05
 -.570000E+00 0.199249E-04
 -.550000E+00 0.370775E-04
 -.530000E+00 0.381721E-04
 -.510000E+00 0.227348E-04
 -.490000E+00 -.254877E-05
 -.470000E+00 -.267285E-04
 -.450000E+00 -.393323E-04
 -.430000E+00 -.349017E-04
 -.410000E+00 -.153555E-04
 -.390000E+00 0.108410E-04
 -.370000E+00 0.323424E-04
 -.350000E+00 0.398366E-04
 -.330000E+00 0.300779E-04
 -.310000E+00 0.729278E-05
 -.290000E+00 -.186508E-04
 -.270000E+00 -.365168E-04
 -.250000E+00 -.385678E-04
 -.230000E+00 -.239154E-04
 -.210000E+00 0.109450E-05
 -.190000E+00 0.256304E-04
 -.170000E+00 0.390660E-04
 -.150000E+00 0.355825E-04
 -.130000E+00 0.166885E-04
 -.110000E+00 -.943307E-05
 -.900000E-01 -.314693E-04
 -.700000E-01 -.398765E-04
 -.500000E-01 -.310135E-04
 -.300000E-01 -.871891E-05
 -.100000E-01 0.173518E-04
 0.100000E-01 0.359076E-04
 0.300000E-01 0.389122E-04
 0.500000E-01 0.250642E-04
 0.700000E-01 0.361221E-06
 0.900000E-01 -.244982E-04
 0.110000E+00 -.387477E-04
 0.130000E+00 -.362159E-04
 0.150000E+00 -.179994E-04
 0.170000E+00 0.801255E-05
 0.190000E+00 0.305543E-04
 0.210000E+00 0.398633E-04
 0.230000E+00 0.319079E-04
 0.250000E+00 0.101334E-04
 0.270000E+00 -.160297E-04
 0.290000E+00 -.352505E-04
 0.310000E+00 -.392047E-04
 0.330000E+00 -.261797E-04
 0.350000E+00 -.181646E-05
 0.370000E+00 0.233334E-04
 0.390000E+00 0.383778E-04
 0.410000E+00 0.368012E-04
 0.430000E+00 0.192863E-04
 0.450000E+00 -.658136E-05
 0.470000E+00 -.295987E-04
 0.490000E+00 -.397971E-04
 0.510000E+00 -.327597E-04
 0.530000E+00 -.115345E-04
 0.550000E+00 0.146863E-04
 0.570000E+00 0.345465E-04
 0.590000E+00 0.394450E-04
 0.610000E+00 0.272602E-04
 0.630000E+00 0.326929E-05
 0.650000E+00 -.221376E-04
 0.670000E+00 -.379568E-04
 0.690000E+00 -.373374E-04
 0.710000E+00 -.205474E-04
 0.730000E+00 0.514141E-05
 0.750000E+00 0.286036E-04
 0.770000E+00 0.396778E-04
 0.790000E+00 0.335680E-04
 0.810000E+00 0.129201E-04
 0.830000E+00 -.133233E-04
 0.850000E+00 -.337965E-04
 0.870000E+00 -.396328E-04
 0.890000E+00 -.283045E-04
 0.910000E+00 0.198549E+00
 0.930000E+00 0.198563E+00
 0.950000E+00 0.198560E+00
 0.970000E+00 0.198543E+00
 0.990000E+00 0.198518E+00




































































































 -.990000E+00 0.199171E+00
 -.970000E+00 0.199148E+00
 -.950000E+00 0.199126E+00
 -.930000E+00 0.199103E+00
 -.910000E+00 0.199081E+00
 -.890000E+00 0.502168E-03
 -.870000E+00 0.477691E-03
 -.850000E+00 0.452747E-03
 -.830000E+00 0.427361E-03
 -.810000E+00 0.401558E-03
 -.790000E+00 0.375363E-03
 -.770000E+00 0.348801E-03
 -.750000E+00 0.321899E-03
 -.730000E+00 0.294683E-03
 -.710000E+00 0.267179E-03
 -.690000E+00 0.239414E-03
 -.670000E+00 0.211415E-03
 -.650000E+00 0.183210E-03
 -.630000E+00 0.154826E-03
 -.610000E+00 0.126291E-03
 -.590000E+00 0.976320E-04
 -.570000E+00 0.688782E-04
 -.550000E+00 0.400571E-04
 -.530000E+00 0.111968E-04
 -.510000E+00 -.176744E-04
 -.490000E+00 -.465284E-04
 -.470000E+00 -.753371E-04
 -.450000E+00 -.104072E-03
 -.430000E+00 -.132706E-03
 -.410000E+00 -.161210E-03
 -.390000E+00 -.189557E-03
 -.370000E+00 -.217718E-03
 -.350000E+00 -.245667E-03
 -.330000E+00 -.273377E-03
 -.310000E+00 -.300819E-03
 -.290000E+00 -.327968E-03
 -.270000E+00 -.354797E-03
 -.250000E+00 -.381280E-03
 -.230000E+00 -.407390E-03
 -.210000E+00 -.433103E-03
 -.190000E+00 -.458393E-03
 -.170000E+00 -.483235E-03
 -.150000E+00 -.507606E-03
 -.130000E+00 -.531481E-03
 -.110000E+00 -.554838E-03
 -.900000E-01 -.577653E-03
 -.700000E-01 -.599904E-03
 -.500000E-01 -.621569E-03
 -.300000E-01 -.642628E-03
 -.100000E-01 -.663059E-03
 0.100000E-01 -.682844E-03
 0.300000E-01 -.701961E-03
 0.500000E-01 -.720393E-03
 0.700000E-01 -.738123E-03
 0.900000E-01 -.755131E-03
 0.110000E+00 -.771403E-03
 0.130000E+00 -.786921E-03
 0.150000E+00 -.801671E-03
 0.170000E+00 -.815639E-03
 0.190000E+00 -.828811E-03
 0.210000E+00 -.841173E-03
 0.230000E+00 -.852714E-03
 0.250000E+00 -.863423E-03
 0.270000E+00 -.873289E-03
 0.290000E+00 -.882303E-03
 0.310000E+00 -.890455E-03
 0.330000E+00 -.897738E-03
 0.350000E+00 -.904145E-03
 0.370000E+00 -.909669E-03
 0.390000E+00 -.914305E-03
 0.410000E+00 -.918048E-03
 0.430000E+00 -.920895E-03
 0.450000E+00 -.922844E-03
 0.470000E+00 -.923891E-03
 0.490000E+00 -.924037E-03
 0.510000E+00 -.923280E-03
 0.530000E+00 -.921622E-03
 0.550000E+00 -.919065E-03
 0.570000E+00 -.915610E-03
 0.590000E+00 -.911262E-03
 0.610000E+00 -.906023E-03
 0.630000E+00 -.899901E-03
 0.650000E+00 -.892900E-03
 0.670000E+00 -.885027E-03
 0.690000E+00 -.876290E-03
 0.710000E+00 -.866698E-03
 0.730000E+00 -.856260E-03
 0.750000E+00 -.844986E-03
 0.770000E+00 -.832886E-03
 0.790000E+00 -.819974E-03
 0.810000E+00 -.806262E-03
 0.830000E+00 -.791762E-03
 0.850000E+00 -.776489E-03
 0.870000E+00 -.760458E-03
 0.890000E+00 -.743685E-03
 0.910000E+00 0.197829E+00
 0.930000E+00 0.197846E+00
 0.950000E+00 0.197862E+00
 0.970000E+00 0.197879E+00
 0.990000E+00 0.197896E+00




































































































 -.990000E+00 0.199001E+00
 -.970000E+00 0.198985E+00
 -.950000E+00 0.198968E+00
 -.930000E+00 0.198952E+00
 -.910000E+00 0.198936E+00
 -.890000E+00 0.361689E-03
 -.870000E+00 0.339671E-03
 -.850000E+00 0.317583E-03
 -.830000E+00 0.295432E-03
 -.810000E+00 0.273221E-03
 -.790000E+00 0.250955E-03
 -.770000E+00 0.228638E-03
 -.750000E+00 0.206276E-03
 -.730000E+00 0.183873E-03
 -.710000E+00 0.161433E-03
 -.690000E+00 0.138962E-03
 -.670000E+00 0.116463E-03
 -.650000E+00 0.939415E-04
 -.630000E+00 0.714024E-04
 -.610000E+00 0.488501E-04
 -.590000E+00 0.262892E-04
 -.570000E+00 0.372445E-05
 -.550000E+00 -.188395E-04
 -.530000E+00 -.413981E-04
 -.510000E+00 -.639465E-04
 -.490000E+00 -.864802E-04
 -.470000E+00 -.108994E-03
 -.450000E+00 -.131485E-03
 -.430000E+00 -.153946E-03
 -.410000E+00 -.176374E-03
 -.390000E+00 -.198764E-03
 -.370000E+00 -.221111E-03
 -.350000E+00 -.243412E-03
 -.330000E+00 -.265660E-03
 -.310000E+00 -.287852E-03
 -.290000E+00 -.309983E-03
 -.270000E+00 -.332048E-03
 -.250000E+00 -.354043E-03
 -.230000E+00 -.375963E-03
 -.210000E+00 -.397804E-03
 -.190000E+00 -.419562E-03
 -.170000E+00 -.441231E-03
 -.150000E+00 -.462807E-03
 -.130000E+00 -.484286E-03
 -.110000E+00 -.505664E-03
 -.900000E-01 -.526936E-03
 -.700000E-01 -.548097E-03
 -.500000E-01 -.569143E-03
 -.300000E-01 -.590071E-03
 -.100000E-01 -.610875E-03
 0.100000E-01 -.631551E-03
 0.300000E-01 -.652095E-03
 0.500000E-01 -.672503E-03
 0.700000E-01 -.692771E-03
 0.900000E-01 -.712893E-03
 0.110000E+00 -.732868E-03
 0.130000E+00 -.752689E-03
 0.150000E+00 -.772353E-03
 0.170000E+00 -.791856E-03
 0.190000E+00 -.811194E-03
 0.210000E+00 -.830364E-03
 0.230000E+00 -.849360E-03
 0.250000E+00 -.868179E-03
 0.270000E+00 -.886817E-03
 0.290000E+00 -.905271E-03
 0.310000E+00 -.923536E-03
 0.330000E+00 -.941609E-03
 0.350000E+00 -.959487E-03
 0.370000E+00 -.977164E-03
 0.390000E+00 -.994638E-03
 0.410000E+00 -.101191E-02
 0.430000E+00 -.102896E-02
 0.450000E+00 -.104581E-02
 0.470000E+00 -.106243E-02
 0.490000E+00 -.107884E-02
 0.510000E+00 -.109502E-02
 0.530000E+00 -.111097E-02
 0.550000E+00 -.112669E-02
 0.570000E+00 -.114218E-02
 0.590000E+00 -.115743E-02
 0.610000E+00 -.117244E-02
 0.630000E+00 -.118721E-02
 0.650000E+00 -.120173E-02
 0.670000E+00 -.121600E-02
 0.690000E+00 -.123002E-02
 0.710000E+00 -.124379E-02
 0.730000E+00 -.125729E-02
 0.750000E+00 -.127054E-02
 0.770000E+00 -.128352E-02
 0.790000E+00 -.129623E-02
 0.810000E+00 -.130868E-02
 0.830000E+00 -.132085E-02
 0.850000E+00 -.133275E-02
 0.870000E+00 -.134437E-02
 0.890000E+00 -.135572E-02
 0.910000E+00 0.197195E+00
 0.930000E+00 0.197196E+00
 0.950000E+00 0.197198E+00
 0.970000E+00 0.197199E+00
 0.990000E+00 0.197200E+00




































































































 -.990000E+00 0.195776E+00
 -.970000E+00 0.195733E+00
 -.950000E+00 0.195689E+00
 -.930000E+00 0.195645E+00
 -.910000E+00 0.195601E+00
 -.890000E+00 -.298129E-02
 -.870000E+00 -.298926E-02
 -.850000E+00 -.299706E-02
 -.830000E+00 -.300468E-02
 -.810000E+00 -.301213E-02
 -.790000E+00 -.301940E-02
 -.770000E+00 -.302650E-02
 -.750000E+00 -.303342E-02
 -.730000E+00 -.304016E-02
 -.710000E+00 -.304672E-02
 -.690000E+00 -.305311E-02
 -.670000E+00 -.305932E-02
 -.650000E+00 -.306535E-02
 -.630000E+00 -.307120E-02
 -.610000E+00 -.307687E-02
 -.590000E+00 -.308236E-02
 -.570000E+00 -.308767E-02
 -.550000E+00 -.309280E-02
 -.530000E+00 -.309775E-02
 -.510000E+00 -.310252E-02
 -.490000E+00 -.310711E-02
 -.470000E+00 -.311152E-02
 -.450000E+00 -.311574E-02
 -.430000E+00 -.311979E-02
 -.410000E+00 -.312365E-02
 -.390000E+00 -.312733E-02
 -.370000E+00 -.313082E-02
 -.350000E+00 -.313414E-02
 -.330000E+00 -.313727E-02
 -.310000E+00 -.314021E-02
 -.290000E+00 -.314298E-02
 -.270000E+00 -.314556E-02
 -.250000E+00 -.314795E-02
 -.230000E+00 -.315017E-02
 -.210000E+00 -.315219E-02
 -.190000E+00 -.315404E-02
 -.170000E+00 -.315570E-02
 -.150000E+00 -.315717E-02
 -.130000E+00 -.315847E-02
 -.110000E+00 -.315957E-02
 -.900000E-01 -.316049E-02
 -.700000E-01 -.316123E-02
 -.500000E-01 -.316179E-02
 -.300000E-01 -.316215E-02
 -.100000E-01 -.316234E-02
 0.100000E-01 -.316234E-02
 0.300000E-01 -.316215E-02
 0.500000E-01 -.316178E-02
 0.700000E-01 -.316123E-02
 0.900000E-01 -.316049E-02
 0.110000E+00 -.315956E-02
 0.130000E+00 -.315846E-02
 0.150000E+00 -.315716E-02
 0.170000E+00 -.315569E-02
 0.190000E+00 -.315402E-02
 0.210000E+00 -.315218E-02
 0.230000E+00 -.315015E-02
 0.250000E+00 -.314794E-02
 0.270000E+00 -.314554E-02
 0.290000E+00 -.314296E-02
 0.310000E+00 -.314019E-02
 0.330000E+00 -.313724E-02
 0.350000E+00 -.313411E-02
 0.370000E+00 -.313080E-02
 0.390000E+00 -.312730E-02
 0.410000E+00 -.312362E-02
 0.430000E+00 -.311976E-02
 0.450000E+00 -.311571E-02
 0.470000E+00 -.311149E-02
 0.490000E+00 -.310708E-02
 0.510000E+00 -.310249E-02
 0.530000E+00 -.309772E-02
 0.550000E+00 -.309277E-02
 0.570000E+00 -.308763E-02
 0.590000E+00 -.308232E-02
 0.610000E+00 -.307683E-02
 0.630000E+00 -.307116E-02
 0.650000E+00 -.306530E-02
 0.670000E+00 -.305927E-02
 0.690000E+00 -.305306E-02
 0.710000E+00 -.304668E-02
 0.730000E+00 -.304011E-02
 0.750000E+00 -.303337E-02
 0.770000E+00 -.302645E-02
 0.790000E+00 -.301935E-02
 0.810000E+00 -.301207E-02
 0.830000E+00 -.300462E-02
 0.850000E+00 -.299700E-02
 0.870000E+00 -.298920E-02
 0.890000E+00 -.298122E-02
 0.910000E+00 0.195601E+00
 0.930000E+00 0.195645E+00
 0.950000E+00 0.195689E+00
 0.970000E+00 0.195733E+00
 0.990000E+00 0.195776E+00




































































































 -.990000E+00 0.203573E+00
 -.970000E+00 0.203607E+00
 -.950000E+00 0.203641E+00
 -.930000E+00 0.203676E+00
 -.910000E+00 0.203711E+00
 -.890000E+00 0.517391E-02
 -.870000E+00 0.517665E-02
 -.850000E+00 0.517934E-02
 -.830000E+00 0.518196E-02
 -.810000E+00 0.518453E-02
 -.790000E+00 0.518703E-02
 -.770000E+00 0.518946E-02
 -.750000E+00 0.519184E-02
 -.730000E+00 0.519415E-02
 -.710000E+00 0.519640E-02
 -.690000E+00 0.519859E-02
 -.670000E+00 0.520072E-02
 -.650000E+00 0.520278E-02
 -.630000E+00 0.520479E-02
 -.610000E+00 0.520673E-02
 -.590000E+00 0.520860E-02
 -.570000E+00 0.521042E-02
 -.550000E+00 0.521217E-02
 -.530000E+00 0.521386E-02
 -.510000E+00 0.521549E-02
 -.490000E+00 0.521706E-02
 -.470000E+00 0.521856E-02
 -.450000E+00 0.522000E-02
 -.430000E+00 0.522138E-02
 -.410000E+00 0.522269E-02
 -.390000E+00 0.522395E-02
 -.370000E+00 0.522514E-02
 -.350000E+00 0.522627E-02
 -.330000E+00 0.522733E-02
 -.310000E+00 0.522833E-02
 -.290000E+00 0.522927E-02
 -.270000E+00 0.523015E-02
 -.250000E+00 0.523097E-02
 -.230000E+00 0.523172E-02
 -.210000E+00 0.523241E-02
 -.190000E+00 0.523304E-02
 -.170000E+00 0.523360E-02
 -.150000E+00 0.523410E-02
 -.130000E+00 0.523454E-02
 -.110000E+00 0.523492E-02
 -.900000E-01 0.523523E-02
 -.700000E-01 0.523548E-02
 -.500000E-01 0.523567E-02
 -.300000E-01 0.523580E-02
 -.100000E-01 0.523586E-02
 0.100000E-01 0.523586E-02
 0.300000E-01 0.523580E-02
 0.500000E-01 0.523567E-02
 0.700000E-01 0.523549E-02
 0.900000E-01 0.523524E-02
 0.110000E+00 0.523492E-02
 0.130000E+00 0.523455E-02
 0.150000E+00 0.523411E-02
 0.170000E+00 0.523361E-02
 0.190000E+00 0.523305E-02
 0.210000E+00 0.523242E-02
 0.230000E+00 0.523173E-02
 0.250000E+00 0.523098E-02
 0.270000E+00 0.523016E-02
 0.290000E+00 0.522929E-02
 0.310000E+00 0.522835E-02
 0.330000E+00 0.522735E-02
 0.350000E+00 0.522628E-02
 0.370000E+00 0.522515E-02
 0.390000E+00 0.522396E-02
 0.410000E+00 0.522271E-02
 0.430000E+00 0.522140E-02
 0.450000E+00 0.522002E-02
 0.470000E+00 0.521858E-02
 0.490000E+00 0.521708E-02
 0.510000E+00 0.521551E-02
 0.530000E+00 0.521389E-02
 0.550000E+00 0.521220E-02
 0.570000E+00 0.521045E-02
 0.590000E+00 0.520863E-02
 0.610000E+00 0.520675E-02
 0.630000E+00 0.520482E-02
 0.650000E+00 0.520281E-02
 0.670000E+00 0.520075E-02
 0.690000E+00 0.519862E-02
 0.710000E+00 0.519644E-02
 0.730000E+00 0.519419E-02
 0.750000E+00 0.519187E-02
 0.770000E+00 0.518950E-02
 0.790000E+00 0.518706E-02
 0.810000E+00 0.518456E-02
 0.830000E+00 0.518200E-02
 0.850000E+00 0.517938E-02
 0.870000E+00 0.517669E-02
 0.890000E+00 0.517395E-02
 0.910000E+00 0.203711E+00
 0.930000E+00 0.203676E+00
 0.950000E+00 0.203641E+00
 0.970000E+00 0.203607E+00
 0.990000E+00 0.203573E+00




































































































 -.990000E+00 0.201999E+00
 -.970000E+00 0.202018E+00
 -.950000E+00 0.202037E+00
 -.930000E+00 0.202056E+00
 -.910000E+00 0.202075E+00
 -.890000E+00 0.352915E-02
 -.870000E+00 0.352915E-02
 -.850000E+00 0.352915E-02
 -.830000E+00 0.352915E-02
 -.810000E+00 0.352915E-02
 -.790000E+00 0.352915E-02
 -.770000E+00 0.352916E-02
 -.750000E+00 0.352916E-02
 -.730000E+00 0.352916E-02
 -.710000E+00 0.352916E-02
 -.690000E+00 0.352916E-02
 -.670000E+00 0.352916E-02
 -.650000E+00 0.352916E-02
 -.630000E+00 0.352916E-02
 -.610000E+00 0.352917E-02
 -.590000E+00 0.352917E-02
 -.570000E+00 0.352917E-02
 -.550000E+00 0.352917E-02
 -.530000E+00 0.352917E-02
 -.510000E+00 0.352917E-02
 -.490000E+00 0.352917E-02
 -.470000E+00 0.352917E-02
 -.450000E+00 0.352917E-02
 -.430000E+00 0.352917E-02
 -.410000E+00 0.352917E-02
 -.390000E+00 0.352918E-02
 -.370000E+00 0.352918E-02
 -.350000E+00 0.352918E-02
 -.330000E+00 0.352918E-02
 -.310000E+00 0.352918E-02
 -.290000E+00 0.352918E-02
 -.270000E+00 0.352918E-02
 -.250000E+00 0.352918E-02
 -.230000E+00 0.352918E-02
 -.210000E+00 0.352918E-02
 -.190000E+00 0.352918E-02
 -.170000E+00 0.352918E-02
 -.150000E+00 0.352918E-02
 -.130000E+00 0.352918E-02
 -.110000E+00 0.352918E-02
 -.900000E-01 0.352918E-02
 -.700000E-01 0.352918E-02
 -.500000E-01 0.352918E-02
 -.300000E-01 0.352918E-02
 -.100000E-01 0.352918E-02
 0.100000E-01 0.352918E-02
 0.300000E-01 0.352918E-02
 0.500000E-01 0.352918E-02
 0.700000E-01 0.352918E-02
 0.900000E-01 0.352918E-02
 0.110000E+00 0.352918E-02
 0.130000E+00 0.352918E-02
 0.150000E+00 0.352918E-02
 0.170000E+00 0.352918E-02
 0.190000E+00 0.352918E-02
 0.210000E+00 0.352918E-02
 0.230000E+00 0.352918E-02
 0.250000E+00 0.352918E-02
 0.270000E+00 0.352918E-02
 0.290000E+00 0.352918E-02
 0.310000E+00 0.352918E-02
 0.330000E+00 0.352918E-02
 0.350000E+00 0.352918E-02
 0.370000E+00 0.352918E-02
 0.390000E+00 0.352918E-02
 0.410000E+00 0.352917E-02
 0.430000E+00 0.352917E-02
 0.450000E+00 0.352917E-02
 0.470000E+00 0.352917E-02
 0.490000E+00 0.352917E-02
 0.510000E+00 0.352917E-02
 0.530000E+00 0.352917E-02
 0.550000E+00 0.352917E-02
 0.570000E+00 0.352917E-02
 0.590000E+00 0.352917E-02
 0.610000E+00 0.352917E-02
 0.630000E+00 0.352916E-02
 0.650000E+00 0.352916E-02
 0.670000E+00 0.352916E-02
 0.690000E+00 0.352916E-02
 0.710000E+00 0.352916E-02
 0.730000E+00 0.352916E-02
 0.750000E+00 0.352916E-02
 0.770000E+00 0.352916E-02
 0.790000E+00 0.352915E-02
 0.810000E+00 0.352915E-02
 0.830000E+00 0.352915E-02
 0.850000E+00 0.352915E-02
 0.870000E+00 0.352915E-02
 0.890000E+00 0.352915E-02
 0.910000E+00 0.202075E+00
 0.930000E+00 0.202056E+00
 0.950000E+00 0.202037E+00
 0.970000E+00 0.202018E+00
 0.990000E+00 0.201999E+00




































































































 -.990000E+00 0.203573E+00
 -.970000E+00 0.203607E+00
 -.950000E+00 0.203641E+00
 -.930000E+00 0.203676E+00
 -.910000E+00 0.203711E+00
 -.890000E+00 0.517395E-02
 -.870000E+00 0.517669E-02
 -.850000E+00 0.517938E-02
 -.830000E+00 0.518200E-02
 -.810000E+00 0.518456E-02
 -.790000E+00 0.518706E-02
 -.770000E+00 0.518950E-02
 -.750000E+00 0.519187E-02
 -.730000E+00 0.519419E-02
 -.710000E+00 0.519644E-02
 -.690000E+00 0.519862E-02
 -.670000E+00 0.520075E-02
 -.650000E+00 0.520281E-02
 -.630000E+00 0.520482E-02
 -.610000E+00 0.520675E-02
 -.590000E+00 0.520863E-02
 -.570000E+00 0.521045E-02
 -.550000E+00 0.521220E-02
 -.530000E+00 0.521389E-02
 -.510000E+00 0.521551E-02
 -.490000E+00 0.521708E-02
 -.470000E+00 0.521858E-02
 -.450000E+00 0.522002E-02
 -.430000E+00 0.522140E-02
 -.410000E+00 0.522271E-02
 -.390000E+00 0.522396E-02
 -.370000E+00 0.522515E-02
 -.350000E+00 0.522628E-02
 -.330000E+00 0.522735E-02
 -.310000E+00 0.522835E-02
 -.290000E+00 0.522929E-02
 -.270000E+00 0.523016E-02
 -.250000E+00 0.523098E-02
 -.230000E+00 0.523173E-02
 -.210000E+00 0.523242E-02
 -.190000E+00 0.523305E-02
 -.170000E+00 0.523361E-02
 -.150000E+00 0.523411E-02
 -.130000E+00 0.523455E-02
 -.110000E+00 0.523492E-02
 -.900000E-01 0.523524E-02
 -.700000E-01 0.523549E-02
 -.500000E-01 0.523567E-02
 -.300000E-01 0.523580E-02
 -.100000E-01 0.523586E-02
 0.100000E-01 0.523586E-02
 0.300000E-01 0.523580E-02
 0.500000E-01 0.523567E-02
 0.700000E-01 0.523548E-02
 0.900000E-01 0.523523E-02
 0.110000E+00 0.523492E-02
 0.130000E+00 0.523454E-02
 0.150000E+00 0.523410E-02
 0.170000E+00 0.523360E-02
 0.190000E+00 0.523304E-02
 0.210000E+00 0.523241E-02
 0.230000E+00 0.523172E-02
 0.250000E+00 0.523097E-02
 0.270000E+00 0.523015E-02
 0.290000E+00 0.522927E-02
 0.310000E+00 0.522833E-02
 0.330000E+00 0.522733E-02
 0.350000E+00 0.522627E-02
 0.370000E+00 0.522514E-02
 0.390000E+00 0.522395E-02
 0.410000E+00 0.522269E-02
 0.430000E+00 0.522138E-02
 0.450000E+00 0.522000E-02
 0.470000E+00 0.521856E-02
 0.490000E+00 0.521706E-02
 0.510000E+00 0.521549E-02
 0.530000E+00 0.521386E-02
 0.550000E+00 0.521217E-02
 0.570000E+00 0.521042E-02
 0.590000E+00 0.520860E-02
 0.610000E+00 0.520673E-02
 0.630000E+00 0.520479E-02
 0.650000E+00 0.520278E-02
 0.670000E+00 0.520072E-02
 0.690000E+00 0.519859E-02
 0.710000E+00 0.519640E-02
 0.730000E+00 0.519415E-02
 0.750000E+00 0.519184E-02
 0.770000E+00 0.518946E-02
 0.790000E+00 0.518703E-02
 0.810000E+00 0.518453E-02
 0.830000E+00 0.518196E-02
 0.850000E+00 0.517934E-02
 0.870000E+00 0.517665E-02
 0.890000E+00 0.517391E-02
 0.910000E+00 0.203711E+00
 0.930000E+00 0.203676E+00
 0.950000E+00 0.203641E+00
 0.970000E+00 0.203607E+00
 0.990000E+00 0.203573E+00




































































































 -.990000E+00 0.195776E+00
 -.970000E+00 0.195733E+00
 -.950000E+00 0.195689E+00
 -.930000E+00 0.195645E+00
 -.910000E+00 0.195601E+00
 -.890000E+00 -.298122E-02
 -.870000E+00 -.298920E-02
 -.850000E+00 -.299700E-02
 -.830000E+00 -.300462E-02
 -.810000E+00 -.301207E-02
 -.790000E+00 -.301935E-02
 -.770000E+00 -.302645E-02
 -.750000E+00 -.303337E-02
 -.730000E+00 -.304011E-02
 -.710000E+00 -.304668E-02
 -.690000E+00 -.305306E-02
 -.670000E+00 -.305927E-02
 -.650000E+00 -.306530E-02
 -.630000E+00 -.307116E-02
 -.610000E+00 -.307683E-02
 -.590000E+00 -.308232E-02
 -.570000E+00 -.308763E-02
 -.550000E+00 -.309277E-02
 -.530000E+00 -.309772E-02
 -.510000E+00 -.310249E-02
 -.490000E+00 -.310708E-02
 -.470000E+00 -.311149E-02
 -.450000E+00 -.311571E-02
 -.430000E+00 -.311976E-02
 -.410000E+00 -.312362E-02
 -.390000E+00 -.312730E-02
 -.370000E+00 -.313080E-02
 -.350000E+00 -.313411E-02
 -.330000E+00 -.313724E-02
 -.310000E+00 -.314019E-02
 -.290000E+00 -.314296E-02
 -.270000E+00 -.314554E-02
 -.250000E+00 -.314794E-02
 -.230000E+00 -.315015E-02
 -.210000E+00 -.315218E-02
 -.190000E+00 -.315402E-02
 -.170000E+00 -.315569E-02
 -.150000E+00 -.315716E-02
 -.130000E+00 -.315846E-02
 -.110000E+00 -.315956E-02
 -.900000E-01 -.316049E-02
 -.700000E-01 -.316123E-02
 -.500000E-01 -.316178E-02
 -.300000E-01 -.316215E-02
 -.100000E-01 -.316234E-02
 0.100000E-01 -.316234E-02
 0.300000E-01 -.316215E-02
 0.500000E-01 -.316179E-02
 0.700000E-01 -.316123E-02
 0.900000E-01 -.316049E-02
 0.110000E+00 -.315957E-02
 0.130000E+00 -.315847E-02
 0.150000E+00 -.315717E-02
 0.170000E+00 -.315570E-02
 0.190000E+00 -.315404E-02
 0.210000E+00 -.315219E-02
 0.230000E+00 -.315017E-02
 0.250000E+00 -.314795E-02
 0.270000E+00 -.314556E-02
 0.290000E+00 -.314298E-02
 0.310000E+00 -.314021E-02
 0.330000E+00 -.313727E-02
 0.350000E+00 -.313414E-02
 0.370000E+00 -.313082E-02
 0.390000E+00 -.312733E-02
 0.410000E+00 -.312365E-02
 0.430000E+00 -.311979E-02
 0.450000E+00 -.311574E-02
 0.470000E+00 -.311152E-02
 0.490000E+00 -.310711E-02
 0.510000E+00 -.310252E-02
 0.530000E+00 -.309775E-02
 0.550000E+00 -.309280E-02
 0.570000E+00 -.308767E-02
 0.590000E+00 -.308236E-02
 0.610000E+00 -.307687E-02
 0.630000E+00 -.307120E-02
 0.650000E+00 -.306535E-02
 0.670000E+00 -.305932E-02
 0.690000E+00 -.305311E-02
 0.710000E+00 -.304672E-02
 0.730000E+00 -.304016E-02
 0.750000E+00 -.303342E-02
 0.770000E+00 -.302650E-02
 0.790000E+00 -.301940E-02
 0.810000E+00 -.301213E-02
 0.830000E+00 -.300468E-02
 0.850000E+00 -.299706E-02
 0.870000E+00 -.298926E-02
 0.890000E+00 -.298129E-02
 0.910000E+00 0.195601E+00
 0.930000E+00 0.195645E+00
 0.950000E+00 0.195689E+00
 0.970000E+00 0.195733E+00
 0.990000E+00 0.195776E+00




































































































 -.990000E+00 0.197200E+00
 -.970000E+00 0.197199E+00
 -.950000E+00 0.197198E+00
 -.930000E+00 0.197196E+00
 -.910000E+00 0.197195E+00
 -.890000E+00 -.135572E-02
 -.870000E+00 -.134437E-02
 -.850000E+00 -.133275E-02
 -.830000E+00 -.132085E-02
 -.810000E+00 -.130868E-02
 -.790000E+00 -.129623E-02
 -.770000E+00 -.128352E-02
 -.750000E+00 -.127054E-02
 -.730000E+00 -.125729E-02
 -.710000E+00 -.124379E-02
 -.690000E+00 -.123002E-02
 -.670000E+00 -.121600E-02
 -.650000E+00 -.120173E-02
 -.630000E+00 -.118721E-02
 -.610000E+00 -.117244E-02
 -.590000E+00 -.115743E-02
 -.570000E+00 -.114218E-02
 -.550000E+00 -.112669E-02
 -.530000E+00 -.111097E-02
 -.510000E+00 -.109502E-02
 -.490000E+00 -.107884E-02
 -.470000E+00 -.106243E-02
 -.450000E+00 -.104581E-02
 -.430000E+00 -.102896E-02
 -.410000E+00 -.101191E-02
 -.390000E+00 -.994638E-03
 -.370000E+00 -.977164E-03
 -.350000E+00 -.959487E-03
 -.330000E+00 -.941609E-03
 -.310000E+00 -.923536E-03
 -.290000E+00 -.905271E-03
 -.270000E+00 -.886817E-03
 -.250000E+00 -.868179E-03
 -.230000E+00 -.849360E-03
 -.210000E+00 -.830364E-03
 -.190000E+00 -.811194E-03
 -.170000E+00 -.791856E-03
 -.150000E+00 -.772353E-03
 -.130000E+00 -.752689E-03
 -.110000E+00 -.732868E-03
 -.900000E-01 -.712893E-03
 -.700000E-01 -.692771E-03
 -.500000E-01 -.672503E-03
 -.300000E-01 -.652095E-03
 -.100000E-01 -.631551E-03
 0.100000E-01 -.610875E-03
 0.300000E-01 -.590071E-03
 0.500000E-01 -.569143E-03
 0.700000E-01 -.548097E-03
 0.900000E-01 -.526936E-03
 0.110000E+00 -.505664E-03
 0.130000E+00 -.484286E-03
 0.150000E+00 -.462807E-03
 0.170000E+00 -.441231E-03
 0.190000E+00 -.419562E-03
 0.210000E+00 -.397804E-03
 0.230000E+00 -.375963E-03
 0.250000E+00 -.354043E-03
 0.270000E+00 -.332048E-03
 0.290000E+00 -.309983E-03
 0.310000E+00 -.287852E-03
 0.330000E+00 -.265660E-03
 0.350000E+00 -.243412E-03
 0.370000E+00 -.221111E-03
 0.390000E+00 -.198764E-03
 0.410000E+00 -.176374E-03
 0.430000E+00 -.153946E-03
 0.450000E+00 -.131485E-03
 0.470000E+00 -.108994E-03
 0.490000E+00 -.864802E-04
 0.510000E+00 -.639465E-04
 0.530000E+00 -.413981E-04
 0.550000E+00 -.188395E-04
 0.570000E+00 0.372445E-05
 0.590000E+00 0.262892E-04
 0.610000E+00 0.488501E-04
 0.630000E+00 0.714024E-04
 0.650000E+00 0.939415E-04
 0.670000E+00 0.116463E-03
 0.690000E+00 0.138962E-03
 0.710000E+00 0.161433E-03
 0.730000E+00 0.183873E-03
 0.750000E+00 0.206276E-03
 0.770000E+00 0.228638E-03
 0.790000E+00 0.250955E-03
 0.810000E+00 0.273221E-03
 0.830000E+00 0.295432E-03
 0.850000E+00 0.317583E-03
 0.870000E+00 0.339671E-03
 0.890000E+00 0.361689E-03
 0.910000E+00 0.198936E+00
 0.930000E+00 0.198952E+00
 0.950000E+00 0.198968E+00
 0.970000E+00 0.198985E+00
 0.990000E+00 0.199001E+00




































































































 -.990000E+00 0.197896E+00
 -.970000E+00 0.197879E+00
 -.950000E+00 0.197862E+00
 -.930000E+00 0.197846E+00
 -.910000E+00 0.197829E+00
 -.890000E+00 -.743685E-03
 -.870000E+00 -.760458E-03
 -.850000E+00 -.776489E-03
 -.830000E+00 -.791762E-03
 -.810000E+00 -.806262E-03
 -.790000E+00 -.819974E-03
 -.770000E+00 -.832886E-03
 -.750000E+00 -.844986E-03
 -.730000E+00 -.856260E-03
 -.710000E+00 -.866698E-03
 -.690000E+00 -.876290E-03
 -.670000E+00 -.885027E-03
 -.650000E+00 -.892900E-03
 -.630000E+00 -.899901E-03
 -.610000E+00 -.906023E-03
 -.590000E+00 -.911262E-03
 -.570000E+00 -.915610E-03
 -.550000E+00 -.919065E-03
 -.530000E+00 -.921622E-03
 -.510000E+00 -.923280E-03
 -.490000E+00 -.924037E-03
 -.470000E+00 -.923891E-03
 -.450000E+00 -.922844E-03
 -.430000E+00 -.920895E-03
 -.410000E+00 -.918048E-03
 -.390000E+00 -.914305E-03
 -.370000E+00 -.909669E-03
 -.350000E+00 -.904145E-03
 -.330000E+00 -.897738E-03
 -.310000E+00 -.890455E-03
 -.290000E+00 -.882303E-03
 -.270000E+00 -.873289E-03
 -.250000E+00 -.863423E-03
 -.230000E+00 -.852714E-03
 -.210000E+00 -.841173E-03
 -.190000E+00 -.828811E-03
 -.170000E+00 -.815639E-03
 -.150000E+00 -.801671E-03
 -.130000E+00 -.786921E-03
 -.110000E+00 -.771403E-03
 -.900000E-01 -.755131E-03
 -.700000E-01 -.738123E-03
 -.500000E-01 -.720393E-03
 -.300000E-01 -.701961E-03
 -.100000E-01 -.682844E-03
 0.100000E-01 -.663059E-03
 0.300000E-01 -.642628E-03
 0.500000E-01 -.621569E-03
 0.700000E-01 -.599904E-03
 0.900000E-01 -.577653E-03
 0.110000E+00 -.554838E-03
 0.130000E+00 -.531481E-03
 0.150000E+00 -.507606E-03
 0.170000E+00 -.483235E-03
 0.190000E+00 -.458393E-03
 0.210000E+00 -.433103E-03
 0.230000E+00 -.407390E-03
 0.250000E+00 -.381280E-03
 0.270000E+00 -.354797E-03
 0.290000E+00 -.327968E-03
 0.310000E+00 -.300819E-03
 0.330000E+00 -.273377E-03
 0.350000E+00 -.245667E-03
 0.370000E+00 -.217718E-03
 0.390000E+00 -.189557E-03
 0.410000E+00 -.161210E-03
 0.430000E+00 -.132706E-03
 0.450000E+00 -.104072E-03
 0.470000E+00 -.753371E-04
 0.490000E+00 -.465284E-04
 0.510000E+00 -.176744E-04
 0.530000E+00 0.111968E-04
 0.550000E+00 0.400571E-04
 0.570000E+00 0.688782E-04
 0.590000E+00 0.976320E-04
 0.610000E+00 0.126291E-03
 0.630000E+00 0.154826E-03
 0.650000E+00 0.183210E-03
 0.670000E+00 0.211415E-03
 0.690000E+00 0.239414E-03
 0.710000E+00 0.267179E-03
 0.730000E+00 0.294683E-03
 0.750000E+00 0.321899E-03
 0.770000E+00 0.348801E-03
 0.790000E+00 0.375363E-03
 0.810000E+00 0.401558E-03
 0.830000E+00 0.427361E-03
 0.850000E+00 0.452747E-03
 0.870000E+00 0.477691E-03
 0.890000E+00 0.502168E-03
 0.910000E+00 0.199081E+00
 0.930000E+00 0.199103E+00
 0.950000E+00 0.199126E+00
 0.970000E+00 0.199148E+00
 0.990000E+00 0.199171E+00




































































































 -.990000E+00 0.198518E+00
 -.970000E+00 0.198543E+00
 -.950000E+00 0.198560E+00
 -.930000E+00 0.198563E+00
 -.910000E+00 0.198549E+00
 -.890000E+00 -.283045E-04
 -.870000E+00 -.396328E-04
 -.850000E+00 -.337965E-04
 -.830000E+00 -.133233E-04
 -.810000E+00 0.129201E-04
 -.790000E+00 0.335680E-04
 -.770000E+00 0.396778E-04
 -.750000E+00 0.286036E-04
 -.730000E+00 0.514141E-05
 -.710000E+00 -.205474E-04
 -.690000E+00 -.373374E-04
 -.670000E+00 -.379568E-04
 -.650000E+00 -.221376E-04
 -.630000E+00 0.326929E-05
 -.610000E+00 0.272602E-04
 -.590000E+00 0.394450E-04
 -.570000E+00 0.345465E-04
 -.550000E+00 0.146863E-04
 -.530000E+00 -.115345E-04
 -.510000E+00 -.327597E-04
 -.490000E+00 -.397971E-04
 -.470000E+00 -.295987E-04
 -.450000E+00 -.658136E-05
 -.430000E+00 0.192863E-04
 -.410000E+00 0.368012E-04
 -.390000E+00 0.383778E-04
 -.370000E+00 0.233334E-04
 -.350000E+00 -.181646E-05
 -.330000E+00 -.261797E-04
 -.310000E+00 -.392047E-04
 -.290000E+00 -.352505E-04
 -.270000E+00 -.160297E-04
 -.250000E+00 0.101334E-04
 -.230000E+00 0.319079E-04
 -.210000E+00 0.398633E-04
 -.190000E+00 0.305543E-04
 -.170000E+00 0.801255E-05
 -.150000E+00 -.179994E-04
 -.130000E+00 -.362159E-04
 -.110000E+00 -.387477E-04
 -.900000E-01 -.244982E-04
 -.700000E-01 0.361221E-06
 -.500000E-01 0.250642E-04
 -.300000E-01 0.389122E-04
 -.100000E-01 0.359076E-04
 0.100000E-01 0.173518E-04
 0.300000E-01 -.871891E-05
 0.500000E-01 -.310135E-04
 0.700000E-01 -.398765E-04
 0.900000E-01 -.314693E-04
 0.110000E+00 -.943307E-05
 0.130000E+00 0.166885E-04
 0.150000E+00 0.355825E-04
 0.170000E+00 0.390660E-04
 0.190000E+00 0.256304E-04
 0.210000E+00 0.109450E-05
 0.230000E+00 -.239154E-04
 0.250000E+00 -.385678E-04
 0.270000E+00 -.365168E-04
 0.290000E+00 -.186508E-04
 0.310000E+00 0.729278E-05
 0.330000E+00 0.300779E-04
 0.350000E+00 0.398366E-04
 0.370000E+00 0.323424E-04
 0.390000E+00 0.108410E-04
 0.410000E+00 -.153555E-04
 0.430000E+00 -.349017E-04
 0.450000E+00 -.393323E-04
 0.470000E+00 -.267285E-04
 0.490000E+00 -.254877E-05
 0.510000E+00 0.227348E-04
 0.530000E+00 0.381721E-04
 0.550000E+00 0.370775E-04
 0.570000E+00 0.199249E-04
 0.590000E+00 -.585694E-05
 0.610000E+00 -.291022E-04
 0.630000E+00 -.397436E-04
 0.650000E+00 -.331724E-04
 0.670000E+00 -.122346E-04
 0.690000E+00 0.140020E-04
 0.710000E+00 0.341744E-04
 0.730000E+00 0.395462E-04
 0.750000E+00 0.277909E-04
 0.770000E+00 0.399965E-05
 0.790000E+00 -.215239E-04
 0.810000E+00 -.377256E-04
 0.830000E+00 -.375887E-04
 0.850000E+00 -.211725E-04
 0.870000E+00 0.441329E-05
 0.890000E+00 0.280878E-04
 0.910000E+00 0.198597E+00
 0.930000E+00 0.198603E+00
 0.950000E+00 0.198602E+00
 0.970000E+00 0.198594E+00
 0.990000E+00 0.198582E+00




































































































