 -.990000E+00 -.904975E-02
 -.970000E+00 0.746184E-03
 -.950000E+00 0.765816E-02
 -.930000E+00 0.869073E-02
 -.910000E+00 0.339368E-02
 -.890000E+00 -.366084E-02
 -.870000E+00 -.751160E-02
 -.850000E+00 -.810925E-02
 -.830000E+00 -.519443E-02
 -.810000E+00 -.291852E-04
 -.790000E+00 0.514946E-02
 -.770000E+00 0.809836E-02
 -.750000E+00 0.753986E-02
 -.730000E+00 0.371535E-02
 -.710000E+00 -.171905E-02
 -.690000E+00 -.640964E-02
 -.670000E+00 -.832456E-02
 -.650000E+00 -.663394E-02
 -.630000E+00 -.206956E-02
 -.610000E+00 0.339194E-02
 -.590000E+00 0.738502E-02
 -.570000E+00 0.817983E-02
 -.550000E+00 0.543163E-02
 -.530000E+00 0.330287E-03
 -.510000E+00 -.491487E-02
 -.490000E+00 -.803191E-02
 -.470000E+00 -.767035E-02
 -.450000E+00 -.398629E-02
 -.430000E+00 0.142499E-02
 -.410000E+00 0.621984E-02
 -.390000E+00 0.832124E-02
 -.370000E+00 0.681857E-02
 -.350000E+00 0.236219E-02
 -.330000E+00 -.311805E-02
 -.310000E+00 -.724850E-02
 -.290000E+00 -.823984E-02
 -.270000E+00 -.566221E-02
 -.250000E+00 -.631582E-03
 -.230000E+00 0.467336E-02
 -.210000E+00 0.795481E-02
 -.190000E+00 0.779107E-02
 -.170000E+00 0.425258E-02
 -.150000E+00 -.112846E-02
 -.130000E+00 -.602150E-02
 -.110000E+00 -.830703E-02
 -.900000E-01 -.699466E-02
 -.700000E-01 -.265234E-02
 -.500000E-01 0.283950E-02
 -.300000E-01 0.710221E-02
 -.100000E-01 0.828920E-02
 0.100000E-01 0.588586E-02
 0.300000E-01 0.932674E-03
 0.500000E-01 -.442523E-02
 0.700000E-01 -.786713E-02
 0.900000E-01 -.790185E-02
 0.110000E+00 -.451385E-02
 0.130000E+00 0.829838E-03
 0.150000E+00 0.581487E-02
 0.170000E+00 0.828191E-02
 0.190000E+00 0.716196E-02
 0.210000E+00 0.293962E-02
 0.230000E+00 -.255666E-02
 0.250000E+00 -.694633E-02
 0.270000E+00 -.832781E-02
 0.290000E+00 -.610226E-02
 0.310000E+00 -.123317E-02
 0.330000E+00 0.417080E-02
 0.350000E+00 0.776897E-02
 0.370000E+00 0.800250E-02
 0.390000E+00 0.476976E-02
 0.410000E+00 -.529509E-03
 0.430000E+00 -.560020E-02
 0.450000E+00 -.824589E-02
 0.470000E+00 -.732023E-02
 0.490000E+00 -.322364E-02
 0.510000E+00 0.226989E-02
 0.530000E+00 0.678102E-02
 0.550000E+00 0.835559E-02
 0.570000E+00 0.631113E-02
 0.590000E+00 0.153268E-02
 0.610000E+00 -.391037E-02
 0.630000E+00 -.766043E-02
 0.650000E+00 -.809290E-02
 0.670000E+00 -.501995E-02
 0.690000E+00 0.227864E-03
 0.710000E+00 0.537775E-02
 0.730000E+00 0.819901E-02
 0.750000E+00 0.746924E-02
 0.770000E+00 0.350404E-02
 0.790000E+00 -.197955E-02
 0.810000E+00 -.660650E-02
 0.830000E+00 -.837249E-02
 0.850000E+00 -.651217E-02
 0.870000E+00 -.183080E-02
 0.890000E+00 0.364429E-02
 0.910000E+00 0.592269E-02
 0.930000E+00 0.592244E-02
 0.950000E+00 0.592208E-02
 0.970000E+00 0.592178E-02
 0.990000E+00 0.592166E-02




































































































 -.990000E+00 -.137659E+00
 -.970000E+00 -.144125E+00
 -.950000E+00 -.150563E+00
 -.930000E+00 -.156967E+00
 -.910000E+00 -.163329E+00
 -.890000E+00 -.167741E+00
 -.870000E+00 -.170113E+00
 -.850000E+00 -.172320E+00
 -.830000E+00 -.174359E+00
 -.810000E+00 -.176228E+00
 -.790000E+00 -.177925E+00
 -.770000E+00 -.179449E+00
 -.750000E+00 -.180799E+00
 -.730000E+00 -.181972E+00
 -.710000E+00 -.182968E+00
 -.690000E+00 -.183785E+00
 -.670000E+00 -.184423E+00
 -.650000E+00 -.184882E+00
 -.630000E+00 -.185160E+00
 -.610000E+00 -.185257E+00
 -.590000E+00 -.185174E+00
 -.570000E+00 -.184911E+00
 -.550000E+00 -.184466E+00
 -.530000E+00 -.183842E+00
 -.510000E+00 -.183039E+00
 -.490000E+00 -.182056E+00
 -.470000E+00 -.180896E+00
 -.450000E+00 -.179559E+00
 -.430000E+00 -.178047E+00
 -.410000E+00 -.176361E+00
 -.390000E+00 -.174503E+00
 -.370000E+00 -.172474E+00
 -.350000E+00 -.170277E+00
 -.330000E+00 -.167913E+00
 -.310000E+00 -.165385E+00
 -.290000E+00 -.162696E+00
 -.270000E+00 -.159847E+00
 -.250000E+00 -.156842E+00
 -.230000E+00 -.153683E+00
 -.210000E+00 -.150374E+00
 -.190000E+00 -.146918E+00
 -.170000E+00 -.143317E+00
 -.150000E+00 -.139577E+00
 -.130000E+00 -.135700E+00
 -.110000E+00 -.131689E+00
 -.900000E-01 -.127550E+00
 -.700000E-01 -.123286E+00
 -.500000E-01 -.118900E+00
 -.300000E-01 -.114398E+00
 -.100000E-01 -.109784E+00
 0.100000E-01 -.105062E+00
 0.300000E-01 -.100236E+00
 0.500000E-01 -.953125E-01
 0.700000E-01 -.902948E-01
 0.900000E-01 -.851883E-01
 0.110000E+00 -.799979E-01
 0.130000E+00 -.747287E-01
 0.150000E+00 -.693857E-01
 0.170000E+00 -.639743E-01
 0.190000E+00 -.584996E-01
 0.210000E+00 -.529670E-01
 0.230000E+00 -.473819E-01
 0.250000E+00 -.417497E-01
 0.270000E+00 -.360760E-01
 0.290000E+00 -.303663E-01
 0.310000E+00 -.246260E-01
 0.330000E+00 -.188610E-01
 0.350000E+00 -.130766E-01
 0.370000E+00 -.727870E-02
 0.390000E+00 -.147284E-02
 0.410000E+00 0.433529E-02
 0.430000E+00 0.101400E-01
 0.450000E+00 0.159357E-01
 0.470000E+00 0.217166E-01
 0.490000E+00 0.274772E-01
 0.510000E+00 0.332117E-01
 0.530000E+00 0.389147E-01
 0.550000E+00 0.445805E-01
 0.570000E+00 0.502035E-01
 0.590000E+00 0.557784E-01
 0.610000E+00 0.612996E-01
 0.630000E+00 0.667617E-01
 0.650000E+00 0.721595E-01
 0.670000E+00 0.774876E-01
 0.690000E+00 0.827408E-01
 0.710000E+00 0.879140E-01
 0.730000E+00 0.930021E-01
 0.750000E+00 0.980002E-01
 0.770000E+00 0.102903E+00
 0.790000E+00 0.107707E+00
 0.810000E+00 0.112406E+00
 0.830000E+00 0.116995E+00
 0.850000E+00 0.121472E+00
 0.870000E+00 0.125830E+00
 0.890000E+00 0.130067E+00
 0.910000E+00 0.132139E+00
 0.930000E+00 0.132140E+00
 0.950000E+00 0.132141E+00
 0.970000E+00 0.132142E+00
 0.990000E+00 0.132142E+00




































































































 -.990000E+00 -.232723E+00
 -.970000E+00 -.231871E+00
 -.950000E+00 -.231025E+00
 -.930000E+00 -.230186E+00
 -.910000E+00 -.229354E+00
 -.890000E+00 -.225895E+00
 -.870000E+00 -.219767E+00
 -.850000E+00 -.213593E+00
 -.830000E+00 -.207375E+00
 -.810000E+00 -.201114E+00
 -.790000E+00 -.194811E+00
 -.770000E+00 -.188467E+00
 -.750000E+00 -.182083E+00
 -.730000E+00 -.175662E+00
 -.710000E+00 -.169203E+00
 -.690000E+00 -.162710E+00
 -.670000E+00 -.156182E+00
 -.650000E+00 -.149621E+00
 -.630000E+00 -.143029E+00
 -.610000E+00 -.136406E+00
 -.590000E+00 -.129755E+00
 -.570000E+00 -.123077E+00
 -.550000E+00 -.116372E+00
 -.530000E+00 -.109643E+00
 -.510000E+00 -.102890E+00
 -.490000E+00 -.961158E-01
 -.470000E+00 -.893207E-01
 -.450000E+00 -.825066E-01
 -.430000E+00 -.756747E-01
 -.410000E+00 -.688265E-01
 -.390000E+00 -.619633E-01
 -.370000E+00 -.550867E-01
 -.350000E+00 -.481979E-01
 -.330000E+00 -.412984E-01
 -.310000E+00 -.343896E-01
 -.290000E+00 -.274730E-01
 -.270000E+00 -.205499E-01
 -.250000E+00 -.136218E-01
 -.230000E+00 -.669017E-02
 -.210000E+00 0.243673E-03
 -.190000E+00 0.717826E-02
 -.170000E+00 0.141122E-01
 -.150000E+00 0.210440E-01
 -.130000E+00 0.279722E-01
 -.110000E+00 0.348955E-01
 -.900000E-01 0.418125E-01
 -.700000E-01 0.487216E-01
 -.500000E-01 0.556215E-01
 -.300000E-01 0.625107E-01
 -.100000E-01 0.693879E-01
 0.100000E-01 0.762516E-01
 0.300000E-01 0.831004E-01
 0.500000E-01 0.899329E-01
 0.700000E-01 0.967477E-01
 0.900000E-01 0.103543E+00
 0.110000E+00 0.110319E+00
 0.130000E+00 0.117072E+00
 0.150000E+00 0.123802E+00
 0.170000E+00 0.130507E+00
 0.190000E+00 0.137187E+00
 0.210000E+00 0.143838E+00
 0.230000E+00 0.150462E+00
 0.250000E+00 0.157054E+00
 0.270000E+00 0.163616E+00
 0.290000E+00 0.170144E+00
 0.310000E+00 0.176639E+00
 0.330000E+00 0.183098E+00
 0.350000E+00 0.189520E+00
 0.370000E+00 0.195903E+00
 0.390000E+00 0.202248E+00
 0.410000E+00 0.208551E+00
 0.430000E+00 0.214813E+00
 0.450000E+00 0.221031E+00
 0.470000E+00 0.227204E+00
 0.490000E+00 0.233332E+00
 0.510000E+00 0.239412E+00
 0.530000E+00 0.245444E+00
 0.550000E+00 0.251426E+00
 0.570000E+00 0.257357E+00
 0.590000E+00 0.263237E+00
 0.610000E+00 0.269063E+00
 0.630000E+00 0.274834E+00
 0.650000E+00 0.280550E+00
 0.670000E+00 0.286209E+00
 0.690000E+00 0.291810E+00
 0.710000E+00 0.297352E+00
 0.730000E+00 0.302833E+00
 0.750000E+00 0.308253E+00
 0.770000E+00 0.313611E+00
 0.790000E+00 0.318905E+00
 0.810000E+00 0.324134E+00
 0.830000E+00 0.329298E+00
 0.850000E+00 0.334395E+00
 0.870000E+00 0.339424E+00
 0.890000E+00 0.344384E+00
 0.910000E+00 0.346838E+00
 0.930000E+00 0.346839E+00
 0.950000E+00 0.346839E+00
 0.970000E+00 0.346839E+00
 0.990000E+00 0.346839E+00




































































































 -.990000E+00 0.804824E+00
 -.970000E+00 0.810287E+00
 -.950000E+00 0.815740E+00
 -.930000E+00 0.821180E+00
 -.910000E+00 0.826604E+00
 -.890000E+00 0.831406E+00
 -.870000E+00 0.835563E+00
 -.850000E+00 0.839672E+00
 -.830000E+00 0.843733E+00
 -.810000E+00 0.847745E+00
 -.790000E+00 0.851709E+00
 -.770000E+00 0.855623E+00
 -.750000E+00 0.859488E+00
 -.730000E+00 0.863304E+00
 -.710000E+00 0.867070E+00
 -.690000E+00 0.870786E+00
 -.670000E+00 0.874452E+00
 -.650000E+00 0.878067E+00
 -.630000E+00 0.881633E+00
 -.610000E+00 0.885148E+00
 -.590000E+00 0.888612E+00
 -.570000E+00 0.892025E+00
 -.550000E+00 0.895387E+00
 -.530000E+00 0.898698E+00
 -.510000E+00 0.901958E+00
 -.490000E+00 0.905166E+00
 -.470000E+00 0.908323E+00
 -.450000E+00 0.911427E+00
 -.430000E+00 0.914480E+00
 -.410000E+00 0.917480E+00
 -.390000E+00 0.920429E+00
 -.370000E+00 0.923325E+00
 -.350000E+00 0.926168E+00
 -.330000E+00 0.928959E+00
 -.310000E+00 0.931698E+00
 -.290000E+00 0.934383E+00
 -.270000E+00 0.937016E+00
 -.250000E+00 0.939596E+00
 -.230000E+00 0.942122E+00
 -.210000E+00 0.944595E+00
 -.190000E+00 0.947015E+00
 -.170000E+00 0.949382E+00
 -.150000E+00 0.951695E+00
 -.130000E+00 0.953955E+00
 -.110000E+00 0.956161E+00
 -.900000E-01 0.958313E+00
 -.700000E-01 0.960411E+00
 -.500000E-01 0.962456E+00
 -.300000E-01 0.964447E+00
 -.100000E-01 0.966384E+00
 0.100000E-01 0.968267E+00
 0.300000E-01 0.970095E+00
 0.500000E-01 0.971870E+00
 0.700000E-01 0.973591E+00
 0.900000E-01 0.975257E+00
 0.110000E+00 0.976869E+00
 0.130000E+00 0.978427E+00
 0.150000E+00 0.979931E+00
 0.170000E+00 0.981380E+00
 0.190000E+00 0.982775E+00
 0.210000E+00 0.984116E+00
 0.230000E+00 0.985402E+00
 0.250000E+00 0.986634E+00
 0.270000E+00 0.987811E+00
 0.290000E+00 0.988934E+00
 0.310000E+00 0.990003E+00
 0.330000E+00 0.991017E+00
 0.350000E+00 0.991977E+00
 0.370000E+00 0.992883E+00
 0.390000E+00 0.993734E+00
 0.410000E+00 0.994531E+00
 0.430000E+00 0.995273E+00
 0.450000E+00 0.995961E+00
 0.470000E+00 0.996595E+00
 0.490000E+00 0.997174E+00
 0.510000E+00 0.997700E+00
 0.530000E+00 0.998171E+00
 0.550000E+00 0.998587E+00
 0.570000E+00 0.998950E+00
 0.590000E+00 0.999258E+00
 0.610000E+00 0.999513E+00
 0.630000E+00 0.999713E+00
 0.650000E+00 0.999860E+00
 0.670000E+00 0.999952E+00
 0.690000E+00 0.999990E+00
 0.710000E+00 0.999975E+00
 0.730000E+00 0.999906E+00
 0.750000E+00 0.999783E+00
 0.770000E+00 0.999607E+00
 0.790000E+00 0.999377E+00
 0.810000E+00 0.999093E+00
 0.830000E+00 0.998756E+00
 0.850000E+00 0.998366E+00
 0.870000E+00 0.997922E+00
 0.890000E+00 0.997425E+00
 0.910000E+00 0.997157E+00
 0.930000E+00 0.997157E+00
 0.950000E+00 0.997158E+00
 0.970000E+00 0.997158E+00
 0.990000E+00 0.997158E+00




































































































 -.990000E+00 0.997370E+00
 -.970000E+00 0.996421E+00
 -.950000E+00 0.995318E+00
 -.930000E+00 0.994057E+00
 -.910000E+00 0.992635E+00
 -.890000E+00 0.991633E+00
 -.870000E+00 0.991166E+00
 -.850000E+00 0.990685E+00
 -.830000E+00 0.990192E+00
 -.810000E+00 0.989685E+00
 -.790000E+00 0.989166E+00
 -.770000E+00 0.988634E+00
 -.750000E+00 0.988089E+00
 -.730000E+00 0.987532E+00
 -.710000E+00 0.986961E+00
 -.690000E+00 0.986378E+00
 -.670000E+00 0.985781E+00
 -.650000E+00 0.985172E+00
 -.630000E+00 0.984550E+00
 -.610000E+00 0.983915E+00
 -.590000E+00 0.983267E+00
 -.570000E+00 0.982606E+00
 -.550000E+00 0.981933E+00
 -.530000E+00 0.981246E+00
 -.510000E+00 0.980547E+00
 -.490000E+00 0.979834E+00
 -.470000E+00 0.979109E+00
 -.450000E+00 0.978371E+00
 -.430000E+00 0.977620E+00
 -.410000E+00 0.976856E+00
 -.390000E+00 0.976079E+00
 -.370000E+00 0.975289E+00
 -.350000E+00 0.974486E+00
 -.330000E+00 0.973671E+00
 -.310000E+00 0.972842E+00
 -.290000E+00 0.972000E+00
 -.270000E+00 0.971146E+00
 -.250000E+00 0.970279E+00
 -.230000E+00 0.969399E+00
 -.210000E+00 0.968505E+00
 -.190000E+00 0.967599E+00
 -.170000E+00 0.966680E+00
 -.150000E+00 0.965748E+00
 -.130000E+00 0.964804E+00
 -.110000E+00 0.963846E+00
 -.900000E-01 0.962875E+00
 -.700000E-01 0.961892E+00
 -.500000E-01 0.960895E+00
 -.300000E-01 0.959886E+00
 -.100000E-01 0.958864E+00
 0.100000E-01 0.957829E+00
 0.300000E-01 0.956781E+00
 0.500000E-01 0.955720E+00
 0.700000E-01 0.954646E+00
 0.900000E-01 0.953559E+00
 0.110000E+00 0.952460E+00
 0.130000E+00 0.951347E+00
 0.150000E+00 0.950222E+00
 0.170000E+00 0.949084E+00
 0.190000E+00 0.947933E+00
 0.210000E+00 0.946769E+00
 0.230000E+00 0.945592E+00
 0.250000E+00 0.944403E+00
 0.270000E+00 0.943201E+00
 0.290000E+00 0.941985E+00
 0.310000E+00 0.940757E+00
 0.330000E+00 0.939517E+00
 0.350000E+00 0.938263E+00
 0.370000E+00 0.936997E+00
 0.390000E+00 0.935717E+00
 0.410000E+00 0.934425E+00
 0.430000E+00 0.933121E+00
 0.450000E+00 0.931803E+00
 0.470000E+00 0.930473E+00
 0.490000E+00 0.929130E+00
 0.510000E+00 0.927774E+00
 0.530000E+00 0.926405E+00
 0.550000E+00 0.925024E+00
 0.570000E+00 0.923630E+00
 0.590000E+00 0.922224E+00
 0.610000E+00 0.920804E+00
 0.630000E+00 0.919372E+00
 0.650000E+00 0.917927E+00
 0.670000E+00 0.916470E+00
 0.690000E+00 0.915000E+00
 0.710000E+00 0.913517E+00
 0.730000E+00 0.912022E+00
 0.750000E+00 0.910514E+00
 0.770000E+00 0.908994E+00
 0.790000E+00 0.907461E+00
 0.810000E+00 0.905915E+00
 0.830000E+00 0.904357E+00
 0.850000E+00 0.902786E+00
 0.870000E+00 0.901203E+00
 0.890000E+00 0.899607E+00
 0.910000E+00 0.898802E+00
 0.930000E+00 0.898798E+00
 0.950000E+00 0.898795E+00
 0.970000E+00 0.898794E+00
 0.990000E+00 0.898793E+00




































































































 -.990000E+00 0.753705E+00
 -.970000E+00 0.746227E+00
 -.950000E+00 0.738649E+00
 -.930000E+00 0.730971E+00
 -.910000E+00 0.723196E+00
 -.890000E+00 0.719238E+00
 -.870000E+00 0.719169E+00
 -.850000E+00 0.719100E+00
 -.830000E+00 0.719031E+00
 -.810000E+00 0.718962E+00
 -.790000E+00 0.718892E+00
 -.770000E+00 0.718823E+00
 -.750000E+00 0.718754E+00
 -.730000E+00 0.718685E+00
 -.710000E+00 0.718616E+00
 -.690000E+00 0.718547E+00
 -.670000E+00 0.718478E+00
 -.650000E+00 0.718409E+00
 -.630000E+00 0.718340E+00
 -.610000E+00 0.718271E+00
 -.590000E+00 0.718202E+00
 -.570000E+00 0.718133E+00
 -.550000E+00 0.718064E+00
 -.530000E+00 0.717994E+00
 -.510000E+00 0.717925E+00
 -.490000E+00 0.717856E+00
 -.470000E+00 0.717787E+00
 -.450000E+00 0.717718E+00
 -.430000E+00 0.717649E+00
 -.410000E+00 0.717580E+00
 -.390000E+00 0.717510E+00
 -.370000E+00 0.717441E+00
 -.350000E+00 0.717372E+00
 -.330000E+00 0.717303E+00
 -.310000E+00 0.717234E+00
 -.290000E+00 0.717164E+00
 -.270000E+00 0.717095E+00
 -.250000E+00 0.717026E+00
 -.230000E+00 0.716957E+00
 -.210000E+00 0.716888E+00
 -.190000E+00 0.716818E+00
 -.170000E+00 0.716749E+00
 -.150000E+00 0.716680E+00
 -.130000E+00 0.716610E+00
 -.110000E+00 0.716541E+00
 -.900000E-01 0.716472E+00
 -.700000E-01 0.716403E+00
 -.500000E-01 0.716333E+00
 -.300000E-01 0.716264E+00
 -.100000E-01 0.716195E+00
 0.100000E-01 0.716125E+00
 0.300000E-01 0.716056E+00
 0.500000E-01 0.715987E+00
 0.700000E-01 0.715917E+00
 0.900000E-01 0.715848E+00
 0.110000E+00 0.715779E+00
 0.130000E+00 0.715709E+00
 0.150000E+00 0.715640E+00
 0.170000E+00 0.715571E+00
 0.190000E+00 0.715501E+00
 0.210000E+00 0.715432E+00
 0.230000E+00 0.715362E+00
 0.250000E+00 0.715293E+00
 0.270000E+00 0.715224E+00
 0.290000E+00 0.715154E+00
 0.310000E+00 0.715085E+00
 0.330000E+00 0.715015E+00
 0.350000E+00 0.714946E+00
 0.370000E+00 0.714876E+00
 0.390000E+00 0.714807E+00
 0.410000E+00 0.714738E+00
 0.430000E+00 0.714668E+00
 0.450000E+00 0.714599E+00
 0.470000E+00 0.714529E+00
 0.490000E+00 0.714460E+00
 0.510000E+00 0.714390E+00
 0.530000E+00 0.714321E+00
 0.550000E+00 0.714251E+00
 0.570000E+00 0.714182E+00
 0.590000E+00 0.714112E+00
 0.610000E+00 0.714043E+00
 0.630000E+00 0.713973E+00
 0.650000E+00 0.713904E+00
 0.670000E+00 0.713834E+00
 0.690000E+00 0.713764E+00
 0.710000E+00 0.713695E+00
 0.730000E+00 0.713625E+00
 0.750000E+00 0.713556E+00
 0.770000E+00 0.713486E+00
 0.790000E+00 0.713417E+00
 0.810000E+00 0.713347E+00
 0.830000E+00 0.713277E+00
 0.850000E+00 0.713208E+00
 0.870000E+00 0.713138E+00
 0.890000E+00 0.713068E+00
 0.910000E+00 0.713032E+00
 0.930000E+00 0.713030E+00
 0.950000E+00 0.713028E+00
 0.970000E+00 0.713027E+00
 0.990000E+00 0.713026E+00




































































































 -.990000E+00 0.202319E+00
 -.970000E+00 0.196438E+00
 -.950000E+00 0.190587E+00
 -.930000E+00 0.184765E+00
 -.910000E+00 0.178973E+00
 -.890000E+00 0.177744E+00
 -.870000E+00 0.181053E+00
 -.850000E+00 0.184361E+00
 -.830000E+00 0.187666E+00
 -.810000E+00 0.190969E+00
 -.790000E+00 0.194270E+00
 -.770000E+00 0.197569E+00
 -.750000E+00 0.200865E+00
 -.730000E+00 0.204160E+00
 -.710000E+00 0.207452E+00
 -.690000E+00 0.210742E+00
 -.670000E+00 0.214029E+00
 -.650000E+00 0.217314E+00
 -.630000E+00 0.220597E+00
 -.610000E+00 0.223877E+00
 -.590000E+00 0.227154E+00
 -.570000E+00 0.230430E+00
 -.550000E+00 0.233702E+00
 -.530000E+00 0.236972E+00
 -.510000E+00 0.240239E+00
 -.490000E+00 0.243504E+00
 -.470000E+00 0.246766E+00
 -.450000E+00 0.250025E+00
 -.430000E+00 0.253282E+00
 -.410000E+00 0.256536E+00
 -.390000E+00 0.259786E+00
 -.370000E+00 0.263034E+00
 -.350000E+00 0.266280E+00
 -.330000E+00 0.269522E+00
 -.310000E+00 0.272761E+00
 -.290000E+00 0.275997E+00
 -.270000E+00 0.279230E+00
 -.250000E+00 0.282460E+00
 -.230000E+00 0.285687E+00
 -.210000E+00 0.288911E+00
 -.190000E+00 0.292131E+00
 -.170000E+00 0.295349E+00
 -.150000E+00 0.298563E+00
 -.130000E+00 0.301774E+00
 -.110000E+00 0.304981E+00
 -.900000E-01 0.308185E+00
 -.700000E-01 0.311386E+00
 -.500000E-01 0.314583E+00
 -.300000E-01 0.317777E+00
 -.100000E-01 0.320968E+00
 0.100000E-01 0.324155E+00
 0.300000E-01 0.327338E+00
 0.500000E-01 0.330518E+00
 0.700000E-01 0.333694E+00
 0.900000E-01 0.336866E+00
 0.110000E+00 0.340035E+00
 0.130000E+00 0.343200E+00
 0.150000E+00 0.346361E+00
 0.170000E+00 0.349518E+00
 0.190000E+00 0.352672E+00
 0.210000E+00 0.355822E+00
 0.230000E+00 0.358968E+00
 0.250000E+00 0.362109E+00
 0.270000E+00 0.365247E+00
 0.290000E+00 0.368381E+00
 0.310000E+00 0.371511E+00
 0.330000E+00 0.374637E+00
 0.350000E+00 0.377759E+00
 0.370000E+00 0.380876E+00
 0.390000E+00 0.383990E+00
 0.410000E+00 0.387099E+00
 0.430000E+00 0.390204E+00
 0.450000E+00 0.393304E+00
 0.470000E+00 0.396401E+00
 0.490000E+00 0.399493E+00
 0.510000E+00 0.402580E+00
 0.530000E+00 0.405663E+00
 0.550000E+00 0.408742E+00
 0.570000E+00 0.411816E+00
 0.590000E+00 0.414886E+00
 0.610000E+00 0.417951E+00
 0.630000E+00 0.421012E+00
 0.650000E+00 0.424068E+00
 0.670000E+00 0.427119E+00
 0.690000E+00 0.430166E+00
 0.710000E+00 0.433208E+00
 0.730000E+00 0.436245E+00
 0.750000E+00 0.439278E+00
 0.770000E+00 0.442305E+00
 0.790000E+00 0.445328E+00
 0.810000E+00 0.448346E+00
 0.830000E+00 0.451359E+00
 0.850000E+00 0.454367E+00
 0.870000E+00 0.457370E+00
 0.890000E+00 0.460368E+00
 0.910000E+00 0.461865E+00
 0.930000E+00 0.461864E+00
 0.950000E+00 0.461863E+00
 0.970000E+00 0.461862E+00
 0.990000E+00 0.461862E+00




































































































 -.990000E+00 -.606672E+00
 -.970000E+00 -.601881E+00
 -.950000E+00 -.597123E+00
 -.930000E+00 -.592397E+00
 -.910000E+00 -.587704E+00
 -.890000E+00 -.582310E+00
 -.870000E+00 -.576167E+00
 -.850000E+00 -.569991E+00
 -.830000E+00 -.563783E+00
 -.810000E+00 -.557544E+00
 -.790000E+00 -.551274E+00
 -.770000E+00 -.544973E+00
 -.750000E+00 -.538641E+00
 -.730000E+00 -.532280E+00
 -.710000E+00 -.525888E+00
 -.690000E+00 -.519468E+00
 -.670000E+00 -.513018E+00
 -.650000E+00 -.506540E+00
 -.630000E+00 -.500033E+00
 -.610000E+00 -.493499E+00
 -.590000E+00 -.486937E+00
 -.570000E+00 -.480348E+00
 -.550000E+00 -.473732E+00
 -.530000E+00 -.467090E+00
 -.510000E+00 -.460422E+00
 -.490000E+00 -.453728E+00
 -.470000E+00 -.447009E+00
 -.450000E+00 -.440265E+00
 -.430000E+00 -.433496E+00
 -.410000E+00 -.426703E+00
 -.390000E+00 -.419887E+00
 -.370000E+00 -.413047E+00
 -.350000E+00 -.406184E+00
 -.330000E+00 -.399299E+00
 -.310000E+00 -.392391E+00
 -.290000E+00 -.385462E+00
 -.270000E+00 -.378511E+00
 -.250000E+00 -.371539E+00
 -.230000E+00 -.364546E+00
 -.210000E+00 -.357533E+00
 -.190000E+00 -.350500E+00
 -.170000E+00 -.343447E+00
 -.150000E+00 -.336376E+00
 -.130000E+00 -.329286E+00
 -.110000E+00 -.322177E+00
 -.900000E-01 -.315050E+00
 -.700000E-01 -.307906E+00
 -.500000E-01 -.300745E+00
 -.300000E-01 -.293567E+00
 -.100000E-01 -.286372E+00
 0.100000E-01 -.279162E+00
 0.300000E-01 -.271936E+00
 0.500000E-01 -.264695E+00
 0.700000E-01 -.257439E+00
 0.900000E-01 -.250169E+00
 0.110000E+00 -.242885E+00
 0.130000E+00 -.235587E+00
 0.150000E+00 -.228276E+00
 0.170000E+00 -.220952E+00
 0.190000E+00 -.213616E+00
 0.210000E+00 -.206268E+00
 0.230000E+00 -.198908E+00
 0.250000E+00 -.191537E+00
 0.270000E+00 -.184156E+00
 0.290000E+00 -.176764E+00
 0.310000E+00 -.169362E+00
 0.330000E+00 -.161951E+00
 0.350000E+00 -.154531E+00
 0.370000E+00 -.147101E+00
 0.390000E+00 -.139664E+00
 0.410000E+00 -.132219E+00
 0.430000E+00 -.124766E+00
 0.450000E+00 -.117306E+00
 0.470000E+00 -.109839E+00
 0.490000E+00 -.102366E+00
 0.510000E+00 -.948877E-01
 0.530000E+00 -.874036E-01
 0.550000E+00 -.799145E-01
 0.570000E+00 -.724207E-01
 0.590000E+00 -.649227E-01
 0.610000E+00 -.574210E-01
 0.630000E+00 -.499158E-01
 0.650000E+00 -.424077E-01
 0.670000E+00 -.348971E-01
 0.690000E+00 -.273842E-01
 0.710000E+00 -.198697E-01
 0.730000E+00 -.123538E-01
 0.750000E+00 -.483709E-02
 0.770000E+00 0.268017E-02
 0.790000E+00 0.101975E-01
 0.810000E+00 0.177145E-01
 0.830000E+00 0.252307E-01
 0.850000E+00 0.327458E-01
 0.870000E+00 0.402593E-01
 0.890000E+00 0.477708E-01
 0.910000E+00 0.515243E-01
 0.930000E+00 0.515217E-01
 0.950000E+00 0.515199E-01
 0.970000E+00 0.515188E-01
 0.990000E+00 0.515185E-01




































































































 -.990000E+00 -.387928E+00
 -.970000E+00 -.396409E+00
 -.950000E+00 -.404671E+00
 -.930000E+00 -.412712E+00
 -.910000E+00 -.420526E+00
 -.890000E+00 -.426011E+00
 -.870000E+00 -.429274E+00
 -.850000E+00 -.432449E+00
 -.830000E+00 -.435536E+00
 -.810000E+00 -.438535E+00
 -.790000E+00 -.441445E+00
 -.770000E+00 -.444265E+00
 -.750000E+00 -.446995E+00
 -.730000E+00 -.449633E+00
 -.710000E+00 -.452180E+00
 -.690000E+00 -.454635E+00
 -.670000E+00 -.456997E+00
 -.650000E+00 -.459266E+00
 -.630000E+00 -.461441E+00
 -.610000E+00 -.463522E+00
 -.590000E+00 -.465509E+00
 -.570000E+00 -.467400E+00
 -.550000E+00 -.469196E+00
 -.530000E+00 -.470896E+00
 -.510000E+00 -.472499E+00
 -.490000E+00 -.474006E+00
 -.470000E+00 -.475416E+00
 -.450000E+00 -.476729E+00
 -.430000E+00 -.477944E+00
 -.410000E+00 -.479062E+00
 -.390000E+00 -.480081E+00
 -.370000E+00 -.481002E+00
 -.350000E+00 -.481824E+00
 -.330000E+00 -.482548E+00
 -.310000E+00 -.483173E+00
 -.290000E+00 -.483698E+00
 -.270000E+00 -.484125E+00
 -.250000E+00 -.484452E+00
 -.230000E+00 -.484679E+00
 -.210000E+00 -.484808E+00
 -.190000E+00 -.484836E+00
 -.170000E+00 -.484766E+00
 -.150000E+00 -.484595E+00
 -.130000E+00 -.484325E+00
 -.110000E+00 -.483956E+00
 -.900000E-01 -.483487E+00
 -.700000E-01 -.482919E+00
 -.500000E-01 -.482252E+00
 -.300000E-01 -.481485E+00
 -.100000E-01 -.480620E+00
 0.100000E-01 -.479656E+00
 0.300000E-01 -.478593E+00
 0.500000E-01 -.477432E+00
 0.700000E-01 -.476172E+00
 0.900000E-01 -.474815E+00
 0.110000E+00 -.473360E+00
 0.130000E+00 -.471807E+00
 0.150000E+00 -.470158E+00
 0.170000E+00 -.468412E+00
 0.190000E+00 -.466569E+00
 0.210000E+00 -.464630E+00
 0.230000E+00 -.462596E+00
 0.250000E+00 -.460467E+00
 0.270000E+00 -.458242E+00
 0.290000E+00 -.455924E+00
 0.310000E+00 -.453511E+00
 0.330000E+00 -.451005E+00
 0.350000E+00 -.448407E+00
 0.370000E+00 -.445716E+00
 0.390000E+00 -.442933E+00
 0.410000E+00 -.440059E+00
 0.430000E+00 -.437094E+00
 0.450000E+00 -.434040E+00
 0.470000E+00 -.430896E+00
 0.490000E+00 -.427663E+00
 0.510000E+00 -.424342E+00
 0.530000E+00 -.420934E+00
 0.550000E+00 -.417439E+00
 0.570000E+00 -.413858E+00
 0.590000E+00 -.410191E+00
 0.610000E+00 -.406440E+00
 0.630000E+00 -.402606E+00
 0.650000E+00 -.398688E+00
 0.670000E+00 -.394689E+00
 0.690000E+00 -.390608E+00
 0.710000E+00 -.386446E+00
 0.730000E+00 -.382205E+00
 0.750000E+00 -.377885E+00
 0.770000E+00 -.373487E+00
 0.790000E+00 -.369012E+00
 0.810000E+00 -.364461E+00
 0.830000E+00 -.359835E+00
 0.850000E+00 -.355134E+00
 0.870000E+00 -.350360E+00
 0.890000E+00 -.345514E+00
 0.910000E+00 -.343065E+00
 0.930000E+00 -.343065E+00
 0.950000E+00 -.343065E+00
 0.970000E+00 -.343065E+00
 0.990000E+00 -.343065E+00




































































































 -.990000E+00 0.121735E+00
 -.970000E+00 0.112598E+00
 -.950000E+00 0.103446E+00
 -.930000E+00 0.942906E-01
 -.910000E+00 0.851411E-01
 -.890000E+00 0.779693E-01
 -.870000E+00 0.727075E-01
 -.850000E+00 0.673741E-01
 -.830000E+00 0.619741E-01
 -.810000E+00 0.565130E-01
 -.790000E+00 0.509960E-01
 -.770000E+00 0.454284E-01
 -.750000E+00 0.398158E-01
 -.730000E+00 0.341635E-01
 -.710000E+00 0.284771E-01
 -.690000E+00 0.227620E-01
 -.670000E+00 0.170240E-01
 -.650000E+00 0.112685E-01
 -.630000E+00 0.550116E-02
 -.610000E+00 -.272381E-03
 -.590000E+00 -.604651E-02
 -.570000E+00 -.118156E-01
 -.550000E+00 -.175740E-01
 -.530000E+00 -.233162E-01
 -.510000E+00 -.290365E-01
 -.490000E+00 -.347293E-01
 -.470000E+00 -.403891E-01
 -.450000E+00 -.460104E-01
 -.430000E+00 -.515876E-01
 -.410000E+00 -.571154E-01
 -.390000E+00 -.625884E-01
 -.370000E+00 -.680011E-01
 -.350000E+00 -.733484E-01
 -.330000E+00 -.786250E-01
 -.310000E+00 -.838257E-01
 -.290000E+00 -.889454E-01
 -.270000E+00 -.939792E-01
 -.250000E+00 -.989222E-01
 -.230000E+00 -.103769E+00
 -.210000E+00 -.108516E+00
 -.190000E+00 -.113158E+00
 -.170000E+00 -.117690E+00
 -.150000E+00 -.122108E+00
 -.130000E+00 -.126407E+00
 -.110000E+00 -.130584E+00
 -.900000E-01 -.134635E+00
 -.700000E-01 -.138554E+00
 -.500000E-01 -.142339E+00
 -.300000E-01 -.145986E+00
 -.100000E-01 -.149491E+00
 0.100000E-01 -.152851E+00
 0.300000E-01 -.156062E+00
 0.500000E-01 -.159121E+00
 0.700000E-01 -.162026E+00
 0.900000E-01 -.164773E+00
 0.110000E+00 -.167360E+00
 0.130000E+00 -.169784E+00
 0.150000E+00 -.172042E+00
 0.170000E+00 -.174133E+00
 0.190000E+00 -.176055E+00
 0.210000E+00 -.177805E+00
 0.230000E+00 -.179382E+00
 0.250000E+00 -.180785E+00
 0.270000E+00 -.182011E+00
 0.290000E+00 -.183059E+00
 0.310000E+00 -.183930E+00
 0.330000E+00 -.184621E+00
 0.350000E+00 -.185132E+00
 0.370000E+00 -.185462E+00
 0.390000E+00 -.185612E+00
 0.410000E+00 -.185581E+00
 0.430000E+00 -.185368E+00
 0.450000E+00 -.184975E+00
 0.470000E+00 -.184401E+00
 0.490000E+00 -.183647E+00
 0.510000E+00 -.182714E+00
 0.530000E+00 -.181603E+00
 0.550000E+00 -.180314E+00
 0.570000E+00 -.178849E+00
 0.590000E+00 -.177210E+00
 0.610000E+00 -.175397E+00
 0.630000E+00 -.173413E+00
 0.650000E+00 -.171260E+00
 0.670000E+00 -.168939E+00
 0.690000E+00 -.166453E+00
 0.710000E+00 -.163805E+00
 0.730000E+00 -.160996E+00
 0.750000E+00 -.158030E+00
 0.770000E+00 -.154909E+00
 0.790000E+00 -.151637E+00
 0.810000E+00 -.148216E+00
 0.830000E+00 -.144650E+00
 0.850000E+00 -.140943E+00
 0.870000E+00 -.137098E+00
 0.890000E+00 -.133118E+00
 0.910000E+00 -.131079E+00
 0.930000E+00 -.131078E+00
 0.950000E+00 -.131077E+00
 0.970000E+00 -.131076E+00
 0.990000E+00 -.131076E+00




































































































 -.990000E+00 0.446266E-02
 -.970000E+00 0.922384E-02
 -.950000E+00 0.125561E-01
 -.930000E+00 0.130166E-01
 -.910000E+00 0.104052E-01
 -.890000E+00 0.747035E-02
 -.870000E+00 0.357774E-02
 -.850000E+00 -.186516E-02
 -.830000E+00 -.650097E-02
 -.810000E+00 -.832154E-02
 -.790000E+00 -.653786E-02
 -.770000E+00 -.192202E-02
 -.750000E+00 0.352703E-02
 -.730000E+00 0.744915E-02
 -.710000E+00 0.814521E-02
 -.690000E+00 0.531324E-02
 -.670000E+00 0.179401E-03
 -.650000E+00 -.503291E-02
 -.630000E+00 -.806596E-02
 -.610000E+00 -.760566E-02
 -.590000E+00 -.385086E-02
 -.570000E+00 0.157251E-02
 -.550000E+00 0.631554E-02
 -.530000E+00 0.832367E-02
 -.510000E+00 0.672667E-02
 -.490000E+00 0.221574E-02
 -.470000E+00 -.325562E-02
 -.450000E+00 -.731760E-02
 -.430000E+00 -.821053E-02
 -.410000E+00 -.554716E-02
 -.390000E+00 -.480628E-03
 -.370000E+00 0.479484E-02
 -.350000E+00 0.799419E-02
 -.330000E+00 0.773129E-02
 -.310000E+00 0.411951E-02
 -.290000E+00 -.127719E-02
 -.270000E+00 -.612147E-02
 -.250000E+00 -.831492E-02
 -.230000E+00 -.690705E-02
 -.210000E+00 -.250716E-02
 -.190000E+00 0.297938E-02
 -.170000E+00 0.717619E-02
 -.150000E+00 0.826523E-02
 -.130000E+00 0.577431E-02
 -.110000E+00 0.781851E-03
 -.900000E-01 -.455001E-02
 -.700000E-01 -.791180E-02
 -.500000E-01 -.784706E-02
 -.300000E-01 -.438332E-02
 -.100000E-01 0.979587E-03
 0.100000E-01 0.591897E-02
 0.300000E-01 0.829526E-02
 0.500000E-01 0.707877E-02
 0.700000E-01 0.279590E-02
 0.900000E-01 -.269866E-02
 0.110000E+00 -.702510E-02
 0.130000E+00 -.830923E-02
 0.150000E+00 -.599436E-02
 0.170000E+00 -.108267E-02
 0.190000E+00 0.429871E-02
 0.210000E+00 0.781888E-02
 0.230000E+00 0.795279E-02
 0.250000E+00 0.464194E-02
 0.270000E+00 -.680083E-03
 0.290000E+00 -.570831E-02
 0.310000E+00 -.826470E-02
 0.330000E+00 -.724158E-02
 0.350000E+00 -.308158E-02
 0.370000E+00 0.241383E-02
 0.390000E+00 0.686450E-02
 0.410000E+00 0.834243E-02
 0.430000E+00 0.620703E-02
 0.450000E+00 0.138271E-02
 0.470000E+00 -.404126E-02
 0.490000E+00 -.771553E-02
 0.510000E+00 -.804834E-02
 0.530000E+00 -.489502E-02
 0.550000E+00 0.379069E-03
 0.570000E+00 0.548974E-02
 0.590000E+00 0.822326E-02
 0.610000E+00 0.739525E-02
 0.630000E+00 0.336383E-02
 0.650000E+00 -.212525E-02
 0.670000E+00 -.669457E-02
 0.690000E+00 -.836479E-02
 0.710000E+00 -.641201E-02
 0.730000E+00 -.168155E-02
 0.750000E+00 0.377798E-02
 0.770000E+00 0.760187E-02
 0.790000E+00 0.813354E-02
 0.810000E+00 0.514221E-02
 0.830000E+00 -.769334E-04
 0.850000E+00 -.526353E-02
 0.870000E+00 -.817097E-02
 0.890000E+00 -.753955E-02
 0.910000E+00 -.592080E-02
 0.930000E+00 -.592132E-02
 0.950000E+00 -.592204E-02
 0.970000E+00 -.592266E-02
 0.990000E+00 -.592291E-02




































































































