 -.990000E+00 -.130754E-01
 -.970000E+00 -.124340E-01
 -.950000E+00 -.897299E-02
 -.930000E+00 -.419019E-02
 -.910000E+00 -.156065E-03
 -.890000E+00 0.366057E-02
 -.870000E+00 0.751131E-02
 -.850000E+00 0.810907E-02
 -.830000E+00 0.519443E-02
 -.810000E+00 0.293772E-04
 -.790000E+00 -.514917E-02
 -.770000E+00 -.809810E-02
 -.750000E+00 -.753973E-02
 -.730000E+00 -.371542E-02
 -.710000E+00 0.171881E-02
 -.690000E+00 0.640934E-02
 -.670000E+00 0.832432E-02
 -.650000E+00 0.663387E-02
 -.630000E+00 0.206969E-02
 -.610000E+00 -.339167E-02
 -.590000E+00 -.738472E-02
 -.570000E+00 -.817964E-02
 -.550000E+00 -.543162E-02
 -.530000E+00 -.330471E-03
 -.510000E+00 0.491458E-02
 -.490000E+00 0.803164E-02
 -.470000E+00 0.767021E-02
 -.450000E+00 0.398635E-02
 -.430000E+00 -.142476E-02
 -.410000E+00 -.621953E-02
 -.390000E+00 -.832100E-02
 -.370000E+00 -.681849E-02
 -.350000E+00 -.236231E-02
 -.330000E+00 0.311778E-02
 -.310000E+00 0.724820E-02
 -.290000E+00 0.823964E-02
 -.270000E+00 0.566219E-02
 -.250000E+00 0.631757E-03
 -.230000E+00 -.467307E-02
 -.210000E+00 -.795452E-02
 -.190000E+00 -.779092E-02
 -.170000E+00 -.425263E-02
 -.150000E+00 0.112824E-02
 -.130000E+00 0.602120E-02
 -.110000E+00 0.830677E-02
 -.900000E-01 0.699457E-02
 -.700000E-01 0.265245E-02
 -.500000E-01 -.283924E-02
 -.300000E-01 -.710191E-02
 -.100000E-01 -.828899E-02
 0.100000E-01 -.588583E-02
 0.300000E-01 -.932841E-03
 0.500000E-01 0.442494E-02
 0.700000E-01 0.786684E-02
 0.900000E-01 0.790169E-02
 0.110000E+00 0.451389E-02
 0.130000E+00 -.829621E-03
 0.150000E+00 -.581457E-02
 0.170000E+00 -.828165E-02
 0.190000E+00 -.716186E-02
 0.210000E+00 -.293971E-02
 0.230000E+00 0.255641E-02
 0.250000E+00 0.694602E-02
 0.270000E+00 0.832758E-02
 0.290000E+00 0.610222E-02
 0.310000E+00 0.123333E-02
 0.330000E+00 -.417051E-02
 0.350000E+00 -.776867E-02
 0.370000E+00 -.800233E-02
 0.390000E+00 -.476978E-02
 0.410000E+00 0.529300E-03
 0.430000E+00 0.559990E-02
 0.450000E+00 0.824562E-02
 0.470000E+00 0.732011E-02
 0.490000E+00 0.322373E-02
 0.510000E+00 -.226964E-02
 0.530000E+00 -.678071E-02
 0.550000E+00 -.835536E-02
 0.570000E+00 -.631108E-02
 0.590000E+00 -.153282E-02
 0.610000E+00 0.391009E-02
 0.630000E+00 0.766013E-02
 0.650000E+00 0.809271E-02
 0.670000E+00 0.501996E-02
 0.690000E+00 -.227662E-03
 0.710000E+00 -.537745E-02
 0.730000E+00 -.819873E-02
 0.750000E+00 -.746912E-02
 0.770000E+00 -.350411E-02
 0.790000E+00 0.197930E-02
 0.810000E+00 0.660618E-02
 0.830000E+00 0.837225E-02
 0.850000E+00 0.651210E-02
 0.870000E+00 0.183093E-02
 0.890000E+00 -.364401E-02
 0.910000E+00 -.592238E-02
 0.930000E+00 -.592224E-02
 0.950000E+00 -.592208E-02
 0.970000E+00 -.592198E-02
 0.990000E+00 -.592196E-02




































































































 -.990000E+00 0.168662E+00
 -.970000E+00 0.168584E+00
 -.950000E+00 0.168217E+00
 -.930000E+00 0.167557E+00
 -.910000E+00 0.166605E+00
 -.890000E+00 0.167266E+00
 -.870000E+00 0.169638E+00
 -.850000E+00 0.171845E+00
 -.830000E+00 0.173885E+00
 -.810000E+00 0.175756E+00
 -.790000E+00 0.177456E+00
 -.770000E+00 0.178982E+00
 -.750000E+00 0.180335E+00
 -.730000E+00 0.181512E+00
 -.710000E+00 0.182512E+00
 -.690000E+00 0.183334E+00
 -.670000E+00 0.183977E+00
 -.650000E+00 0.184441E+00
 -.630000E+00 0.184726E+00
 -.610000E+00 0.184830E+00
 -.590000E+00 0.184754E+00
 -.570000E+00 0.184498E+00
 -.550000E+00 0.184062E+00
 -.530000E+00 0.183447E+00
 -.510000E+00 0.182652E+00
 -.490000E+00 0.181680E+00
 -.470000E+00 0.180530E+00
 -.450000E+00 0.179203E+00
 -.430000E+00 0.177702E+00
 -.410000E+00 0.176028E+00
 -.390000E+00 0.174181E+00
 -.370000E+00 0.172164E+00
 -.350000E+00 0.169979E+00
 -.330000E+00 0.167628E+00
 -.310000E+00 0.165113E+00
 -.290000E+00 0.162437E+00
 -.270000E+00 0.159602E+00
 -.250000E+00 0.156611E+00
 -.230000E+00 0.153467E+00
 -.210000E+00 0.150172E+00
 -.190000E+00 0.146731E+00
 -.170000E+00 0.143146E+00
 -.150000E+00 0.139420E+00
 -.130000E+00 0.135558E+00
 -.110000E+00 0.131564E+00
 -.900000E-01 0.127440E+00
 -.700000E-01 0.123192E+00
 -.500000E-01 0.118822E+00
 -.300000E-01 0.114337E+00
 -.100000E-01 0.109738E+00
 0.100000E-01 0.105033E+00
 0.300000E-01 0.100224E+00
 0.500000E-01 0.953161E-01
 0.700000E-01 0.903148E-01
 0.900000E-01 0.852247E-01
 0.110000E+00 0.800506E-01
 0.130000E+00 0.747977E-01
 0.150000E+00 0.694710E-01
 0.170000E+00 0.640757E-01
 0.190000E+00 0.586171E-01
 0.210000E+00 0.531005E-01
 0.230000E+00 0.475313E-01
 0.250000E+00 0.419148E-01
 0.270000E+00 0.362566E-01
 0.290000E+00 0.305621E-01
 0.310000E+00 0.248370E-01
 0.330000E+00 0.190868E-01
 0.350000E+00 0.133171E-01
 0.370000E+00 0.753360E-02
 0.390000E+00 0.174185E-02
 0.410000E+00 -.405246E-02
 0.430000E+00 -.984367E-02
 0.450000E+00 -.156261E-01
 0.470000E+00 -.213942E-01
 0.490000E+00 -.271423E-01
 0.510000E+00 -.328647E-01
 0.530000E+00 -.385559E-01
 0.550000E+00 -.442103E-01
 0.570000E+00 -.498224E-01
 0.590000E+00 -.553867E-01
 0.610000E+00 -.608977E-01
 0.630000E+00 -.663502E-01
 0.650000E+00 -.717387E-01
 0.670000E+00 -.770581E-01
 0.690000E+00 -.823030E-01
 0.710000E+00 -.874684E-01
 0.730000E+00 -.925492E-01
 0.750000E+00 -.975404E-01
 0.770000E+00 -.102437E+00
 0.790000E+00 -.107235E+00
 0.810000E+00 -.111928E+00
 0.830000E+00 -.116514E+00
 0.850000E+00 -.120986E+00
 0.870000E+00 -.125341E+00
 0.890000E+00 -.129574E+00
 0.910000E+00 -.131643E+00
 0.930000E+00 -.131643E+00
 0.950000E+00 -.131643E+00
 0.970000E+00 -.131643E+00
 0.990000E+00 -.131643E+00




































































































 -.990000E+00 0.278277E+00
 -.970000E+00 0.267582E+00
 -.950000E+00 0.256733E+00
 -.930000E+00 0.245736E+00
 -.910000E+00 0.234597E+00
 -.890000E+00 0.225958E+00
 -.870000E+00 0.219885E+00
 -.850000E+00 0.213766E+00
 -.830000E+00 0.207602E+00
 -.810000E+00 0.201393E+00
 -.790000E+00 0.195142E+00
 -.770000E+00 0.188849E+00
 -.750000E+00 0.182516E+00
 -.730000E+00 0.176143E+00
 -.710000E+00 0.169734E+00
 -.690000E+00 0.163287E+00
 -.670000E+00 0.156806E+00
 -.650000E+00 0.150291E+00
 -.630000E+00 0.143743E+00
 -.610000E+00 0.137165E+00
 -.590000E+00 0.130556E+00
 -.570000E+00 0.123920E+00
 -.550000E+00 0.117256E+00
 -.530000E+00 0.110567E+00
 -.510000E+00 0.103854E+00
 -.490000E+00 0.971174E-01
 -.470000E+00 0.903597E-01
 -.450000E+00 0.835819E-01
 -.430000E+00 0.767855E-01
 -.410000E+00 0.699718E-01
 -.390000E+00 0.631422E-01
 -.370000E+00 0.562982E-01
 -.350000E+00 0.494411E-01
 -.330000E+00 0.425724E-01
 -.310000E+00 0.356936E-01
 -.290000E+00 0.288059E-01
 -.270000E+00 0.219109E-01
 -.250000E+00 0.150100E-01
 -.230000E+00 0.810457E-02
 -.210000E+00 0.119608E-02
 -.190000E+00 -.571406E-02
 -.170000E+00 -.126244E-01
 -.150000E+00 -.195335E-01
 -.130000E+00 -.264400E-01
 -.110000E+00 -.333424E-01
 -.900000E-01 -.402393E-01
 -.700000E-01 -.471293E-01
 -.500000E-01 -.540109E-01
 -.300000E-01 -.608826E-01
 -.100000E-01 -.677432E-01
 0.100000E-01 -.745912E-01
 0.300000E-01 -.814251E-01
 0.500000E-01 -.882435E-01
 0.700000E-01 -.950450E-01
 0.900000E-01 -.101828E+00
 0.110000E+00 -.108592E+00
 0.130000E+00 -.115334E+00
 0.150000E+00 -.122054E+00
 0.170000E+00 -.128750E+00
 0.190000E+00 -.135421E+00
 0.210000E+00 -.142065E+00
 0.230000E+00 -.148682E+00
 0.250000E+00 -.155268E+00
 0.270000E+00 -.161824E+00
 0.290000E+00 -.168348E+00
 0.310000E+00 -.174839E+00
 0.330000E+00 -.181295E+00
 0.350000E+00 -.187714E+00
 0.370000E+00 -.194096E+00
 0.390000E+00 -.200440E+00
 0.410000E+00 -.206743E+00
 0.430000E+00 -.213005E+00
 0.450000E+00 -.219224E+00
 0.470000E+00 -.225399E+00
 0.490000E+00 -.231529E+00
 0.510000E+00 -.237613E+00
 0.530000E+00 -.243649E+00
 0.550000E+00 -.249635E+00
 0.570000E+00 -.255572E+00
 0.590000E+00 -.261457E+00
 0.610000E+00 -.267290E+00
 0.630000E+00 -.273068E+00
 0.650000E+00 -.278792E+00
 0.670000E+00 -.284460E+00
 0.690000E+00 -.290070E+00
 0.710000E+00 -.295621E+00
 0.730000E+00 -.301113E+00
 0.750000E+00 -.306544E+00
 0.770000E+00 -.311913E+00
 0.790000E+00 -.317220E+00
 0.810000E+00 -.322462E+00
 0.830000E+00 -.327639E+00
 0.850000E+00 -.332749E+00
 0.870000E+00 -.337793E+00
 0.890000E+00 -.342768E+00
 0.910000E+00 -.345230E+00
 0.930000E+00 -.345230E+00
 0.950000E+00 -.345230E+00
 0.970000E+00 -.345230E+00
 0.990000E+00 -.345230E+00




































































































 -.990000E+00 -.794936E+00
 -.970000E+00 -.798570E+00
 -.950000E+00 -.802134E+00
 -.930000E+00 -.805631E+00
 -.910000E+00 -.809061E+00
 -.890000E+00 -.812952E+00
 -.870000E+00 -.817318E+00
 -.850000E+00 -.821637E+00
 -.830000E+00 -.825909E+00
 -.810000E+00 -.830133E+00
 -.790000E+00 -.834311E+00
 -.770000E+00 -.838440E+00
 -.750000E+00 -.842522E+00
 -.730000E+00 -.846555E+00
 -.710000E+00 -.850540E+00
 -.690000E+00 -.854477E+00
 -.670000E+00 -.858365E+00
 -.650000E+00 -.862204E+00
 -.630000E+00 -.865993E+00
 -.610000E+00 -.869734E+00
 -.590000E+00 -.873425E+00
 -.570000E+00 -.877066E+00
 -.550000E+00 -.880657E+00
 -.530000E+00 -.884198E+00
 -.510000E+00 -.887688E+00
 -.490000E+00 -.891128E+00
 -.470000E+00 -.894518E+00
 -.450000E+00 -.897856E+00
 -.430000E+00 -.901144E+00
 -.410000E+00 -.904380E+00
 -.390000E+00 -.907565E+00
 -.370000E+00 -.910698E+00
 -.350000E+00 -.913780E+00
 -.330000E+00 -.916810E+00
 -.310000E+00 -.919787E+00
 -.290000E+00 -.922713E+00
 -.270000E+00 -.925586E+00
 -.250000E+00 -.928407E+00
 -.230000E+00 -.931175E+00
 -.210000E+00 -.933890E+00
 -.190000E+00 -.936552E+00
 -.170000E+00 -.939161E+00
 -.150000E+00 -.941717E+00
 -.130000E+00 -.944220E+00
 -.110000E+00 -.946669E+00
 -.900000E-01 -.949065E+00
 -.700000E-01 -.951407E+00
 -.500000E-01 -.953695E+00
 -.300000E-01 -.955929E+00
 -.100000E-01 -.958109E+00
 0.100000E-01 -.960234E+00
 0.300000E-01 -.962306E+00
 0.500000E-01 -.964323E+00
 0.700000E-01 -.966285E+00
 0.900000E-01 -.968193E+00
 0.110000E+00 -.970046E+00
 0.130000E+00 -.971844E+00
 0.150000E+00 -.973587E+00
 0.170000E+00 -.975276E+00
 0.190000E+00 -.976909E+00
 0.210000E+00 -.978487E+00
 0.230000E+00 -.980009E+00
 0.250000E+00 -.981477E+00
 0.270000E+00 -.982888E+00
 0.290000E+00 -.984245E+00
 0.310000E+00 -.985545E+00
 0.330000E+00 -.986790E+00
 0.350000E+00 -.987980E+00
 0.370000E+00 -.989113E+00
 0.390000E+00 -.990191E+00
 0.410000E+00 -.991212E+00
 0.430000E+00 -.992178E+00
 0.450000E+00 -.993088E+00
 0.470000E+00 -.993941E+00
 0.490000E+00 -.994739E+00
 0.510000E+00 -.995480E+00
 0.530000E+00 -.996165E+00
 0.550000E+00 -.996794E+00
 0.570000E+00 -.997366E+00
 0.590000E+00 -.997883E+00
 0.610000E+00 -.998342E+00
 0.630000E+00 -.998746E+00
 0.650000E+00 -.999093E+00
 0.670000E+00 -.999383E+00
 0.690000E+00 -.999618E+00
 0.710000E+00 -.999795E+00
 0.730000E+00 -.999916E+00
 0.750000E+00 -.999981E+00
 0.770000E+00 -.999989E+00
 0.790000E+00 -.999941E+00
 0.810000E+00 -.999836E+00
 0.830000E+00 -.999675E+00
 0.850000E+00 -.999457E+00
 0.870000E+00 -.999182E+00
 0.890000E+00 -.998852E+00
 0.910000E+00 -.998665E+00
 0.930000E+00 -.998665E+00
 0.950000E+00 -.998665E+00
 0.970000E+00 -.998665E+00
 0.990000E+00 -.998665E+00




































































































 -.990000E+00 -.979309E+00
 -.970000E+00 -.980505E+00
 -.950000E+00 -.981660E+00
 -.930000E+00 -.982772E+00
 -.910000E+00 -.983843E+00
 -.890000E+00 -.984066E+00
 -.870000E+00 -.983463E+00
 -.850000E+00 -.982848E+00
 -.830000E+00 -.982223E+00
 -.810000E+00 -.981586E+00
 -.790000E+00 -.980938E+00
 -.770000E+00 -.980279E+00
 -.750000E+00 -.979609E+00
 -.730000E+00 -.978928E+00
 -.710000E+00 -.978235E+00
 -.690000E+00 -.977532E+00
 -.670000E+00 -.976817E+00
 -.650000E+00 -.976092E+00
 -.630000E+00 -.975355E+00
 -.610000E+00 -.974608E+00
 -.590000E+00 -.973849E+00
 -.570000E+00 -.973079E+00
 -.550000E+00 -.972299E+00
 -.530000E+00 -.971507E+00
 -.510000E+00 -.970704E+00
 -.490000E+00 -.969890E+00
 -.470000E+00 -.969066E+00
 -.450000E+00 -.968230E+00
 -.430000E+00 -.967383E+00
 -.410000E+00 -.966526E+00
 -.390000E+00 -.965657E+00
 -.370000E+00 -.964777E+00
 -.350000E+00 -.963887E+00
 -.330000E+00 -.962985E+00
 -.310000E+00 -.962073E+00
 -.290000E+00 -.961150E+00
 -.270000E+00 -.960215E+00
 -.250000E+00 -.959270E+00
 -.230000E+00 -.958314E+00
 -.210000E+00 -.957347E+00
 -.190000E+00 -.956370E+00
 -.170000E+00 -.955381E+00
 -.150000E+00 -.954381E+00
 -.130000E+00 -.953371E+00
 -.110000E+00 -.952350E+00
 -.900000E-01 -.951318E+00
 -.700000E-01 -.950275E+00
 -.500000E-01 -.949221E+00
 -.300000E-01 -.948157E+00
 -.100000E-01 -.947082E+00
 0.100000E-01 -.945996E+00
 0.300000E-01 -.944899E+00
 0.500000E-01 -.943792E+00
 0.700000E-01 -.942674E+00
 0.900000E-01 -.941545E+00
 0.110000E+00 -.940405E+00
 0.130000E+00 -.939255E+00
 0.150000E+00 -.938093E+00
 0.170000E+00 -.936922E+00
 0.190000E+00 -.935739E+00
 0.210000E+00 -.934546E+00
 0.230000E+00 -.933342E+00
 0.250000E+00 -.932128E+00
 0.270000E+00 -.930903E+00
 0.290000E+00 -.929667E+00
 0.310000E+00 -.928421E+00
 0.330000E+00 -.927164E+00
 0.350000E+00 -.925897E+00
 0.370000E+00 -.924619E+00
 0.390000E+00 -.923330E+00
 0.410000E+00 -.922031E+00
 0.430000E+00 -.920721E+00
 0.450000E+00 -.919401E+00
 0.470000E+00 -.918071E+00
 0.490000E+00 -.916729E+00
 0.510000E+00 -.915378E+00
 0.530000E+00 -.914016E+00
 0.550000E+00 -.912643E+00
 0.570000E+00 -.911260E+00
 0.590000E+00 -.909867E+00
 0.610000E+00 -.908463E+00
 0.630000E+00 -.907048E+00
 0.650000E+00 -.905624E+00
 0.670000E+00 -.904189E+00
 0.690000E+00 -.902743E+00
 0.710000E+00 -.901288E+00
 0.730000E+00 -.899821E+00
 0.750000E+00 -.898345E+00
 0.770000E+00 -.896858E+00
 0.790000E+00 -.895361E+00
 0.810000E+00 -.893854E+00
 0.830000E+00 -.892336E+00
 0.850000E+00 -.890809E+00
 0.870000E+00 -.889270E+00
 0.890000E+00 -.887722E+00
 0.910000E+00 -.886945E+00
 0.930000E+00 -.886945E+00
 0.950000E+00 -.886946E+00
 0.970000E+00 -.886946E+00
 0.990000E+00 -.886946E+00




































































































 -.990000E+00 -.657430E+00
 -.970000E+00 -.665905E+00
 -.950000E+00 -.674301E+00
 -.930000E+00 -.682616E+00
 -.910000E+00 -.690847E+00
 -.890000E+00 -.694966E+00
 -.870000E+00 -.695036E+00
 -.850000E+00 -.695106E+00
 -.830000E+00 -.695176E+00
 -.810000E+00 -.695247E+00
 -.790000E+00 -.695317E+00
 -.770000E+00 -.695387E+00
 -.750000E+00 -.695457E+00
 -.730000E+00 -.695528E+00
 -.710000E+00 -.695598E+00
 -.690000E+00 -.695668E+00
 -.670000E+00 -.695738E+00
 -.650000E+00 -.695809E+00
 -.630000E+00 -.695879E+00
 -.610000E+00 -.695949E+00
 -.590000E+00 -.696019E+00
 -.570000E+00 -.696089E+00
 -.550000E+00 -.696160E+00
 -.530000E+00 -.696230E+00
 -.510000E+00 -.696300E+00
 -.490000E+00 -.696370E+00
 -.470000E+00 -.696440E+00
 -.450000E+00 -.696510E+00
 -.430000E+00 -.696580E+00
 -.410000E+00 -.696651E+00
 -.390000E+00 -.696721E+00
 -.370000E+00 -.696791E+00
 -.350000E+00 -.696861E+00
 -.330000E+00 -.696931E+00
 -.310000E+00 -.697001E+00
 -.290000E+00 -.697071E+00
 -.270000E+00 -.697141E+00
 -.250000E+00 -.697211E+00
 -.230000E+00 -.697282E+00
 -.210000E+00 -.697352E+00
 -.190000E+00 -.697422E+00
 -.170000E+00 -.697492E+00
 -.150000E+00 -.697562E+00
 -.130000E+00 -.697632E+00
 -.110000E+00 -.697702E+00
 -.900000E-01 -.697772E+00
 -.700000E-01 -.697842E+00
 -.500000E-01 -.697912E+00
 -.300000E-01 -.697982E+00
 -.100000E-01 -.698052E+00
 0.100000E-01 -.698122E+00
 0.300000E-01 -.698192E+00
 0.500000E-01 -.698262E+00
 0.700000E-01 -.698332E+00
 0.900000E-01 -.698402E+00
 0.110000E+00 -.698472E+00
 0.130000E+00 -.698542E+00
 0.150000E+00 -.698612E+00
 0.170000E+00 -.698682E+00
 0.190000E+00 -.698751E+00
 0.210000E+00 -.698821E+00
 0.230000E+00 -.698891E+00
 0.250000E+00 -.698961E+00
 0.270000E+00 -.699031E+00
 0.290000E+00 -.699101E+00
 0.310000E+00 -.699171E+00
 0.330000E+00 -.699241E+00
 0.350000E+00 -.699311E+00
 0.370000E+00 -.699381E+00
 0.390000E+00 -.699450E+00
 0.410000E+00 -.699520E+00
 0.430000E+00 -.699590E+00
 0.450000E+00 -.699660E+00
 0.470000E+00 -.699730E+00
 0.490000E+00 -.699800E+00
 0.510000E+00 -.699869E+00
 0.530000E+00 -.699939E+00
 0.550000E+00 -.700009E+00
 0.570000E+00 -.700079E+00
 0.590000E+00 -.700149E+00
 0.610000E+00 -.700218E+00
 0.630000E+00 -.700288E+00
 0.650000E+00 -.700358E+00
 0.670000E+00 -.700428E+00
 0.690000E+00 -.700498E+00
 0.710000E+00 -.700567E+00
 0.730000E+00 -.700637E+00
 0.750000E+00 -.700707E+00
 0.770000E+00 -.700776E+00
 0.790000E+00 -.700846E+00
 0.810000E+00 -.700916E+00
 0.830000E+00 -.700986E+00
 0.850000E+00 -.701055E+00
 0.870000E+00 -.701125E+00
 0.890000E+00 -.701195E+00
 0.910000E+00 -.701231E+00
 0.930000E+00 -.701234E+00
 0.950000E+00 -.701236E+00
 0.970000E+00 -.701237E+00
 0.990000E+00 -.701237E+00




































































































 -.990000E+00 -.723282E-01
 -.970000E+00 -.843952E-01
 -.950000E+00 -.965402E-01
 -.930000E+00 -.108761E+00
 -.910000E+00 -.121054E+00
 -.890000E+00 -.129000E+00
 -.870000E+00 -.132547E+00
 -.850000E+00 -.136093E+00
 -.830000E+00 -.139638E+00
 -.810000E+00 -.143183E+00
 -.790000E+00 -.146727E+00
 -.770000E+00 -.150270E+00
 -.750000E+00 -.153812E+00
 -.730000E+00 -.157354E+00
 -.710000E+00 -.160894E+00
 -.690000E+00 -.164433E+00
 -.670000E+00 -.167972E+00
 -.650000E+00 -.171509E+00
 -.630000E+00 -.175045E+00
 -.610000E+00 -.178580E+00
 -.590000E+00 -.182114E+00
 -.570000E+00 -.185646E+00
 -.550000E+00 -.189178E+00
 -.530000E+00 -.192707E+00
 -.510000E+00 -.196236E+00
 -.490000E+00 -.199762E+00
 -.470000E+00 -.203288E+00
 -.450000E+00 -.206812E+00
 -.430000E+00 -.210334E+00
 -.410000E+00 -.213854E+00
 -.390000E+00 -.217373E+00
 -.370000E+00 -.220890E+00
 -.350000E+00 -.224405E+00
 -.330000E+00 -.227918E+00
 -.310000E+00 -.231430E+00
 -.290000E+00 -.234939E+00
 -.270000E+00 -.238447E+00
 -.250000E+00 -.241952E+00
 -.230000E+00 -.245455E+00
 -.210000E+00 -.248956E+00
 -.190000E+00 -.252455E+00
 -.170000E+00 -.255952E+00
 -.150000E+00 -.259446E+00
 -.130000E+00 -.262938E+00
 -.110000E+00 -.266427E+00
 -.900000E-01 -.269914E+00
 -.700000E-01 -.273399E+00
 -.500000E-01 -.276881E+00
 -.300000E-01 -.280360E+00
 -.100000E-01 -.283837E+00
 0.100000E-01 -.287311E+00
 0.300000E-01 -.290782E+00
 0.500000E-01 -.294250E+00
 0.700000E-01 -.297716E+00
 0.900000E-01 -.301178E+00
 0.110000E+00 -.304638E+00
 0.130000E+00 -.308094E+00
 0.150000E+00 -.311548E+00
 0.170000E+00 -.314998E+00
 0.190000E+00 -.318445E+00
 0.210000E+00 -.321889E+00
 0.230000E+00 -.325330E+00
 0.250000E+00 -.328767E+00
 0.270000E+00 -.332201E+00
 0.290000E+00 -.335631E+00
 0.310000E+00 -.339058E+00
 0.330000E+00 -.342482E+00
 0.350000E+00 -.345901E+00
 0.370000E+00 -.349318E+00
 0.390000E+00 -.352730E+00
 0.410000E+00 -.356139E+00
 0.430000E+00 -.359544E+00
 0.450000E+00 -.362945E+00
 0.470000E+00 -.366342E+00
 0.490000E+00 -.369735E+00
 0.510000E+00 -.373124E+00
 0.530000E+00 -.376509E+00
 0.550000E+00 -.379890E+00
 0.570000E+00 -.383267E+00
 0.590000E+00 -.386640E+00
 0.610000E+00 -.390008E+00
 0.630000E+00 -.393372E+00
 0.650000E+00 -.396732E+00
 0.670000E+00 -.400087E+00
 0.690000E+00 -.403438E+00
 0.710000E+00 -.406784E+00
 0.730000E+00 -.410125E+00
 0.750000E+00 -.413462E+00
 0.770000E+00 -.416795E+00
 0.790000E+00 -.420122E+00
 0.810000E+00 -.423445E+00
 0.830000E+00 -.426763E+00
 0.850000E+00 -.430076E+00
 0.870000E+00 -.433384E+00
 0.890000E+00 -.436687E+00
 0.910000E+00 -.438341E+00
 0.930000E+00 -.438349E+00
 0.950000E+00 -.438355E+00
 0.970000E+00 -.438359E+00
 0.990000E+00 -.438360E+00




































































































 -.990000E+00 0.593492E+00
 -.970000E+00 0.586011E+00
 -.950000E+00 0.578396E+00
 -.930000E+00 0.570647E+00
 -.910000E+00 0.562761E+00
 -.890000E+00 0.555642E+00
 -.870000E+00 0.549371E+00
 -.850000E+00 0.543069E+00
 -.830000E+00 0.536738E+00
 -.810000E+00 0.530379E+00
 -.790000E+00 0.523991E+00
 -.770000E+00 0.517575E+00
 -.750000E+00 0.511131E+00
 -.730000E+00 0.504660E+00
 -.710000E+00 0.498162E+00
 -.690000E+00 0.491637E+00
 -.670000E+00 0.485087E+00
 -.650000E+00 0.478511E+00
 -.630000E+00 0.471909E+00
 -.610000E+00 0.465283E+00
 -.590000E+00 0.458633E+00
 -.570000E+00 0.451958E+00
 -.550000E+00 0.445261E+00
 -.530000E+00 0.438539E+00
 -.510000E+00 0.431796E+00
 -.490000E+00 0.425030E+00
 -.470000E+00 0.418242E+00
 -.450000E+00 0.411433E+00
 -.430000E+00 0.404602E+00
 -.410000E+00 0.397751E+00
 -.390000E+00 0.390880E+00
 -.370000E+00 0.383989E+00
 -.350000E+00 0.377079E+00
 -.330000E+00 0.370150E+00
 -.310000E+00 0.363203E+00
 -.290000E+00 0.356237E+00
 -.270000E+00 0.349254E+00
 -.250000E+00 0.342254E+00
 -.230000E+00 0.335237E+00
 -.210000E+00 0.328203E+00
 -.190000E+00 0.321154E+00
 -.170000E+00 0.314089E+00
 -.150000E+00 0.307009E+00
 -.130000E+00 0.299914E+00
 -.110000E+00 0.292806E+00
 -.900000E-01 0.285683E+00
 -.700000E-01 0.278547E+00
 -.500000E-01 0.271398E+00
 -.300000E-01 0.264237E+00
 -.100000E-01 0.257063E+00
 0.100000E-01 0.249878E+00
 0.300000E-01 0.242681E+00
 0.500000E-01 0.235473E+00
 0.700000E-01 0.228256E+00
 0.900000E-01 0.221028E+00
 0.110000E+00 0.213790E+00
 0.130000E+00 0.206543E+00
 0.150000E+00 0.199288E+00
 0.170000E+00 0.192024E+00
 0.190000E+00 0.184752E+00
 0.210000E+00 0.177473E+00
 0.230000E+00 0.170187E+00
 0.250000E+00 0.162894E+00
 0.270000E+00 0.155594E+00
 0.290000E+00 0.148289E+00
 0.310000E+00 0.140978E+00
 0.330000E+00 0.133662E+00
 0.350000E+00 0.126342E+00
 0.370000E+00 0.119017E+00
 0.390000E+00 0.111689E+00
 0.410000E+00 0.104357E+00
 0.430000E+00 0.970217E-01
 0.450000E+00 0.896840E-01
 0.470000E+00 0.823441E-01
 0.490000E+00 0.750024E-01
 0.510000E+00 0.676593E-01
 0.530000E+00 0.603151E-01
 0.550000E+00 0.529702E-01
 0.570000E+00 0.456251E-01
 0.590000E+00 0.382802E-01
 0.610000E+00 0.309358E-01
 0.630000E+00 0.235923E-01
 0.650000E+00 0.162501E-01
 0.670000E+00 0.890967E-02
 0.690000E+00 0.157129E-02
 0.710000E+00 -.576461E-02
 0.730000E+00 -.130977E-01
 0.750000E+00 -.204275E-01
 0.770000E+00 -.277536E-01
 0.790000E+00 -.350758E-01
 0.810000E+00 -.423936E-01
 0.830000E+00 -.497067E-01
 0.850000E+00 -.570146E-01
 0.870000E+00 -.643170E-01
 0.890000E+00 -.716136E-01
 0.910000E+00 -.752549E-01
 0.930000E+00 -.752465E-01
 0.950000E+00 -.752405E-01
 0.970000E+00 -.752369E-01
 0.990000E+00 -.752356E-01




































































































 -.990000E+00 0.429823E+00
 -.970000E+00 0.428910E+00
 -.950000E+00 0.427989E+00
 -.930000E+00 0.427058E+00
 -.910000E+00 0.426118E+00
 -.890000E+00 0.427276E+00
 -.870000E+00 0.430474E+00
 -.850000E+00 0.433584E+00
 -.830000E+00 0.436607E+00
 -.810000E+00 0.439540E+00
 -.790000E+00 0.442385E+00
 -.770000E+00 0.445139E+00
 -.750000E+00 0.447802E+00
 -.730000E+00 0.450375E+00
 -.710000E+00 0.452856E+00
 -.690000E+00 0.455244E+00
 -.670000E+00 0.457540E+00
 -.650000E+00 0.459743E+00
 -.630000E+00 0.461852E+00
 -.610000E+00 0.463867E+00
 -.590000E+00 0.465787E+00
 -.570000E+00 0.467613E+00
 -.550000E+00 0.469343E+00
 -.530000E+00 0.470977E+00
 -.510000E+00 0.472516E+00
 -.490000E+00 0.473958E+00
 -.470000E+00 0.475303E+00
 -.450000E+00 0.476551E+00
 -.430000E+00 0.477702E+00
 -.410000E+00 0.478755E+00
 -.390000E+00 0.479711E+00
 -.370000E+00 0.480569E+00
 -.350000E+00 0.481328E+00
 -.330000E+00 0.481989E+00
 -.310000E+00 0.482552E+00
 -.290000E+00 0.483016E+00
 -.270000E+00 0.483381E+00
 -.250000E+00 0.483648E+00
 -.230000E+00 0.483816E+00
 -.210000E+00 0.483884E+00
 -.190000E+00 0.483854E+00
 -.170000E+00 0.483725E+00
 -.150000E+00 0.483497E+00
 -.130000E+00 0.483170E+00
 -.110000E+00 0.482744E+00
 -.900000E-01 0.482219E+00
 -.700000E-01 0.481596E+00
 -.500000E-01 0.480874E+00
 -.300000E-01 0.480054E+00
 -.100000E-01 0.479135E+00
 0.100000E-01 0.478118E+00
 0.300000E-01 0.477004E+00
 0.500000E-01 0.475792E+00
 0.700000E-01 0.474482E+00
 0.900000E-01 0.473075E+00
 0.110000E+00 0.471572E+00
 0.130000E+00 0.469971E+00
 0.150000E+00 0.468275E+00
 0.170000E+00 0.466483E+00
 0.190000E+00 0.464595E+00
 0.210000E+00 0.462612E+00
 0.230000E+00 0.460534E+00
 0.250000E+00 0.458362E+00
 0.270000E+00 0.456096E+00
 0.290000E+00 0.453736E+00
 0.310000E+00 0.451284E+00
 0.330000E+00 0.448739E+00
 0.350000E+00 0.446102E+00
 0.370000E+00 0.443374E+00
 0.390000E+00 0.440555E+00
 0.410000E+00 0.437646E+00
 0.430000E+00 0.434647E+00
 0.450000E+00 0.431559E+00
 0.470000E+00 0.428383E+00
 0.490000E+00 0.425118E+00
 0.510000E+00 0.421767E+00
 0.530000E+00 0.418329E+00
 0.550000E+00 0.414806E+00
 0.570000E+00 0.411197E+00
 0.590000E+00 0.407505E+00
 0.610000E+00 0.403729E+00
 0.630000E+00 0.399870E+00
 0.650000E+00 0.395929E+00
 0.670000E+00 0.391907E+00
 0.690000E+00 0.387804E+00
 0.710000E+00 0.383622E+00
 0.730000E+00 0.379362E+00
 0.750000E+00 0.375024E+00
 0.770000E+00 0.370609E+00
 0.790000E+00 0.366118E+00
 0.810000E+00 0.361551E+00
 0.830000E+00 0.356911E+00
 0.850000E+00 0.352198E+00
 0.870000E+00 0.347412E+00
 0.890000E+00 0.342555E+00
 0.910000E+00 0.340100E+00
 0.930000E+00 0.340100E+00
 0.950000E+00 0.340099E+00
 0.970000E+00 0.340099E+00
 0.990000E+00 0.340099E+00




































































































 -.990000E+00 -.846274E-01
 -.970000E+00 -.841664E-01
 -.950000E+00 -.835079E-01
 -.930000E+00 -.826536E-01
 -.910000E+00 -.816054E-01
 -.890000E+00 -.784054E-01
 -.870000E+00 -.731404E-01
 -.850000E+00 -.678034E-01
 -.830000E+00 -.623994E-01
 -.810000E+00 -.569338E-01
 -.790000E+00 -.514119E-01
 -.770000E+00 -.458391E-01
 -.750000E+00 -.402208E-01
 -.730000E+00 -.345624E-01
 -.710000E+00 -.288695E-01
 -.690000E+00 -.231477E-01
 -.670000E+00 -.174024E-01
 -.650000E+00 -.116394E-01
 -.630000E+00 -.586420E-02
 -.610000E+00 -.824374E-04
 -.590000E+00 0.570024E-02
 -.570000E+00 0.114782E-01
 -.550000E+00 0.172458E-01
 -.530000E+00 0.229974E-01
 -.510000E+00 0.287274E-01
 -.490000E+00 0.344302E-01
 -.470000E+00 0.401003E-01
 -.450000E+00 0.457320E-01
 -.430000E+00 0.513200E-01
 -.410000E+00 0.568588E-01
 -.390000E+00 0.623429E-01
 -.370000E+00 0.677670E-01
 -.350000E+00 0.731258E-01
 -.330000E+00 0.784140E-01
 -.310000E+00 0.836265E-01
 -.290000E+00 0.887583E-01
 -.270000E+00 0.938041E-01
 -.250000E+00 0.987593E-01
 -.230000E+00 0.103619E+00
 -.210000E+00 0.108378E+00
 -.190000E+00 0.113032E+00
 -.170000E+00 0.117577E+00
 -.150000E+00 0.122007E+00
 -.130000E+00 0.126319E+00
 -.110000E+00 0.130509E+00
 -.900000E-01 0.134572E+00
 -.700000E-01 0.138504E+00
 -.500000E-01 0.142301E+00
 -.300000E-01 0.145961E+00
 -.100000E-01 0.149478E+00
 0.100000E-01 0.152850E+00
 0.300000E-01 0.156074E+00
 0.500000E-01 0.159145E+00
 0.700000E-01 0.162062E+00
 0.900000E-01 0.164821E+00
 0.110000E+00 0.167420E+00
 0.130000E+00 0.169855E+00
 0.150000E+00 0.172125E+00
 0.170000E+00 0.174228E+00
 0.190000E+00 0.176161E+00
 0.210000E+00 0.177922E+00
 0.230000E+00 0.179510E+00
 0.250000E+00 0.180923E+00
 0.270000E+00 0.182160E+00
 0.290000E+00 0.183218E+00
 0.310000E+00 0.184099E+00
 0.330000E+00 0.184800E+00
 0.350000E+00 0.185320E+00
 0.370000E+00 0.185660E+00
 0.390000E+00 0.185818E+00
 0.410000E+00 0.185796E+00
 0.430000E+00 0.185592E+00
 0.450000E+00 0.185206E+00
 0.470000E+00 0.184640E+00
 0.490000E+00 0.183894E+00
 0.510000E+00 0.182968E+00
 0.530000E+00 0.181864E+00
 0.550000E+00 0.180581E+00
 0.570000E+00 0.179123E+00
 0.590000E+00 0.177489E+00
 0.610000E+00 0.175682E+00
 0.630000E+00 0.173703E+00
 0.650000E+00 0.171555E+00
 0.670000E+00 0.169238E+00
 0.690000E+00 0.166757E+00
 0.710000E+00 0.164112E+00
 0.730000E+00 0.161307E+00
 0.750000E+00 0.158343E+00
 0.770000E+00 0.155225E+00
 0.790000E+00 0.151955E+00
 0.810000E+00 0.148537E+00
 0.830000E+00 0.144973E+00
 0.850000E+00 0.141267E+00
 0.870000E+00 0.137422E+00
 0.890000E+00 0.133443E+00
 0.910000E+00 0.131405E+00
 0.930000E+00 0.131405E+00
 0.950000E+00 0.131404E+00
 0.970000E+00 0.131404E+00
 0.990000E+00 0.131404E+00




































































































 -.990000E+00 0.205964E-01
 -.970000E+00 0.193653E-01
 -.950000E+00 0.123124E-01
 -.930000E+00 0.248912E-02
 -.910000E+00 -.584960E-02
 -.890000E+00 -.747154E-02
 -.870000E+00 -.357882E-02
 -.850000E+00 0.186465E-02
 -.830000E+00 0.650126E-02
 -.810000E+00 0.832250E-02
 -.790000E+00 0.653908E-02
 -.770000E+00 0.192297E-02
 -.750000E+00 -.352677E-02
 -.730000E+00 -.744968E-02
 -.710000E+00 -.814631E-02
 -.690000E+00 -.531443E-02
 -.670000E+00 -.180163E-03
 -.650000E+00 0.503290E-02
 -.630000E+00 0.806671E-02
 -.610000E+00 0.760684E-02
 -.590000E+00 0.385196E-02
 -.570000E+00 -.157196E-02
 -.550000E+00 -.631579E-02
 -.530000E+00 -.832461E-02
 -.510000E+00 -.672788E-02
 -.490000E+00 -.221671E-02
 -.470000E+00 0.325531E-02
 -.450000E+00 0.731809E-02
 -.430000E+00 0.821160E-02
 -.410000E+00 0.554836E-02
 -.390000E+00 0.481422E-03
 -.370000E+00 -.479479E-02
 -.350000E+00 -.799490E-02
 -.330000E+00 -.773246E-02
 -.310000E+00 -.412063E-02
 -.290000E+00 0.127661E-02
 -.270000E+00 0.612167E-02
 -.250000E+00 0.831583E-02
 -.230000E+00 0.690827E-02
 -.210000E+00 0.250815E-02
 -.190000E+00 -.297903E-02
 -.170000E+00 -.717665E-02
 -.150000E+00 -.826629E-02
 -.130000E+00 -.577551E-02
 -.110000E+00 -.782676E-03
 -.900000E-01 0.454992E-02
 -.700000E-01 0.791248E-02
 -.500000E-01 0.784822E-02
 -.300000E-01 0.438445E-02
 -.100000E-01 -.978967E-03
 0.100000E-01 -.591914E-02
 0.300000E-01 -.829614E-02
 0.500000E-01 -.707998E-02
 0.700000E-01 -.279692E-02
 0.900000E-01 0.269828E-02
 0.110000E+00 0.702551E-02
 0.130000E+00 0.831026E-02
 0.150000E+00 0.599557E-02
 0.170000E+00 0.108353E-02
 0.190000E+00 -.429857E-02
 0.210000E+00 -.781953E-02
 0.230000E+00 -.795394E-02
 0.250000E+00 -.464309E-02
 0.270000E+00 0.679428E-03
 0.290000E+00 0.570844E-02
 0.310000E+00 0.826555E-02
 0.330000E+00 0.724279E-02
 0.350000E+00 0.308263E-02
 0.370000E+00 -.241341E-02
 0.390000E+00 -.686487E-02
 0.410000E+00 -.834345E-02
 0.430000E+00 -.620824E-02
 0.450000E+00 -.138359E-02
 0.470000E+00 0.404108E-02
 0.490000E+00 0.771615E-02
 0.510000E+00 0.804947E-02
 0.530000E+00 0.489618E-02
 0.550000E+00 -.378379E-03
 0.570000E+00 -.548982E-02
 0.590000E+00 -.822408E-02
 0.610000E+00 -.739645E-02
 0.630000E+00 -.336489E-02
 0.650000E+00 0.212479E-02
 0.670000E+00 0.669491E-02
 0.690000E+00 0.836578E-02
 0.710000E+00 0.641322E-02
 0.730000E+00 0.168246E-02
 0.750000E+00 -.377777E-02
 0.770000E+00 -.760245E-02
 0.790000E+00 -.813466E-02
 0.810000E+00 -.514339E-02
 0.830000E+00 0.762090E-04
 0.850000E+00 0.526357E-02
 0.870000E+00 0.817176E-02
 0.890000E+00 0.754074E-02
 0.910000E+00 0.592189E-02
 0.930000E+00 0.592182E-02
 0.950000E+00 0.592175E-02
 0.970000E+00 0.592170E-02
 0.990000E+00 0.592169E-02




































































































