 -.375000E-01 0.280800E+00
 -.125000E-01 0.280800E+00
 0.125000E-01 0.280800E+00
 0.375000E-01 0.280800E+00




 -.375000E-01 0.280803E+00
 -.125000E-01 0.280803E+00
 0.125000E-01 0.280803E+00
 0.375000E-01 0.280803E+00




 -.375000E-01 0.280816E+00
 -.125000E-01 0.280816E+00
 0.125000E-01 0.280816E+00
 0.375000E-01 0.280816E+00




 -.375000E-01 0.280895E+00
 -.125000E-01 0.280895E+00
 0.125000E-01 0.280895E+00
 0.375000E-01 0.280895E+00




 -.375000E-01 0.435711E+00
 -.125000E-01 0.435711E+00
 0.125000E-01 0.435711E+00
 0.375000E-01 0.435711E+00




 -.375000E-01 0.318597E+00
 -.125000E-01 0.318597E+00
 0.125000E-01 0.318597E+00
 0.375000E-01 0.318597E+00




 -.375000E-01 0.311746E+00
 -.125000E-01 0.311746E+00
 0.125000E-01 0.311746E+00
 0.375000E-01 0.311746E+00




 -.375000E-01 0.309435E+00
 -.125000E-01 0.309435E+00
 0.125000E-01 0.309435E+00
 0.375000E-01 0.309435E+00




 -.375000E-01 0.308647E+00
 -.125000E-01 0.308647E+00
 0.125000E-01 0.308647E+00
 0.375000E-01 0.308647E+00




 -.375000E-01 0.308795E+00
 -.125000E-01 0.308795E+00
 0.125000E-01 0.308795E+00
 0.375000E-01 0.308795E+00




 -.375000E-01 0.309976E+00
 -.125000E-01 0.309976E+00
 0.125000E-01 0.309976E+00
 0.375000E-01 0.309976E+00




 -.375000E-01 0.313188E+00
 -.125000E-01 0.313188E+00
 0.125000E-01 0.313188E+00
 0.375000E-01 0.313188E+00




 -.375000E-01 0.324464E+00
 -.125000E-01 0.324464E+00
 0.125000E-01 0.324464E+00
 0.375000E-01 0.324464E+00




 -.375000E-01 0.281894E+00
 -.125000E-01 0.281894E+00
 0.125000E-01 0.281894E+00
 0.375000E-01 0.281894E+00




 -.375000E-01 0.280848E+00
 -.125000E-01 0.280848E+00
 0.125000E-01 0.280848E+00
 0.375000E-01 0.280848E+00




 -.375000E-01 0.280810E+00
 -.125000E-01 0.280810E+00
 0.125000E-01 0.280810E+00
 0.375000E-01 0.280810E+00




 -.375000E-01 0.280801E+00
 -.125000E-01 0.280801E+00
 0.125000E-01 0.280801E+00
 0.375000E-01 0.280801E+00




