 -.375000E-01 -.465668E-03
 -.125000E-01 -.465668E-03
 0.125000E-01 -.465668E-03
 0.375000E-01 -.465668E-03




 -.375000E-01 -.620098E-02
 -.125000E-01 -.620098E-02
 0.125000E-01 -.620098E-02
 0.375000E-01 -.620098E-02




 -.375000E-01 -.134251E-01
 -.125000E-01 -.134251E-01
 0.125000E-01 -.134251E-01
 0.375000E-01 -.134251E-01




 -.375000E-01 -.263884E-01
 -.125000E-01 -.263884E-01
 0.125000E-01 -.263884E-01
 0.375000E-01 -.263884E-01




 -.375000E-01 -.128935E+00
 -.125000E-01 -.128935E+00
 0.125000E-01 -.128935E+00
 0.375000E-01 -.128935E+00




 -.375000E-01 -.232317E-06
 -.125000E-01 -.232317E-06
 0.125000E-01 -.232317E-06
 0.375000E-01 -.232317E-06




 -.375000E-01 -.825006E-07
 -.125000E-01 -.825006E-07
 0.125000E-01 -.825006E-07
 0.375000E-01 -.825006E-07




 -.375000E-01 -.356694E-07
 -.125000E-01 -.356694E-07
 0.125000E-01 -.356694E-07
 0.375000E-01 -.356694E-07




 -.375000E-01 -.803226E-08
 -.125000E-01 -.803226E-08
 0.125000E-01 -.803226E-08
 0.375000E-01 -.803226E-08




 -.375000E-01 0.163958E-07
 -.125000E-01 0.163958E-07
 0.125000E-01 0.163958E-07
 0.375000E-01 0.163958E-07




 -.375000E-01 0.477412E-07
 -.125000E-01 0.477412E-07
 0.125000E-01 0.477412E-07
 0.375000E-01 0.477412E-07




 -.375000E-01 0.110499E-06
 -.125000E-01 0.110499E-06
 0.125000E-01 0.110499E-06
 0.375000E-01 0.110499E-06




 -.375000E-01 0.408767E-06
 -.125000E-01 0.408767E-06
 0.125000E-01 0.408767E-06
 0.375000E-01 0.408767E-06




 -.375000E-01 0.553160E-01
 -.125000E-01 0.553160E-01
 0.125000E-01 0.553160E-01
 0.375000E-01 0.553160E-01




 -.375000E-01 0.207525E-01
 -.125000E-01 0.207525E-01
 0.125000E-01 0.207525E-01
 0.375000E-01 0.207525E-01




 -.375000E-01 0.107138E-01
 -.125000E-01 0.107138E-01
 0.125000E-01 0.107138E-01
 0.375000E-01 0.107138E-01




 -.375000E-01 0.420952E-02
 -.125000E-01 0.420952E-02
 0.125000E-01 0.420952E-02
 0.375000E-01 0.420952E-02




