 0.99999998E-03 0.37108939E+01 0.37108939E+01 0.37108939E+01
 0.29999999E-02 0.37108936E+01 0.37108936E+01 0.37108936E+01
 0.49999999E-02 0.37108934E+01 0.37108934E+01 0.37108934E+01
 0.69999998E-02 0.37108929E+01 0.37108929E+01 0.37108929E+01
 0.89999998E-02 0.37108922E+01 0.37108922E+01 0.37108922E+01
 0.11000000E-01 0.37108910E+01 0.37108910E+01 0.37108910E+01
 0.13000000E-01 0.37108903E+01 0.37108903E+01 0.37108903E+01
 0.15000000E-01 0.37108889E+01 0.37108889E+01 0.37108889E+01
 0.17000000E-01 0.37108877E+01 0.37108877E+01 0.37108877E+01
 0.19000000E-01 0.37108860E+01 0.37108860E+01 0.37108860E+01
 0.21000000E-01 0.37108843E+01 0.37108843E+01 0.37108843E+01
 0.22999999E-01 0.37108800E+01 0.37108800E+01 0.37108800E+01
 0.24999999E-01 0.37108777E+01 0.37108777E+01 0.37108777E+01
 0.26999999E-01 0.37108755E+01 0.37108755E+01 0.37108755E+01
 0.28999999E-01 0.37108731E+01 0.37108731E+01 0.37108731E+01
 0.30999999E-01 0.37108691E+01 0.37108691E+01 0.37108691E+01
 0.32999999E-01 0.37108660E+01 0.37108660E+01 0.37108660E+01
 0.34999999E-01 0.37108629E+01 0.37108629E+01 0.37108629E+01
 0.36999999E-01 0.37108591E+01 0.37108591E+01 0.37108591E+01
 0.38999999E-01 0.37108555E+01 0.37108555E+01 0.37108555E+01
 0.40999999E-01 0.37108514E+01 0.37108514E+01 0.37108514E+01
 0.42999999E-01 0.37108471E+01 0.37108471E+01 0.37108471E+01
 0.44999999E-01 0.37108431E+01 0.37108431E+01 0.37108431E+01
 0.46999999E-01 0.37108386E+01 0.37108386E+01 0.37108386E+01
 0.48999999E-01 0.37108338E+01 0.37108338E+01 0.37108338E+01
 0.50999999E-01 0.37108288E+01 0.37108288E+01 0.37108288E+01
 0.52999999E-01 0.37108238E+01 0.37108238E+01 0.37108238E+01
 0.54999999E-01 0.37108181E+01 0.37108181E+01 0.37108181E+01
 0.56999999E-01 0.37108126E+01 0.37108126E+01 0.37108126E+01
 0.58999999E-01 0.37108076E+01 0.37108076E+01 0.37108076E+01
 0.60999999E-01 0.37108016E+01 0.37108016E+01 0.37108016E+01
 0.62999999E-01 0.37107959E+01 0.37107959E+01 0.37107959E+01
 0.64999999E-01 0.37107899E+01 0.37107899E+01 0.37107899E+01
 0.66999999E-01 0.37107837E+01 0.37107837E+01 0.37107837E+01
 0.68999998E-01 0.37107761E+01 0.37107761E+01 0.37107761E+01
 0.70999998E-01 0.37107694E+01 0.37107694E+01 0.37107694E+01
 0.72999998E-01 0.37107620E+01 0.37107620E+01 0.37107620E+01
 0.74999998E-01 0.37107544E+01 0.37107544E+01 0.37107544E+01
 0.76999998E-01 0.37107468E+01 0.37107468E+01 0.37107468E+01
 0.78999998E-01 0.37107391E+01 0.37107391E+01 0.37107391E+01
 0.80999998E-01 0.37107313E+01 0.37107313E+01 0.37107313E+01
 0.82999998E-01 0.37107234E+01 0.37107234E+01 0.37107234E+01
 0.84999998E-01 0.37107151E+01 0.37107151E+01 0.37107151E+01
 0.86999998E-01 0.37107067E+01 0.37107067E+01 0.37107067E+01
 0.88999998E-01 0.37106984E+01 0.37106984E+01 0.37106984E+01
 0.90999998E-01 0.37106893E+01 0.37106893E+01 0.37106893E+01
 0.92999998E-01 0.37106800E+01 0.37106800E+01 0.37106800E+01
 0.94999998E-01 0.37106714E+01 0.37106714E+01 0.37106714E+01
 0.96999998E-01 0.37106626E+01 0.37106626E+01 0.37106626E+01
 0.98999998E-01 0.37106538E+01 0.37106538E+01 0.37106538E+01
 0.10100000E+00 0.37106414E+01 0.37106414E+01 0.37106414E+01
 0.11100000E+00 0.37105882E+01 0.37105882E+01 0.37105882E+01
 0.12100000E+00 0.37105305E+01 0.37105305E+01 0.37105305E+01
 0.13100000E+00 0.37104678E+01 0.37104678E+01 0.37104678E+01
 0.14100000E+00 0.37103999E+01 0.37103999E+01 0.37103999E+01
 0.15100000E+00 0.37103274E+01 0.37103274E+01 0.37103274E+01
 0.16100000E+00 0.37102501E+01 0.37102501E+01 0.37102501E+01
 0.17100000E+00 0.37101662E+01 0.37101662E+01 0.37101662E+01
 0.18100000E+00 0.37100804E+01 0.37100804E+01 0.37100804E+01
 0.19100000E+00 0.37099867E+01 0.37099867E+01 0.37099867E+01
 0.20100000E+00 0.37098892E+01 0.37098892E+01 0.37098892E+01
 0.21100000E+00 0.37097852E+01 0.37097852E+01 0.37097852E+01
 0.22100000E+00 0.37096767E+01 0.37096767E+01 0.37096767E+01
 0.23099999E+00 0.37095661E+01 0.37095661E+01 0.37095661E+01
 0.24099999E+00 0.37094438E+01 0.37094438E+01 0.37094438E+01
 0.25099999E+00 0.37093201E+01 0.37093201E+01 0.37093201E+01
 0.26099999E+00 0.37091906E+01 0.37091906E+01 0.37091906E+01
 0.27099999E+00 0.37090559E+01 0.37090559E+01 0.37090559E+01
 0.28099999E+00 0.37089176E+01 0.37089176E+01 0.37089176E+01
 0.29099999E+00 0.37087753E+01 0.37087753E+01 0.37087753E+01
 0.30099999E+00 0.37086205E+01 0.37086205E+01 0.37086205E+01
 0.31099999E+00 0.37084661E+01 0.37084661E+01 0.37084661E+01
 0.32099999E+00 0.37083051E+01 0.37083051E+01 0.37083051E+01
 0.33099999E+00 0.37081378E+01 0.37081378E+01 0.37081378E+01
 0.34099999E+00 0.37079651E+01 0.37079651E+01 0.37079651E+01
 0.35099999E+00 0.37077892E+01 0.37077892E+01 0.37077892E+01
 0.36099999E+00 0.37076058E+01 0.37076058E+01 0.37076058E+01
 0.37099999E+00 0.37074163E+01 0.37074163E+01 0.37074163E+01
 0.38099999E+00 0.37072210E+01 0.37072210E+01 0.37072210E+01
 0.39099999E+00 0.37070217E+01 0.37070217E+01 0.37070217E+01
 0.40099999E+00 0.37068181E+01 0.37068181E+01 0.37068181E+01
 0.41099999E+00 0.37066047E+01 0.37066047E+01 0.37066047E+01
 0.42099999E+00 0.37063866E+01 0.37063866E+01 0.37063866E+01
 0.43099999E+00 0.37061653E+01 0.37061653E+01 0.37061653E+01
 0.44099999E+00 0.37059364E+01 0.37059364E+01 0.37059364E+01
 0.45099999E+00 0.37057035E+01 0.37057035E+01 0.37057035E+01
 0.46099999E+00 0.37054613E+01 0.37054613E+01 0.37054613E+01
 0.47099999E+00 0.37052143E+01 0.37052143E+01 0.37052143E+01
 0.48099999E+00 0.37049630E+01 0.37049630E+01 0.37049630E+01
 0.49099999E+00 0.37047033E+01 0.37047033E+01 0.37047033E+01
 0.50099999E+00 0.37044392E+01 0.37044392E+01 0.37044392E+01
 0.51099999E+00 0.37041676E+01 0.37041676E+01 0.37041676E+01
 0.52099999E+00 0.37038906E+01 0.37038906E+01 0.37038906E+01
 0.53099999E+00 0.37036071E+01 0.37036071E+01 0.37036071E+01
 0.54099999E+00 0.37033174E+01 0.37033174E+01 0.37033174E+01
 0.55099999E+00 0.37030241E+01 0.37030241E+01 0.37030241E+01
 0.56099999E+00 0.37027183E+01 0.37027183E+01 0.37027183E+01
 0.57099999E+00 0.37024090E+01 0.37024090E+01 0.37024090E+01
 0.58099999E+00 0.37020938E+01 0.37020938E+01 0.37020938E+01
 0.59099999E+00 0.37017713E+01 0.37017713E+01 0.37017713E+01
 0.60099999E+00 0.37014410E+01 0.37014410E+01 0.37014410E+01
 0.61099999E+00 0.37011068E+01 0.37011068E+01 0.37011068E+01
 0.62099999E+00 0.37007654E+01 0.37007654E+01 0.37007654E+01
 0.63099999E+00 0.37004132E+01 0.37004132E+01 0.37004132E+01
 0.64099999E+00 0.37000580E+01 0.37000580E+01 0.37000580E+01
 0.65099999E+00 0.36996911E+01 0.36996911E+01 0.36996911E+01
 0.66099999E+00 0.36993213E+01 0.36993213E+01 0.36993213E+01
 0.67099999E+00 0.36989419E+01 0.36989419E+01 0.36989419E+01
 0.68099998E+00 0.36985576E+01 0.36985576E+01 0.36985576E+01
 0.69099998E+00 0.36981626E+01 0.36981626E+01 0.36981626E+01
 0.70099998E+00 0.36977627E+01 0.36977627E+01 0.36977627E+01
 0.71099998E+00 0.36973534E+01 0.36973534E+01 0.36973534E+01
 0.72099998E+00 0.36969385E+01 0.36969385E+01 0.36969385E+01
 0.73099998E+00 0.36965127E+01 0.36965127E+01 0.36965127E+01
 0.74099998E+00 0.36960819E+01 0.36960819E+01 0.36960819E+01
 0.75099998E+00 0.36956406E+01 0.36956406E+01 0.36956406E+01
 0.76099998E+00 0.36951926E+01 0.36951926E+01 0.36951926E+01
 0.77099998E+00 0.36947353E+01 0.36947353E+01 0.36947353E+01
 0.78099998E+00 0.36942708E+01 0.36942708E+01 0.36942708E+01
 0.79099998E+00 0.36937964E+01 0.36937964E+01 0.36937964E+01
 0.80099998E+00 0.36933165E+01 0.36933165E+01 0.36933165E+01
 0.81099998E+00 0.36928241E+01 0.36928241E+01 0.36928241E+01
 0.82099998E+00 0.36923256E+01 0.36923256E+01 0.36923256E+01
 0.83099998E+00 0.36918178E+01 0.36918178E+01 0.36918178E+01
 0.84099998E+00 0.36912985E+01 0.36912985E+01 0.36912985E+01
 0.85099998E+00 0.36907718E+01 0.36907718E+01 0.36907718E+01
 0.86099998E+00 0.36902342E+01 0.36902342E+01 0.36902342E+01
 0.87099998E+00 0.36896882E+01 0.36896882E+01 0.36896882E+01
 0.88099998E+00 0.36891322E+01 0.36891322E+01 0.36891322E+01
 0.89099998E+00 0.36885664E+01 0.36885664E+01 0.36885664E+01
 0.90099998E+00 0.36879904E+01 0.36879904E+01 0.36879904E+01
 0.91099998E+00 0.36874049E+01 0.36874049E+01 0.36874049E+01
 0.92099998E+00 0.36868072E+01 0.36868072E+01 0.36868072E+01
 0.93099998E+00 0.36861989E+01 0.36861989E+01 0.36861989E+01
 0.94099998E+00 0.36855829E+01 0.36855829E+01 0.36855829E+01
 0.95099998E+00 0.36849544E+01 0.36849544E+01 0.36849544E+01
 0.96099998E+00 0.36843152E+01 0.36843152E+01 0.36843152E+01
 0.97099998E+00 0.36836634E+01 0.36836634E+01 0.36836634E+01
 0.98099998E+00 0.36830006E+01 0.36830006E+01 0.36830006E+01
 0.99099998E+00 0.36823254E+01 0.36823254E+01 0.36823254E+01
 0.10010000E+01 0.36816382E+01 0.36816382E+01 0.36816382E+01
 0.10110000E+01 0.36809404E+01 0.36809404E+01 0.36809404E+01
 0.10210000E+01 0.36802301E+01 0.36802301E+01 0.36802301E+01
 0.10310000E+01 0.36795061E+01 0.36795061E+01 0.36795061E+01
 0.10410000E+01 0.36787698E+01 0.36787698E+01 0.36787698E+01
 0.10510000E+01 0.36780198E+01 0.36780198E+01 0.36780198E+01
 0.10610000E+01 0.36772566E+01 0.36772566E+01 0.36772566E+01
 0.10710000E+01 0.36764796E+01 0.36764796E+01 0.36764796E+01
 0.10810000E+01 0.36756885E+01 0.36756885E+01 0.36756885E+01
 0.10910000E+01 0.36748843E+01 0.36748843E+01 0.36748843E+01
 0.11010000E+01 0.36740661E+01 0.36740661E+01 0.36740661E+01
 0.11110000E+01 0.36732314E+01 0.36732314E+01 0.36732314E+01
 0.11210000E+01 0.36723807E+01 0.36723807E+01 0.36723807E+01
 0.11310000E+01 0.36715159E+01 0.36715159E+01 0.36715159E+01
 0.11410000E+01 0.36706343E+01 0.36706343E+01 0.36706343E+01
 0.11510000E+01 0.36697354E+01 0.36697354E+01 0.36697354E+01
 0.11610000E+01 0.36688216E+01 0.36688216E+01 0.36688216E+01
 0.11710000E+01 0.36678903E+01 0.36678903E+01 0.36678903E+01
 0.11810000E+01 0.36669436E+01 0.36669436E+01 0.36669436E+01
 0.11910000E+01 0.36659737E+01 0.36659737E+01 0.36659737E+01
 0.12010000E+01 0.36649885E+01 0.36649885E+01 0.36649885E+01
 0.12110000E+01 0.36639850E+01 0.36639850E+01 0.36639850E+01
 0.12210000E+01 0.36629612E+01 0.36629612E+01 0.36629612E+01
 0.12310000E+01 0.36619189E+01 0.36619189E+01 0.36619189E+01
 0.12410000E+01 0.36608558E+01 0.36608558E+01 0.36608558E+01
 0.12510000E+01 0.36597722E+01 0.36597722E+01 0.36597722E+01
 0.12610000E+01 0.36586688E+01 0.36586688E+01 0.36586688E+01
 0.12710000E+01 0.36575403E+01 0.36575403E+01 0.36575403E+01
 0.12810000E+01 0.36563914E+01 0.36563914E+01 0.36563914E+01
 0.12910000E+01 0.36552174E+01 0.36552174E+01 0.36552174E+01
 0.13010000E+01 0.36540205E+01 0.36540205E+01 0.36540205E+01
 0.13110000E+01 0.36527996E+01 0.36527996E+01 0.36527996E+01
 0.13210000E+01 0.36515534E+01 0.36515534E+01 0.36515534E+01
 0.13310000E+01 0.36502833E+01 0.36502833E+01 0.36502833E+01
 0.13410000E+01 0.36489828E+01 0.36489828E+01 0.36489828E+01
 0.13510000E+01 0.36476564E+01 0.36476564E+01 0.36476564E+01
 0.13610000E+01 0.36463020E+01 0.36463020E+01 0.36463020E+01
 0.13710000E+01 0.36449184E+01 0.36449184E+01 0.36449184E+01
 0.13810000E+01 0.36435051E+01 0.36435051E+01 0.36435051E+01
 0.13910000E+01 0.36420591E+01 0.36420591E+01 0.36420591E+01
 0.14010000E+01 0.36405838E+01 0.36405838E+01 0.36405838E+01
 0.14110000E+01 0.36390724E+01 0.36390724E+01 0.36390724E+01
 0.14210000E+01 0.36375284E+01 0.36375284E+01 0.36375284E+01
 0.14310000E+01 0.36359472E+01 0.36359472E+01 0.36359472E+01
 0.14410000E+01 0.36343322E+01 0.36343322E+01 0.36343322E+01
 0.14510000E+01 0.36326768E+01 0.36326768E+01 0.36326768E+01
 0.14610000E+01 0.36309819E+01 0.36309819E+01 0.36309819E+01
 0.14710000E+01 0.36292465E+01 0.36292465E+01 0.36292465E+01
 0.14810000E+01 0.36274681E+01 0.36274681E+01 0.36274681E+01
 0.14910000E+01 0.36256480E+01 0.36256480E+01 0.36256480E+01
 0.15010000E+01 0.36237795E+01 0.36237795E+01 0.36237795E+01
 0.15110000E+01 0.36218660E+01 0.36218660E+01 0.36218660E+01
 0.15210000E+01 0.36198986E+01 0.36198986E+01 0.36198986E+01
 0.15310000E+01 0.36178823E+01 0.36178823E+01 0.36178823E+01
 0.15410000E+01 0.36158099E+01 0.36158099E+01 0.36158099E+01
 0.15510000E+01 0.36136839E+01 0.36136839E+01 0.36136839E+01
 0.15610000E+01 0.36114972E+01 0.36114972E+01 0.36114972E+01
 0.15710000E+01 0.36092520E+01 0.36092520E+01 0.36092520E+01
 0.15810000E+01 0.36069391E+01 0.36069391E+01 0.36069391E+01
 0.15910000E+01 0.36045611E+01 0.36045611E+01 0.36045611E+01
 0.16010000E+01 0.36021113E+01 0.36021113E+01 0.36021113E+01
 0.16110000E+01 0.35995884E+01 0.35995884E+01 0.35995884E+01
 0.16210000E+01 0.35969861E+01 0.35969861E+01 0.35969861E+01
 0.16310000E+01 0.35943050E+01 0.35943050E+01 0.35943050E+01
 0.16410000E+01 0.35915358E+01 0.35915358E+01 0.35915358E+01
 0.16510000E+01 0.35886767E+01 0.35886767E+01 0.35886767E+01
 0.16610000E+01 0.35857184E+01 0.35857184E+01 0.35857184E+01
 0.16710000E+01 0.35826623E+01 0.35826623E+01 0.35826623E+01
 0.16810000E+01 0.35794942E+01 0.35794942E+01 0.35794942E+01
 0.16910000E+01 0.35762150E+01 0.35762150E+01 0.35762150E+01
 0.17010000E+01 0.35728114E+01 0.35728114E+01 0.35728114E+01
 0.17110000E+01 0.35692794E+01 0.35692794E+01 0.35692794E+01
 0.17210000E+01 0.35656097E+01 0.35656097E+01 0.35656097E+01
 0.17310000E+01 0.35617900E+01 0.35617900E+01 0.35617900E+01
 0.17410000E+01 0.35578132E+01 0.35578132E+01 0.35578132E+01
 0.17510000E+01 0.35536642E+01 0.35536642E+01 0.35536642E+01
 0.17610000E+01 0.35493324E+01 0.35493324E+01 0.35493324E+01
 0.17710000E+01 0.35448017E+01 0.35448017E+01 0.35448017E+01
 0.17810000E+01 0.35400546E+01 0.35400546E+01 0.35400546E+01
 0.17910000E+01 0.35350726E+01 0.35350726E+01 0.35350726E+01
 0.18010000E+01 0.35298364E+01 0.35298364E+01 0.35298364E+01
 0.18050000E+01 0.35276620E+01 0.35276620E+01 0.35276620E+01
 0.18090000E+01 0.35254433E+01 0.35254433E+01 0.35254433E+01
 0.18130000E+01 0.35231762E+01 0.35231762E+01 0.35231762E+01
 0.18170000E+01 0.35208576E+01 0.35208576E+01 0.35208576E+01
 0.18210000E+01 0.35184872E+01 0.35184872E+01 0.35184872E+01
 0.18250000E+01 0.35160615E+01 0.35160615E+01 0.35160615E+01
 0.18290000E+01 0.35135808E+01 0.35135808E+01 0.35135808E+01
 0.18330000E+01 0.35110376E+01 0.35110376E+01 0.35110376E+01
 0.18370000E+01 0.35084345E+01 0.35084345E+01 0.35084345E+01
 0.18410000E+01 0.35057654E+01 0.35057654E+01 0.35057654E+01
 0.18450000E+01 0.35030284E+01 0.35030284E+01 0.35030284E+01
 0.18490000E+01 0.35002210E+01 0.35002210E+01 0.35002210E+01
 0.18530000E+01 0.34973371E+01 0.34973371E+01 0.34973371E+01
 0.18570000E+01 0.34943757E+01 0.34943757E+01 0.34943757E+01
 0.18610000E+01 0.34913301E+01 0.34913301E+01 0.34913301E+01
 0.18650000E+01 0.34881997E+01 0.34881997E+01 0.34881997E+01
 0.18690000E+01 0.34849749E+01 0.34849749E+01 0.34849749E+01
 0.18730000E+01 0.34816549E+01 0.34816549E+01 0.34816549E+01
 0.18770000E+01 0.34782305E+01 0.34782305E+01 0.34782305E+01
 0.18810000E+01 0.34746990E+01 0.34746990E+01 0.34746990E+01
 0.18850000E+01 0.34710522E+01 0.34710522E+01 0.34710522E+01
 0.18890000E+01 0.34672818E+01 0.34672818E+01 0.34672818E+01
 0.18930000E+01 0.34633811E+01 0.34633811E+01 0.34633811E+01
 0.18970000E+01 0.34593413E+01 0.34593413E+01 0.34593413E+01
 0.19010000E+01 0.34551535E+01 0.34551535E+01 0.34551535E+01
 0.19050000E+01 0.34508021E+01 0.34508021E+01 0.34508021E+01
 0.19090000E+01 0.34462812E+01 0.34462812E+01 0.34462812E+01
 0.19130000E+01 0.34415722E+01 0.34415722E+01 0.34415722E+01
 0.19170000E+01 0.34366627E+01 0.34366627E+01 0.34366627E+01
 0.19210000E+01 0.34315352E+01 0.34315352E+01 0.34315352E+01
 0.19250000E+01 0.34261696E+01 0.34261696E+01 0.34261696E+01
 0.19290000E+01 0.34205425E+01 0.34205425E+01 0.34205425E+01
 0.19330000E+01 0.34146295E+01 0.34146295E+01 0.34146295E+01
 0.19370000E+01 0.34084024E+01 0.34084024E+01 0.34084024E+01
 0.19410000E+01 0.34018178E+01 0.34018178E+01 0.34018178E+01
 0.19450000E+01 0.33948443E+01 0.33948443E+01 0.33948443E+01
 0.19490000E+01 0.33874228E+01 0.33874228E+01 0.33874228E+01
 0.19530000E+01 0.33795016E+01 0.33795016E+01 0.33795016E+01
 0.19570000E+01 0.33710015E+01 0.33710015E+01 0.33710015E+01
 0.19610000E+01 0.33618329E+01 0.33618329E+01 0.33618329E+01
 0.19650000E+01 0.33518772E+01 0.33518772E+01 0.33518772E+01
 0.19690000E+01 0.33409853E+01 0.33409853E+01 0.33409853E+01
 0.19730000E+01 0.33289485E+01 0.33289485E+01 0.33289485E+01
 0.19770000E+01 0.33154874E+01 0.33154874E+01 0.33154874E+01
 0.19810000E+01 0.33001912E+01 0.33001912E+01 0.33001912E+01
 0.19850000E+01 0.32824049E+01 0.32824049E+01 0.32824049E+01
 0.19890000E+01 0.32610490E+01 0.32610490E+01 0.32610490E+01
 0.19930000E+01 0.32339468E+01 0.32339468E+01 0.32339468E+01
 0.19970000E+01 0.31952884E+01 0.31952884E+01 0.31952884E+01
 0.20010000E+01 0.31114805E+01 0.31114805E+01 0.31114805E+01
 0.20050000E+01 0.30969086E+01 0.30969086E+01 0.30969086E+01
 0.20090000E+01 0.31087129E+01 0.31087129E+01 0.31087129E+01
 0.20130000E+01 0.31262343E+01 0.31262343E+01 0.31262343E+01
 0.20170000E+01 0.31449418E+01 0.31449418E+01 0.31449418E+01
 0.20210000E+01 0.31634066E+01 0.31634066E+01 0.31634066E+01
 0.20250000E+01 0.31811426E+01 0.31811426E+01 0.31811426E+01
 0.20290000E+01 0.31980007E+01 0.31980007E+01 0.31980007E+01
 0.20330000E+01 0.32139688E+01 0.32139688E+01 0.32139688E+01
 0.20370000E+01 0.32290828E+01 0.32290828E+01 0.32290828E+01
 0.20410000E+01 0.32434015E+01 0.32434015E+01 0.32434015E+01
 0.20450000E+01 0.32569888E+01 0.32569888E+01 0.32569888E+01
 0.20490000E+01 0.32699020E+01 0.32699020E+01 0.32699020E+01
 0.20530000E+01 0.32822018E+01 0.32822018E+01 0.32822018E+01
 0.20570000E+01 0.32939360E+01 0.32939360E+01 0.32939360E+01
 0.20610000E+01 0.33051531E+01 0.33051531E+01 0.33051531E+01
 0.20650000E+01 0.33158944E+01 0.33158944E+01 0.33158944E+01
 0.20690000E+01 0.33261976E+01 0.33261976E+01 0.33261976E+01
 0.20730000E+01 0.33360944E+01 0.33360944E+01 0.33360944E+01
 0.20770000E+01 0.33456175E+01 0.33456175E+01 0.33456175E+01
 0.20810000E+01 0.33547916E+01 0.33547916E+01 0.33547916E+01
 0.20850000E+01 0.33636396E+01 0.33636396E+01 0.33636396E+01
 0.20890000E+01 0.33721864E+01 0.33721864E+01 0.33721864E+01
 0.20930000E+01 0.33804483E+01 0.33804483E+01 0.33804483E+01
 0.20970000E+01 0.33884451E+01 0.33884451E+01 0.33884451E+01
 0.21010000E+01 0.33961926E+01 0.33961926E+01 0.33961926E+01
 0.21050000E+01 0.34037049E+01 0.34037049E+01 0.34037049E+01
 0.21090000E+01 0.34109972E+01 0.34109972E+01 0.34109972E+01
 0.21130000E+01 0.34180799E+01 0.34180799E+01 0.34180799E+01
 0.21170000E+01 0.34249659E+01 0.34249659E+01 0.34249659E+01
 0.21210000E+01 0.34316635E+01 0.34316635E+01 0.34316635E+01
 0.21250000E+01 0.34381847E+01 0.34381847E+01 0.34381847E+01
 0.21290000E+01 0.34445369E+01 0.34445369E+01 0.34445369E+01
 0.21330000E+01 0.34507291E+01 0.34507291E+01 0.34507291E+01
 0.21370000E+01 0.34567666E+01 0.34567666E+01 0.34567666E+01
 0.21410000E+01 0.34626586E+01 0.34626586E+01 0.34626586E+01
 0.21450000E+01 0.34684126E+01 0.34684126E+01 0.34684126E+01
 0.21490000E+01 0.34740331E+01 0.34740331E+01 0.34740331E+01
 0.21530000E+01 0.34795263E+01 0.34795263E+01 0.34795263E+01
 0.21570000E+01 0.34848967E+01 0.34848967E+01 0.34848967E+01
 0.21610000E+01 0.34901509E+01 0.34901509E+01 0.34901509E+01
 0.21650000E+01 0.34952919E+01 0.34952919E+01 0.34952919E+01
 0.21690000E+01 0.35003264E+01 0.35003264E+01 0.35003264E+01
 0.21730000E+01 0.35052552E+01 0.35052552E+01 0.35052552E+01
 0.21770000E+01 0.35100844E+01 0.35100844E+01 0.35100844E+01
 0.21810000E+01 0.35148191E+01 0.35148191E+01 0.35148191E+01
 0.21850000E+01 0.35194600E+01 0.35194600E+01 0.35194600E+01
 0.21890000E+01 0.35240119E+01 0.35240119E+01 0.35240119E+01
 0.21930000E+01 0.35284767E+01 0.35284767E+01 0.35284767E+01
 0.21970000E+01 0.35328588E+01 0.35328588E+01 0.35328588E+01
 0.22010000E+01 0.35371599E+01 0.35371599E+01 0.35371599E+01
 0.22210000E+01 0.35575483E+01 0.35575483E+01 0.35575483E+01
 0.22409999E+01 0.35762699E+01 0.35762699E+01 0.35762699E+01
 0.22609999E+01 0.35935528E+01 0.35935528E+01 0.35935528E+01
 0.22809999E+01 0.36095800E+01 0.36095800E+01 0.36095800E+01
 0.23009999E+01 0.36245000E+01 0.36245000E+01 0.36245000E+01
 0.23209999E+01 0.36384385E+01 0.36384385E+01 0.36384385E+01
 0.23409999E+01 0.36514995E+01 0.36514995E+01 0.36514995E+01
 0.23609999E+01 0.36637700E+01 0.36637700E+01 0.36637700E+01
 0.23809999E+01 0.36753242E+01 0.36753242E+01 0.36753242E+01
 0.24009999E+01 0.36862290E+01 0.36862290E+01 0.36862290E+01
 0.24209999E+01 0.36965399E+01 0.36965399E+01 0.36965399E+01
 0.24409999E+01 0.37063069E+01 0.37063069E+01 0.37063069E+01
 0.24609999E+01 0.37155743E+01 0.37155743E+01 0.37155743E+01
 0.24809999E+01 0.37243791E+01 0.37243791E+01 0.37243791E+01
 0.25009999E+01 0.37327583E+01 0.37327583E+01 0.37327583E+01
 0.25209999E+01 0.37407403E+01 0.37407403E+01 0.37407403E+01
 0.25409999E+01 0.37483537E+01 0.37483537E+01 0.37483537E+01
 0.25609999E+01 0.37556238E+01 0.37556238E+01 0.37556238E+01
 0.25809999E+01 0.37625728E+01 0.37625728E+01 0.37625728E+01
 0.26009999E+01 0.37692208E+01 0.37692208E+01 0.37692208E+01
 0.26209999E+01 0.37755871E+01 0.37755871E+01 0.37755871E+01
 0.26409999E+01 0.37816899E+01 0.37816899E+01 0.37816899E+01
 0.26609999E+01 0.37875450E+01 0.37875450E+01 0.37875450E+01
 0.26809999E+01 0.37931643E+01 0.37931643E+01 0.37931643E+01
 0.27009999E+01 0.37985630E+01 0.37985630E+01 0.37985630E+01
 0.27209999E+01 0.38037524E+01 0.38037524E+01 0.38037524E+01
 0.27409999E+01 0.38087432E+01 0.38087432E+01 0.38087432E+01
 0.27609999E+01 0.38135490E+01 0.38135490E+01 0.38135490E+01
 0.27809999E+01 0.38181775E+01 0.38181775E+01 0.38181775E+01
 0.28009999E+01 0.38226388E+01 0.38226388E+01 0.38226388E+01
 0.28209999E+01 0.38269365E+01 0.38269365E+01 0.38269365E+01
 0.28409999E+01 0.38310857E+01 0.38310857E+01 0.38310857E+01
 0.28609999E+01 0.38350897E+01 0.38350897E+01 0.38350897E+01
 0.28809999E+01 0.38389573E+01 0.38389573E+01 0.38389573E+01
 0.29009999E+01 0.38426900E+01 0.38426900E+01 0.38426900E+01
 0.29209999E+01 0.38463011E+01 0.38463011E+01 0.38463011E+01
 0.29409999E+01 0.38497934E+01 0.38497934E+01 0.38497934E+01
 0.29609999E+01 0.38531690E+01 0.38531690E+01 0.38531690E+01
 0.29809999E+01 0.38564377E+01 0.38564377E+01 0.38564377E+01
 0.30009999E+01 0.38596027E+01 0.38596027E+01 0.38596027E+01
 0.31009999E+01 0.38740079E+01 0.38740079E+01 0.38740079E+01
 0.32009999E+01 0.38863835E+01 0.38863835E+01 0.38863835E+01
 0.33009999E+01 0.38971007E+01 0.38971007E+01 0.38971007E+01
 0.34009999E+01 0.39064372E+01 0.39064372E+01 0.39064372E+01
 0.35009999E+01 0.39146228E+01 0.39146228E+01 0.39146228E+01
 0.36009999E+01 0.39218376E+01 0.39218376E+01 0.39218376E+01
 0.37009999E+01 0.39282265E+01 0.39282265E+01 0.39282265E+01
 0.38009999E+01 0.39339080E+01 0.39339080E+01 0.39339080E+01
 0.39009999E+01 0.39389811E+01 0.39389811E+01 0.39389811E+01
 0.40009999E+01 0.39435313E+01 0.39435313E+01 0.39435313E+01
 0.41009999E+01 0.39476199E+01 0.39476199E+01 0.39476199E+01
 0.42010000E+01 0.39513113E+01 0.39513113E+01 0.39513113E+01
 0.43010000E+01 0.39546509E+01 0.39546509E+01 0.39546509E+01
 0.44010000E+01 0.39576855E+01 0.39576855E+01 0.39576855E+01
 0.45010000E+01 0.39604437E+01 0.39604437E+01 0.39604437E+01
 0.46010000E+01 0.39629600E+01 0.39629600E+01 0.39629600E+01
 0.47010000E+01 0.39652629E+01 0.39652629E+01 0.39652629E+01
 0.48010000E+01 0.39673719E+01 0.39673719E+01 0.39673719E+01
 0.49010000E+01 0.39693098E+01 0.39693098E+01 0.39693098E+01
 0.50010000E+01 0.39710932E+01 0.39710932E+01 0.39710932E+01
 0.51010000E+01 0.39727361E+01 0.39727361E+01 0.39727361E+01
 0.52010000E+01 0.39742577E+01 0.39742577E+01 0.39742577E+01
 0.53010000E+01 0.39756632E+01 0.39756632E+01 0.39756632E+01
 0.54010000E+01 0.39769645E+01 0.39769645E+01 0.39769645E+01
 0.55010000E+01 0.39781740E+01 0.39781740E+01 0.39781740E+01
 0.56010000E+01 0.39792991E+01 0.39792991E+01 0.39792991E+01
 0.57010000E+01 0.39803469E+01 0.39803469E+01 0.39803469E+01
 0.58010000E+01 0.39813235E+01 0.39813235E+01 0.39813235E+01
 0.59010000E+01 0.39822357E+01 0.39822357E+01 0.39822357E+01
 0.60010000E+01 0.39830883E+01 0.39830883E+01 0.39830883E+01
 0.61010000E+01 0.39838860E+01 0.39838860E+01 0.39838860E+01
 0.62010000E+01 0.39846342E+01 0.39846342E+01 0.39846342E+01
 0.63010000E+01 0.39853344E+01 0.39853344E+01 0.39853344E+01
 0.64010000E+01 0.39859948E+01 0.39859948E+01 0.39859948E+01
 0.65010000E+01 0.39866140E+01 0.39866140E+01 0.39866140E+01
 0.66010000E+01 0.39871962E+01 0.39871962E+01 0.39871962E+01
 0.67010000E+01 0.39877481E+01 0.39877481E+01 0.39877481E+01
 0.68010000E+01 0.39882665E+01 0.39882665E+01 0.39882665E+01
 0.69010000E+01 0.39887567E+01 0.39887567E+01 0.39887567E+01
 0.70010000E+01 0.39892192E+01 0.39892192E+01 0.39892192E+01
 0.71010000E+01 0.39896567E+01 0.39896567E+01 0.39896567E+01
 0.72010000E+01 0.39900708E+01 0.39900708E+01 0.39900708E+01
 0.73010000E+01 0.39904628E+01 0.39904628E+01 0.39904628E+01
 0.74010000E+01 0.39908350E+01 0.39908350E+01 0.39908350E+01
 0.75010000E+01 0.39911885E+01 0.39911885E+01 0.39911885E+01
 0.76010000E+01 0.39915242E+01 0.39915242E+01 0.39915242E+01
 0.77010000E+01 0.39918418E+01 0.39918418E+01 0.39918418E+01
 0.78010000E+01 0.39921446E+01 0.39921446E+01 0.39921446E+01
 0.79010000E+01 0.39924350E+01 0.39924350E+01 0.39924350E+01
 0.80010000E+01 0.39927096E+01 0.39927096E+01 0.39927096E+01
 0.81010000E+01 0.39929731E+01 0.39929731E+01 0.39929731E+01
 0.82010000E+01 0.39932218E+01 0.39932218E+01 0.39932218E+01
 0.83010000E+01 0.39934585E+01 0.39934585E+01 0.39934585E+01
 0.84010000E+01 0.39936883E+01 0.39936883E+01 0.39936883E+01
 0.85010000E+01 0.39939048E+01 0.39939048E+01 0.39939048E+01
 0.86010000E+01 0.39941127E+01 0.39941127E+01 0.39941127E+01
 0.87010000E+01 0.39943113E+01 0.39943113E+01 0.39943113E+01
 0.88010000E+01 0.39945009E+01 0.39945009E+01 0.39945009E+01
 0.89010000E+01 0.39946823E+01 0.39946823E+01 0.39946823E+01
 0.90010000E+01 0.39948575E+01 0.39948575E+01 0.39948575E+01
 0.91010000E+01 0.39950256E+01 0.39950256E+01 0.39950256E+01
 0.92010000E+01 0.39951851E+01 0.39951851E+01 0.39951851E+01
 0.93010000E+01 0.39953394E+01 0.39953394E+01 0.39953394E+01
 0.94010000E+01 0.39954879E+01 0.39954879E+01 0.39954879E+01
 0.95010000E+01 0.39956295E+01 0.39956295E+01 0.39956295E+01
 0.96010000E+01 0.39957654E+01 0.39957654E+01 0.39957654E+01
 0.97010000E+01 0.39958985E+01 0.39958985E+01 0.39958985E+01
 0.98010000E+01 0.39960234E+01 0.39960234E+01 0.39960234E+01
 0.99010000E+01 0.39961457E+01 0.39961457E+01 0.39961457E+01
