 -.375000E-01 0.283623E-01
 -.125000E-01 0.283623E-01
 0.125000E-01 0.283623E-01
 0.375000E-01 0.283623E-01




 -.375000E-01 0.283901E-01
 -.125000E-01 0.283901E-01
 0.125000E-01 0.283901E-01
 0.375000E-01 0.283901E-01




 -.375000E-01 0.284933E-01
 -.125000E-01 0.284933E-01
 0.125000E-01 0.284933E-01
 0.375000E-01 0.284933E-01




 -.375000E-01 0.288687E-01
 -.125000E-01 0.288687E-01
 0.125000E-01 0.288687E-01
 0.375000E-01 0.288687E-01




 -.375000E-01 0.575674E-01
 -.125000E-01 0.575674E-01
 0.125000E-01 0.575674E-01
 0.375000E-01 0.575674E-01




 -.375000E-01 0.234326E+00
 -.125000E-01 0.234326E+00
 0.125000E-01 0.234326E+00
 0.375000E-01 0.234326E+00




 -.375000E-01 0.280044E+00
 -.125000E-01 0.280044E+00
 0.125000E-01 0.280044E+00
 0.375000E-01 0.280044E+00




 -.375000E-01 0.300399E+00
 -.125000E-01 0.300399E+00
 0.125000E-01 0.300399E+00
 0.375000E-01 0.300399E+00




 -.375000E-01 0.308114E+00
 -.125000E-01 0.308114E+00
 0.125000E-01 0.308114E+00
 0.375000E-01 0.308114E+00




 -.375000E-01 0.306636E+00
 -.125000E-01 0.306636E+00
 0.125000E-01 0.306636E+00
 0.375000E-01 0.306636E+00




 -.375000E-01 0.295351E+00
 -.125000E-01 0.295351E+00
 0.125000E-01 0.295351E+00
 0.375000E-01 0.295351E+00




 -.375000E-01 0.268814E+00
 -.125000E-01 0.268814E+00
 0.125000E-01 0.268814E+00
 0.375000E-01 0.268814E+00




 -.375000E-01 0.206575E+00
 -.125000E-01 0.206575E+00
 0.125000E-01 0.206575E+00
 0.375000E-01 0.206575E+00




 -.375000E-01 0.305882E-01
 -.125000E-01 0.305882E-01
 0.125000E-01 0.305882E-01
 0.375000E-01 0.305882E-01




 -.375000E-01 0.286755E-01
 -.125000E-01 0.286755E-01
 0.125000E-01 0.286755E-01
 0.375000E-01 0.286755E-01




 -.375000E-01 0.284457E-01
 -.125000E-01 0.284457E-01
 0.125000E-01 0.284457E-01
 0.375000E-01 0.284457E-01




 -.375000E-01 0.283751E-01
 -.125000E-01 0.283751E-01
 0.125000E-01 0.283751E-01
 0.375000E-01 0.283751E-01




