 0.99999998E-03 0.54073455E-04 0.54073455E-04 0.54073455E-04
 0.29999999E-02 0.55875724E-04 0.55875724E-04 0.55875724E-04
 0.49999999E-02 0.57958641E-04 0.57958641E-04 0.57958641E-04
 0.69999998E-02 0.58230602E-04 0.58230602E-04 0.58230602E-04
 0.89999998E-02 0.57417594E-04 0.57417594E-04 0.57417594E-04
 0.11000000E-01 0.56987585E-04 0.56987585E-04 0.56987585E-04
 0.13000000E-01 0.57409772E-04 0.57409772E-04 0.57409772E-04
 0.15000000E-01 0.57845646E-04 0.57845646E-04 0.57845646E-04
 0.17000000E-01 0.57628880E-04 0.57628880E-04 0.57628880E-04
 0.19000000E-01 0.57265221E-04 0.57265221E-04 0.57265221E-04
 0.21000000E-01 0.57302957E-04 0.57302957E-04 0.57302957E-04
 0.22999999E-01 0.57650810E-04 0.57650810E-04 0.57650810E-04
 0.24999999E-01 0.57685087E-04 0.57685087E-04 0.57685087E-04
 0.26999999E-01 0.57433463E-04 0.57433463E-04 0.57433463E-04
 0.28999999E-01 0.57314341E-04 0.57314341E-04 0.57314341E-04
 0.30999999E-01 0.57517867E-04 0.57517867E-04 0.57517867E-04
 0.32999999E-01 0.57676658E-04 0.57676658E-04 0.57676658E-04
 0.34999999E-01 0.57546033E-04 0.57546033E-04 0.57546033E-04
 0.36999999E-01 0.57379602E-04 0.57379602E-04 0.57379602E-04
 0.38999999E-01 0.57441710E-04 0.57441710E-04 0.57441710E-04
 0.40999999E-01 0.57631540E-04 0.57631540E-04 0.57631540E-04
 0.42999999E-01 0.57616813E-04 0.57616813E-04 0.57616813E-04
 0.44999999E-01 0.57465077E-04 0.57465077E-04 0.57465077E-04
 0.46999999E-01 0.57423571E-04 0.57423571E-04 0.57423571E-04
 0.48999999E-01 0.57572404E-04 0.57572404E-04 0.57572404E-04
 0.50999999E-01 0.57649369E-04 0.57649369E-04 0.57649369E-04
 0.52999999E-01 0.57548117E-04 0.57548117E-04 0.57548117E-04
 0.54999999E-01 0.57452758E-04 0.57452758E-04 0.57452758E-04
 0.56999999E-01 0.57524489E-04 0.57524489E-04 0.57524489E-04
 0.58999999E-01 0.57649377E-04 0.57649377E-04 0.57649377E-04
 0.60999999E-01 0.57617573E-04 0.57617573E-04 0.57617573E-04
 0.62999999E-01 0.57512236E-04 0.57512236E-04 0.57512236E-04
 0.64999999E-01 0.57507114E-04 0.57507114E-04 0.57507114E-04
 0.66999999E-01 0.57626843E-04 0.57626843E-04 0.57626843E-04
 0.68999998E-01 0.57665271E-04 0.57665271E-04 0.57665271E-04
 0.70999998E-01 0.57582649E-04 0.57582649E-04 0.57582649E-04
 0.72999998E-01 0.57525802E-04 0.57525802E-04 0.57525802E-04
 0.74999998E-01 0.57600533E-04 0.57600533E-04 0.57600533E-04
 0.76999998E-01 0.57688743E-04 0.57688743E-04 0.57688743E-04
 0.78999998E-01 0.57651330E-04 0.57651330E-04 0.57651330E-04
 0.80999998E-01 0.57574649E-04 0.57574649E-04 0.57574649E-04
 0.82999998E-01 0.57590056E-04 0.57590056E-04 0.57590056E-04
 0.84999998E-01 0.57689940E-04 0.57689940E-04 0.57689940E-04
 0.86999998E-01 0.57707723E-04 0.57707723E-04 0.57707723E-04
 0.88999998E-01 0.57639492E-04 0.57639492E-04 0.57639492E-04
 0.90999998E-01 0.57606983E-04 0.57606983E-04 0.57606983E-04
 0.92999998E-01 0.57681198E-04 0.57681198E-04 0.57681198E-04
 0.94999998E-01 0.57746387E-04 0.57746387E-04 0.57746387E-04
 0.96999998E-01 0.57708803E-04 0.57708803E-04 0.57708803E-04
 0.98999998E-01 0.57652036E-04 0.57652036E-04 0.57652036E-04
 0.10100000E+00 0.57679550E-04 0.57679550E-04 0.57679550E-04
 0.11100000E+00 0.57770812E-04 0.57770812E-04 0.57770812E-04
 0.12100000E+00 0.57853245E-04 0.57853245E-04 0.57853245E-04
 0.13100000E+00 0.57913658E-04 0.57913658E-04 0.57913658E-04
 0.14100000E+00 0.57956808E-04 0.57956808E-04 0.57956808E-04
 0.15100000E+00 0.57997080E-04 0.57997080E-04 0.57997080E-04
 0.16100000E+00 0.58044814E-04 0.58044814E-04 0.58044814E-04
 0.17100000E+00 0.58109039E-04 0.58109039E-04 0.58109039E-04
 0.18100000E+00 0.58192807E-04 0.58192807E-04 0.58192807E-04
 0.19100000E+00 0.58295260E-04 0.58295260E-04 0.58295260E-04
 0.20100000E+00 0.58407604E-04 0.58407604E-04 0.58407604E-04
 0.21100000E+00 0.58520371E-04 0.58520371E-04 0.58520371E-04
 0.22100000E+00 0.58628353E-04 0.58628353E-04 0.58628353E-04
 0.23099999E+00 0.58730817E-04 0.58730817E-04 0.58730817E-04
 0.24099999E+00 0.58832440E-04 0.58832440E-04 0.58832440E-04
 0.25099999E+00 0.58936115E-04 0.58936115E-04 0.58936115E-04
 0.26099999E+00 0.59046106E-04 0.59046106E-04 0.59046106E-04
 0.27099999E+00 0.59163332E-04 0.59163332E-04 0.59163332E-04
 0.28099999E+00 0.59290360E-04 0.59290360E-04 0.59290360E-04
 0.29099999E+00 0.59426591E-04 0.59426591E-04 0.59426591E-04
 0.30099999E+00 0.59573300E-04 0.59573300E-04 0.59573300E-04
 0.31099999E+00 0.59728503E-04 0.59728503E-04 0.59728503E-04
 0.32099999E+00 0.59892158E-04 0.59892158E-04 0.59892158E-04
 0.33099999E+00 0.60062284E-04 0.60062284E-04 0.60062284E-04
 0.34099999E+00 0.60238475E-04 0.60238475E-04 0.60238475E-04
 0.35099999E+00 0.60420090E-04 0.60420090E-04 0.60420090E-04
 0.36099999E+00 0.60606821E-04 0.60606821E-04 0.60606821E-04
 0.37099999E+00 0.60799313E-04 0.60799313E-04 0.60799313E-04
 0.38099999E+00 0.60997161E-04 0.60997161E-04 0.60997161E-04
 0.39099999E+00 0.61201681E-04 0.61201681E-04 0.61201681E-04
 0.40099999E+00 0.61412153E-04 0.61412153E-04 0.61412153E-04
 0.41099999E+00 0.61630097E-04 0.61630097E-04 0.61630097E-04
 0.42099999E+00 0.61854487E-04 0.61854487E-04 0.61854487E-04
 0.43099999E+00 0.62086765E-04 0.62086765E-04 0.62086765E-04
 0.44099999E+00 0.62325700E-04 0.62325700E-04 0.62325700E-04
 0.45099999E+00 0.62572493E-04 0.62572493E-04 0.62572493E-04
 0.46099999E+00 0.62825937E-04 0.62825937E-04 0.62825937E-04
 0.47099999E+00 0.63086911E-04 0.63086911E-04 0.63086911E-04
 0.48099999E+00 0.63354921E-04 0.63354921E-04 0.63354921E-04
 0.49099999E+00 0.63630781E-04 0.63630781E-04 0.63630781E-04
 0.50099999E+00 0.63916072E-04 0.63916072E-04 0.63916072E-04
 0.51099999E+00 0.64211934E-04 0.64211934E-04 0.64211934E-04
 0.52099999E+00 0.64522428E-04 0.64522428E-04 0.64522428E-04
 0.53099999E+00 0.64847729E-04 0.64847729E-04 0.64847729E-04
 0.54099999E+00 0.65190980E-04 0.65190980E-04 0.65190980E-04
 0.55099999E+00 0.65549408E-04 0.65549408E-04 0.65549408E-04
 0.56099999E+00 0.65923472E-04 0.65923472E-04 0.65923472E-04
 0.57099999E+00 0.66309993E-04 0.66309993E-04 0.66309993E-04
 0.58099999E+00 0.66707587E-04 0.66707587E-04 0.66707587E-04
 0.59099999E+00 0.67107045E-04 0.67107045E-04 0.67107045E-04
 0.60099999E+00 0.67503730E-04 0.67503730E-04 0.67503730E-04
 0.61099999E+00 0.67901790E-04 0.67901790E-04 0.67901790E-04
 0.62099999E+00 0.68323468E-04 0.68323468E-04 0.68323468E-04
 0.63099999E+00 0.68787318E-04 0.68787318E-04 0.68787318E-04
 0.64099999E+00 0.69284513E-04 0.69284513E-04 0.69284513E-04
 0.65099999E+00 0.69805232E-04 0.69805232E-04 0.69805232E-04
 0.66099999E+00 0.70336508E-04 0.70336508E-04 0.70336508E-04
 0.67099999E+00 0.70854527E-04 0.70854527E-04 0.70854527E-04
 0.68099998E+00 0.71359056E-04 0.71359056E-04 0.71359056E-04
 0.69099998E+00 0.71913877E-04 0.71913877E-04 0.71913877E-04
 0.70099998E+00 0.72539340E-04 0.72539340E-04 0.72539340E-04
 0.71099998E+00 0.73199284E-04 0.73199284E-04 0.73199284E-04
 0.72099998E+00 0.73870680E-04 0.73870680E-04 0.73870680E-04
 0.73099998E+00 0.74497519E-04 0.74497519E-04 0.74497519E-04
 0.74099998E+00 0.75153032E-04 0.75153032E-04 0.75153032E-04
 0.75099998E+00 0.75922646E-04 0.75922646E-04 0.75922646E-04
 0.76099998E+00 0.76744407E-04 0.76744407E-04 0.76744407E-04
 0.77099998E+00 0.77569748E-04 0.77569748E-04 0.77569748E-04
 0.78099998E+00 0.78328929E-04 0.78328929E-04 0.78328929E-04
 0.79099998E+00 0.79210113E-04 0.79210113E-04 0.79210113E-04
 0.80099998E+00 0.80210688E-04 0.80210688E-04 0.80210688E-04
 0.81099998E+00 0.81242448E-04 0.81242448E-04 0.81242448E-04
 0.82099998E+00 0.82180348E-04 0.82180348E-04 0.82180348E-04
 0.83099998E+00 0.83271683E-04 0.83271683E-04 0.83271683E-04
 0.84099998E+00 0.84522690E-04 0.84522690E-04 0.84522690E-04
 0.85099998E+00 0.85803491E-04 0.85803491E-04 0.85803491E-04
 0.86099998E+00 0.86982705E-04 0.86982705E-04 0.86982705E-04
 0.87099998E+00 0.88463428E-04 0.88463428E-04 0.88463428E-04
 0.88099998E+00 0.90101596E-04 0.90101596E-04 0.90101596E-04
 0.89099998E+00 0.91639238E-04 0.91639238E-04 0.91639238E-04
 0.90099998E+00 0.93387207E-04 0.93387207E-04 0.93387207E-04
 0.91099998E+00 0.95492120E-04 0.95492120E-04 0.95492120E-04
 0.92099998E+00 0.97629338E-04 0.97629338E-04 0.97629338E-04
 0.93099998E+00 0.99877900E-04 0.99877900E-04 0.99877900E-04
 0.94099998E+00 0.10278328E-03 0.10278328E-03 0.10278328E-03
 0.95099998E+00 0.10592111E-03 0.10592111E-03 0.10592111E-03
 0.96099998E+00 0.10933009E-03 0.10933009E-03 0.10933009E-03
 0.97099998E+00 0.11407612E-03 0.11407612E-03 0.11407612E-03
 0.98099998E+00 0.11980233E-03 0.11980233E-03 0.11980233E-03
 0.99099998E+00 0.12814850E-03 0.12814850E-03 0.12814850E-03
 0.10010000E+01 0.15752675E-03 0.15752675E-03 0.15752675E-03
 0.10110000E+01 0.17968088E-03 0.17968088E-03 0.17968088E-03
 0.10210000E+01 0.18754037E-03 0.18754037E-03 0.18754037E-03
 0.10310000E+01 0.19222537E-03 0.19222537E-03 0.19222537E-03
 0.10410000E+01 0.19495733E-03 0.19495733E-03 0.19495733E-03
 0.10510000E+01 0.19718471E-03 0.19718471E-03 0.19718471E-03
 0.10610000E+01 0.19824259E-03 0.19824259E-03 0.19824259E-03
 0.10710000E+01 0.19870304E-03 0.19870304E-03 0.19870304E-03
 0.10810000E+01 0.19903693E-03 0.19903693E-03 0.19903693E-03
 0.10910000E+01 0.19844453E-03 0.19844453E-03 0.19844453E-03
 0.11010000E+01 0.19812345E-03 0.19812345E-03 0.19812345E-03
 0.11110000E+01 0.19724830E-03 0.19724830E-03 0.19724830E-03
 0.11210000E+01 0.19635282E-03 0.19635282E-03 0.19635282E-03
 0.11310000E+01 0.19533801E-03 0.19533801E-03 0.19533801E-03
 0.11410000E+01 0.19396316E-03 0.19396316E-03 0.19396316E-03
 0.11510000E+01 0.19278994E-03 0.19278994E-03 0.19278994E-03
 0.11610000E+01 0.19109427E-03 0.19109427E-03 0.19109427E-03
 0.11710000E+01 0.18976307E-03 0.18976307E-03 0.18976307E-03
 0.11810000E+01 0.18812367E-03 0.18812367E-03 0.18812367E-03
 0.11910000E+01 0.18653291E-03 0.18653291E-03 0.18653291E-03
 0.12010000E+01 0.18480342E-03 0.18480342E-03 0.18480342E-03
 0.12110000E+01 0.18317568E-03 0.18317568E-03 0.18317568E-03
 0.12210000E+01 0.18147060E-03 0.18147060E-03 0.18147060E-03
 0.12310000E+01 0.17974700E-03 0.17974700E-03 0.17974700E-03
 0.12410000E+01 0.17802085E-03 0.17802085E-03 0.17802085E-03
 0.12510000E+01 0.17622759E-03 0.17622759E-03 0.17622759E-03
 0.12610000E+01 0.17453157E-03 0.17453157E-03 0.17453157E-03
 0.12710000E+01 0.17272220E-03 0.17272220E-03 0.17272220E-03
 0.12810000E+01 0.17103083E-03 0.17103083E-03 0.17103083E-03
 0.12910000E+01 0.16921578E-03 0.16921578E-03 0.16921578E-03
 0.13010000E+01 0.16751411E-03 0.16751411E-03 0.16751411E-03
 0.13110000E+01 0.16574922E-03 0.16574922E-03 0.16574922E-03
 0.13210000E+01 0.16405650E-03 0.16405650E-03 0.16405650E-03
 0.13310000E+01 0.16237401E-03 0.16237401E-03 0.16237401E-03
 0.13410000E+01 0.16061441E-03 0.16061441E-03 0.16061441E-03
 0.13510000E+01 0.15899695E-03 0.15899695E-03 0.15899695E-03
 0.13610000E+01 0.15726357E-03 0.15726357E-03 0.15726357E-03
 0.13710000E+01 0.15571975E-03 0.15571975E-03 0.15571975E-03
 0.13810000E+01 0.15401721E-03 0.15401721E-03 0.15401721E-03
 0.13910000E+01 0.15255070E-03 0.15255070E-03 0.15255070E-03
 0.14010000E+01 0.15091256E-03 0.15091256E-03 0.15091256E-03
 0.14110000E+01 0.14944171E-03 0.14944171E-03 0.14944171E-03
 0.14210000E+01 0.14785827E-03 0.14785827E-03 0.14785827E-03
 0.14310000E+01 0.14636840E-03 0.14636840E-03 0.14636840E-03
 0.14410000E+01 0.14487089E-03 0.14487089E-03 0.14487089E-03
 0.14510000E+01 0.14334379E-03 0.14334379E-03 0.14334379E-03
 0.14610000E+01 0.14200767E-03 0.14200767E-03 0.14200767E-03
 0.14710000E+01 0.14051847E-03 0.14051847E-03 0.14051847E-03
 0.14810000E+01 0.13926016E-03 0.13926016E-03 0.13926016E-03
 0.14910000E+01 0.13786943E-03 0.13786943E-03 0.13786943E-03
 0.15010000E+01 0.13651766E-03 0.13651766E-03 0.13651766E-03
 0.15110000E+01 0.13527385E-03 0.13527385E-03 0.13527385E-03
 0.15210000E+01 0.13389782E-03 0.13389782E-03 0.13389782E-03
 0.15310000E+01 0.13277530E-03 0.13277530E-03 0.13277530E-03
 0.15410000E+01 0.13147287E-03 0.13147287E-03 0.13147287E-03
 0.15510000E+01 0.13030105E-03 0.13030105E-03 0.13030105E-03
 0.15610000E+01 0.12909707E-03 0.12909707E-03 0.12909707E-03
 0.15710000E+01 0.12794242E-03 0.12794242E-03 0.12794242E-03
 0.15810000E+01 0.12691536E-03 0.12691536E-03 0.12691536E-03
 0.15910000E+01 0.12578840E-03 0.12578840E-03 0.12578840E-03
 0.16010000E+01 0.12467445E-03 0.12467445E-03 0.12467445E-03
 0.16110000E+01 0.12374386E-03 0.12374386E-03 0.12374386E-03
 0.16210000E+01 0.12271594E-03 0.12271594E-03 0.12271594E-03
 0.16310000E+01 0.12180825E-03 0.12180825E-03 0.12180825E-03
 0.16410000E+01 0.12084320E-03 0.12084320E-03 0.12084320E-03
 0.16510000E+01 0.11994859E-03 0.11994859E-03 0.11994859E-03
 0.16610000E+01 0.11916367E-03 0.11916367E-03 0.11916367E-03
 0.16710000E+01 0.11835735E-03 0.11835735E-03 0.11835735E-03
 0.16810000E+01 0.11750193E-03 0.11750193E-03 0.11750193E-03
 0.16910000E+01 0.11686739E-03 0.11686739E-03 0.11686739E-03
 0.17010000E+01 0.11610999E-03 0.11610999E-03 0.11610999E-03
 0.17110000E+01 0.11541306E-03 0.11541306E-03 0.11541306E-03
 0.17210000E+01 0.11491979E-03 0.11491979E-03 0.11491979E-03
 0.17310000E+01 0.11433276E-03 0.11433276E-03 0.11433276E-03
 0.17410000E+01 0.11380109E-03 0.11380109E-03 0.11380109E-03
 0.17510000E+01 0.11344155E-03 0.11344155E-03 0.11344155E-03
 0.17610000E+01 0.11305221E-03 0.11305221E-03 0.11305221E-03
 0.17710000E+01 0.11271186E-03 0.11271186E-03 0.11271186E-03
 0.17810000E+01 0.11256959E-03 0.11256959E-03 0.11256959E-03
 0.17910000E+01 0.11238052E-03 0.11238052E-03 0.11238052E-03
 0.18010000E+01 0.11229547E-03 0.11229547E-03 0.11229547E-03
 0.18050000E+01 0.11232532E-03 0.11232532E-03 0.11232532E-03
 0.18090000E+01 0.11240512E-03 0.11240512E-03 0.11240512E-03
 0.18130000E+01 0.11241107E-03 0.11241107E-03 0.11241107E-03
 0.18170000E+01 0.11246828E-03 0.11246828E-03 0.11246828E-03
 0.18210000E+01 0.11254244E-03 0.11254244E-03 0.11254244E-03
 0.18250000E+01 0.11266892E-03 0.11266892E-03 0.11266892E-03
 0.18290000E+01 0.11276529E-03 0.11276529E-03 0.11276529E-03
 0.18330000E+01 0.11289401E-03 0.11289401E-03 0.11289401E-03
 0.18370000E+01 0.11315435E-03 0.11315435E-03 0.11315435E-03
 0.18410000E+01 0.11339188E-03 0.11339188E-03 0.11339188E-03
 0.18450000E+01 0.11359858E-03 0.11359858E-03 0.11359858E-03
 0.18490000E+01 0.11383150E-03 0.11383150E-03 0.11383150E-03
 0.18530000E+01 0.11414559E-03 0.11414559E-03 0.11414559E-03
 0.18570000E+01 0.11449555E-03 0.11449555E-03 0.11449555E-03
 0.18610000E+01 0.11483153E-03 0.11483153E-03 0.11483153E-03
 0.18650000E+01 0.11524919E-03 0.11524919E-03 0.11524919E-03
 0.18690000E+01 0.11574443E-03 0.11574443E-03 0.11574443E-03
 0.18730000E+01 0.11633180E-03 0.11633180E-03 0.11633180E-03
 0.18770000E+01 0.11685616E-03 0.11685616E-03 0.11685616E-03
 0.18810000E+01 0.11743880E-03 0.11743880E-03 0.11743880E-03
 0.18850000E+01 0.11813061E-03 0.11813061E-03 0.11813061E-03
 0.18890000E+01 0.11887529E-03 0.11887529E-03 0.11887529E-03
 0.18930000E+01 0.11967187E-03 0.11967187E-03 0.11967187E-03
 0.18970000E+01 0.12057400E-03 0.12057400E-03 0.12057400E-03
 0.19010000E+01 0.12159880E-03 0.12159880E-03 0.12159880E-03
 0.19050000E+01 0.12274022E-03 0.12274022E-03 0.12274022E-03
 0.19090000E+01 0.12400837E-03 0.12400837E-03 0.12400837E-03
 0.19130000E+01 0.12527444E-03 0.12527444E-03 0.12527444E-03
 0.19170000E+01 0.12672548E-03 0.12672548E-03 0.12672548E-03
 0.19210000E+01 0.12838046E-03 0.12838046E-03 0.12838046E-03
 0.19250000E+01 0.13020661E-03 0.13020661E-03 0.13020661E-03
 0.19290000E+01 0.13221173E-03 0.13221173E-03 0.13221173E-03
 0.19330000E+01 0.13447633E-03 0.13447633E-03 0.13447633E-03
 0.19370000E+01 0.13711970E-03 0.13711970E-03 0.13711970E-03
 0.19410000E+01 0.14000236E-03 0.14000236E-03 0.14000236E-03
 0.19450000E+01 0.14336134E-03 0.14336134E-03 0.14336134E-03
 0.19490000E+01 0.14700621E-03 0.14700621E-03 0.14700621E-03
 0.19530000E+01 0.15135223E-03 0.15135223E-03 0.15135223E-03
 0.19570000E+01 0.15640295E-03 0.15640295E-03 0.15640295E-03
 0.19610000E+01 0.16234002E-03 0.16234002E-03 0.16234002E-03
 0.19650000E+01 0.16937908E-03 0.16937908E-03 0.16937908E-03
 0.19690000E+01 0.17797988E-03 0.17797988E-03 0.17797988E-03
 0.19730000E+01 0.18868472E-03 0.18868472E-03 0.18868472E-03
 0.19770000E+01 0.20234025E-03 0.20234025E-03 0.20234025E-03
 0.19810000E+01 0.22043285E-03 0.22043285E-03 0.22043285E-03
 0.19850000E+01 0.24523193E-03 0.24523193E-03 0.24523193E-03
 0.19890000E+01 0.28295955E-03 0.28295955E-03 0.28295955E-03
 0.19930000E+01 0.34834660E-03 0.34834660E-03 0.34834660E-03
 0.19970000E+01 0.50496374E-03 0.50496374E-03 0.50496374E-03
 0.20010000E+01 0.52085871E+00 0.52085871E+00 0.52085871E+00
 0.20050000E+01 0.20456181E+01 0.20456181E+01 0.20456181E+01
 0.20090000E+01 0.30499208E+01 0.30499208E+01 0.30499208E+01
 0.20130000E+01 0.37707150E+01 0.37707150E+01 0.37707150E+01
 0.20170000E+01 0.43169775E+01 0.43169775E+01 0.43169775E+01
 0.20210000E+01 0.47467546E+01 0.47467546E+01 0.47467546E+01
 0.20250000E+01 0.50942106E+01 0.50942106E+01 0.50942106E+01
 0.20290000E+01 0.53809104E+01 0.53809104E+01 0.53809104E+01
 0.20330000E+01 0.56212726E+01 0.56212726E+01 0.56212726E+01
 0.20370000E+01 0.58253183E+01 0.58253183E+01 0.58253183E+01
 0.20410000E+01 0.60002913E+01 0.60002913E+01 0.60002913E+01
 0.20450000E+01 0.61515727E+01 0.61515727E+01 0.61515727E+01
 0.20490000E+01 0.62832050E+01 0.62832050E+01 0.62832050E+01
 0.20530000E+01 0.63983755E+01 0.63983755E+01 0.63983755E+01
 0.20570000E+01 0.64995728E+01 0.64995728E+01 0.64995728E+01
 0.20610000E+01 0.65888023E+01 0.65888023E+01 0.65888023E+01
 0.20650000E+01 0.66676912E+01 0.66676912E+01 0.66676912E+01
 0.20690000E+01 0.67375603E+01 0.67375603E+01 0.67375603E+01
 0.20730000E+01 0.67995195E+01 0.67995195E+01 0.67995195E+01
 0.20770000E+01 0.68545113E+01 0.68545113E+01 0.68545113E+01
 0.20810000E+01 0.69033203E+01 0.69033203E+01 0.69033203E+01
 0.20850000E+01 0.69465966E+01 0.69465966E+01 0.69465966E+01
 0.20890000E+01 0.69849362E+01 0.69849362E+01 0.69849362E+01
 0.20930000E+01 0.70188265E+01 0.70188265E+01 0.70188265E+01
 0.20970000E+01 0.70487061E+01 0.70487061E+01 0.70487061E+01
 0.21010000E+01 0.70749540E+01 0.70749540E+01 0.70749540E+01
 0.21050000E+01 0.70978866E+01 0.70978866E+01 0.70978866E+01
 0.21090000E+01 0.71178060E+01 0.71178060E+01 0.71178060E+01
 0.21130000E+01 0.71349773E+01 0.71349773E+01 0.71349773E+01
 0.21170000E+01 0.71496267E+01 0.71496267E+01 0.71496267E+01
 0.21210000E+01 0.71619568E+01 0.71619568E+01 0.71619568E+01
 0.21250000E+01 0.71721473E+01 0.71721473E+01 0.71721473E+01
 0.21290000E+01 0.71803756E+01 0.71803756E+01 0.71803756E+01
 0.21330000E+01 0.71868000E+01 0.71868000E+01 0.71868000E+01
 0.21370000E+01 0.71915259E+01 0.71915259E+01 0.71915259E+01
 0.21410000E+01 0.71946979E+01 0.71946979E+01 0.71946979E+01
 0.21450000E+01 0.71964235E+01 0.71964235E+01 0.71964235E+01
 0.21490000E+01 0.71968107E+01 0.71968107E+01 0.71968107E+01
 0.21530000E+01 0.71959467E+01 0.71959467E+01 0.71959467E+01
 0.21570000E+01 0.71939158E+01 0.71939158E+01 0.71939158E+01
 0.21610000E+01 0.71907921E+01 0.71907921E+01 0.71907921E+01
 0.21650000E+01 0.71866570E+01 0.71866570E+01 0.71866570E+01
 0.21690000E+01 0.71815848E+01 0.71815848E+01 0.71815848E+01
 0.21730000E+01 0.71756091E+01 0.71756091E+01 0.71756091E+01
 0.21770000E+01 0.71688094E+01 0.71688094E+01 0.71688094E+01
 0.21810000E+01 0.71612263E+01 0.71612263E+01 0.71612263E+01
 0.21850000E+01 0.71529212E+01 0.71529212E+01 0.71529212E+01
 0.21890000E+01 0.71439319E+01 0.71439319E+01 0.71439319E+01
 0.21930000E+01 0.71342993E+01 0.71342993E+01 0.71342993E+01
 0.21970000E+01 0.71240578E+01 0.71240578E+01 0.71240578E+01
 0.22010000E+01 0.71132536E+01 0.71132536E+01 0.71132536E+01
 0.22210000E+01 0.70518613E+01 0.70518613E+01 0.70518613E+01
 0.22409999E+01 0.69806061E+01 0.69806061E+01 0.69806061E+01
 0.22609999E+01 0.69020624E+01 0.69020624E+01 0.69020624E+01
 0.22809999E+01 0.68181767E+01 0.68181767E+01 0.68181767E+01
 0.23009999E+01 0.67304211E+01 0.67304211E+01 0.67304211E+01
 0.23209999E+01 0.66399260E+01 0.66399260E+01 0.66399260E+01
 0.23409999E+01 0.65475726E+01 0.65475726E+01 0.65475726E+01
 0.23609999E+01 0.64540591E+01 0.64540591E+01 0.64540591E+01
 0.23809999E+01 0.63599291E+01 0.63599291E+01 0.63599291E+01
 0.24009999E+01 0.62656255E+01 0.62656255E+01 0.62656255E+01
 0.24209999E+01 0.61714978E+01 0.61714978E+01 0.61714978E+01
 0.24409999E+01 0.60778275E+01 0.60778275E+01 0.60778275E+01
 0.24609999E+01 0.59848413E+01 0.59848413E+01 0.59848413E+01
 0.24809999E+01 0.58927174E+01 0.58927174E+01 0.58927174E+01
 0.25009999E+01 0.58016057E+01 0.58016057E+01 0.58016057E+01
 0.25209999E+01 0.57116170E+01 0.57116170E+01 0.57116170E+01
 0.25409999E+01 0.56228452E+01 0.56228452E+01 0.56228452E+01
 0.25609999E+01 0.55353599E+01 0.55353599E+01 0.55353599E+01
 0.25809999E+01 0.54492145E+01 0.54492145E+01 0.54492145E+01
 0.26009999E+01 0.53644452E+01 0.53644452E+01 0.53644452E+01
 0.26209999E+01 0.52810869E+01 0.52810869E+01 0.52810869E+01
 0.26409999E+01 0.51991606E+01 0.51991606E+01 0.51991606E+01
 0.26609999E+01 0.51186748E+01 0.51186748E+01 0.51186748E+01
 0.26809999E+01 0.50396333E+01 0.50396333E+01 0.50396333E+01
 0.27009999E+01 0.49620376E+01 0.49620376E+01 0.49620376E+01
 0.27209999E+01 0.48858781E+01 0.48858781E+01 0.48858781E+01
 0.27409999E+01 0.48111506E+01 0.48111506E+01 0.48111506E+01
 0.27609999E+01 0.47378430E+01 0.47378430E+01 0.47378430E+01
 0.27809999E+01 0.46659369E+01 0.46659369E+01 0.46659369E+01
 0.28009999E+01 0.45954185E+01 0.45954185E+01 0.45954185E+01
 0.28209999E+01 0.45262623E+01 0.45262623E+01 0.45262623E+01
 0.28409999E+01 0.44584570E+01 0.44584570E+01 0.44584570E+01
 0.28609999E+01 0.43919759E+01 0.43919759E+01 0.43919759E+01
 0.28809999E+01 0.43268008E+01 0.43268008E+01 0.43268008E+01
 0.29009999E+01 0.42628999E+01 0.42628999E+01 0.42628999E+01
 0.29209999E+01 0.42002611E+01 0.42002611E+01 0.42002611E+01
 0.29409999E+01 0.41388535E+01 0.41388535E+01 0.41388535E+01
 0.29609999E+01 0.40786514E+01 0.40786514E+01 0.40786514E+01
 0.29809999E+01 0.40196395E+01 0.40196395E+01 0.40196395E+01
 0.30009999E+01 0.39617863E+01 0.39617863E+01 0.39617863E+01
 0.31009999E+01 0.36890905E+01 0.36890905E+01 0.36890905E+01
 0.32009999E+01 0.34418933E+01 0.34418933E+01 0.34418933E+01
 0.33009999E+01 0.32174833E+01 0.32174833E+01 0.32174833E+01
 0.34009999E+01 0.30133879E+01 0.30133879E+01 0.30133879E+01
 0.35009999E+01 0.28274090E+01 0.28274090E+01 0.28274090E+01
 0.36009999E+01 0.26575909E+01 0.26575909E+01 0.26575909E+01
 0.37009999E+01 0.25022085E+01 0.25022085E+01 0.25022085E+01
 0.38009999E+01 0.23597407E+01 0.23597407E+01 0.23597407E+01
 0.39009999E+01 0.22288485E+01 0.22288485E+01 0.22288485E+01
 0.40009999E+01 0.21083529E+01 0.21083529E+01 0.21083529E+01
 0.41009999E+01 0.19972116E+01 0.19972116E+01 0.19972116E+01
 0.42010000E+01 0.18945061E+01 0.18945061E+01 0.18945061E+01
 0.43010000E+01 0.17994238E+01 0.17994238E+01 0.17994238E+01
 0.44010000E+01 0.17112445E+01 0.17112445E+01 0.17112445E+01
 0.45010000E+01 0.16293266E+01 0.16293266E+01 0.16293266E+01
 0.46010000E+01 0.15531009E+01 0.15531009E+01 0.15531009E+01
 0.47010000E+01 0.14820614E+01 0.14820614E+01 0.14820614E+01
 0.48010000E+01 0.14157543E+01 0.14157543E+01 0.14157543E+01
 0.49010000E+01 0.13537737E+01 0.13537737E+01 0.13537737E+01
 0.50010000E+01 0.12957551E+01 0.12957551E+01 0.12957551E+01
 0.51010000E+01 0.12413712E+01 0.12413712E+01 0.12413712E+01
 0.52010000E+01 0.11903286E+01 0.11903286E+01 0.11903286E+01
 0.53010000E+01 0.11423610E+01 0.11423610E+01 0.11423610E+01
 0.54010000E+01 0.10972275E+01 0.10972275E+01 0.10972275E+01
 0.55010000E+01 0.10547119E+01 0.10547119E+01 0.10547119E+01
 0.56010000E+01 0.10146160E+01 0.10146160E+01 0.10146160E+01
 0.57010000E+01 0.97676188E+00 0.97676188E+00 0.97676188E+00
 0.58010000E+01 0.94098532E+00 0.94098532E+00 0.94098532E+00
 0.59010000E+01 0.90713871E+00 0.90713871E+00 0.90713871E+00
 0.60010000E+01 0.87508523E+00 0.87508523E+00 0.87508523E+00
 0.61010000E+01 0.84470236E+00 0.84470236E+00 0.84470236E+00
 0.62010000E+01 0.81587505E+00 0.81587505E+00 0.81587505E+00
 0.63010000E+01 0.78849971E+00 0.78849971E+00 0.78849971E+00
 0.64010000E+01 0.76248151E+00 0.76248151E+00 0.76248151E+00
 0.65010000E+01 0.73773140E+00 0.73773140E+00 0.73773140E+00
 0.66010000E+01 0.71416885E+00 0.71416885E+00 0.71416885E+00
 0.67010000E+01 0.69171983E+00 0.69171983E+00 0.69171983E+00
 0.68010000E+01 0.67031461E+00 0.67031461E+00 0.67031461E+00
 0.69010000E+01 0.64988959E+00 0.64988959E+00 0.64988959E+00
 0.70010000E+01 0.63038677E+00 0.63038677E+00 0.63038677E+00
 0.71010000E+01 0.61175030E+00 0.61175030E+00 0.61175030E+00
 0.72010000E+01 0.59393054E+00 0.59393054E+00 0.59393054E+00
 0.73010000E+01 0.57688016E+00 0.57688016E+00 0.57688016E+00
 0.74010000E+01 0.56055599E+00 0.56055599E+00 0.56055599E+00
 0.75010000E+01 0.54491657E+00 0.54491657E+00 0.54491657E+00
 0.76010000E+01 0.52992475E+00 0.52992475E+00 0.52992475E+00
 0.77010000E+01 0.51554495E+00 0.51554495E+00 0.51554495E+00
 0.78010000E+01 0.50174451E+00 0.50174451E+00 0.50174451E+00
 0.79010000E+01 0.48849285E+00 0.48849285E+00 0.48849285E+00
 0.80010000E+01 0.47576073E+00 0.47576073E+00 0.47576073E+00
 0.81010000E+01 0.46352178E+00 0.46352178E+00 0.46352178E+00
 0.82010000E+01 0.45175064E+00 0.45175064E+00 0.45175064E+00
 0.83010000E+01 0.44042382E+00 0.44042382E+00 0.44042382E+00
 0.84010000E+01 0.42951941E+00 0.42951941E+00 0.42951941E+00
 0.85010000E+01 0.41901618E+00 0.41901618E+00 0.41901618E+00
 0.86010000E+01 0.40889508E+00 0.40889508E+00 0.40889508E+00
 0.87010000E+01 0.39913750E+00 0.39913750E+00 0.39913750E+00
 0.88010000E+01 0.38972640E+00 0.38972640E+00 0.38972640E+00
 0.89010000E+01 0.38064545E+00 0.38064545E+00 0.38064545E+00
 0.90010000E+01 0.37187970E+00 0.37187970E+00 0.37187970E+00
 0.91010000E+01 0.36341414E+00 0.36341414E+00 0.36341414E+00
 0.92010000E+01 0.35523546E+00 0.35523546E+00 0.35523546E+00
 0.93010000E+01 0.34733099E+00 0.34733099E+00 0.34733099E+00
 0.94010000E+01 0.33968827E+00 0.33968827E+00 0.33968827E+00
 0.95010000E+01 0.33229616E+00 0.33229616E+00 0.33229616E+00
 0.96010000E+01 0.32514358E+00 0.32514358E+00 0.32514358E+00
 0.97010000E+01 0.31822056E+00 0.31822056E+00 0.31822056E+00
 0.98010000E+01 0.31151697E+00 0.31151697E+00 0.31151697E+00
 0.99010000E+01 0.30502385E+00 0.30502385E+00 0.30502385E+00
