 -.990000E+00 0.773732E-02
 -.970000E+00 0.773733E-02
 -.950000E+00 0.773745E-02
 -.930000E+00 0.773762E-02
 -.910000E+00 0.773778E-02
 -.890000E+00 0.625234E-02
 -.870000E+00 0.143563E-02
 -.850000E+00 -.400212E-02
 -.830000E+00 -.770579E-02
 -.810000E+00 -.807161E-02
 -.790000E+00 -.494164E-02
 -.770000E+00 0.328046E-03
 -.750000E+00 0.545488E-02
 -.730000E+00 0.821849E-02
 -.710000E+00 0.742235E-02
 -.690000E+00 0.341178E-02
 -.670000E+00 -.207581E-02
 -.650000E+00 -.666357E-02
 -.630000E+00 -.836473E-02
 -.610000E+00 -.644295E-02
 -.590000E+00 -.173107E-02
 -.570000E+00 0.372981E-02
 -.550000E+00 0.757455E-02
 -.530000E+00 0.813825E-02
 -.510000E+00 0.517727E-02
 -.490000E+00 -.254958E-04
 -.470000E+00 -.521645E-02
 -.450000E+00 -.814744E-02
 -.430000E+00 -.754942E-02
 -.410000E+00 -.368191E-02
 -.390000E+00 0.177963E-02
 -.370000E+00 0.646962E-02
 -.350000E+00 0.835699E-02
 -.330000E+00 0.662474E-02
 -.310000E+00 0.202364E-02
 -.290000E+00 -.345320E-02
 -.270000E+00 -.743368E-02
 -.250000E+00 -.819412E-02
 -.230000E+00 -.540565E-02
 -.210000E+00 -.276462E-03
 -.190000E+00 0.497170E-02
 -.170000E+00 0.806589E-02
 -.150000E+00 0.766637E-02
 -.130000E+00 0.394667E-02
 -.110000E+00 -.148174E-02
 -.900000E-01 -.626762E-02
 -.700000E-01 -.833835E-02
 -.500000E-01 -.679751E-02
 -.300000E-01 -.231296E-02
 -.100000E-01 0.317264E-02
 0.100000E-01 0.728339E-02
 0.300000E-01 0.823917E-02
 0.500000E-01 0.562650E-02
 0.700000E-01 0.577434E-03
 0.900000E-01 -.472097E-02
 0.110000E+00 -.797398E-02
 0.130000E+00 -.777305E-02
 0.150000E+00 -.420573E-02
 0.170000E+00 0.118253E-02
 0.190000E+00 0.605785E-02
 0.210000E+00 0.830885E-02
 0.230000E+00 0.696103E-02
 0.250000E+00 0.259866E-02
 0.270000E+00 -.288852E-02
 0.290000E+00 -.712390E-02
 0.310000E+00 -.827336E-02
 0.330000E+00 -.583954E-02
 0.350000E+00 -.877028E-03
 0.370000E+00 0.446458E-02
 0.390000E+00 0.787183E-02
 0.410000E+00 0.786937E-02
 0.430000E+00 0.445875E-02
 0.450000E+00 -.882398E-03
 0.470000E+00 -.584060E-02
 0.490000E+00 -.826856E-02
 0.510000E+00 -.711513E-02
 0.530000E+00 -.288037E-02
 0.550000E+00 0.260122E-02
 0.570000E+00 0.695544E-02
 0.590000E+00 0.829668E-02
 0.610000E+00 0.604451E-02
 0.630000E+00 0.117486E-02
 0.650000E+00 -.420289E-02
 0.670000E+00 -.775962E-02
 0.690000E+00 -.795520E-02
 0.710000E+00 -.470543E-02
 0.730000E+00 0.581732E-03
 0.750000E+00 0.561617E-02
 0.770000E+00 0.821755E-02
 0.790000E+00 0.725961E-02
 0.810000E+00 0.315774E-02
 0.830000E+00 -.231111E-02
 0.850000E+00 -.677823E-02
 0.870000E+00 -.830910E-02
 0.890000E+00 -.624116E-02
 0.910000E+00 -.209414E-02
 0.930000E+00 0.482371E-02
 0.950000E+00 0.130006E-01
 0.970000E+00 0.188970E-01
 0.990000E+00 0.199620E-01




































































































 -.990000E+00 0.171919E+00
 -.970000E+00 0.171919E+00
 -.950000E+00 0.171919E+00
 -.930000E+00 0.171919E+00
 -.910000E+00 0.171919E+00
 -.890000E+00 0.170787E+00
 -.870000E+00 0.168399E+00
 -.850000E+00 0.165846E+00
 -.830000E+00 0.163133E+00
 -.810000E+00 0.160260E+00
 -.790000E+00 0.157232E+00
 -.770000E+00 0.154051E+00
 -.750000E+00 0.150720E+00
 -.730000E+00 0.147242E+00
 -.710000E+00 0.143622E+00
 -.690000E+00 0.139861E+00
 -.670000E+00 0.135965E+00
 -.650000E+00 0.131937E+00
 -.630000E+00 0.127781E+00
 -.610000E+00 0.123500E+00
 -.590000E+00 0.119100E+00
 -.570000E+00 0.114584E+00
 -.550000E+00 0.109957E+00
 -.530000E+00 0.105223E+00
 -.510000E+00 0.100388E+00
 -.490000E+00 0.954550E-01
 -.470000E+00 0.904297E-01
 -.450000E+00 0.853170E-01
 -.430000E+00 0.801217E-01
 -.410000E+00 0.748490E-01
 -.390000E+00 0.695041E-01
 -.370000E+00 0.640921E-01
 -.350000E+00 0.586183E-01
 -.330000E+00 0.530882E-01
 -.310000E+00 0.475071E-01
 -.290000E+00 0.418804E-01
 -.270000E+00 0.362137E-01
 -.250000E+00 0.305125E-01
 -.230000E+00 0.247823E-01
 -.210000E+00 0.190288E-01
 -.190000E+00 0.132576E-01
 -.170000E+00 0.747426E-02
 -.150000E+00 0.168449E-02
 -.130000E+00 -.410607E-02
 -.110000E+00 -.989179E-02
 -.900000E-01 -.156670E-01
 -.700000E-01 -.214261E-01
 -.500000E-01 -.271634E-01
 -.300000E-01 -.328735E-01
 -.100000E-01 -.385506E-01
 0.100000E-01 -.441893E-01
 0.300000E-01 -.497840E-01
 0.500000E-01 -.553294E-01
 0.700000E-01 -.608200E-01
 0.900000E-01 -.662505E-01
 0.110000E+00 -.716155E-01
 0.130000E+00 -.769100E-01
 0.150000E+00 -.821286E-01
 0.170000E+00 -.872664E-01
 0.190000E+00 -.923184E-01
 0.210000E+00 -.972796E-01
 0.230000E+00 -.102145E+00
 0.250000E+00 -.106910E+00
 0.270000E+00 -.111571E+00
 0.290000E+00 -.116122E+00
 0.310000E+00 -.120559E+00
 0.330000E+00 -.124877E+00
 0.350000E+00 -.129074E+00
 0.370000E+00 -.133144E+00
 0.390000E+00 -.137083E+00
 0.410000E+00 -.140888E+00
 0.430000E+00 -.144556E+00
 0.450000E+00 -.148082E+00
 0.470000E+00 -.151463E+00
 0.490000E+00 -.154695E+00
 0.510000E+00 -.157777E+00
 0.530000E+00 -.160704E+00
 0.550000E+00 -.163474E+00
 0.570000E+00 -.166085E+00
 0.590000E+00 -.168533E+00
 0.610000E+00 -.170816E+00
 0.630000E+00 -.172933E+00
 0.650000E+00 -.174881E+00
 0.670000E+00 -.176658E+00
 0.690000E+00 -.178262E+00
 0.710000E+00 -.179692E+00
 0.730000E+00 -.180948E+00
 0.750000E+00 -.182026E+00
 0.770000E+00 -.182927E+00
 0.790000E+00 -.183649E+00
 0.810000E+00 -.184192E+00
 0.830000E+00 -.184556E+00
 0.850000E+00 -.184739E+00
 0.870000E+00 -.184743E+00
 0.890000E+00 -.184566E+00
 0.910000E+00 -.185213E+00
 0.930000E+00 -.186542E+00
 0.950000E+00 -.187501E+00
 0.970000E+00 -.188089E+00
 0.990000E+00 -.188308E+00




































































































 -.990000E+00 0.449037E+00
 -.970000E+00 0.449037E+00
 -.950000E+00 0.449038E+00
 -.930000E+00 0.449038E+00
 -.910000E+00 0.449038E+00
 -.890000E+00 0.447704E+00
 -.870000E+00 0.444968E+00
 -.850000E+00 0.442142E+00
 -.830000E+00 0.439226E+00
 -.810000E+00 0.436221E+00
 -.790000E+00 0.433128E+00
 -.770000E+00 0.429947E+00
 -.750000E+00 0.426680E+00
 -.730000E+00 0.423325E+00
 -.710000E+00 0.419885E+00
 -.690000E+00 0.416360E+00
 -.670000E+00 0.412751E+00
 -.650000E+00 0.409058E+00
 -.630000E+00 0.405283E+00
 -.610000E+00 0.401425E+00
 -.590000E+00 0.397486E+00
 -.570000E+00 0.393467E+00
 -.550000E+00 0.389368E+00
 -.530000E+00 0.385191E+00
 -.510000E+00 0.380935E+00
 -.490000E+00 0.376603E+00
 -.470000E+00 0.372194E+00
 -.450000E+00 0.367711E+00
 -.430000E+00 0.363153E+00
 -.410000E+00 0.358521E+00
 -.390000E+00 0.353818E+00
 -.370000E+00 0.349042E+00
 -.350000E+00 0.344197E+00
 -.330000E+00 0.339282E+00
 -.310000E+00 0.334299E+00
 -.290000E+00 0.329248E+00
 -.270000E+00 0.324131E+00
 -.250000E+00 0.318948E+00
 -.230000E+00 0.313702E+00
 -.210000E+00 0.308392E+00
 -.190000E+00 0.303021E+00
 -.170000E+00 0.297588E+00
 -.150000E+00 0.292096E+00
 -.130000E+00 0.286545E+00
 -.110000E+00 0.280936E+00
 -.900000E-01 0.275272E+00
 -.700000E-01 0.269552E+00
 -.500000E-01 0.263778E+00
 -.300000E-01 0.257951E+00
 -.100000E-01 0.252073E+00
 0.100000E-01 0.246144E+00
 0.300000E-01 0.240167E+00
 0.500000E-01 0.234141E+00
 0.700000E-01 0.228069E+00
 0.900000E-01 0.221951E+00
 0.110000E+00 0.215789E+00
 0.130000E+00 0.209585E+00
 0.150000E+00 0.203339E+00
 0.170000E+00 0.197053E+00
 0.190000E+00 0.190727E+00
 0.210000E+00 0.184365E+00
 0.230000E+00 0.177965E+00
 0.250000E+00 0.171531E+00
 0.270000E+00 0.165063E+00
 0.290000E+00 0.158563E+00
 0.310000E+00 0.152032E+00
 0.330000E+00 0.145471E+00
 0.350000E+00 0.138882E+00
 0.370000E+00 0.132267E+00
 0.390000E+00 0.125625E+00
 0.410000E+00 0.118960E+00
 0.430000E+00 0.112271E+00
 0.450000E+00 0.105561E+00
 0.470000E+00 0.988317E-01
 0.490000E+00 0.920833E-01
 0.510000E+00 0.853177E-01
 0.530000E+00 0.785362E-01
 0.550000E+00 0.717403E-01
 0.570000E+00 0.649313E-01
 0.590000E+00 0.581107E-01
 0.610000E+00 0.512799E-01
 0.630000E+00 0.444403E-01
 0.650000E+00 0.375932E-01
 0.670000E+00 0.307401E-01
 0.690000E+00 0.238824E-01
 0.710000E+00 0.170215E-01
 0.730000E+00 0.101588E-01
 0.750000E+00 0.329577E-02
 0.770000E+00 -.356628E-02
 0.790000E+00 -.104259E-01
 0.810000E+00 -.172817E-01
 0.830000E+00 -.241322E-01
 0.850000E+00 -.309762E-01
 0.870000E+00 -.378120E-01
 0.890000E+00 -.446385E-01
 0.910000E+00 -.528906E-01
 0.930000E+00 -.625466E-01
 0.950000E+00 -.721592E-01
 0.970000E+00 -.817237E-01
 0.990000E+00 -.912355E-01




































































































 -.990000E+00 0.915398E+00
 -.970000E+00 0.915398E+00
 -.950000E+00 0.915399E+00
 -.930000E+00 0.915400E+00
 -.910000E+00 0.915402E+00
 -.890000E+00 0.916961E+00
 -.870000E+00 0.920034E+00
 -.850000E+00 0.923052E+00
 -.830000E+00 0.926014E+00
 -.810000E+00 0.928919E+00
 -.790000E+00 0.931768E+00
 -.770000E+00 0.934561E+00
 -.750000E+00 0.937297E+00
 -.730000E+00 0.939976E+00
 -.710000E+00 0.942598E+00
 -.690000E+00 0.945163E+00
 -.670000E+00 0.947671E+00
 -.650000E+00 0.950121E+00
 -.630000E+00 0.952514E+00
 -.610000E+00 0.954849E+00
 -.590000E+00 0.957127E+00
 -.570000E+00 0.959346E+00
 -.550000E+00 0.961508E+00
 -.530000E+00 0.963612E+00
 -.510000E+00 0.965657E+00
 -.490000E+00 0.967644E+00
 -.470000E+00 0.969573E+00
 -.450000E+00 0.971443E+00
 -.430000E+00 0.973254E+00
 -.410000E+00 0.975007E+00
 -.390000E+00 0.976701E+00
 -.370000E+00 0.978336E+00
 -.350000E+00 0.979912E+00
 -.330000E+00 0.981429E+00
 -.310000E+00 0.982887E+00
 -.290000E+00 0.984286E+00
 -.270000E+00 0.985625E+00
 -.250000E+00 0.986905E+00
 -.230000E+00 0.988126E+00
 -.210000E+00 0.989287E+00
 -.190000E+00 0.990389E+00
 -.170000E+00 0.991431E+00
 -.150000E+00 0.992413E+00
 -.130000E+00 0.993335E+00
 -.110000E+00 0.994198E+00
 -.900000E-01 0.995001E+00
 -.700000E-01 0.995744E+00
 -.500000E-01 0.996427E+00
 -.300000E-01 0.997051E+00
 -.100000E-01 0.997614E+00
 0.100000E-01 0.998117E+00
 0.300000E-01 0.998561E+00
 0.500000E-01 0.998944E+00
 0.700000E-01 0.999267E+00
 0.900000E-01 0.999530E+00
 0.110000E+00 0.999733E+00
 0.130000E+00 0.999876E+00
 0.150000E+00 0.999959E+00
 0.170000E+00 0.999982E+00
 0.190000E+00 0.999944E+00
 0.210000E+00 0.999846E+00
 0.230000E+00 0.999689E+00
 0.250000E+00 0.999471E+00
 0.270000E+00 0.999193E+00
 0.290000E+00 0.998855E+00
 0.310000E+00 0.998456E+00
 0.330000E+00 0.997998E+00
 0.350000E+00 0.997480E+00
 0.370000E+00 0.996902E+00
 0.390000E+00 0.996263E+00
 0.410000E+00 0.995565E+00
 0.430000E+00 0.994807E+00
 0.450000E+00 0.993989E+00
 0.470000E+00 0.993111E+00
 0.490000E+00 0.992173E+00
 0.510000E+00 0.991176E+00
 0.530000E+00 0.990118E+00
 0.550000E+00 0.989002E+00
 0.570000E+00 0.987825E+00
 0.590000E+00 0.986589E+00
 0.610000E+00 0.985294E+00
 0.630000E+00 0.983939E+00
 0.650000E+00 0.982524E+00
 0.670000E+00 0.981051E+00
 0.690000E+00 0.979518E+00
 0.710000E+00 0.977926E+00
 0.730000E+00 0.976275E+00
 0.750000E+00 0.974566E+00
 0.770000E+00 0.972797E+00
 0.790000E+00 0.970969E+00
 0.810000E+00 0.969083E+00
 0.830000E+00 0.967138E+00
 0.850000E+00 0.965135E+00
 0.870000E+00 0.963073E+00
 0.890000E+00 0.960953E+00
 0.910000E+00 0.960010E+00
 0.930000E+00 0.960288E+00
 0.950000E+00 0.960567E+00
 0.970000E+00 0.960848E+00
 0.990000E+00 0.961130E+00




































































































 -.990000E+00 0.643994E+00
 -.970000E+00 0.643994E+00
 -.950000E+00 0.643994E+00
 -.930000E+00 0.643994E+00
 -.910000E+00 0.643993E+00
 -.890000E+00 0.645290E+00
 -.870000E+00 0.647879E+00
 -.850000E+00 0.650460E+00
 -.830000E+00 0.653033E+00
 -.810000E+00 0.655598E+00
 -.790000E+00 0.658156E+00
 -.770000E+00 0.660706E+00
 -.750000E+00 0.663248E+00
 -.730000E+00 0.665782E+00
 -.710000E+00 0.668309E+00
 -.690000E+00 0.670827E+00
 -.670000E+00 0.673338E+00
 -.650000E+00 0.675840E+00
 -.630000E+00 0.678335E+00
 -.610000E+00 0.680822E+00
 -.590000E+00 0.683300E+00
 -.570000E+00 0.685771E+00
 -.550000E+00 0.688233E+00
 -.530000E+00 0.690687E+00
 -.510000E+00 0.693134E+00
 -.490000E+00 0.695572E+00
 -.470000E+00 0.698002E+00
 -.450000E+00 0.700423E+00
 -.430000E+00 0.702837E+00
 -.410000E+00 0.705242E+00
 -.390000E+00 0.707639E+00
 -.370000E+00 0.710028E+00
 -.350000E+00 0.712408E+00
 -.330000E+00 0.714780E+00
 -.310000E+00 0.717144E+00
 -.290000E+00 0.719499E+00
 -.270000E+00 0.721846E+00
 -.250000E+00 0.724184E+00
 -.230000E+00 0.726514E+00
 -.210000E+00 0.728835E+00
 -.190000E+00 0.731148E+00
 -.170000E+00 0.733452E+00
 -.150000E+00 0.735748E+00
 -.130000E+00 0.738035E+00
 -.110000E+00 0.740314E+00
 -.900000E-01 0.742584E+00
 -.700000E-01 0.744845E+00
 -.500000E-01 0.747098E+00
 -.300000E-01 0.749342E+00
 -.100000E-01 0.751577E+00
 0.100000E-01 0.753803E+00
 0.300000E-01 0.756021E+00
 0.500000E-01 0.758230E+00
 0.700000E-01 0.760430E+00
 0.900000E-01 0.762621E+00
 0.110000E+00 0.764803E+00
 0.130000E+00 0.766977E+00
 0.150000E+00 0.769141E+00
 0.170000E+00 0.771297E+00
 0.190000E+00 0.773444E+00
 0.210000E+00 0.775581E+00
 0.230000E+00 0.777710E+00
 0.250000E+00 0.779830E+00
 0.270000E+00 0.781940E+00
 0.290000E+00 0.784042E+00
 0.310000E+00 0.786135E+00
 0.330000E+00 0.788218E+00
 0.350000E+00 0.790292E+00
 0.370000E+00 0.792358E+00
 0.390000E+00 0.794414E+00
 0.410000E+00 0.796460E+00
 0.430000E+00 0.798498E+00
 0.450000E+00 0.800526E+00
 0.470000E+00 0.802546E+00
 0.490000E+00 0.804556E+00
 0.510000E+00 0.806556E+00
 0.530000E+00 0.808548E+00
 0.550000E+00 0.810530E+00
 0.570000E+00 0.812502E+00
 0.590000E+00 0.814466E+00
 0.610000E+00 0.816420E+00
 0.630000E+00 0.818364E+00
 0.650000E+00 0.820299E+00
 0.670000E+00 0.822225E+00
 0.690000E+00 0.824141E+00
 0.710000E+00 0.826048E+00
 0.730000E+00 0.827945E+00
 0.750000E+00 0.829833E+00
 0.770000E+00 0.831711E+00
 0.790000E+00 0.833579E+00
 0.810000E+00 0.835438E+00
 0.830000E+00 0.837288E+00
 0.850000E+00 0.839128E+00
 0.870000E+00 0.840958E+00
 0.890000E+00 0.842779E+00
 0.910000E+00 0.841616E+00
 0.930000E+00 0.837447E+00
 0.950000E+00 0.833238E+00
 0.970000E+00 0.828989E+00
 0.990000E+00 0.824701E+00




































































































 -.990000E+00 0.379524E+00
 -.970000E+00 0.379524E+00
 -.950000E+00 0.379523E+00
 -.930000E+00 0.379522E+00
 -.910000E+00 0.379521E+00
 -.890000E+00 0.379501E+00
 -.870000E+00 0.379464E+00
 -.850000E+00 0.379427E+00
 -.830000E+00 0.379389E+00
 -.810000E+00 0.379352E+00
 -.790000E+00 0.379314E+00
 -.770000E+00 0.379277E+00
 -.750000E+00 0.379240E+00
 -.730000E+00 0.379202E+00
 -.710000E+00 0.379165E+00
 -.690000E+00 0.379127E+00
 -.670000E+00 0.379090E+00
 -.650000E+00 0.379052E+00
 -.630000E+00 0.379015E+00
 -.610000E+00 0.378978E+00
 -.590000E+00 0.378940E+00
 -.570000E+00 0.378903E+00
 -.550000E+00 0.378865E+00
 -.530000E+00 0.378828E+00
 -.510000E+00 0.378791E+00
 -.490000E+00 0.378753E+00
 -.470000E+00 0.378716E+00
 -.450000E+00 0.378678E+00
 -.430000E+00 0.378641E+00
 -.410000E+00 0.378603E+00
 -.390000E+00 0.378566E+00
 -.370000E+00 0.378529E+00
 -.350000E+00 0.378491E+00
 -.330000E+00 0.378454E+00
 -.310000E+00 0.378416E+00
 -.290000E+00 0.378379E+00
 -.270000E+00 0.378341E+00
 -.250000E+00 0.378304E+00
 -.230000E+00 0.378267E+00
 -.210000E+00 0.378229E+00
 -.190000E+00 0.378192E+00
 -.170000E+00 0.378154E+00
 -.150000E+00 0.378117E+00
 -.130000E+00 0.378079E+00
 -.110000E+00 0.378042E+00
 -.900000E-01 0.378005E+00
 -.700000E-01 0.377967E+00
 -.500000E-01 0.377930E+00
 -.300000E-01 0.377892E+00
 -.100000E-01 0.377855E+00
 0.100000E-01 0.377817E+00
 0.300000E-01 0.377780E+00
 0.500000E-01 0.377743E+00
 0.700000E-01 0.377705E+00
 0.900000E-01 0.377668E+00
 0.110000E+00 0.377630E+00
 0.130000E+00 0.377593E+00
 0.150000E+00 0.377555E+00
 0.170000E+00 0.377518E+00
 0.190000E+00 0.377480E+00
 0.210000E+00 0.377443E+00
 0.230000E+00 0.377406E+00
 0.250000E+00 0.377368E+00
 0.270000E+00 0.377331E+00
 0.290000E+00 0.377293E+00
 0.310000E+00 0.377256E+00
 0.330000E+00 0.377218E+00
 0.350000E+00 0.377181E+00
 0.370000E+00 0.377143E+00
 0.390000E+00 0.377106E+00
 0.410000E+00 0.377069E+00
 0.430000E+00 0.377031E+00
 0.450000E+00 0.376994E+00
 0.470000E+00 0.376956E+00
 0.490000E+00 0.376919E+00
 0.510000E+00 0.376881E+00
 0.530000E+00 0.376844E+00
 0.550000E+00 0.376806E+00
 0.570000E+00 0.376769E+00
 0.590000E+00 0.376731E+00
 0.610000E+00 0.376694E+00
 0.630000E+00 0.376657E+00
 0.650000E+00 0.376619E+00
 0.670000E+00 0.376582E+00
 0.690000E+00 0.376544E+00
 0.710000E+00 0.376507E+00
 0.730000E+00 0.376469E+00
 0.750000E+00 0.376432E+00
 0.770000E+00 0.376394E+00
 0.790000E+00 0.376357E+00
 0.810000E+00 0.376319E+00
 0.830000E+00 0.376282E+00
 0.850000E+00 0.376244E+00
 0.870000E+00 0.376207E+00
 0.890000E+00 0.376169E+00
 0.910000E+00 0.372483E+00
 0.930000E+00 0.365175E+00
 0.950000E+00 0.357904E+00
 0.970000E+00 0.350671E+00
 0.990000E+00 0.343476E+00




































































































 -.990000E+00 0.769298E-01
 -.970000E+00 0.769293E-01
 -.950000E+00 0.769281E-01
 -.930000E+00 0.769260E-01
 -.910000E+00 0.769230E-01
 -.890000E+00 0.751809E-01
 -.870000E+00 0.716998E-01
 -.850000E+00 0.682182E-01
 -.830000E+00 0.647364E-01
 -.810000E+00 0.612542E-01
 -.790000E+00 0.577719E-01
 -.770000E+00 0.542893E-01
 -.750000E+00 0.508066E-01
 -.730000E+00 0.473238E-01
 -.710000E+00 0.438410E-01
 -.690000E+00 0.403581E-01
 -.670000E+00 0.368753E-01
 -.650000E+00 0.333925E-01
 -.630000E+00 0.299099E-01
 -.610000E+00 0.264274E-01
 -.590000E+00 0.229451E-01
 -.570000E+00 0.194631E-01
 -.550000E+00 0.159813E-01
 -.530000E+00 0.124999E-01
 -.510000E+00 0.901880E-02
 -.490000E+00 0.553816E-02
 -.470000E+00 0.205797E-02
 -.450000E+00 -.142171E-02
 -.430000E+00 -.490086E-02
 -.410000E+00 -.837942E-02
 -.390000E+00 -.118574E-01
 -.370000E+00 -.153346E-01
 -.350000E+00 -.188112E-01
 -.330000E+00 -.222870E-01
 -.310000E+00 -.257620E-01
 -.290000E+00 -.292361E-01
 -.270000E+00 -.327094E-01
 -.250000E+00 -.361818E-01
 -.230000E+00 -.396532E-01
 -.210000E+00 -.431236E-01
 -.190000E+00 -.465930E-01
 -.170000E+00 -.500612E-01
 -.150000E+00 -.535284E-01
 -.130000E+00 -.569944E-01
 -.110000E+00 -.604591E-01
 -.900000E-01 -.639226E-01
 -.700000E-01 -.673848E-01
 -.500000E-01 -.708457E-01
 -.300000E-01 -.743052E-01
 -.100000E-01 -.777633E-01
 0.100000E-01 -.812199E-01
 0.300000E-01 -.846750E-01
 0.500000E-01 -.881286E-01
 0.700000E-01 -.915806E-01
 0.900000E-01 -.950310E-01
 0.110000E+00 -.984797E-01
 0.130000E+00 -.101927E+00
 0.150000E+00 -.105372E+00
 0.170000E+00 -.108816E+00
 0.190000E+00 -.112257E+00
 0.210000E+00 -.115697E+00
 0.230000E+00 -.119135E+00
 0.250000E+00 -.122571E+00
 0.270000E+00 -.126005E+00
 0.290000E+00 -.129437E+00
 0.310000E+00 -.132867E+00
 0.330000E+00 -.136294E+00
 0.350000E+00 -.139720E+00
 0.370000E+00 -.143144E+00
 0.390000E+00 -.146565E+00
 0.410000E+00 -.149984E+00
 0.430000E+00 -.153400E+00
 0.450000E+00 -.156815E+00
 0.470000E+00 -.160227E+00
 0.490000E+00 -.163636E+00
 0.510000E+00 -.167043E+00
 0.530000E+00 -.170448E+00
 0.550000E+00 -.173850E+00
 0.570000E+00 -.177250E+00
 0.590000E+00 -.180646E+00
 0.610000E+00 -.184041E+00
 0.630000E+00 -.187432E+00
 0.650000E+00 -.190821E+00
 0.670000E+00 -.194207E+00
 0.690000E+00 -.197590E+00
 0.710000E+00 -.200971E+00
 0.730000E+00 -.204348E+00
 0.750000E+00 -.207723E+00
 0.770000E+00 -.211094E+00
 0.790000E+00 -.214463E+00
 0.810000E+00 -.217829E+00
 0.830000E+00 -.221191E+00
 0.850000E+00 -.224551E+00
 0.870000E+00 -.227907E+00
 0.890000E+00 -.231260E+00
 0.910000E+00 -.235460E+00
 0.930000E+00 -.240461E+00
 0.950000E+00 -.245401E+00
 0.970000E+00 -.250280E+00
 0.990000E+00 -.255097E+00




































































































 -.990000E+00 -.441134E+00
 -.970000E+00 -.441137E+00
 -.950000E+00 -.441146E+00
 -.930000E+00 -.441162E+00
 -.910000E+00 -.441183E+00
 -.890000E+00 -.444988E+00
 -.870000E+00 -.452542E+00
 -.850000E+00 -.460052E+00
 -.830000E+00 -.467519E+00
 -.810000E+00 -.474942E+00
 -.790000E+00 -.482321E+00
 -.770000E+00 -.489654E+00
 -.750000E+00 -.496943E+00
 -.730000E+00 -.504186E+00
 -.710000E+00 -.511383E+00
 -.690000E+00 -.518535E+00
 -.670000E+00 -.525640E+00
 -.650000E+00 -.532698E+00
 -.630000E+00 -.539710E+00
 -.610000E+00 -.546674E+00
 -.590000E+00 -.553591E+00
 -.570000E+00 -.560461E+00
 -.550000E+00 -.567282E+00
 -.530000E+00 -.574056E+00
 -.510000E+00 -.580781E+00
 -.490000E+00 -.587457E+00
 -.470000E+00 -.594085E+00
 -.450000E+00 -.600663E+00
 -.430000E+00 -.607193E+00
 -.410000E+00 -.613673E+00
 -.390000E+00 -.620103E+00
 -.370000E+00 -.626484E+00
 -.350000E+00 -.632815E+00
 -.330000E+00 -.639095E+00
 -.310000E+00 -.645325E+00
 -.290000E+00 -.651505E+00
 -.270000E+00 -.657634E+00
 -.250000E+00 -.663713E+00
 -.230000E+00 -.669740E+00
 -.210000E+00 -.675717E+00
 -.190000E+00 -.681642E+00
 -.170000E+00 -.687516E+00
 -.150000E+00 -.693338E+00
 -.130000E+00 -.699109E+00
 -.110000E+00 -.704828E+00
 -.900000E-01 -.710495E+00
 -.700000E-01 -.716110E+00
 -.500000E-01 -.721673E+00
 -.300000E-01 -.727184E+00
 -.100000E-01 -.732643E+00
 0.100000E-01 -.738049E+00
 0.300000E-01 -.743403E+00
 0.500000E-01 -.748704E+00
 0.700000E-01 -.753953E+00
 0.900000E-01 -.759149E+00
 0.110000E+00 -.764292E+00
 0.130000E+00 -.769382E+00
 0.150000E+00 -.774419E+00
 0.170000E+00 -.779403E+00
 0.190000E+00 -.784333E+00
 0.210000E+00 -.789211E+00
 0.230000E+00 -.794035E+00
 0.250000E+00 -.798805E+00
 0.270000E+00 -.803522E+00
 0.290000E+00 -.808186E+00
 0.310000E+00 -.812796E+00
 0.330000E+00 -.817352E+00
 0.350000E+00 -.821854E+00
 0.370000E+00 -.826303E+00
 0.390000E+00 -.830697E+00
 0.410000E+00 -.835038E+00
 0.430000E+00 -.839324E+00
 0.450000E+00 -.843556E+00
 0.470000E+00 -.847734E+00
 0.490000E+00 -.851858E+00
 0.510000E+00 -.855927E+00
 0.530000E+00 -.859942E+00
 0.550000E+00 -.863902E+00
 0.570000E+00 -.867808E+00
 0.590000E+00 -.871659E+00
 0.610000E+00 -.875455E+00
 0.630000E+00 -.879197E+00
 0.650000E+00 -.882884E+00
 0.670000E+00 -.886515E+00
 0.690000E+00 -.890092E+00
 0.710000E+00 -.893613E+00
 0.730000E+00 -.897080E+00
 0.750000E+00 -.900490E+00
 0.770000E+00 -.903846E+00
 0.790000E+00 -.907146E+00
 0.810000E+00 -.910391E+00
 0.830000E+00 -.913580E+00
 0.850000E+00 -.916713E+00
 0.870000E+00 -.919790E+00
 0.890000E+00 -.922812E+00
 0.910000E+00 -.924268E+00
 0.930000E+00 -.924199E+00
 0.950000E+00 -.924131E+00
 0.970000E+00 -.924063E+00
 0.990000E+00 -.923995E+00




































































































 -.990000E+00 -.446770E+00
 -.970000E+00 -.446770E+00
 -.950000E+00 -.446770E+00
 -.930000E+00 -.446770E+00
 -.910000E+00 -.446771E+00
 -.890000E+00 -.448099E+00
 -.870000E+00 -.450685E+00
 -.850000E+00 -.453180E+00
 -.830000E+00 -.455583E+00
 -.810000E+00 -.457893E+00
 -.790000E+00 -.460109E+00
 -.770000E+00 -.462231E+00
 -.750000E+00 -.464259E+00
 -.730000E+00 -.466193E+00
 -.710000E+00 -.468031E+00
 -.690000E+00 -.469774E+00
 -.670000E+00 -.471421E+00
 -.650000E+00 -.472972E+00
 -.630000E+00 -.474427E+00
 -.610000E+00 -.475785E+00
 -.590000E+00 -.477045E+00
 -.570000E+00 -.478209E+00
 -.550000E+00 -.479275E+00
 -.530000E+00 -.480243E+00
 -.510000E+00 -.481113E+00
 -.490000E+00 -.481885E+00
 -.470000E+00 -.482559E+00
 -.450000E+00 -.483135E+00
 -.430000E+00 -.483612E+00
 -.410000E+00 -.483990E+00
 -.390000E+00 -.484270E+00
 -.370000E+00 -.484451E+00
 -.350000E+00 -.484533E+00
 -.330000E+00 -.484517E+00
 -.310000E+00 -.484402E+00
 -.290000E+00 -.484188E+00
 -.270000E+00 -.483875E+00
 -.250000E+00 -.483464E+00
 -.230000E+00 -.482954E+00
 -.210000E+00 -.482346E+00
 -.190000E+00 -.481639E+00
 -.170000E+00 -.480834E+00
 -.150000E+00 -.479932E+00
 -.130000E+00 -.478931E+00
 -.110000E+00 -.477834E+00
 -.900000E-01 -.476638E+00
 -.700000E-01 -.475346E+00
 -.500000E-01 -.473957E+00
 -.300000E-01 -.472471E+00
 -.100000E-01 -.470890E+00
 0.100000E-01 -.469212E+00
 0.300000E-01 -.467439E+00
 0.500000E-01 -.465571E+00
 0.700000E-01 -.463608E+00
 0.900000E-01 -.461551E+00
 0.110000E+00 -.459400E+00
 0.130000E+00 -.457155E+00
 0.150000E+00 -.454818E+00
 0.170000E+00 -.452388E+00
 0.190000E+00 -.449866E+00
 0.210000E+00 -.447253E+00
 0.230000E+00 -.444549E+00
 0.250000E+00 -.441754E+00
 0.270000E+00 -.438870E+00
 0.290000E+00 -.435897E+00
 0.310000E+00 -.432836E+00
 0.330000E+00 -.429686E+00
 0.350000E+00 -.426449E+00
 0.370000E+00 -.423126E+00
 0.390000E+00 -.419717E+00
 0.410000E+00 -.416223E+00
 0.430000E+00 -.412645E+00
 0.450000E+00 -.408983E+00
 0.470000E+00 -.405238E+00
 0.490000E+00 -.401411E+00
 0.510000E+00 -.397503E+00
 0.530000E+00 -.393514E+00
 0.550000E+00 -.389446E+00
 0.570000E+00 -.385299E+00
 0.590000E+00 -.381074E+00
 0.610000E+00 -.376773E+00
 0.630000E+00 -.372395E+00
 0.650000E+00 -.367942E+00
 0.670000E+00 -.363414E+00
 0.690000E+00 -.358813E+00
 0.710000E+00 -.354140E+00
 0.730000E+00 -.349396E+00
 0.750000E+00 -.344581E+00
 0.770000E+00 -.339696E+00
 0.790000E+00 -.334744E+00
 0.810000E+00 -.329723E+00
 0.830000E+00 -.324637E+00
 0.850000E+00 -.319485E+00
 0.870000E+00 -.314269E+00
 0.890000E+00 -.308990E+00
 0.910000E+00 -.305376E+00
 0.930000E+00 -.303478E+00
 0.950000E+00 -.301587E+00
 0.970000E+00 -.299701E+00
 0.990000E+00 -.297822E+00




































































































 -.990000E+00 -.171786E+00
 -.970000E+00 -.171786E+00
 -.950000E+00 -.171786E+00
 -.930000E+00 -.171786E+00
 -.910000E+00 -.171786E+00
 -.890000E+00 -.172877E+00
 -.870000E+00 -.174933E+00
 -.850000E+00 -.176818E+00
 -.830000E+00 -.178531E+00
 -.810000E+00 -.180069E+00
 -.790000E+00 -.181431E+00
 -.770000E+00 -.182616E+00
 -.750000E+00 -.183623E+00
 -.730000E+00 -.184450E+00
 -.710000E+00 -.185098E+00
 -.690000E+00 -.185564E+00
 -.670000E+00 -.185850E+00
 -.650000E+00 -.185954E+00
 -.630000E+00 -.185877E+00
 -.610000E+00 -.185619E+00
 -.590000E+00 -.185179E+00
 -.570000E+00 -.184559E+00
 -.550000E+00 -.183759E+00
 -.530000E+00 -.182780E+00
 -.510000E+00 -.181622E+00
 -.490000E+00 -.180288E+00
 -.470000E+00 -.178777E+00
 -.450000E+00 -.177093E+00
 -.430000E+00 -.175236E+00
 -.410000E+00 -.173208E+00
 -.390000E+00 -.171012E+00
 -.370000E+00 -.168649E+00
 -.350000E+00 -.166121E+00
 -.330000E+00 -.163432E+00
 -.310000E+00 -.160584E+00
 -.290000E+00 -.157580E+00
 -.270000E+00 -.154422E+00
 -.250000E+00 -.151114E+00
 -.230000E+00 -.147660E+00
 -.210000E+00 -.144061E+00
 -.190000E+00 -.140323E+00
 -.170000E+00 -.136448E+00
 -.150000E+00 -.132441E+00
 -.130000E+00 -.128305E+00
 -.110000E+00 -.124044E+00
 -.900000E-01 -.119663E+00
 -.700000E-01 -.115166E+00
 -.500000E-01 -.110557E+00
 -.300000E-01 -.105841E+00
 -.100000E-01 -.101022E+00
 0.100000E-01 -.961060E-01
 0.300000E-01 -.910965E-01
 0.500000E-01 -.859988E-01
 0.700000E-01 -.808180E-01
 0.900000E-01 -.755592E-01
 0.110000E+00 -.702273E-01
 0.130000E+00 -.648278E-01
 0.150000E+00 -.593658E-01
 0.170000E+00 -.538467E-01
 0.190000E+00 -.482758E-01
 0.210000E+00 -.426587E-01
 0.230000E+00 -.370008E-01
 0.250000E+00 -.313076E-01
 0.270000E+00 -.255846E-01
 0.290000E+00 -.198376E-01
 0.310000E+00 -.140720E-01
 0.330000E+00 -.829355E-02
 0.350000E+00 -.250782E-02
 0.370000E+00 0.327952E-02
 0.390000E+00 0.906285E-02
 0.410000E+00 0.148365E-01
 0.430000E+00 0.205949E-01
 0.450000E+00 0.263323E-01
 0.470000E+00 0.320433E-01
 0.490000E+00 0.377222E-01
 0.510000E+00 0.433636E-01
 0.530000E+00 0.489618E-01
 0.550000E+00 0.545115E-01
 0.570000E+00 0.600073E-01
 0.590000E+00 0.654438E-01
 0.610000E+00 0.708157E-01
 0.630000E+00 0.761179E-01
 0.650000E+00 0.813450E-01
 0.670000E+00 0.864921E-01
 0.690000E+00 0.915542E-01
 0.710000E+00 0.965262E-01
 0.730000E+00 0.101403E+00
 0.750000E+00 0.106181E+00
 0.770000E+00 0.110855E+00
 0.790000E+00 0.115419E+00
 0.810000E+00 0.119871E+00
 0.830000E+00 0.124205E+00
 0.850000E+00 0.128417E+00
 0.870000E+00 0.132504E+00
 0.890000E+00 0.136461E+00
 0.910000E+00 0.139281E+00
 0.930000E+00 0.140838E+00
 0.950000E+00 0.142089E+00
 0.970000E+00 0.143031E+00
 0.990000E+00 0.143661E+00




































































































 -.990000E+00 -.773717E-02
 -.970000E+00 -.773718E-02
 -.950000E+00 -.773726E-02
 -.930000E+00 -.773739E-02
 -.910000E+00 -.773751E-02
 -.890000E+00 -.836124E-02
 -.870000E+00 -.684905E-02
 -.850000E+00 -.237083E-02
 -.830000E+00 0.313351E-02
 -.810000E+00 0.727995E-02
 -.790000E+00 0.827289E-02
 -.770000E+00 0.568278E-02
 -.750000E+00 0.631894E-03
 -.730000E+00 -.469191E-02
 -.710000E+00 -.798291E-02
 -.690000E+00 -.781610E-02
 -.670000E+00 -.426423E-02
 -.650000E+00 0.113390E-02
 -.630000E+00 0.604016E-02
 -.610000E+00 0.832975E-02
 -.590000E+00 0.701147E-02
 -.570000E+00 0.265679E-02
 -.550000E+00 -.284788E-02
 -.530000E+00 -.711835E-02
 -.510000E+00 -.830529E-02
 -.490000E+00 -.589512E-02
 -.470000E+00 -.932186E-03
 -.450000E+00 0.443374E-02
 -.430000E+00 0.787865E-02
 -.410000E+00 0.791090E-02
 -.390000E+00 0.451700E-02
 -.370000E+00 -.832665E-03
 -.350000E+00 -.582092E-02
 -.330000E+00 -.828745E-02
 -.310000E+00 -.716440E-02
 -.290000E+00 -.293869E-02
 -.270000E+00 0.255912E-02
 -.250000E+00 0.694778E-02
 -.230000E+00 0.832678E-02
 -.210000E+00 0.609932E-02
 -.190000E+00 0.123064E-02
 -.170000E+00 -.417030E-02
 -.150000E+00 -.776432E-02
 -.130000E+00 -.799516E-02
 -.110000E+00 -.476334E-02
 -.900000E-01 0.530963E-03
 -.700000E-01 0.559453E-02
 -.500000E-01 0.823440E-02
 -.300000E-01 0.730765E-02
 -.100000E-01 0.321616E-02
 0.100000E-01 -.226761E-02
 0.300000E-01 -.676849E-02
 0.500000E-01 -.833734E-02
 0.700000E-01 -.629513E-02
 0.900000E-01 -.152687E-02
 0.110000E+00 0.390196E-02
 0.130000E+00 0.764009E-02
 0.150000E+00 0.806881E-02
 0.170000E+00 0.500295E-02
 0.190000E+00 -.229193E-03
 0.210000E+00 -.536130E-02
 0.230000E+00 -.817071E-02
 0.250000E+00 -.744106E-02
 0.270000E+00 -.348886E-02
 0.290000E+00 0.197374E-02
 0.310000E+00 0.658073E-02
 0.330000E+00 0.833699E-02
 0.350000E+00 0.648231E-02
 0.370000E+00 0.182049E-02
 0.390000E+00 -.362909E-02
 0.410000E+00 -.750613E-02
 0.430000E+00 -.813177E-02
 0.450000E+00 -.523552E-02
 0.470000E+00 -.722521E-04
 0.490000E+00 0.512154E-02
 0.510000E+00 0.809648E-02
 0.530000E+00 0.756447E-02
 0.550000E+00 0.375644E-02
 0.570000E+00 -.167791E-02
 0.590000E+00 -.638476E-02
 0.610000E+00 -.832574E-02
 0.630000E+00 -.666064E-02
 0.650000E+00 -.211112E-02
 0.670000E+00 0.335203E-02
 0.690000E+00 0.736264E-02
 0.710000E+00 0.818397E-02
 0.730000E+00 0.546078E-02
 0.750000E+00 0.372979E-03
 0.770000E+00 -.487560E-02
 0.790000E+00 -.801183E-02
 0.810000E+00 -.767774E-02
 0.830000E+00 -.401855E-02
 0.850000E+00 0.138049E-02
 0.870000E+00 0.618086E-02
 0.890000E+00 0.830365E-02
 0.910000E+00 0.534433E-02
 0.930000E+00 -.390367E-02
 0.950000E+00 -.148086E-01
 0.970000E+00 -.226480E-01
 0.990000E+00 -.240312E-01




































































































