 -.990000E+00 0.107388E+00
 -.970000E+00 0.107390E+00
 -.950000E+00 0.107405E+00
 -.930000E+00 0.107426E+00
 -.910000E+00 0.107443E+00
 -.890000E+00 -.535559E-05
 -.870000E+00 0.369105E-05
 -.850000E+00 0.111380E-04
 -.830000E+00 0.137578E-04
 -.810000E+00 0.104152E-04
 -.790000E+00 0.255874E-05
 -.770000E+00 -.640660E-05
 -.750000E+00 -.125954E-04
 -.730000E+00 -.133254E-04
 -.710000E+00 -.828040E-05
 -.690000E+00 0.353226E-06
 -.670000E+00 0.883374E-05
 -.650000E+00 0.134858E-04
 -.630000E+00 0.122932E-04
 -.610000E+00 0.577295E-05
 -.590000E+00 -.324924E-05
 -.570000E+00 -.108632E-04
 -.550000E+00 -.137692E-04
 -.530000E+00 -.107077E-04
 -.510000E+00 -.300570E-05
 -.490000E+00 0.599896E-05
 -.470000E+00 0.124037E-04
 -.450000E+00 0.134328E-04
 -.430000E+00 0.864032E-05
 -.410000E+00 0.103201E-06
 -.390000E+00 -.847863E-05
 -.370000E+00 -.133859E-04
 -.350000E+00 -.124919E-04
 -.330000E+00 -.618401E-05
 -.310000E+00 0.280392E-05
 -.290000E+00 0.105766E-04
 -.270000E+00 0.137656E-04
 -.250000E+00 0.109887E-04
 -.230000E+00 0.344938E-05
 -.210000E+00 -.558481E-05
 -.190000E+00 -.121986E-04
 -.170000E+00 -.135256E-04
 -.150000E+00 -.899083E-05
 -.130000E+00 -.559500E-06
 -.110000E+00 0.811430E-05
 -.900000E-01 0.132715E-04
 -.700000E-01 0.126769E-04
 -.500000E-01 0.658833E-05
 -.300000E-01 -.235555E-05
 -.100000E-01 -.102786E-04
 0.100000E-01 -.137470E-04
 0.300000E-01 -.112576E-04
 0.500000E-01 -.388929E-05
 0.700000E-01 0.516458E-05
 0.900000E-01 0.119802E-04
 0.110000E+00 0.136037E-04
 0.130000E+00 0.933154E-05
 0.150000E+00 0.101519E-05
 0.170000E+00 -.774115E-05
 0.190000E+00 -.131426E-04
 0.210000E+00 -.128481E-04
 0.230000E+00 -.698548E-05
 0.250000E+00 0.190462E-05
 0.270000E+00 0.996929E-05
 0.290000E+00 0.137134E-04
 0.310000E+00 0.115143E-04
 0.330000E+00 0.432497E-05
 0.350000E+00 -.473872E-05
 0.370000E+00 -.117487E-04
 0.390000E+00 -.136670E-04
 0.410000E+00 -.966210E-05
 0.430000E+00 -.146977E-05
 0.450000E+00 0.735956E-05
 0.470000E+00 0.129994E-04
 0.490000E+00 0.130054E-04
 0.510000E+00 0.737502E-05
 0.530000E+00 -.145161E-05
 0.550000E+00 -.964916E-05
 0.570000E+00 -.136649E-04
 0.590000E+00 -.117584E-04
 0.610000E+00 -.475595E-05
 0.630000E+00 0.430770E-05
 0.650000E+00 0.115045E-04
 0.670000E+00 0.137153E-04
 0.690000E+00 0.998215E-05
 0.710000E+00 0.192278E-05
 0.730000E+00 -.696994E-05
 0.750000E+00 -.128420E-04
 0.770000E+00 -.131485E-04
 0.790000E+00 -.775655E-05
 0.810000E+00 0.997002E-06
 0.830000E+00 0.931850E-05
 0.850000E+00 0.136015E-04
 0.870000E+00 0.119898E-04
 0.890000E+00 0.518178E-05
 0.910000E+00 -.107464E+00
 0.930000E+00 -.107487E+00
 0.950000E+00 -.107514E+00
 0.970000E+00 -.107534E+00
 0.990000E+00 -.107538E+00




































































































 -.990000E+00 0.107494E+00
 -.970000E+00 0.107491E+00
 -.950000E+00 0.107488E+00
 -.930000E+00 0.107484E+00
 -.910000E+00 0.107480E+00
 -.890000E+00 0.172811E-04
 -.870000E+00 0.128100E-04
 -.850000E+00 0.832712E-05
 -.830000E+00 0.383677E-05
 -.810000E+00 -.656817E-06
 -.790000E+00 -.514939E-05
 -.770000E+00 -.963668E-05
 -.750000E+00 -.141144E-04
 -.730000E+00 -.185784E-04
 -.710000E+00 -.230244E-04
 -.690000E+00 -.274481E-04
 -.670000E+00 -.318455E-04
 -.650000E+00 -.362122E-04
 -.630000E+00 -.405443E-04
 -.610000E+00 -.448375E-04
 -.590000E+00 -.490879E-04
 -.570000E+00 -.532913E-04
 -.550000E+00 -.574438E-04
 -.530000E+00 -.615415E-04
 -.510000E+00 -.655805E-04
 -.490000E+00 -.695569E-04
 -.470000E+00 -.734671E-04
 -.450000E+00 -.773073E-04
 -.430000E+00 -.810738E-04
 -.410000E+00 -.847632E-04
 -.390000E+00 -.883718E-04
 -.370000E+00 -.918963E-04
 -.350000E+00 -.953335E-04
 -.330000E+00 -.986799E-04
 -.310000E+00 -.101932E-03
 -.290000E+00 -.105088E-03
 -.270000E+00 -.108144E-03
 -.250000E+00 -.111097E-03
 -.230000E+00 -.113944E-03
 -.210000E+00 -.116683E-03
 -.190000E+00 -.119311E-03
 -.170000E+00 -.121826E-03
 -.150000E+00 -.124225E-03
 -.130000E+00 -.126506E-03
 -.110000E+00 -.128667E-03
 -.900000E-01 -.130706E-03
 -.700000E-01 -.132621E-03
 -.500000E-01 -.134409E-03
 -.300000E-01 -.136070E-03
 -.100000E-01 -.137602E-03
 0.100000E-01 -.139004E-03
 0.300000E-01 -.140273E-03
 0.500000E-01 -.141409E-03
 0.700000E-01 -.142412E-03
 0.900000E-01 -.143279E-03
 0.110000E+00 -.144010E-03
 0.130000E+00 -.144604E-03
 0.150000E+00 -.145061E-03
 0.170000E+00 -.145381E-03
 0.190000E+00 -.145562E-03
 0.210000E+00 -.145606E-03
 0.230000E+00 -.145512E-03
 0.250000E+00 -.145279E-03
 0.270000E+00 -.144909E-03
 0.290000E+00 -.144402E-03
 0.310000E+00 -.143757E-03
 0.330000E+00 -.142976E-03
 0.350000E+00 -.142060E-03
 0.370000E+00 -.141009E-03
 0.390000E+00 -.139824E-03
 0.410000E+00 -.138507E-03
 0.430000E+00 -.137059E-03
 0.450000E+00 -.135480E-03
 0.470000E+00 -.133774E-03
 0.490000E+00 -.131940E-03
 0.510000E+00 -.129982E-03
 0.530000E+00 -.127900E-03
 0.550000E+00 -.125697E-03
 0.570000E+00 -.123376E-03
 0.590000E+00 -.120937E-03
 0.610000E+00 -.118384E-03
 0.630000E+00 -.115718E-03
 0.650000E+00 -.112943E-03
 0.670000E+00 -.110062E-03
 0.690000E+00 -.107076E-03
 0.710000E+00 -.103988E-03
 0.730000E+00 -.100802E-03
 0.750000E+00 -.975210E-04
 0.770000E+00 -.941475E-04
 0.790000E+00 -.906848E-04
 0.810000E+00 -.871364E-04
 0.830000E+00 -.835056E-04
 0.850000E+00 -.797957E-04
 0.870000E+00 -.760104E-04
 0.890000E+00 -.721532E-04
 0.910000E+00 -.107526E+00
 0.930000E+00 -.107525E+00
 0.950000E+00 -.107523E+00
 0.970000E+00 -.107523E+00
 0.990000E+00 -.107523E+00




































































































 -.990000E+00 0.106352E+00
 -.970000E+00 0.106336E+00
 -.950000E+00 0.106320E+00
 -.930000E+00 0.106304E+00
 -.910000E+00 0.106288E+00
 -.890000E+00 -.118822E-02
 -.870000E+00 -.120828E-02
 -.850000E+00 -.122809E-02
 -.830000E+00 -.124765E-02
 -.810000E+00 -.126696E-02
 -.790000E+00 -.128602E-02
 -.770000E+00 -.130482E-02
 -.750000E+00 -.132335E-02
 -.730000E+00 -.134162E-02
 -.710000E+00 -.135962E-02
 -.690000E+00 -.137735E-02
 -.670000E+00 -.139479E-02
 -.650000E+00 -.141196E-02
 -.630000E+00 -.142884E-02
 -.610000E+00 -.144544E-02
 -.590000E+00 -.146174E-02
 -.570000E+00 -.147775E-02
 -.550000E+00 -.149346E-02
 -.530000E+00 -.150887E-02
 -.510000E+00 -.152398E-02
 -.490000E+00 -.153878E-02
 -.470000E+00 -.155327E-02
 -.450000E+00 -.156745E-02
 -.430000E+00 -.158132E-02
 -.410000E+00 -.159486E-02
 -.390000E+00 -.160808E-02
 -.370000E+00 -.162098E-02
 -.350000E+00 -.163356E-02
 -.330000E+00 -.164580E-02
 -.310000E+00 -.165772E-02
 -.290000E+00 -.166930E-02
 -.270000E+00 -.168054E-02
 -.250000E+00 -.169145E-02
 -.230000E+00 -.170201E-02
 -.210000E+00 -.171224E-02
 -.190000E+00 -.172211E-02
 -.170000E+00 -.173165E-02
 -.150000E+00 -.174083E-02
 -.130000E+00 -.174966E-02
 -.110000E+00 -.175814E-02
 -.900000E-01 -.176627E-02
 -.700000E-01 -.177404E-02
 -.500000E-01 -.178146E-02
 -.300000E-01 -.178852E-02
 -.100000E-01 -.179521E-02
 0.100000E-01 -.180155E-02
 0.300000E-01 -.180752E-02
 0.500000E-01 -.181313E-02
 0.700000E-01 -.181838E-02
 0.900000E-01 -.182326E-02
 0.110000E+00 -.182777E-02
 0.130000E+00 -.183192E-02
 0.150000E+00 -.183569E-02
 0.170000E+00 -.183910E-02
 0.190000E+00 -.184214E-02
 0.210000E+00 -.184480E-02
 0.230000E+00 -.184710E-02
 0.250000E+00 -.184902E-02
 0.270000E+00 -.185058E-02
 0.290000E+00 -.185176E-02
 0.310000E+00 -.185256E-02
 0.330000E+00 -.185300E-02
 0.350000E+00 -.185306E-02
 0.370000E+00 -.185275E-02
 0.390000E+00 -.185207E-02
 0.410000E+00 -.185101E-02
 0.430000E+00 -.184959E-02
 0.450000E+00 -.184779E-02
 0.470000E+00 -.184562E-02
 0.490000E+00 -.184307E-02
 0.510000E+00 -.184016E-02
 0.530000E+00 -.183688E-02
 0.550000E+00 -.183323E-02
 0.570000E+00 -.182921E-02
 0.590000E+00 -.182482E-02
 0.610000E+00 -.182006E-02
 0.630000E+00 -.181494E-02
 0.650000E+00 -.180946E-02
 0.670000E+00 -.180361E-02
 0.690000E+00 -.179739E-02
 0.710000E+00 -.179082E-02
 0.730000E+00 -.178389E-02
 0.750000E+00 -.177659E-02
 0.770000E+00 -.176894E-02
 0.790000E+00 -.176094E-02
 0.810000E+00 -.175258E-02
 0.830000E+00 -.174387E-02
 0.850000E+00 -.173481E-02
 0.870000E+00 -.172540E-02
 0.890000E+00 -.171564E-02
 0.910000E+00 -.109165E+00
 0.930000E+00 -.109159E+00
 0.950000E+00 -.109154E+00
 0.970000E+00 -.109148E+00
 0.990000E+00 -.109143E+00




































































































 -.990000E+00 0.101717E+00
 -.970000E+00 0.101659E+00
 -.950000E+00 0.101601E+00
 -.930000E+00 0.101542E+00
 -.910000E+00 0.101483E+00
 -.890000E+00 -.593982E-02
 -.870000E+00 -.581162E-02
 -.850000E+00 -.568307E-02
 -.830000E+00 -.555419E-02
 -.810000E+00 -.542497E-02
 -.790000E+00 -.529542E-02
 -.770000E+00 -.516555E-02
 -.750000E+00 -.503538E-02
 -.730000E+00 -.490490E-02
 -.710000E+00 -.477412E-02
 -.690000E+00 -.464306E-02
 -.670000E+00 -.451172E-02
 -.650000E+00 -.438011E-02
 -.630000E+00 -.424824E-02
 -.610000E+00 -.411611E-02
 -.590000E+00 -.398373E-02
 -.570000E+00 -.385111E-02
 -.550000E+00 -.371826E-02
 -.530000E+00 -.358519E-02
 -.510000E+00 -.345190E-02
 -.490000E+00 -.331841E-02
 -.470000E+00 -.318471E-02
 -.450000E+00 -.305083E-02
 -.430000E+00 -.291676E-02
 -.410000E+00 -.278251E-02
 -.390000E+00 -.264810E-02
 -.370000E+00 -.251353E-02
 -.350000E+00 -.237880E-02
 -.330000E+00 -.224394E-02
 -.310000E+00 -.210894E-02
 -.290000E+00 -.197381E-02
 -.270000E+00 -.183856E-02
 -.250000E+00 -.170320E-02
 -.230000E+00 -.156774E-02
 -.210000E+00 -.143219E-02
 -.190000E+00 -.129655E-02
 -.170000E+00 -.116083E-02
 -.150000E+00 -.102504E-02
 -.130000E+00 -.889190E-03
 -.110000E+00 -.753286E-03
 -.900000E-01 -.617337E-03
 -.700000E-01 -.481351E-03
 -.500000E-01 -.345336E-03
 -.300000E-01 -.209300E-03
 -.100000E-01 -.732513E-04
 0.100000E-01 0.628018E-04
 0.300000E-01 0.198851E-03
 0.500000E-01 0.334889E-03
 0.700000E-01 0.470906E-03
 0.900000E-01 0.606895E-03
 0.110000E+00 0.742848E-03
 0.130000E+00 0.878756E-03
 0.150000E+00 0.101461E-02
 0.170000E+00 0.115041E-02
 0.190000E+00 0.128613E-02
 0.210000E+00 0.142178E-02
 0.230000E+00 0.155734E-02
 0.250000E+00 0.169281E-02
 0.270000E+00 0.182818E-02
 0.290000E+00 0.196343E-02
 0.310000E+00 0.209857E-02
 0.330000E+00 0.223359E-02
 0.350000E+00 0.236846E-02
 0.370000E+00 0.250320E-02
 0.390000E+00 0.263779E-02
 0.410000E+00 0.277221E-02
 0.430000E+00 0.290647E-02
 0.450000E+00 0.304056E-02
 0.470000E+00 0.317446E-02
 0.490000E+00 0.330818E-02
 0.510000E+00 0.344169E-02
 0.530000E+00 0.357500E-02
 0.550000E+00 0.370809E-02
 0.570000E+00 0.384096E-02
 0.590000E+00 0.397359E-02
 0.610000E+00 0.410599E-02
 0.630000E+00 0.423815E-02
 0.650000E+00 0.437004E-02
 0.670000E+00 0.450168E-02
 0.690000E+00 0.463304E-02
 0.710000E+00 0.476413E-02
 0.730000E+00 0.489493E-02
 0.750000E+00 0.502543E-02
 0.770000E+00 0.515564E-02
 0.790000E+00 0.528553E-02
 0.810000E+00 0.541511E-02
 0.830000E+00 0.554436E-02
 0.850000E+00 0.567327E-02
 0.870000E+00 0.580185E-02
 0.890000E+00 0.593008E-02
 0.910000E+00 -.101493E+00
 0.930000E+00 -.101552E+00
 0.950000E+00 -.101611E+00
 0.970000E+00 -.101669E+00
 0.990000E+00 -.101726E+00




































































































 -.990000E+00 0.107416E+00
 -.970000E+00 0.107404E+00
 -.950000E+00 0.107393E+00
 -.930000E+00 0.107381E+00
 -.910000E+00 0.107369E+00
 -.890000E+00 -.929114E-04
 -.870000E+00 -.908385E-04
 -.850000E+00 -.887646E-04
 -.830000E+00 -.866897E-04
 -.810000E+00 -.846139E-04
 -.790000E+00 -.825372E-04
 -.770000E+00 -.804596E-04
 -.750000E+00 -.783811E-04
 -.730000E+00 -.763017E-04
 -.710000E+00 -.742215E-04
 -.690000E+00 -.721405E-04
 -.670000E+00 -.700586E-04
 -.650000E+00 -.679761E-04
 -.630000E+00 -.658927E-04
 -.610000E+00 -.638087E-04
 -.590000E+00 -.617240E-04
 -.570000E+00 -.596385E-04
 -.550000E+00 -.575525E-04
 -.530000E+00 -.554658E-04
 -.510000E+00 -.533785E-04
 -.490000E+00 -.512906E-04
 -.470000E+00 -.492021E-04
 -.450000E+00 -.471131E-04
 -.430000E+00 -.450236E-04
 -.410000E+00 -.429336E-04
 -.390000E+00 -.408431E-04
 -.370000E+00 -.387522E-04
 -.350000E+00 -.366609E-04
 -.330000E+00 -.345691E-04
 -.310000E+00 -.324770E-04
 -.290000E+00 -.303845E-04
 -.270000E+00 -.282917E-04
 -.250000E+00 -.261986E-04
 -.230000E+00 -.241051E-04
 -.210000E+00 -.220115E-04
 -.190000E+00 -.199175E-04
 -.170000E+00 -.178234E-04
 -.150000E+00 -.157291E-04
 -.130000E+00 -.136346E-04
 -.110000E+00 -.115399E-04
 -.900000E-01 -.944510E-05
 -.700000E-01 -.735021E-05
 -.500000E-01 -.525523E-05
 -.300000E-01 -.316020E-05
 -.100000E-01 -.106513E-05
 0.100000E-01 0.102995E-05
 0.300000E-01 0.312502E-05
 0.500000E-01 0.522006E-05
 0.700000E-01 0.731504E-05
 0.900000E-01 0.940995E-05
 0.110000E+00 0.115048E-04
 0.130000E+00 0.135994E-04
 0.150000E+00 0.156940E-04
 0.170000E+00 0.177883E-04
 0.190000E+00 0.198825E-04
 0.210000E+00 0.219764E-04
 0.230000E+00 0.240701E-04
 0.250000E+00 0.261636E-04
 0.270000E+00 0.282568E-04
 0.290000E+00 0.303496E-04
 0.310000E+00 0.324422E-04
 0.330000E+00 0.345343E-04
 0.350000E+00 0.366261E-04
 0.370000E+00 0.387175E-04
 0.390000E+00 0.408085E-04
 0.410000E+00 0.428990E-04
 0.430000E+00 0.449891E-04
 0.450000E+00 0.470787E-04
 0.470000E+00 0.491677E-04
 0.490000E+00 0.512562E-04
 0.510000E+00 0.533442E-04
 0.530000E+00 0.554316E-04
 0.550000E+00 0.575184E-04
 0.570000E+00 0.596045E-04
 0.590000E+00 0.616900E-04
 0.610000E+00 0.637749E-04
 0.630000E+00 0.658590E-04
 0.650000E+00 0.679424E-04
 0.670000E+00 0.700251E-04
 0.690000E+00 0.721070E-04
 0.710000E+00 0.741881E-04
 0.730000E+00 0.762684E-04
 0.750000E+00 0.783479E-04
 0.770000E+00 0.804265E-04
 0.790000E+00 0.825042E-04
 0.810000E+00 0.845811E-04
 0.830000E+00 0.866570E-04
 0.850000E+00 0.887320E-04
 0.870000E+00 0.908060E-04
 0.890000E+00 0.928790E-04
 0.910000E+00 -.107370E+00
 0.930000E+00 -.107381E+00
 0.950000E+00 -.107393E+00
 0.970000E+00 -.107404E+00
 0.990000E+00 -.107416E+00




































































































 -.990000E+00 0.107510E+00
 -.970000E+00 0.107500E+00
 -.950000E+00 0.107489E+00
 -.930000E+00 0.107479E+00
 -.910000E+00 0.107468E+00
 -.890000E+00 0.500894E-05
 -.870000E+00 0.489638E-05
 -.850000E+00 0.478382E-05
 -.830000E+00 0.467126E-05
 -.810000E+00 0.455870E-05
 -.790000E+00 0.444614E-05
 -.770000E+00 0.433358E-05
 -.750000E+00 0.422102E-05
 -.730000E+00 0.410846E-05
 -.710000E+00 0.399590E-05
 -.690000E+00 0.388334E-05
 -.670000E+00 0.377077E-05
 -.650000E+00 0.365821E-05
 -.630000E+00 0.354565E-05
 -.610000E+00 0.343309E-05
 -.590000E+00 0.332053E-05
 -.570000E+00 0.320797E-05
 -.550000E+00 0.309541E-05
 -.530000E+00 0.298285E-05
 -.510000E+00 0.287029E-05
 -.490000E+00 0.275773E-05
 -.470000E+00 0.264517E-05
 -.450000E+00 0.253261E-05
 -.430000E+00 0.242005E-05
 -.410000E+00 0.230749E-05
 -.390000E+00 0.219493E-05
 -.370000E+00 0.208237E-05
 -.350000E+00 0.196981E-05
 -.330000E+00 0.185725E-05
 -.310000E+00 0.174469E-05
 -.290000E+00 0.163213E-05
 -.270000E+00 0.151956E-05
 -.250000E+00 0.140700E-05
 -.230000E+00 0.129444E-05
 -.210000E+00 0.118188E-05
 -.190000E+00 0.106932E-05
 -.170000E+00 0.956762E-06
 -.150000E+00 0.844201E-06
 -.130000E+00 0.731641E-06
 -.110000E+00 0.619080E-06
 -.900000E-01 0.506520E-06
 -.700000E-01 0.393959E-06
 -.500000E-01 0.281398E-06
 -.300000E-01 0.168838E-06
 -.100000E-01 0.562773E-07
 0.100000E-01 -.562833E-07
 0.300000E-01 -.168844E-06
 0.500000E-01 -.281404E-06
 0.700000E-01 -.393965E-06
 0.900000E-01 -.506526E-06
 0.110000E+00 -.619086E-06
 0.130000E+00 -.731647E-06
 0.150000E+00 -.844207E-06
 0.170000E+00 -.956768E-06
 0.190000E+00 -.106933E-05
 0.210000E+00 -.118189E-05
 0.230000E+00 -.129445E-05
 0.250000E+00 -.140701E-05
 0.270000E+00 -.151957E-05
 0.290000E+00 -.163213E-05
 0.310000E+00 -.174469E-05
 0.330000E+00 -.185725E-05
 0.350000E+00 -.196981E-05
 0.370000E+00 -.208237E-05
 0.390000E+00 -.219493E-05
 0.410000E+00 -.230749E-05
 0.430000E+00 -.242005E-05
 0.450000E+00 -.253262E-05
 0.470000E+00 -.264518E-05
 0.490000E+00 -.275774E-05
 0.510000E+00 -.287030E-05
 0.530000E+00 -.298286E-05
 0.550000E+00 -.309542E-05
 0.570000E+00 -.320798E-05
 0.590000E+00 -.332054E-05
 0.610000E+00 -.343310E-05
 0.630000E+00 -.354566E-05
 0.650000E+00 -.365822E-05
 0.670000E+00 -.377078E-05
 0.690000E+00 -.388334E-05
 0.710000E+00 -.399590E-05
 0.730000E+00 -.410846E-05
 0.750000E+00 -.422102E-05
 0.770000E+00 -.433358E-05
 0.790000E+00 -.444614E-05
 0.810000E+00 -.455870E-05
 0.830000E+00 -.467126E-05
 0.850000E+00 -.478382E-05
 0.870000E+00 -.489638E-05
 0.890000E+00 -.500895E-05
 0.910000E+00 -.107468E+00
 0.930000E+00 -.107479E+00
 0.950000E+00 -.107489E+00
 0.970000E+00 -.107500E+00
 0.990000E+00 -.107510E+00




































































































 -.990000E+00 0.107416E+00
 -.970000E+00 0.107404E+00
 -.950000E+00 0.107393E+00
 -.930000E+00 0.107381E+00
 -.910000E+00 0.107370E+00
 -.890000E+00 -.928790E-04
 -.870000E+00 -.908060E-04
 -.850000E+00 -.887320E-04
 -.830000E+00 -.866570E-04
 -.810000E+00 -.845811E-04
 -.790000E+00 -.825042E-04
 -.770000E+00 -.804265E-04
 -.750000E+00 -.783479E-04
 -.730000E+00 -.762684E-04
 -.710000E+00 -.741881E-04
 -.690000E+00 -.721070E-04
 -.670000E+00 -.700251E-04
 -.650000E+00 -.679424E-04
 -.630000E+00 -.658590E-04
 -.610000E+00 -.637749E-04
 -.590000E+00 -.616900E-04
 -.570000E+00 -.596045E-04
 -.550000E+00 -.575184E-04
 -.530000E+00 -.554316E-04
 -.510000E+00 -.533442E-04
 -.490000E+00 -.512562E-04
 -.470000E+00 -.491677E-04
 -.450000E+00 -.470787E-04
 -.430000E+00 -.449891E-04
 -.410000E+00 -.428990E-04
 -.390000E+00 -.408085E-04
 -.370000E+00 -.387175E-04
 -.350000E+00 -.366261E-04
 -.330000E+00 -.345343E-04
 -.310000E+00 -.324422E-04
 -.290000E+00 -.303496E-04
 -.270000E+00 -.282568E-04
 -.250000E+00 -.261636E-04
 -.230000E+00 -.240701E-04
 -.210000E+00 -.219764E-04
 -.190000E+00 -.198825E-04
 -.170000E+00 -.177883E-04
 -.150000E+00 -.156940E-04
 -.130000E+00 -.135994E-04
 -.110000E+00 -.115048E-04
 -.900000E-01 -.940995E-05
 -.700000E-01 -.731504E-05
 -.500000E-01 -.522006E-05
 -.300000E-01 -.312502E-05
 -.100000E-01 -.102995E-05
 0.100000E-01 0.106513E-05
 0.300000E-01 0.316020E-05
 0.500000E-01 0.525523E-05
 0.700000E-01 0.735021E-05
 0.900000E-01 0.944510E-05
 0.110000E+00 0.115399E-04
 0.130000E+00 0.136346E-04
 0.150000E+00 0.157291E-04
 0.170000E+00 0.178234E-04
 0.190000E+00 0.199175E-04
 0.210000E+00 0.220115E-04
 0.230000E+00 0.241051E-04
 0.250000E+00 0.261986E-04
 0.270000E+00 0.282917E-04
 0.290000E+00 0.303845E-04
 0.310000E+00 0.324770E-04
 0.330000E+00 0.345691E-04
 0.350000E+00 0.366609E-04
 0.370000E+00 0.387522E-04
 0.390000E+00 0.408431E-04
 0.410000E+00 0.429336E-04
 0.430000E+00 0.450236E-04
 0.450000E+00 0.471131E-04
 0.470000E+00 0.492021E-04
 0.490000E+00 0.512906E-04
 0.510000E+00 0.533785E-04
 0.530000E+00 0.554658E-04
 0.550000E+00 0.575525E-04
 0.570000E+00 0.596385E-04
 0.590000E+00 0.617240E-04
 0.610000E+00 0.638087E-04
 0.630000E+00 0.658927E-04
 0.650000E+00 0.679761E-04
 0.670000E+00 0.700586E-04
 0.690000E+00 0.721405E-04
 0.710000E+00 0.742215E-04
 0.730000E+00 0.763017E-04
 0.750000E+00 0.783811E-04
 0.770000E+00 0.804596E-04
 0.790000E+00 0.825372E-04
 0.810000E+00 0.846139E-04
 0.830000E+00 0.866897E-04
 0.850000E+00 0.887646E-04
 0.870000E+00 0.908385E-04
 0.890000E+00 0.929114E-04
 0.910000E+00 -.107369E+00
 0.930000E+00 -.107381E+00
 0.950000E+00 -.107393E+00
 0.970000E+00 -.107404E+00
 0.990000E+00 -.107416E+00




































































































 -.990000E+00 0.101726E+00
 -.970000E+00 0.101669E+00
 -.950000E+00 0.101611E+00
 -.930000E+00 0.101552E+00
 -.910000E+00 0.101493E+00
 -.890000E+00 -.593008E-02
 -.870000E+00 -.580185E-02
 -.850000E+00 -.567327E-02
 -.830000E+00 -.554436E-02
 -.810000E+00 -.541511E-02
 -.790000E+00 -.528553E-02
 -.770000E+00 -.515564E-02
 -.750000E+00 -.502543E-02
 -.730000E+00 -.489493E-02
 -.710000E+00 -.476413E-02
 -.690000E+00 -.463304E-02
 -.670000E+00 -.450168E-02
 -.650000E+00 -.437004E-02
 -.630000E+00 -.423815E-02
 -.610000E+00 -.410599E-02
 -.590000E+00 -.397359E-02
 -.570000E+00 -.384096E-02
 -.550000E+00 -.370809E-02
 -.530000E+00 -.357500E-02
 -.510000E+00 -.344169E-02
 -.490000E+00 -.330818E-02
 -.470000E+00 -.317446E-02
 -.450000E+00 -.304056E-02
 -.430000E+00 -.290647E-02
 -.410000E+00 -.277221E-02
 -.390000E+00 -.263779E-02
 -.370000E+00 -.250320E-02
 -.350000E+00 -.236846E-02
 -.330000E+00 -.223359E-02
 -.310000E+00 -.209857E-02
 -.290000E+00 -.196343E-02
 -.270000E+00 -.182818E-02
 -.250000E+00 -.169281E-02
 -.230000E+00 -.155734E-02
 -.210000E+00 -.142178E-02
 -.190000E+00 -.128613E-02
 -.170000E+00 -.115041E-02
 -.150000E+00 -.101461E-02
 -.130000E+00 -.878756E-03
 -.110000E+00 -.742848E-03
 -.900000E-01 -.606895E-03
 -.700000E-01 -.470906E-03
 -.500000E-01 -.334889E-03
 -.300000E-01 -.198851E-03
 -.100000E-01 -.628018E-04
 0.100000E-01 0.732513E-04
 0.300000E-01 0.209300E-03
 0.500000E-01 0.345336E-03
 0.700000E-01 0.481351E-03
 0.900000E-01 0.617337E-03
 0.110000E+00 0.753286E-03
 0.130000E+00 0.889190E-03
 0.150000E+00 0.102504E-02
 0.170000E+00 0.116083E-02
 0.190000E+00 0.129655E-02
 0.210000E+00 0.143219E-02
 0.230000E+00 0.156774E-02
 0.250000E+00 0.170320E-02
 0.270000E+00 0.183856E-02
 0.290000E+00 0.197381E-02
 0.310000E+00 0.210894E-02
 0.330000E+00 0.224394E-02
 0.350000E+00 0.237880E-02
 0.370000E+00 0.251353E-02
 0.390000E+00 0.264810E-02
 0.410000E+00 0.278251E-02
 0.430000E+00 0.291676E-02
 0.450000E+00 0.305083E-02
 0.470000E+00 0.318471E-02
 0.490000E+00 0.331841E-02
 0.510000E+00 0.345190E-02
 0.530000E+00 0.358519E-02
 0.550000E+00 0.371826E-02
 0.570000E+00 0.385111E-02
 0.590000E+00 0.398373E-02
 0.610000E+00 0.411611E-02
 0.630000E+00 0.424824E-02
 0.650000E+00 0.438011E-02
 0.670000E+00 0.451172E-02
 0.690000E+00 0.464306E-02
 0.710000E+00 0.477412E-02
 0.730000E+00 0.490490E-02
 0.750000E+00 0.503538E-02
 0.770000E+00 0.516555E-02
 0.790000E+00 0.529542E-02
 0.810000E+00 0.542497E-02
 0.830000E+00 0.555419E-02
 0.850000E+00 0.568307E-02
 0.870000E+00 0.581162E-02
 0.890000E+00 0.593982E-02
 0.910000E+00 -.101483E+00
 0.930000E+00 -.101542E+00
 0.950000E+00 -.101601E+00
 0.970000E+00 -.101659E+00
 0.990000E+00 -.101717E+00




































































































 -.990000E+00 0.109143E+00
 -.970000E+00 0.109148E+00
 -.950000E+00 0.109154E+00
 -.930000E+00 0.109159E+00
 -.910000E+00 0.109165E+00
 -.890000E+00 0.171564E-02
 -.870000E+00 0.172540E-02
 -.850000E+00 0.173481E-02
 -.830000E+00 0.174387E-02
 -.810000E+00 0.175258E-02
 -.790000E+00 0.176094E-02
 -.770000E+00 0.176894E-02
 -.750000E+00 0.177659E-02
 -.730000E+00 0.178389E-02
 -.710000E+00 0.179082E-02
 -.690000E+00 0.179739E-02
 -.670000E+00 0.180361E-02
 -.650000E+00 0.180946E-02
 -.630000E+00 0.181494E-02
 -.610000E+00 0.182006E-02
 -.590000E+00 0.182482E-02
 -.570000E+00 0.182921E-02
 -.550000E+00 0.183323E-02
 -.530000E+00 0.183688E-02
 -.510000E+00 0.184016E-02
 -.490000E+00 0.184307E-02
 -.470000E+00 0.184562E-02
 -.450000E+00 0.184779E-02
 -.430000E+00 0.184959E-02
 -.410000E+00 0.185101E-02
 -.390000E+00 0.185207E-02
 -.370000E+00 0.185275E-02
 -.350000E+00 0.185306E-02
 -.330000E+00 0.185300E-02
 -.310000E+00 0.185256E-02
 -.290000E+00 0.185176E-02
 -.270000E+00 0.185058E-02
 -.250000E+00 0.184902E-02
 -.230000E+00 0.184710E-02
 -.210000E+00 0.184480E-02
 -.190000E+00 0.184214E-02
 -.170000E+00 0.183910E-02
 -.150000E+00 0.183569E-02
 -.130000E+00 0.183192E-02
 -.110000E+00 0.182777E-02
 -.900000E-01 0.182326E-02
 -.700000E-01 0.181838E-02
 -.500000E-01 0.181313E-02
 -.300000E-01 0.180752E-02
 -.100000E-01 0.180155E-02
 0.100000E-01 0.179521E-02
 0.300000E-01 0.178852E-02
 0.500000E-01 0.178146E-02
 0.700000E-01 0.177404E-02
 0.900000E-01 0.176627E-02
 0.110000E+00 0.175814E-02
 0.130000E+00 0.174966E-02
 0.150000E+00 0.174083E-02
 0.170000E+00 0.173165E-02
 0.190000E+00 0.172211E-02
 0.210000E+00 0.171224E-02
 0.230000E+00 0.170201E-02
 0.250000E+00 0.169145E-02
 0.270000E+00 0.168054E-02
 0.290000E+00 0.166930E-02
 0.310000E+00 0.165772E-02
 0.330000E+00 0.164580E-02
 0.350000E+00 0.163356E-02
 0.370000E+00 0.162098E-02
 0.390000E+00 0.160808E-02
 0.410000E+00 0.159486E-02
 0.430000E+00 0.158132E-02
 0.450000E+00 0.156745E-02
 0.470000E+00 0.155327E-02
 0.490000E+00 0.153878E-02
 0.510000E+00 0.152398E-02
 0.530000E+00 0.150887E-02
 0.550000E+00 0.149346E-02
 0.570000E+00 0.147775E-02
 0.590000E+00 0.146174E-02
 0.610000E+00 0.144544E-02
 0.630000E+00 0.142884E-02
 0.650000E+00 0.141196E-02
 0.670000E+00 0.139479E-02
 0.690000E+00 0.137735E-02
 0.710000E+00 0.135962E-02
 0.730000E+00 0.134162E-02
 0.750000E+00 0.132335E-02
 0.770000E+00 0.130482E-02
 0.790000E+00 0.128602E-02
 0.810000E+00 0.126696E-02
 0.830000E+00 0.124765E-02
 0.850000E+00 0.122809E-02
 0.870000E+00 0.120828E-02
 0.890000E+00 0.118822E-02
 0.910000E+00 -.106288E+00
 0.930000E+00 -.106304E+00
 0.950000E+00 -.106320E+00
 0.970000E+00 -.106336E+00
 0.990000E+00 -.106352E+00




































































































 -.990000E+00 0.107523E+00
 -.970000E+00 0.107523E+00
 -.950000E+00 0.107523E+00
 -.930000E+00 0.107525E+00
 -.910000E+00 0.107526E+00
 -.890000E+00 0.721532E-04
 -.870000E+00 0.760104E-04
 -.850000E+00 0.797957E-04
 -.830000E+00 0.835056E-04
 -.810000E+00 0.871364E-04
 -.790000E+00 0.906848E-04
 -.770000E+00 0.941475E-04
 -.750000E+00 0.975210E-04
 -.730000E+00 0.100802E-03
 -.710000E+00 0.103988E-03
 -.690000E+00 0.107076E-03
 -.670000E+00 0.110062E-03
 -.650000E+00 0.112943E-03
 -.630000E+00 0.115718E-03
 -.610000E+00 0.118384E-03
 -.590000E+00 0.120937E-03
 -.570000E+00 0.123376E-03
 -.550000E+00 0.125697E-03
 -.530000E+00 0.127900E-03
 -.510000E+00 0.129982E-03
 -.490000E+00 0.131940E-03
 -.470000E+00 0.133774E-03
 -.450000E+00 0.135480E-03
 -.430000E+00 0.137059E-03
 -.410000E+00 0.138507E-03
 -.390000E+00 0.139824E-03
 -.370000E+00 0.141009E-03
 -.350000E+00 0.142060E-03
 -.330000E+00 0.142976E-03
 -.310000E+00 0.143757E-03
 -.290000E+00 0.144402E-03
 -.270000E+00 0.144909E-03
 -.250000E+00 0.145279E-03
 -.230000E+00 0.145512E-03
 -.210000E+00 0.145606E-03
 -.190000E+00 0.145562E-03
 -.170000E+00 0.145381E-03
 -.150000E+00 0.145061E-03
 -.130000E+00 0.144604E-03
 -.110000E+00 0.144010E-03
 -.900000E-01 0.143279E-03
 -.700000E-01 0.142412E-03
 -.500000E-01 0.141409E-03
 -.300000E-01 0.140273E-03
 -.100000E-01 0.139004E-03
 0.100000E-01 0.137602E-03
 0.300000E-01 0.136070E-03
 0.500000E-01 0.134409E-03
 0.700000E-01 0.132621E-03
 0.900000E-01 0.130706E-03
 0.110000E+00 0.128667E-03
 0.130000E+00 0.126506E-03
 0.150000E+00 0.124225E-03
 0.170000E+00 0.121826E-03
 0.190000E+00 0.119311E-03
 0.210000E+00 0.116683E-03
 0.230000E+00 0.113944E-03
 0.250000E+00 0.111097E-03
 0.270000E+00 0.108144E-03
 0.290000E+00 0.105088E-03
 0.310000E+00 0.101932E-03
 0.330000E+00 0.986799E-04
 0.350000E+00 0.953335E-04
 0.370000E+00 0.918963E-04
 0.390000E+00 0.883718E-04
 0.410000E+00 0.847632E-04
 0.430000E+00 0.810738E-04
 0.450000E+00 0.773073E-04
 0.470000E+00 0.734671E-04
 0.490000E+00 0.695569E-04
 0.510000E+00 0.655805E-04
 0.530000E+00 0.615415E-04
 0.550000E+00 0.574438E-04
 0.570000E+00 0.532913E-04
 0.590000E+00 0.490879E-04
 0.610000E+00 0.448375E-04
 0.630000E+00 0.405443E-04
 0.650000E+00 0.362122E-04
 0.670000E+00 0.318455E-04
 0.690000E+00 0.274481E-04
 0.710000E+00 0.230244E-04
 0.730000E+00 0.185784E-04
 0.750000E+00 0.141144E-04
 0.770000E+00 0.963668E-05
 0.790000E+00 0.514939E-05
 0.810000E+00 0.656817E-06
 0.830000E+00 -.383677E-05
 0.850000E+00 -.832712E-05
 0.870000E+00 -.128100E-04
 0.890000E+00 -.172811E-04
 0.910000E+00 -.107480E+00
 0.930000E+00 -.107484E+00
 0.950000E+00 -.107488E+00
 0.970000E+00 -.107491E+00
 0.990000E+00 -.107494E+00




































































































 -.990000E+00 0.107538E+00
 -.970000E+00 0.107534E+00
 -.950000E+00 0.107514E+00
 -.930000E+00 0.107487E+00
 -.910000E+00 0.107464E+00
 -.890000E+00 -.518178E-05
 -.870000E+00 -.119898E-04
 -.850000E+00 -.136015E-04
 -.830000E+00 -.931850E-05
 -.810000E+00 -.997002E-06
 -.790000E+00 0.775655E-05
 -.770000E+00 0.131485E-04
 -.750000E+00 0.128420E-04
 -.730000E+00 0.696994E-05
 -.710000E+00 -.192278E-05
 -.690000E+00 -.998215E-05
 -.670000E+00 -.137153E-04
 -.650000E+00 -.115045E-04
 -.630000E+00 -.430770E-05
 -.610000E+00 0.475595E-05
 -.590000E+00 0.117584E-04
 -.570000E+00 0.136649E-04
 -.550000E+00 0.964916E-05
 -.530000E+00 0.145161E-05
 -.510000E+00 -.737502E-05
 -.490000E+00 -.130054E-04
 -.470000E+00 -.129994E-04
 -.450000E+00 -.735956E-05
 -.430000E+00 0.146977E-05
 -.410000E+00 0.966210E-05
 -.390000E+00 0.136670E-04
 -.370000E+00 0.117487E-04
 -.350000E+00 0.473872E-05
 -.330000E+00 -.432497E-05
 -.310000E+00 -.115143E-04
 -.290000E+00 -.137134E-04
 -.270000E+00 -.996929E-05
 -.250000E+00 -.190462E-05
 -.230000E+00 0.698548E-05
 -.210000E+00 0.128481E-04
 -.190000E+00 0.131426E-04
 -.170000E+00 0.774115E-05
 -.150000E+00 -.101519E-05
 -.130000E+00 -.933154E-05
 -.110000E+00 -.136037E-04
 -.900000E-01 -.119802E-04
 -.700000E-01 -.516458E-05
 -.500000E-01 0.388929E-05
 -.300000E-01 0.112576E-04
 -.100000E-01 0.137470E-04
 0.100000E-01 0.102786E-04
 0.300000E-01 0.235555E-05
 0.500000E-01 -.658833E-05
 0.700000E-01 -.126769E-04
 0.900000E-01 -.132715E-04
 0.110000E+00 -.811430E-05
 0.130000E+00 0.559500E-06
 0.150000E+00 0.899083E-05
 0.170000E+00 0.135256E-04
 0.190000E+00 0.121986E-04
 0.210000E+00 0.558481E-05
 0.230000E+00 -.344938E-05
 0.250000E+00 -.109887E-04
 0.270000E+00 -.137656E-04
 0.290000E+00 -.105766E-04
 0.310000E+00 -.280392E-05
 0.330000E+00 0.618401E-05
 0.350000E+00 0.124919E-04
 0.370000E+00 0.133859E-04
 0.390000E+00 0.847863E-05
 0.410000E+00 -.103201E-06
 0.430000E+00 -.864032E-05
 0.450000E+00 -.134328E-04
 0.470000E+00 -.124037E-04
 0.490000E+00 -.599896E-05
 0.510000E+00 0.300570E-05
 0.530000E+00 0.107077E-04
 0.550000E+00 0.137692E-04
 0.570000E+00 0.108632E-04
 0.590000E+00 0.324924E-05
 0.610000E+00 -.577295E-05
 0.630000E+00 -.122932E-04
 0.650000E+00 -.134858E-04
 0.670000E+00 -.883374E-05
 0.690000E+00 -.353226E-06
 0.710000E+00 0.828040E-05
 0.730000E+00 0.133254E-04
 0.750000E+00 0.125954E-04
 0.770000E+00 0.640660E-05
 0.790000E+00 -.255874E-05
 0.810000E+00 -.104152E-04
 0.830000E+00 -.137578E-04
 0.850000E+00 -.111380E-04
 0.870000E+00 -.369105E-05
 0.890000E+00 0.535559E-05
 0.910000E+00 -.107443E+00
 0.930000E+00 -.107426E+00
 0.950000E+00 -.107405E+00
 0.970000E+00 -.107390E+00
 0.990000E+00 -.107388E+00




































































































