 -.990000E+00 0.259400E+00
 -.970000E+00 0.259428E+00
 -.950000E+00 0.259447E+00
 -.930000E+00 0.259450E+00
 -.910000E+00 0.259435E+00
 -.890000E+00 -.154003E-04
 -.870000E+00 -.349251E-04
 -.850000E+00 -.393241E-04
 -.830000E+00 -.266922E-04
 -.810000E+00 -.250018E-05
 -.790000E+00 0.227746E-04
 -.770000E+00 0.381860E-04
 -.750000E+00 0.370593E-04
 -.730000E+00 0.198826E-04
 -.710000E+00 -.590504E-05
 -.690000E+00 -.291353E-04
 -.670000E+00 -.397473E-04
 -.650000E+00 -.331451E-04
 -.630000E+00 -.121881E-04
 -.610000E+00 0.140474E-04
 -.590000E+00 0.341991E-04
 -.570000E+00 0.395395E-04
 -.550000E+00 0.277557E-04
 -.530000E+00 0.395117E-05
 -.510000E+00 -.215646E-04
 -.490000E+00 -.377409E-04
 -.470000E+00 -.375720E-04
 -.450000E+00 -.211310E-04
 -.430000E+00 0.446161E-05
 -.410000E+00 0.281220E-04
 -.390000E+00 0.396029E-04
 -.370000E+00 0.339323E-04
 -.350000E+00 0.135658E-04
 -.330000E+00 -.126758E-04
 -.310000E+00 -.334277E-04
 -.290000E+00 -.397023E-04
 -.270000E+00 -.287823E-04
 -.250000E+00 -.539689E-05
 -.230000E+00 0.203258E-04
 -.210000E+00 0.372456E-04
 -.190000E+00 0.380347E-04
 -.170000E+00 0.223513E-04
 -.150000E+00 -.301225E-05
 -.130000E+00 -.270712E-04
 -.110000E+00 -.394059E-04
 -.900000E-01 -.346742E-04
 -.700000E-01 -.149255E-04
 -.500000E-01 0.112873E-04
 -.300000E-01 0.326117E-04
 -.100000E-01 0.398123E-04
 0.100000E-01 0.297705E-04
 0.300000E-01 0.683543E-05
 0.500000E-01 -.190600E-04
 0.700000E-01 -.367008E-04
 0.900000E-01 -.384467E-04
 0.110000E+00 -.235418E-04
 0.130000E+00 0.155888E-05
 0.150000E+00 0.259844E-04
 0.170000E+00 0.391564E-04
 0.190000E+00 0.353700E-04
 0.210000E+00 0.162653E-04
 0.230000E+00 -.988381E-05
 0.250000E+00 -.317523E-04
 0.270000E+00 -.398692E-04
 0.290000E+00 -.307191E-04
 0.310000E+00 -.826486E-05
 0.330000E+00 0.177688E-04
 0.350000E+00 0.361070E-04
 0.370000E+00 0.388076E-04
 0.390000E+00 0.247010E-04
 0.410000E+00 -.103431E-06
 0.430000E+00 -.248630E-04
 0.450000E+00 -.388547E-04
 0.470000E+00 -.360188E-04
 0.490000E+00 -.175834E-04
 0.510000E+00 0.846713E-05
 0.530000E+00 0.308507E-04
 0.550000E+00 0.398731E-04
 0.570000E+00 0.316268E-04
 0.590000E+00 0.968329E-05
 0.610000E+00 -.164540E-04
 0.630000E+00 -.354652E-04
 0.650000E+00 -.391168E-04
 0.670000E+00 -.258272E-04
 0.690000E+00 -.135216E-05
 0.710000E+00 0.237085E-04
 0.730000E+00 0.385013E-04
 0.750000E+00 0.366195E-04
 0.770000E+00 0.188782E-04
 0.790000E+00 -.703917E-05
 0.810000E+00 -.299079E-04
 0.830000E+00 -.398238E-04
 0.850000E+00 -.324924E-04
 0.870000E+00 -.110888E-04
 0.890000E+00 0.151172E-04
 0.910000E+00 0.259461E+00
 0.930000E+00 0.259472E+00
 0.950000E+00 0.259470E+00
 0.970000E+00 0.259456E+00
 0.990000E+00 0.259435E+00




































































































 -.990000E+00 0.259072E+00
 -.970000E+00 0.259048E+00
 -.950000E+00 0.259024E+00
 -.930000E+00 0.259000E+00
 -.910000E+00 0.258975E+00
 -.890000E+00 -.474325E-03
 -.870000E+00 -.498157E-03
 -.850000E+00 -.521502E-03
 -.830000E+00 -.544338E-03
 -.810000E+00 -.566643E-03
 -.790000E+00 -.588395E-03
 -.770000E+00 -.609573E-03
 -.750000E+00 -.630156E-03
 -.730000E+00 -.650123E-03
 -.710000E+00 -.669456E-03
 -.690000E+00 -.688135E-03
 -.670000E+00 -.706143E-03
 -.650000E+00 -.723462E-03
 -.630000E+00 -.740074E-03
 -.610000E+00 -.755964E-03
 -.590000E+00 -.771116E-03
 -.570000E+00 -.785515E-03
 -.550000E+00 -.799148E-03
 -.530000E+00 -.812000E-03
 -.510000E+00 -.824060E-03
 -.490000E+00 -.835316E-03
 -.470000E+00 -.845756E-03
 -.450000E+00 -.855371E-03
 -.430000E+00 -.864151E-03
 -.410000E+00 -.872087E-03
 -.390000E+00 -.879172E-03
 -.370000E+00 -.885399E-03
 -.350000E+00 -.890762E-03
 -.330000E+00 -.895255E-03
 -.310000E+00 -.898875E-03
 -.290000E+00 -.901617E-03
 -.270000E+00 -.903479E-03
 -.250000E+00 -.904459E-03
 -.230000E+00 -.904557E-03
 -.210000E+00 -.903771E-03
 -.190000E+00 -.902104E-03
 -.170000E+00 -.899555E-03
 -.150000E+00 -.896129E-03
 -.130000E+00 -.891828E-03
 -.110000E+00 -.886657E-03
 -.900000E-01 -.880620E-03
 -.700000E-01 -.873724E-03
 -.500000E-01 -.865975E-03
 -.300000E-01 -.857380E-03
 -.100000E-01 -.847949E-03
 0.100000E-01 -.837690E-03
 0.300000E-01 -.826614E-03
 0.500000E-01 -.814730E-03
 0.700000E-01 -.802052E-03
 0.900000E-01 -.788591E-03
 0.110000E+00 -.774359E-03
 0.130000E+00 -.759373E-03
 0.150000E+00 -.743644E-03
 0.170000E+00 -.727190E-03
 0.190000E+00 -.710027E-03
 0.210000E+00 -.692170E-03
 0.230000E+00 -.673638E-03
 0.250000E+00 -.654448E-03
 0.270000E+00 -.634619E-03
 0.290000E+00 -.614171E-03
 0.310000E+00 -.593124E-03
 0.330000E+00 -.571497E-03
 0.350000E+00 -.549313E-03
 0.370000E+00 -.526593E-03
 0.390000E+00 -.503359E-03
 0.410000E+00 -.479633E-03
 0.430000E+00 -.455439E-03
 0.450000E+00 -.430801E-03
 0.470000E+00 -.405742E-03
 0.490000E+00 -.380288E-03
 0.510000E+00 -.354462E-03
 0.530000E+00 -.328290E-03
 0.550000E+00 -.301798E-03
 0.570000E+00 -.275011E-03
 0.590000E+00 -.247955E-03
 0.610000E+00 -.220658E-03
 0.630000E+00 -.193146E-03
 0.650000E+00 -.165445E-03
 0.670000E+00 -.137582E-03
 0.690000E+00 -.109585E-03
 0.710000E+00 -.814813E-04
 0.730000E+00 -.532980E-04
 0.750000E+00 -.250627E-04
 0.770000E+00 0.319703E-05
 0.790000E+00 0.314536E-04
 0.810000E+00 0.596795E-04
 0.830000E+00 0.878472E-04
 0.850000E+00 0.115929E-03
 0.870000E+00 0.143898E-03
 0.890000E+00 0.171726E-03
 0.910000E+00 0.259624E+00
 0.930000E+00 0.259651E+00
 0.950000E+00 0.259678E+00
 0.970000E+00 0.259706E+00
 0.990000E+00 0.259733E+00




































































































 -.990000E+00 0.257584E+00
 -.970000E+00 0.257572E+00
 -.950000E+00 0.257561E+00
 -.930000E+00 0.257550E+00
 -.910000E+00 0.257538E+00
 -.890000E+00 -.189329E-02
 -.870000E+00 -.189456E-02
 -.850000E+00 -.189545E-02
 -.830000E+00 -.189594E-02
 -.810000E+00 -.189604E-02
 -.790000E+00 -.189576E-02
 -.770000E+00 -.189508E-02
 -.750000E+00 -.189402E-02
 -.730000E+00 -.189257E-02
 -.710000E+00 -.189072E-02
 -.690000E+00 -.188849E-02
 -.670000E+00 -.188587E-02
 -.650000E+00 -.188287E-02
 -.630000E+00 -.187947E-02
 -.610000E+00 -.187569E-02
 -.590000E+00 -.187153E-02
 -.570000E+00 -.186698E-02
 -.550000E+00 -.186204E-02
 -.530000E+00 -.185673E-02
 -.510000E+00 -.185103E-02
 -.490000E+00 -.184495E-02
 -.470000E+00 -.183849E-02
 -.450000E+00 -.183166E-02
 -.430000E+00 -.182445E-02
 -.410000E+00 -.181686E-02
 -.390000E+00 -.180890E-02
 -.370000E+00 -.180057E-02
 -.350000E+00 -.179186E-02
 -.330000E+00 -.178279E-02
 -.310000E+00 -.177336E-02
 -.290000E+00 -.176356E-02
 -.270000E+00 -.175339E-02
 -.250000E+00 -.174287E-02
 -.230000E+00 -.173198E-02
 -.210000E+00 -.172075E-02
 -.190000E+00 -.170915E-02
 -.170000E+00 -.169721E-02
 -.150000E+00 -.168492E-02
 -.130000E+00 -.167228E-02
 -.110000E+00 -.165930E-02
 -.900000E-01 -.164597E-02
 -.700000E-01 -.163231E-02
 -.500000E-01 -.161831E-02
 -.300000E-01 -.160398E-02
 -.100000E-01 -.158932E-02
 0.100000E-01 -.157434E-02
 0.300000E-01 -.155902E-02
 0.500000E-01 -.154339E-02
 0.700000E-01 -.152744E-02
 0.900000E-01 -.151118E-02
 0.110000E+00 -.149461E-02
 0.130000E+00 -.147773E-02
 0.150000E+00 -.146054E-02
 0.170000E+00 -.144306E-02
 0.190000E+00 -.142528E-02
 0.210000E+00 -.140720E-02
 0.230000E+00 -.138884E-02
 0.250000E+00 -.137019E-02
 0.270000E+00 -.135126E-02
 0.290000E+00 -.133205E-02
 0.310000E+00 -.131256E-02
 0.330000E+00 -.129281E-02
 0.350000E+00 -.127279E-02
 0.370000E+00 -.125251E-02
 0.390000E+00 -.123197E-02
 0.410000E+00 -.121118E-02
 0.430000E+00 -.119014E-02
 0.450000E+00 -.116885E-02
 0.470000E+00 -.114732E-02
 0.490000E+00 -.112556E-02
 0.510000E+00 -.110356E-02
 0.530000E+00 -.108134E-02
 0.550000E+00 -.105890E-02
 0.570000E+00 -.103624E-02
 0.590000E+00 -.101336E-02
 0.610000E+00 -.990278E-03
 0.630000E+00 -.966990E-03
 0.650000E+00 -.943503E-03
 0.670000E+00 -.919822E-03
 0.690000E+00 -.895952E-03
 0.710000E+00 -.871897E-03
 0.730000E+00 -.847663E-03
 0.750000E+00 -.823254E-03
 0.770000E+00 -.798675E-03
 0.790000E+00 -.773933E-03
 0.810000E+00 -.749030E-03
 0.830000E+00 -.723974E-03
 0.850000E+00 -.698768E-03
 0.870000E+00 -.673418E-03
 0.890000E+00 -.647930E-03
 0.910000E+00 0.258798E+00
 0.930000E+00 0.258814E+00
 0.950000E+00 0.258830E+00
 0.970000E+00 0.258847E+00
 0.990000E+00 0.258863E+00




































































































 -.990000E+00 0.278823E+00
 -.970000E+00 0.278955E+00
 -.950000E+00 0.279088E+00
 -.930000E+00 0.279221E+00
 -.910000E+00 0.279356E+00
 -.890000E+00 0.200280E-01
 -.870000E+00 0.200853E-01
 -.850000E+00 0.201413E-01
 -.830000E+00 0.201960E-01
 -.810000E+00 0.202495E-01
 -.790000E+00 0.203017E-01
 -.770000E+00 0.203526E-01
 -.750000E+00 0.204023E-01
 -.730000E+00 0.204507E-01
 -.710000E+00 0.204979E-01
 -.690000E+00 0.205437E-01
 -.670000E+00 0.205883E-01
 -.650000E+00 0.206316E-01
 -.630000E+00 0.206737E-01
 -.610000E+00 0.207144E-01
 -.590000E+00 0.207538E-01
 -.570000E+00 0.207920E-01
 -.550000E+00 0.208288E-01
 -.530000E+00 0.208644E-01
 -.510000E+00 0.208987E-01
 -.490000E+00 0.209316E-01
 -.470000E+00 0.209633E-01
 -.450000E+00 0.209936E-01
 -.430000E+00 0.210227E-01
 -.410000E+00 0.210504E-01
 -.390000E+00 0.210768E-01
 -.370000E+00 0.211019E-01
 -.350000E+00 0.211257E-01
 -.330000E+00 0.211482E-01
 -.310000E+00 0.211694E-01
 -.290000E+00 0.211892E-01
 -.270000E+00 0.212077E-01
 -.250000E+00 0.212249E-01
 -.230000E+00 0.212408E-01
 -.210000E+00 0.212554E-01
 -.190000E+00 0.212686E-01
 -.170000E+00 0.212805E-01
 -.150000E+00 0.212911E-01
 -.130000E+00 0.213003E-01
 -.110000E+00 0.213083E-01
 -.900000E-01 0.213149E-01
 -.700000E-01 0.213201E-01
 -.500000E-01 0.213241E-01
 -.300000E-01 0.213267E-01
 -.100000E-01 0.213280E-01
 0.100000E-01 0.213279E-01
 0.300000E-01 0.213266E-01
 0.500000E-01 0.213239E-01
 0.700000E-01 0.213198E-01
 0.900000E-01 0.213145E-01
 0.110000E+00 0.213078E-01
 0.130000E+00 0.212998E-01
 0.150000E+00 0.212905E-01
 0.170000E+00 0.212798E-01
 0.190000E+00 0.212678E-01
 0.210000E+00 0.212545E-01
 0.230000E+00 0.212399E-01
 0.250000E+00 0.212239E-01
 0.270000E+00 0.212066E-01
 0.290000E+00 0.211880E-01
 0.310000E+00 0.211681E-01
 0.330000E+00 0.211468E-01
 0.350000E+00 0.211243E-01
 0.370000E+00 0.211004E-01
 0.390000E+00 0.210752E-01
 0.410000E+00 0.210487E-01
 0.430000E+00 0.210209E-01
 0.450000E+00 0.209918E-01
 0.470000E+00 0.209614E-01
 0.490000E+00 0.209296E-01
 0.510000E+00 0.208966E-01
 0.530000E+00 0.208622E-01
 0.550000E+00 0.208266E-01
 0.570000E+00 0.207897E-01
 0.590000E+00 0.207514E-01
 0.610000E+00 0.207119E-01
 0.630000E+00 0.206711E-01
 0.650000E+00 0.206290E-01
 0.670000E+00 0.205856E-01
 0.690000E+00 0.205410E-01
 0.710000E+00 0.204950E-01
 0.730000E+00 0.204478E-01
 0.750000E+00 0.203993E-01
 0.770000E+00 0.203495E-01
 0.790000E+00 0.202985E-01
 0.810000E+00 0.202462E-01
 0.830000E+00 0.201927E-01
 0.850000E+00 0.201378E-01
 0.870000E+00 0.200818E-01
 0.890000E+00 0.200245E-01
 0.910000E+00 0.279353E+00
 0.930000E+00 0.279218E+00
 0.950000E+00 0.279084E+00
 0.970000E+00 0.278951E+00
 0.990000E+00 0.278820E+00




































































































 -.990000E+00 0.262541E+00
 -.970000E+00 0.262548E+00
 -.950000E+00 0.262556E+00
 -.930000E+00 0.262563E+00
 -.910000E+00 0.262570E+00
 -.890000E+00 0.314961E-02
 -.870000E+00 0.315126E-02
 -.850000E+00 0.315288E-02
 -.830000E+00 0.315446E-02
 -.810000E+00 0.315600E-02
 -.790000E+00 0.315751E-02
 -.770000E+00 0.315897E-02
 -.750000E+00 0.316040E-02
 -.730000E+00 0.316180E-02
 -.710000E+00 0.316315E-02
 -.690000E+00 0.316447E-02
 -.670000E+00 0.316575E-02
 -.650000E+00 0.316699E-02
 -.630000E+00 0.316820E-02
 -.610000E+00 0.316937E-02
 -.590000E+00 0.317050E-02
 -.570000E+00 0.317159E-02
 -.550000E+00 0.317264E-02
 -.530000E+00 0.317366E-02
 -.510000E+00 0.317464E-02
 -.490000E+00 0.317558E-02
 -.470000E+00 0.317649E-02
 -.450000E+00 0.317736E-02
 -.430000E+00 0.317819E-02
 -.410000E+00 0.317898E-02
 -.390000E+00 0.317973E-02
 -.370000E+00 0.318045E-02
 -.350000E+00 0.318113E-02
 -.330000E+00 0.318177E-02
 -.310000E+00 0.318237E-02
 -.290000E+00 0.318294E-02
 -.270000E+00 0.318347E-02
 -.250000E+00 0.318396E-02
 -.230000E+00 0.318441E-02
 -.210000E+00 0.318483E-02
 -.190000E+00 0.318520E-02
 -.170000E+00 0.318554E-02
 -.150000E+00 0.318584E-02
 -.130000E+00 0.318611E-02
 -.110000E+00 0.318633E-02
 -.900000E-01 0.318652E-02
 -.700000E-01 0.318667E-02
 -.500000E-01 0.318679E-02
 -.300000E-01 0.318686E-02
 -.100000E-01 0.318690E-02
 0.100000E-01 0.318690E-02
 0.300000E-01 0.318686E-02
 0.500000E-01 0.318679E-02
 0.700000E-01 0.318667E-02
 0.900000E-01 0.318652E-02
 0.110000E+00 0.318633E-02
 0.130000E+00 0.318611E-02
 0.150000E+00 0.318584E-02
 0.170000E+00 0.318554E-02
 0.190000E+00 0.318520E-02
 0.210000E+00 0.318482E-02
 0.230000E+00 0.318441E-02
 0.250000E+00 0.318396E-02
 0.270000E+00 0.318346E-02
 0.290000E+00 0.318294E-02
 0.310000E+00 0.318237E-02
 0.330000E+00 0.318177E-02
 0.350000E+00 0.318113E-02
 0.370000E+00 0.318045E-02
 0.390000E+00 0.317973E-02
 0.410000E+00 0.317897E-02
 0.430000E+00 0.317818E-02
 0.450000E+00 0.317735E-02
 0.470000E+00 0.317649E-02
 0.490000E+00 0.317558E-02
 0.510000E+00 0.317464E-02
 0.530000E+00 0.317366E-02
 0.550000E+00 0.317264E-02
 0.570000E+00 0.317158E-02
 0.590000E+00 0.317049E-02
 0.610000E+00 0.316936E-02
 0.630000E+00 0.316819E-02
 0.650000E+00 0.316699E-02
 0.670000E+00 0.316574E-02
 0.690000E+00 0.316446E-02
 0.710000E+00 0.316315E-02
 0.730000E+00 0.316179E-02
 0.750000E+00 0.316040E-02
 0.770000E+00 0.315897E-02
 0.790000E+00 0.315750E-02
 0.810000E+00 0.315599E-02
 0.830000E+00 0.315445E-02
 0.850000E+00 0.315287E-02
 0.870000E+00 0.315125E-02
 0.890000E+00 0.314960E-02
 0.910000E+00 0.262570E+00
 0.930000E+00 0.262563E+00
 0.950000E+00 0.262556E+00
 0.970000E+00 0.262548E+00
 0.990000E+00 0.262541E+00




































































































 -.990000E+00 0.262135E+00
 -.970000E+00 0.262140E+00
 -.950000E+00 0.262144E+00
 -.930000E+00 0.262148E+00
 -.910000E+00 0.262153E+00
 -.890000E+00 0.272941E-02
 -.870000E+00 0.272941E-02
 -.850000E+00 0.272941E-02
 -.830000E+00 0.272941E-02
 -.810000E+00 0.272941E-02
 -.790000E+00 0.272941E-02
 -.770000E+00 0.272941E-02
 -.750000E+00 0.272941E-02
 -.730000E+00 0.272941E-02
 -.710000E+00 0.272941E-02
 -.690000E+00 0.272941E-02
 -.670000E+00 0.272941E-02
 -.650000E+00 0.272941E-02
 -.630000E+00 0.272941E-02
 -.610000E+00 0.272941E-02
 -.590000E+00 0.272941E-02
 -.570000E+00 0.272941E-02
 -.550000E+00 0.272941E-02
 -.530000E+00 0.272941E-02
 -.510000E+00 0.272941E-02
 -.490000E+00 0.272941E-02
 -.470000E+00 0.272941E-02
 -.450000E+00 0.272941E-02
 -.430000E+00 0.272941E-02
 -.410000E+00 0.272941E-02
 -.390000E+00 0.272941E-02
 -.370000E+00 0.272941E-02
 -.350000E+00 0.272941E-02
 -.330000E+00 0.272941E-02
 -.310000E+00 0.272941E-02
 -.290000E+00 0.272941E-02
 -.270000E+00 0.272941E-02
 -.250000E+00 0.272941E-02
 -.230000E+00 0.272941E-02
 -.210000E+00 0.272941E-02
 -.190000E+00 0.272941E-02
 -.170000E+00 0.272941E-02
 -.150000E+00 0.272941E-02
 -.130000E+00 0.272941E-02
 -.110000E+00 0.272941E-02
 -.900000E-01 0.272941E-02
 -.700000E-01 0.272941E-02
 -.500000E-01 0.272941E-02
 -.300000E-01 0.272941E-02
 -.100000E-01 0.272941E-02
 0.100000E-01 0.272941E-02
 0.300000E-01 0.272941E-02
 0.500000E-01 0.272941E-02
 0.700000E-01 0.272941E-02
 0.900000E-01 0.272941E-02
 0.110000E+00 0.272941E-02
 0.130000E+00 0.272941E-02
 0.150000E+00 0.272941E-02
 0.170000E+00 0.272941E-02
 0.190000E+00 0.272941E-02
 0.210000E+00 0.272941E-02
 0.230000E+00 0.272941E-02
 0.250000E+00 0.272941E-02
 0.270000E+00 0.272941E-02
 0.290000E+00 0.272941E-02
 0.310000E+00 0.272941E-02
 0.330000E+00 0.272941E-02
 0.350000E+00 0.272941E-02
 0.370000E+00 0.272941E-02
 0.390000E+00 0.272941E-02
 0.410000E+00 0.272941E-02
 0.430000E+00 0.272941E-02
 0.450000E+00 0.272941E-02
 0.470000E+00 0.272941E-02
 0.490000E+00 0.272941E-02
 0.510000E+00 0.272941E-02
 0.530000E+00 0.272941E-02
 0.550000E+00 0.272941E-02
 0.570000E+00 0.272941E-02
 0.590000E+00 0.272941E-02
 0.610000E+00 0.272941E-02
 0.630000E+00 0.272941E-02
 0.650000E+00 0.272941E-02
 0.670000E+00 0.272941E-02
 0.690000E+00 0.272941E-02
 0.710000E+00 0.272941E-02
 0.730000E+00 0.272941E-02
 0.750000E+00 0.272941E-02
 0.770000E+00 0.272941E-02
 0.790000E+00 0.272941E-02
 0.810000E+00 0.272941E-02
 0.830000E+00 0.272941E-02
 0.850000E+00 0.272941E-02
 0.870000E+00 0.272941E-02
 0.890000E+00 0.272941E-02
 0.910000E+00 0.262153E+00
 0.930000E+00 0.262148E+00
 0.950000E+00 0.262144E+00
 0.970000E+00 0.262140E+00
 0.990000E+00 0.262135E+00




































































































 -.990000E+00 0.262541E+00
 -.970000E+00 0.262548E+00
 -.950000E+00 0.262556E+00
 -.930000E+00 0.262563E+00
 -.910000E+00 0.262570E+00
 -.890000E+00 0.314960E-02
 -.870000E+00 0.315125E-02
 -.850000E+00 0.315287E-02
 -.830000E+00 0.315445E-02
 -.810000E+00 0.315599E-02
 -.790000E+00 0.315750E-02
 -.770000E+00 0.315897E-02
 -.750000E+00 0.316040E-02
 -.730000E+00 0.316179E-02
 -.710000E+00 0.316315E-02
 -.690000E+00 0.316446E-02
 -.670000E+00 0.316574E-02
 -.650000E+00 0.316699E-02
 -.630000E+00 0.316819E-02
 -.610000E+00 0.316936E-02
 -.590000E+00 0.317049E-02
 -.570000E+00 0.317158E-02
 -.550000E+00 0.317264E-02
 -.530000E+00 0.317366E-02
 -.510000E+00 0.317464E-02
 -.490000E+00 0.317558E-02
 -.470000E+00 0.317649E-02
 -.450000E+00 0.317735E-02
 -.430000E+00 0.317818E-02
 -.410000E+00 0.317897E-02
 -.390000E+00 0.317973E-02
 -.370000E+00 0.318045E-02
 -.350000E+00 0.318113E-02
 -.330000E+00 0.318177E-02
 -.310000E+00 0.318237E-02
 -.290000E+00 0.318294E-02
 -.270000E+00 0.318346E-02
 -.250000E+00 0.318396E-02
 -.230000E+00 0.318441E-02
 -.210000E+00 0.318482E-02
 -.190000E+00 0.318520E-02
 -.170000E+00 0.318554E-02
 -.150000E+00 0.318584E-02
 -.130000E+00 0.318611E-02
 -.110000E+00 0.318633E-02
 -.900000E-01 0.318652E-02
 -.700000E-01 0.318667E-02
 -.500000E-01 0.318679E-02
 -.300000E-01 0.318686E-02
 -.100000E-01 0.318690E-02
 0.100000E-01 0.318690E-02
 0.300000E-01 0.318686E-02
 0.500000E-01 0.318679E-02
 0.700000E-01 0.318667E-02
 0.900000E-01 0.318652E-02
 0.110000E+00 0.318633E-02
 0.130000E+00 0.318611E-02
 0.150000E+00 0.318584E-02
 0.170000E+00 0.318554E-02
 0.190000E+00 0.318520E-02
 0.210000E+00 0.318483E-02
 0.230000E+00 0.318441E-02
 0.250000E+00 0.318396E-02
 0.270000E+00 0.318347E-02
 0.290000E+00 0.318294E-02
 0.310000E+00 0.318237E-02
 0.330000E+00 0.318177E-02
 0.350000E+00 0.318113E-02
 0.370000E+00 0.318045E-02
 0.390000E+00 0.317973E-02
 0.410000E+00 0.317898E-02
 0.430000E+00 0.317819E-02
 0.450000E+00 0.317736E-02
 0.470000E+00 0.317649E-02
 0.490000E+00 0.317558E-02
 0.510000E+00 0.317464E-02
 0.530000E+00 0.317366E-02
 0.550000E+00 0.317264E-02
 0.570000E+00 0.317159E-02
 0.590000E+00 0.317050E-02
 0.610000E+00 0.316937E-02
 0.630000E+00 0.316820E-02
 0.650000E+00 0.316699E-02
 0.670000E+00 0.316575E-02
 0.690000E+00 0.316447E-02
 0.710000E+00 0.316315E-02
 0.730000E+00 0.316180E-02
 0.750000E+00 0.316040E-02
 0.770000E+00 0.315897E-02
 0.790000E+00 0.315751E-02
 0.810000E+00 0.315600E-02
 0.830000E+00 0.315446E-02
 0.850000E+00 0.315288E-02
 0.870000E+00 0.315126E-02
 0.890000E+00 0.314961E-02
 0.910000E+00 0.262570E+00
 0.930000E+00 0.262563E+00
 0.950000E+00 0.262556E+00
 0.970000E+00 0.262548E+00
 0.990000E+00 0.262541E+00




































































































 -.990000E+00 0.278820E+00
 -.970000E+00 0.278951E+00
 -.950000E+00 0.279084E+00
 -.930000E+00 0.279218E+00
 -.910000E+00 0.279353E+00
 -.890000E+00 0.200245E-01
 -.870000E+00 0.200818E-01
 -.850000E+00 0.201378E-01
 -.830000E+00 0.201927E-01
 -.810000E+00 0.202462E-01
 -.790000E+00 0.202985E-01
 -.770000E+00 0.203495E-01
 -.750000E+00 0.203993E-01
 -.730000E+00 0.204478E-01
 -.710000E+00 0.204950E-01
 -.690000E+00 0.205410E-01
 -.670000E+00 0.205856E-01
 -.650000E+00 0.206290E-01
 -.630000E+00 0.206711E-01
 -.610000E+00 0.207119E-01
 -.590000E+00 0.207514E-01
 -.570000E+00 0.207897E-01
 -.550000E+00 0.208266E-01
 -.530000E+00 0.208622E-01
 -.510000E+00 0.208966E-01
 -.490000E+00 0.209296E-01
 -.470000E+00 0.209614E-01
 -.450000E+00 0.209918E-01
 -.430000E+00 0.210209E-01
 -.410000E+00 0.210487E-01
 -.390000E+00 0.210752E-01
 -.370000E+00 0.211004E-01
 -.350000E+00 0.211243E-01
 -.330000E+00 0.211468E-01
 -.310000E+00 0.211681E-01
 -.290000E+00 0.211880E-01
 -.270000E+00 0.212066E-01
 -.250000E+00 0.212239E-01
 -.230000E+00 0.212399E-01
 -.210000E+00 0.212545E-01
 -.190000E+00 0.212678E-01
 -.170000E+00 0.212798E-01
 -.150000E+00 0.212905E-01
 -.130000E+00 0.212998E-01
 -.110000E+00 0.213078E-01
 -.900000E-01 0.213145E-01
 -.700000E-01 0.213198E-01
 -.500000E-01 0.213239E-01
 -.300000E-01 0.213266E-01
 -.100000E-01 0.213279E-01
 0.100000E-01 0.213280E-01
 0.300000E-01 0.213267E-01
 0.500000E-01 0.213241E-01
 0.700000E-01 0.213201E-01
 0.900000E-01 0.213149E-01
 0.110000E+00 0.213083E-01
 0.130000E+00 0.213003E-01
 0.150000E+00 0.212911E-01
 0.170000E+00 0.212805E-01
 0.190000E+00 0.212686E-01
 0.210000E+00 0.212554E-01
 0.230000E+00 0.212408E-01
 0.250000E+00 0.212249E-01
 0.270000E+00 0.212077E-01
 0.290000E+00 0.211892E-01
 0.310000E+00 0.211694E-01
 0.330000E+00 0.211482E-01
 0.350000E+00 0.211257E-01
 0.370000E+00 0.211019E-01
 0.390000E+00 0.210768E-01
 0.410000E+00 0.210504E-01
 0.430000E+00 0.210227E-01
 0.450000E+00 0.209936E-01
 0.470000E+00 0.209633E-01
 0.490000E+00 0.209316E-01
 0.510000E+00 0.208987E-01
 0.530000E+00 0.208644E-01
 0.550000E+00 0.208288E-01
 0.570000E+00 0.207920E-01
 0.590000E+00 0.207538E-01
 0.610000E+00 0.207144E-01
 0.630000E+00 0.206737E-01
 0.650000E+00 0.206316E-01
 0.670000E+00 0.205883E-01
 0.690000E+00 0.205437E-01
 0.710000E+00 0.204979E-01
 0.730000E+00 0.204507E-01
 0.750000E+00 0.204023E-01
 0.770000E+00 0.203526E-01
 0.790000E+00 0.203017E-01
 0.810000E+00 0.202495E-01
 0.830000E+00 0.201960E-01
 0.850000E+00 0.201413E-01
 0.870000E+00 0.200853E-01
 0.890000E+00 0.200280E-01
 0.910000E+00 0.279356E+00
 0.930000E+00 0.279221E+00
 0.950000E+00 0.279088E+00
 0.970000E+00 0.278955E+00
 0.990000E+00 0.278823E+00




































































































 -.990000E+00 0.258863E+00
 -.970000E+00 0.258847E+00
 -.950000E+00 0.258830E+00
 -.930000E+00 0.258814E+00
 -.910000E+00 0.258798E+00
 -.890000E+00 -.647930E-03
 -.870000E+00 -.673418E-03
 -.850000E+00 -.698768E-03
 -.830000E+00 -.723974E-03
 -.810000E+00 -.749030E-03
 -.790000E+00 -.773933E-03
 -.770000E+00 -.798675E-03
 -.750000E+00 -.823254E-03
 -.730000E+00 -.847663E-03
 -.710000E+00 -.871897E-03
 -.690000E+00 -.895952E-03
 -.670000E+00 -.919822E-03
 -.650000E+00 -.943503E-03
 -.630000E+00 -.966990E-03
 -.610000E+00 -.990278E-03
 -.590000E+00 -.101336E-02
 -.570000E+00 -.103624E-02
 -.550000E+00 -.105890E-02
 -.530000E+00 -.108134E-02
 -.510000E+00 -.110356E-02
 -.490000E+00 -.112556E-02
 -.470000E+00 -.114732E-02
 -.450000E+00 -.116885E-02
 -.430000E+00 -.119014E-02
 -.410000E+00 -.121118E-02
 -.390000E+00 -.123197E-02
 -.370000E+00 -.125251E-02
 -.350000E+00 -.127279E-02
 -.330000E+00 -.129281E-02
 -.310000E+00 -.131256E-02
 -.290000E+00 -.133205E-02
 -.270000E+00 -.135126E-02
 -.250000E+00 -.137019E-02
 -.230000E+00 -.138884E-02
 -.210000E+00 -.140720E-02
 -.190000E+00 -.142528E-02
 -.170000E+00 -.144306E-02
 -.150000E+00 -.146054E-02
 -.130000E+00 -.147773E-02
 -.110000E+00 -.149461E-02
 -.900000E-01 -.151118E-02
 -.700000E-01 -.152744E-02
 -.500000E-01 -.154339E-02
 -.300000E-01 -.155902E-02
 -.100000E-01 -.157434E-02
 0.100000E-01 -.158932E-02
 0.300000E-01 -.160398E-02
 0.500000E-01 -.161831E-02
 0.700000E-01 -.163231E-02
 0.900000E-01 -.164597E-02
 0.110000E+00 -.165930E-02
 0.130000E+00 -.167228E-02
 0.150000E+00 -.168492E-02
 0.170000E+00 -.169721E-02
 0.190000E+00 -.170915E-02
 0.210000E+00 -.172075E-02
 0.230000E+00 -.173198E-02
 0.250000E+00 -.174287E-02
 0.270000E+00 -.175339E-02
 0.290000E+00 -.176356E-02
 0.310000E+00 -.177336E-02
 0.330000E+00 -.178279E-02
 0.350000E+00 -.179186E-02
 0.370000E+00 -.180057E-02
 0.390000E+00 -.180890E-02
 0.410000E+00 -.181686E-02
 0.430000E+00 -.182445E-02
 0.450000E+00 -.183166E-02
 0.470000E+00 -.183849E-02
 0.490000E+00 -.184495E-02
 0.510000E+00 -.185103E-02
 0.530000E+00 -.185673E-02
 0.550000E+00 -.186204E-02
 0.570000E+00 -.186698E-02
 0.590000E+00 -.187153E-02
 0.610000E+00 -.187569E-02
 0.630000E+00 -.187947E-02
 0.650000E+00 -.188287E-02
 0.670000E+00 -.188587E-02
 0.690000E+00 -.188849E-02
 0.710000E+00 -.189072E-02
 0.730000E+00 -.189257E-02
 0.750000E+00 -.189402E-02
 0.770000E+00 -.189508E-02
 0.790000E+00 -.189576E-02
 0.810000E+00 -.189604E-02
 0.830000E+00 -.189594E-02
 0.850000E+00 -.189545E-02
 0.870000E+00 -.189456E-02
 0.890000E+00 -.189329E-02
 0.910000E+00 0.257538E+00
 0.930000E+00 0.257550E+00
 0.950000E+00 0.257561E+00
 0.970000E+00 0.257572E+00
 0.990000E+00 0.257584E+00




































































































 -.990000E+00 0.259733E+00
 -.970000E+00 0.259706E+00
 -.950000E+00 0.259678E+00
 -.930000E+00 0.259651E+00
 -.910000E+00 0.259624E+00
 -.890000E+00 0.171726E-03
 -.870000E+00 0.143898E-03
 -.850000E+00 0.115929E-03
 -.830000E+00 0.878472E-04
 -.810000E+00 0.596795E-04
 -.790000E+00 0.314536E-04
 -.770000E+00 0.319703E-05
 -.750000E+00 -.250627E-04
 -.730000E+00 -.532980E-04
 -.710000E+00 -.814813E-04
 -.690000E+00 -.109585E-03
 -.670000E+00 -.137582E-03
 -.650000E+00 -.165445E-03
 -.630000E+00 -.193146E-03
 -.610000E+00 -.220658E-03
 -.590000E+00 -.247955E-03
 -.570000E+00 -.275011E-03
 -.550000E+00 -.301798E-03
 -.530000E+00 -.328290E-03
 -.510000E+00 -.354462E-03
 -.490000E+00 -.380288E-03
 -.470000E+00 -.405742E-03
 -.450000E+00 -.430801E-03
 -.430000E+00 -.455439E-03
 -.410000E+00 -.479633E-03
 -.390000E+00 -.503359E-03
 -.370000E+00 -.526593E-03
 -.350000E+00 -.549313E-03
 -.330000E+00 -.571497E-03
 -.310000E+00 -.593124E-03
 -.290000E+00 -.614171E-03
 -.270000E+00 -.634619E-03
 -.250000E+00 -.654448E-03
 -.230000E+00 -.673638E-03
 -.210000E+00 -.692170E-03
 -.190000E+00 -.710027E-03
 -.170000E+00 -.727190E-03
 -.150000E+00 -.743644E-03
 -.130000E+00 -.759373E-03
 -.110000E+00 -.774359E-03
 -.900000E-01 -.788591E-03
 -.700000E-01 -.802052E-03
 -.500000E-01 -.814730E-03
 -.300000E-01 -.826614E-03
 -.100000E-01 -.837690E-03
 0.100000E-01 -.847949E-03
 0.300000E-01 -.857380E-03
 0.500000E-01 -.865975E-03
 0.700000E-01 -.873724E-03
 0.900000E-01 -.880620E-03
 0.110000E+00 -.886657E-03
 0.130000E+00 -.891828E-03
 0.150000E+00 -.896129E-03
 0.170000E+00 -.899555E-03
 0.190000E+00 -.902104E-03
 0.210000E+00 -.903771E-03
 0.230000E+00 -.904557E-03
 0.250000E+00 -.904459E-03
 0.270000E+00 -.903479E-03
 0.290000E+00 -.901617E-03
 0.310000E+00 -.898875E-03
 0.330000E+00 -.895255E-03
 0.350000E+00 -.890762E-03
 0.370000E+00 -.885399E-03
 0.390000E+00 -.879172E-03
 0.410000E+00 -.872087E-03
 0.430000E+00 -.864151E-03
 0.450000E+00 -.855371E-03
 0.470000E+00 -.845756E-03
 0.490000E+00 -.835316E-03
 0.510000E+00 -.824060E-03
 0.530000E+00 -.812000E-03
 0.550000E+00 -.799148E-03
 0.570000E+00 -.785515E-03
 0.590000E+00 -.771116E-03
 0.610000E+00 -.755964E-03
 0.630000E+00 -.740074E-03
 0.650000E+00 -.723462E-03
 0.670000E+00 -.706143E-03
 0.690000E+00 -.688135E-03
 0.710000E+00 -.669456E-03
 0.730000E+00 -.650123E-03
 0.750000E+00 -.630156E-03
 0.770000E+00 -.609573E-03
 0.790000E+00 -.588395E-03
 0.810000E+00 -.566643E-03
 0.830000E+00 -.544338E-03
 0.850000E+00 -.521502E-03
 0.870000E+00 -.498157E-03
 0.890000E+00 -.474325E-03
 0.910000E+00 0.258975E+00
 0.930000E+00 0.259000E+00
 0.950000E+00 0.259024E+00
 0.970000E+00 0.259048E+00
 0.990000E+00 0.259072E+00




































































































 -.990000E+00 0.259435E+00
 -.970000E+00 0.259456E+00
 -.950000E+00 0.259470E+00
 -.930000E+00 0.259472E+00
 -.910000E+00 0.259461E+00
 -.890000E+00 0.151172E-04
 -.870000E+00 -.110888E-04
 -.850000E+00 -.324924E-04
 -.830000E+00 -.398238E-04
 -.810000E+00 -.299079E-04
 -.790000E+00 -.703917E-05
 -.770000E+00 0.188782E-04
 -.750000E+00 0.366195E-04
 -.730000E+00 0.385013E-04
 -.710000E+00 0.237085E-04
 -.690000E+00 -.135216E-05
 -.670000E+00 -.258272E-04
 -.650000E+00 -.391168E-04
 -.630000E+00 -.354652E-04
 -.610000E+00 -.164540E-04
 -.590000E+00 0.968329E-05
 -.570000E+00 0.316268E-04
 -.550000E+00 0.398731E-04
 -.530000E+00 0.308507E-04
 -.510000E+00 0.846713E-05
 -.490000E+00 -.175834E-04
 -.470000E+00 -.360188E-04
 -.450000E+00 -.388547E-04
 -.430000E+00 -.248630E-04
 -.410000E+00 -.103431E-06
 -.390000E+00 0.247010E-04
 -.370000E+00 0.388076E-04
 -.350000E+00 0.361070E-04
 -.330000E+00 0.177688E-04
 -.310000E+00 -.826486E-05
 -.290000E+00 -.307191E-04
 -.270000E+00 -.398692E-04
 -.250000E+00 -.317523E-04
 -.230000E+00 -.988381E-05
 -.210000E+00 0.162653E-04
 -.190000E+00 0.353700E-04
 -.170000E+00 0.391564E-04
 -.150000E+00 0.259844E-04
 -.130000E+00 0.155888E-05
 -.110000E+00 -.235418E-04
 -.900000E-01 -.384467E-04
 -.700000E-01 -.367008E-04
 -.500000E-01 -.190600E-04
 -.300000E-01 0.683543E-05
 -.100000E-01 0.297705E-04
 0.100000E-01 0.398123E-04
 0.300000E-01 0.326117E-04
 0.500000E-01 0.112873E-04
 0.700000E-01 -.149255E-04
 0.900000E-01 -.346742E-04
 0.110000E+00 -.394059E-04
 0.130000E+00 -.270712E-04
 0.150000E+00 -.301225E-05
 0.170000E+00 0.223513E-04
 0.190000E+00 0.380347E-04
 0.210000E+00 0.372456E-04
 0.230000E+00 0.203258E-04
 0.250000E+00 -.539689E-05
 0.270000E+00 -.287823E-04
 0.290000E+00 -.397023E-04
 0.310000E+00 -.334277E-04
 0.330000E+00 -.126758E-04
 0.350000E+00 0.135658E-04
 0.370000E+00 0.339323E-04
 0.390000E+00 0.396029E-04
 0.410000E+00 0.281220E-04
 0.430000E+00 0.446161E-05
 0.450000E+00 -.211310E-04
 0.470000E+00 -.375720E-04
 0.490000E+00 -.377409E-04
 0.510000E+00 -.215646E-04
 0.530000E+00 0.395117E-05
 0.550000E+00 0.277557E-04
 0.570000E+00 0.395395E-04
 0.590000E+00 0.341991E-04
 0.610000E+00 0.140474E-04
 0.630000E+00 -.121881E-04
 0.650000E+00 -.331451E-04
 0.670000E+00 -.397473E-04
 0.690000E+00 -.291353E-04
 0.710000E+00 -.590504E-05
 0.730000E+00 0.198826E-04
 0.750000E+00 0.370593E-04
 0.770000E+00 0.381860E-04
 0.790000E+00 0.227746E-04
 0.810000E+00 -.250018E-05
 0.830000E+00 -.266922E-04
 0.850000E+00 -.393241E-04
 0.870000E+00 -.349251E-04
 0.890000E+00 -.154003E-04
 0.910000E+00 0.259435E+00
 0.930000E+00 0.259450E+00
 0.950000E+00 0.259447E+00
 0.970000E+00 0.259428E+00
 0.990000E+00 0.259400E+00




































































































