 -.990000E+00 -.320430E-02
 -.970000E+00 -.320451E-02
 -.950000E+00 -.320502E-02
 -.930000E+00 -.320563E-02
 -.910000E+00 -.320605E-02
 -.890000E+00 -.481622E-03
 -.870000E+00 0.481833E-02
 -.850000E+00 0.803073E-02
 -.830000E+00 0.776462E-02
 -.810000E+00 0.413577E-02
 -.790000E+00 -.128371E-02
 -.770000E+00 -.614642E-02
 -.750000E+00 -.834645E-02
 -.730000E+00 -.693140E-02
 -.710000E+00 -.251463E-02
 -.690000E+00 0.299055E-02
 -.670000E+00 0.719973E-02
 -.650000E+00 0.829016E-02
 -.630000E+00 0.579004E-02
 -.610000E+00 0.782675E-03
 -.590000E+00 -.456291E-02
 -.570000E+00 -.793156E-02
 -.550000E+00 -.786462E-02
 -.530000E+00 -.439160E-02
 -.510000E+00 0.982861E-03
 -.490000E+00 0.593086E-02
 -.470000E+00 0.830953E-02
 -.450000E+00 0.708907E-02
 -.430000E+00 0.279858E-02
 -.410000E+00 -.270331E-02
 -.390000E+00 -.703361E-02
 -.370000E+00 -.831708E-02
 -.350000E+00 -.599832E-02
 -.330000E+00 -.108208E-02
 -.310000E+00 0.430207E-02
 -.290000E+00 0.782223E-02
 -.270000E+00 0.795415E-02
 -.250000E+00 0.464118E-02
 -.230000E+00 -.681354E-03
 -.210000E+00 -.570801E-02
 -.190000E+00 -.826183E-02
 -.170000E+00 -.723716E-02
 -.150000E+00 -.307830E-02
 -.130000E+00 0.241313E-02
 -.110000E+00 0.685865E-02
 -.900000E-01 0.833309E-02
 -.700000E-01 0.619833E-02
 -.500000E-01 0.137945E-02
 -.300000E-01 -.403614E-02
 -.100000E-01 -.770292E-02
 0.100000E-01 -.803309E-02
 0.300000E-01 -.488417E-02
 0.500000E-01 0.379580E-03
 0.700000E-01 0.547816E-02
 0.900000E-01 0.820344E-02
 0.110000E+00 0.737549E-02
 0.130000E+00 0.335341E-02
 0.150000E+00 -.212040E-02
 0.170000E+00 -.667508E-02
 0.190000E+00 -.833817E-02
 0.210000E+00 -.638983E-02
 0.230000E+00 -.167441E-02
 0.250000E+00 0.376549E-02
 0.270000E+00 0.757378E-02
 0.290000E+00 0.810138E-02
 0.310000E+00 0.512027E-02
 0.330000E+00 -.779353E-04
 0.350000E+00 -.524162E-02
 0.370000E+00 -.813445E-02
 0.390000E+00 -.750390E-02
 0.410000E+00 -.362357E-02
 0.430000E+00 0.182551E-02
 0.450000E+00 0.648318E-02
 0.470000E+00 0.833235E-02
 0.490000E+00 0.657259E-02
 0.510000E+00 0.196657E-02
 0.530000E+00 -.349048E-02
 0.550000E+00 -.743502E-02
 0.570000E+00 -.815895E-02
 0.590000E+00 -.534920E-02
 0.610000E+00 -.223187E-03
 0.630000E+00 0.499873E-02
 0.650000E+00 0.805498E-02
 0.670000E+00 0.762223E-02
 0.690000E+00 0.388844E-02
 0.710000E+00 -.152885E-02
 0.730000E+00 -.628320E-02
 0.750000E+00 -.831566E-02
 0.770000E+00 -.674639E-02
 0.790000E+00 -.225555E-02
 0.810000E+00 0.321148E-02
 0.830000E+00 0.728684E-02
 0.850000E+00 0.820574E-02
 0.870000E+00 0.557067E-02
 0.890000E+00 0.523394E-03
 0.910000E+00 -.711727E-02
 0.930000E+00 -.130098E-01
 0.950000E+00 -.118791E-01
 0.970000E+00 -.421881E-02
 0.990000E+00 0.665198E-02




































































































 -.990000E+00 -.719030E-01
 -.970000E+00 -.719028E-01
 -.950000E+00 -.719021E-01
 -.930000E+00 -.719008E-01
 -.910000E+00 -.718992E-01
 -.890000E+00 -.692045E-01
 -.870000E+00 -.637679E-01
 -.850000E+00 -.582697E-01
 -.830000E+00 -.527155E-01
 -.810000E+00 -.471105E-01
 -.790000E+00 -.414604E-01
 -.770000E+00 -.357705E-01
 -.750000E+00 -.300465E-01
 -.730000E+00 -.242939E-01
 -.710000E+00 -.185184E-01
 -.690000E+00 -.127256E-01
 -.670000E+00 -.692108E-02
 -.650000E+00 -.111063E-02
 -.630000E+00 0.470013E-02
 -.610000E+00 0.105055E-01
 -.590000E+00 0.162999E-01
 -.570000E+00 0.220776E-01
 -.550000E+00 0.278330E-01
 -.530000E+00 0.335604E-01
 -.510000E+00 0.392544E-01
 -.490000E+00 0.449092E-01
 -.470000E+00 0.505195E-01
 -.450000E+00 0.560797E-01
 -.430000E+00 0.615845E-01
 -.410000E+00 0.670284E-01
 -.390000E+00 0.724062E-01
 -.370000E+00 0.777126E-01
 -.350000E+00 0.829424E-01
 -.330000E+00 0.880906E-01
 -.310000E+00 0.931521E-01
 -.290000E+00 0.981220E-01
 -.270000E+00 0.102996E+00
 -.250000E+00 0.107768E+00
 -.230000E+00 0.112434E+00
 -.210000E+00 0.116991E+00
 -.190000E+00 0.121432E+00
 -.170000E+00 0.125754E+00
 -.150000E+00 0.129953E+00
 -.130000E+00 0.134025E+00
 -.110000E+00 0.137965E+00
 -.900000E-01 0.141770E+00
 -.700000E-01 0.145436E+00
 -.500000E-01 0.148960E+00
 -.300000E-01 0.152338E+00
 -.100000E-01 0.155567E+00
 0.100000E-01 0.158644E+00
 0.300000E-01 0.161565E+00
 0.500000E-01 0.164329E+00
 0.700000E-01 0.166932E+00
 0.900000E-01 0.169371E+00
 0.110000E+00 0.171645E+00
 0.130000E+00 0.173752E+00
 0.150000E+00 0.175688E+00
 0.170000E+00 0.177453E+00
 0.190000E+00 0.179044E+00
 0.210000E+00 0.180461E+00
 0.230000E+00 0.181701E+00
 0.250000E+00 0.182764E+00
 0.270000E+00 0.183649E+00
 0.290000E+00 0.184354E+00
 0.310000E+00 0.184879E+00
 0.330000E+00 0.185224E+00
 0.350000E+00 0.185389E+00
 0.370000E+00 0.185372E+00
 0.390000E+00 0.185175E+00
 0.410000E+00 0.184797E+00
 0.430000E+00 0.184239E+00
 0.450000E+00 0.183501E+00
 0.470000E+00 0.182585E+00
 0.490000E+00 0.181490E+00
 0.510000E+00 0.180219E+00
 0.530000E+00 0.178772E+00
 0.550000E+00 0.177151E+00
 0.570000E+00 0.175358E+00
 0.590000E+00 0.173393E+00
 0.610000E+00 0.171260E+00
 0.630000E+00 0.168960E+00
 0.650000E+00 0.166496E+00
 0.670000E+00 0.163869E+00
 0.690000E+00 0.161084E+00
 0.710000E+00 0.158141E+00
 0.730000E+00 0.155045E+00
 0.750000E+00 0.151798E+00
 0.770000E+00 0.148403E+00
 0.790000E+00 0.144864E+00
 0.810000E+00 0.141184E+00
 0.830000E+00 0.137367E+00
 0.850000E+00 0.133416E+00
 0.870000E+00 0.129336E+00
 0.890000E+00 0.125131E+00
 0.910000E+00 0.118241E+00
 0.930000E+00 0.108706E+00
 0.950000E+00 0.991097E-01
 0.970000E+00 0.894630E-01
 0.990000E+00 0.797765E-01




































































































 -.990000E+00 -.189852E+00
 -.970000E+00 -.189852E+00
 -.950000E+00 -.189851E+00
 -.930000E+00 -.189851E+00
 -.910000E+00 -.189850E+00
 -.890000E+00 -.186644E+00
 -.870000E+00 -.180204E+00
 -.850000E+00 -.173728E+00
 -.830000E+00 -.167217E+00
 -.810000E+00 -.160673E+00
 -.790000E+00 -.154097E+00
 -.770000E+00 -.147490E+00
 -.750000E+00 -.140853E+00
 -.730000E+00 -.134188E+00
 -.710000E+00 -.127497E+00
 -.690000E+00 -.120780E+00
 -.670000E+00 -.114039E+00
 -.650000E+00 -.107275E+00
 -.630000E+00 -.100491E+00
 -.610000E+00 -.936859E-01
 -.590000E+00 -.868628E-01
 -.570000E+00 -.800226E-01
 -.550000E+00 -.731667E-01
 -.530000E+00 -.662965E-01
 -.510000E+00 -.594135E-01
 -.490000E+00 -.525190E-01
 -.470000E+00 -.456145E-01
 -.450000E+00 -.387013E-01
 -.430000E+00 -.317809E-01
 -.410000E+00 -.248547E-01
 -.390000E+00 -.179240E-01
 -.370000E+00 -.109905E-01
 -.350000E+00 -.405532E-02
 -.330000E+00 0.287995E-02
 -.310000E+00 0.981393E-02
 -.290000E+00 0.167452E-01
 -.270000E+00 0.236723E-01
 -.250000E+00 0.305939E-01
 -.230000E+00 0.375086E-01
 -.210000E+00 0.444148E-01
 -.190000E+00 0.513112E-01
 -.170000E+00 0.581965E-01
 -.150000E+00 0.650691E-01
 -.130000E+00 0.719277E-01
 -.110000E+00 0.787708E-01
 -.900000E-01 0.855971E-01
 -.700000E-01 0.924052E-01
 -.500000E-01 0.991936E-01
 -.300000E-01 0.105961E+00
 -.100000E-01 0.112706E+00
 0.100000E-01 0.119427E+00
 0.300000E-01 0.126123E+00
 0.500000E-01 0.132793E+00
 0.700000E-01 0.139434E+00
 0.900000E-01 0.146047E+00
 0.110000E+00 0.152629E+00
 0.130000E+00 0.159178E+00
 0.150000E+00 0.165695E+00
 0.170000E+00 0.172177E+00
 0.190000E+00 0.178623E+00
 0.210000E+00 0.185031E+00
 0.230000E+00 0.191401E+00
 0.250000E+00 0.197732E+00
 0.270000E+00 0.204021E+00
 0.290000E+00 0.210267E+00
 0.310000E+00 0.216470E+00
 0.330000E+00 0.222628E+00
 0.350000E+00 0.228739E+00
 0.370000E+00 0.234804E+00
 0.390000E+00 0.240819E+00
 0.410000E+00 0.246784E+00
 0.430000E+00 0.252698E+00
 0.450000E+00 0.258560E+00
 0.470000E+00 0.264369E+00
 0.490000E+00 0.270122E+00
 0.510000E+00 0.275820E+00
 0.530000E+00 0.281460E+00
 0.550000E+00 0.287043E+00
 0.570000E+00 0.292566E+00
 0.590000E+00 0.298028E+00
 0.610000E+00 0.303429E+00
 0.630000E+00 0.308768E+00
 0.650000E+00 0.314042E+00
 0.670000E+00 0.319252E+00
 0.690000E+00 0.324396E+00
 0.710000E+00 0.329473E+00
 0.730000E+00 0.334482E+00
 0.750000E+00 0.339422E+00
 0.770000E+00 0.344293E+00
 0.790000E+00 0.349092E+00
 0.810000E+00 0.353820E+00
 0.830000E+00 0.358474E+00
 0.850000E+00 0.363055E+00
 0.870000E+00 0.367562E+00
 0.890000E+00 0.371992E+00
 0.910000E+00 0.373633E+00
 0.930000E+00 0.372525E+00
 0.950000E+00 0.371396E+00
 0.970000E+00 0.370247E+00
 0.990000E+00 0.369076E+00




































































































 -.990000E+00 -.897403E+00
 -.970000E+00 -.897401E+00
 -.950000E+00 -.897397E+00
 -.930000E+00 -.897389E+00
 -.910000E+00 -.897379E+00
 -.890000E+00 -.895498E+00
 -.870000E+00 -.891704E+00
 -.850000E+00 -.887852E+00
 -.830000E+00 -.883943E+00
 -.810000E+00 -.879977E+00
 -.790000E+00 -.875954E+00
 -.770000E+00 -.871875E+00
 -.750000E+00 -.867741E+00
 -.730000E+00 -.863553E+00
 -.710000E+00 -.859310E+00
 -.690000E+00 -.855013E+00
 -.670000E+00 -.850664E+00
 -.650000E+00 -.846261E+00
 -.630000E+00 -.841806E+00
 -.610000E+00 -.837300E+00
 -.590000E+00 -.832743E+00
 -.570000E+00 -.828135E+00
 -.550000E+00 -.823477E+00
 -.530000E+00 -.818769E+00
 -.510000E+00 -.814012E+00
 -.490000E+00 -.809207E+00
 -.470000E+00 -.804354E+00
 -.450000E+00 -.799453E+00
 -.430000E+00 -.794505E+00
 -.410000E+00 -.789510E+00
 -.390000E+00 -.784469E+00
 -.370000E+00 -.779383E+00
 -.350000E+00 -.774251E+00
 -.330000E+00 -.769075E+00
 -.310000E+00 -.763854E+00
 -.290000E+00 -.758590E+00
 -.270000E+00 -.753283E+00
 -.250000E+00 -.747932E+00
 -.230000E+00 -.742540E+00
 -.210000E+00 -.737105E+00
 -.190000E+00 -.731629E+00
 -.170000E+00 -.726112E+00
 -.150000E+00 -.720554E+00
 -.130000E+00 -.714957E+00
 -.110000E+00 -.709319E+00
 -.900000E-01 -.703642E+00
 -.700000E-01 -.697926E+00
 -.500000E-01 -.692172E+00
 -.300000E-01 -.686380E+00
 -.100000E-01 -.680550E+00
 0.100000E-01 -.674683E+00
 0.300000E-01 -.668779E+00
 0.500000E-01 -.662839E+00
 0.700000E-01 -.656862E+00
 0.900000E-01 -.650850E+00
 0.110000E+00 -.644803E+00
 0.130000E+00 -.638721E+00
 0.150000E+00 -.632604E+00
 0.170000E+00 -.626453E+00
 0.190000E+00 -.620268E+00
 0.210000E+00 -.614050E+00
 0.230000E+00 -.607799E+00
 0.250000E+00 -.601516E+00
 0.270000E+00 -.595199E+00
 0.290000E+00 -.588851E+00
 0.310000E+00 -.582472E+00
 0.330000E+00 -.576061E+00
 0.350000E+00 -.569619E+00
 0.370000E+00 -.563146E+00
 0.390000E+00 -.556643E+00
 0.410000E+00 -.550110E+00
 0.430000E+00 -.543548E+00
 0.450000E+00 -.536956E+00
 0.470000E+00 -.530335E+00
 0.490000E+00 -.523685E+00
 0.510000E+00 -.517007E+00
 0.530000E+00 -.510301E+00
 0.550000E+00 -.503568E+00
 0.570000E+00 -.496806E+00
 0.590000E+00 -.490018E+00
 0.610000E+00 -.483203E+00
 0.630000E+00 -.476361E+00
 0.650000E+00 -.469493E+00
 0.670000E+00 -.462598E+00
 0.690000E+00 -.455678E+00
 0.710000E+00 -.448733E+00
 0.730000E+00 -.441763E+00
 0.750000E+00 -.434767E+00
 0.770000E+00 -.427747E+00
 0.790000E+00 -.420703E+00
 0.810000E+00 -.413635E+00
 0.830000E+00 -.406543E+00
 0.850000E+00 -.399427E+00
 0.870000E+00 -.392288E+00
 0.890000E+00 -.385127E+00
 0.910000E+00 -.381620E+00
 0.930000E+00 -.381786E+00
 0.950000E+00 -.381951E+00
 0.970000E+00 -.382116E+00
 0.990000E+00 -.382282E+00




































































































 -.990000E+00 -.997031E+00
 -.970000E+00 -.997031E+00
 -.950000E+00 -.997031E+00
 -.930000E+00 -.997032E+00
 -.910000E+00 -.997032E+00
 -.890000E+00 -.997165E+00
 -.870000E+00 -.997421E+00
 -.850000E+00 -.997665E+00
 -.830000E+00 -.997897E+00
 -.810000E+00 -.998117E+00
 -.790000E+00 -.998324E+00
 -.770000E+00 -.998520E+00
 -.750000E+00 -.998703E+00
 -.730000E+00 -.998874E+00
 -.710000E+00 -.999033E+00
 -.690000E+00 -.999179E+00
 -.670000E+00 -.999314E+00
 -.650000E+00 -.999436E+00
 -.630000E+00 -.999547E+00
 -.610000E+00 -.999645E+00
 -.590000E+00 -.999731E+00
 -.570000E+00 -.999804E+00
 -.550000E+00 -.999866E+00
 -.530000E+00 -.999916E+00
 -.510000E+00 -.999953E+00
 -.490000E+00 -.999978E+00
 -.470000E+00 -.999991E+00
 -.450000E+00 -.999992E+00
 -.430000E+00 -.999981E+00
 -.410000E+00 -.999958E+00
 -.390000E+00 -.999923E+00
 -.370000E+00 -.999876E+00
 -.350000E+00 -.999816E+00
 -.330000E+00 -.999745E+00
 -.310000E+00 -.999661E+00
 -.290000E+00 -.999566E+00
 -.270000E+00 -.999458E+00
 -.250000E+00 -.999338E+00
 -.230000E+00 -.999206E+00
 -.210000E+00 -.999063E+00
 -.190000E+00 -.998907E+00
 -.170000E+00 -.998739E+00
 -.150000E+00 -.998559E+00
 -.130000E+00 -.998367E+00
 -.110000E+00 -.998163E+00
 -.900000E-01 -.997947E+00
 -.700000E-01 -.997719E+00
 -.500000E-01 -.997480E+00
 -.300000E-01 -.997228E+00
 -.100000E-01 -.996964E+00
 0.100000E-01 -.996688E+00
 0.300000E-01 -.996401E+00
 0.500000E-01 -.996101E+00
 0.700000E-01 -.995790E+00
 0.900000E-01 -.995466E+00
 0.110000E+00 -.995131E+00
 0.130000E+00 -.994784E+00
 0.150000E+00 -.994425E+00
 0.170000E+00 -.994054E+00
 0.190000E+00 -.993671E+00
 0.210000E+00 -.993276E+00
 0.230000E+00 -.992870E+00
 0.250000E+00 -.992451E+00
 0.270000E+00 -.992021E+00
 0.290000E+00 -.991579E+00
 0.310000E+00 -.991125E+00
 0.330000E+00 -.990660E+00
 0.350000E+00 -.990182E+00
 0.370000E+00 -.989693E+00
 0.390000E+00 -.989192E+00
 0.410000E+00 -.988679E+00
 0.430000E+00 -.988155E+00
 0.450000E+00 -.987619E+00
 0.470000E+00 -.987071E+00
 0.490000E+00 -.986512E+00
 0.510000E+00 -.985940E+00
 0.530000E+00 -.985357E+00
 0.550000E+00 -.984763E+00
 0.570000E+00 -.984156E+00
 0.590000E+00 -.983539E+00
 0.610000E+00 -.982909E+00
 0.630000E+00 -.982268E+00
 0.650000E+00 -.981615E+00
 0.670000E+00 -.980951E+00
 0.690000E+00 -.980275E+00
 0.710000E+00 -.979587E+00
 0.730000E+00 -.978888E+00
 0.750000E+00 -.978178E+00
 0.770000E+00 -.977456E+00
 0.790000E+00 -.976722E+00
 0.810000E+00 -.975977E+00
 0.830000E+00 -.975220E+00
 0.850000E+00 -.974452E+00
 0.870000E+00 -.973672E+00
 0.890000E+00 -.972881E+00
 0.910000E+00 -.971874E+00
 0.930000E+00 -.970648E+00
 0.950000E+00 -.969411E+00
 0.970000E+00 -.968163E+00
 0.990000E+00 -.966905E+00




































































































 -.990000E+00 -.925233E+00
 -.970000E+00 -.925233E+00
 -.950000E+00 -.925233E+00
 -.930000E+00 -.925233E+00
 -.910000E+00 -.925234E+00
 -.890000E+00 -.925242E+00
 -.870000E+00 -.925258E+00
 -.850000E+00 -.925274E+00
 -.830000E+00 -.925290E+00
 -.810000E+00 -.925306E+00
 -.790000E+00 -.925322E+00
 -.770000E+00 -.925338E+00
 -.750000E+00 -.925354E+00
 -.730000E+00 -.925370E+00
 -.710000E+00 -.925385E+00
 -.690000E+00 -.925401E+00
 -.670000E+00 -.925417E+00
 -.650000E+00 -.925433E+00
 -.630000E+00 -.925449E+00
 -.610000E+00 -.925465E+00
 -.590000E+00 -.925481E+00
 -.570000E+00 -.925497E+00
 -.550000E+00 -.925513E+00
 -.530000E+00 -.925528E+00
 -.510000E+00 -.925544E+00
 -.490000E+00 -.925560E+00
 -.470000E+00 -.925576E+00
 -.450000E+00 -.925592E+00
 -.430000E+00 -.925608E+00
 -.410000E+00 -.925624E+00
 -.390000E+00 -.925640E+00
 -.370000E+00 -.925655E+00
 -.350000E+00 -.925671E+00
 -.330000E+00 -.925687E+00
 -.310000E+00 -.925703E+00
 -.290000E+00 -.925719E+00
 -.270000E+00 -.925735E+00
 -.250000E+00 -.925751E+00
 -.230000E+00 -.925766E+00
 -.210000E+00 -.925782E+00
 -.190000E+00 -.925798E+00
 -.170000E+00 -.925814E+00
 -.150000E+00 -.925830E+00
 -.130000E+00 -.925846E+00
 -.110000E+00 -.925861E+00
 -.900000E-01 -.925877E+00
 -.700000E-01 -.925893E+00
 -.500000E-01 -.925909E+00
 -.300000E-01 -.925925E+00
 -.100000E-01 -.925941E+00
 0.100000E-01 -.925957E+00
 0.300000E-01 -.925972E+00
 0.500000E-01 -.925988E+00
 0.700000E-01 -.926004E+00
 0.900000E-01 -.926020E+00
 0.110000E+00 -.926036E+00
 0.130000E+00 -.926052E+00
 0.150000E+00 -.926067E+00
 0.170000E+00 -.926083E+00
 0.190000E+00 -.926099E+00
 0.210000E+00 -.926115E+00
 0.230000E+00 -.926131E+00
 0.250000E+00 -.926146E+00
 0.270000E+00 -.926162E+00
 0.290000E+00 -.926178E+00
 0.310000E+00 -.926194E+00
 0.330000E+00 -.926210E+00
 0.350000E+00 -.926225E+00
 0.370000E+00 -.926241E+00
 0.390000E+00 -.926257E+00
 0.410000E+00 -.926273E+00
 0.430000E+00 -.926289E+00
 0.450000E+00 -.926304E+00
 0.470000E+00 -.926320E+00
 0.490000E+00 -.926336E+00
 0.510000E+00 -.926352E+00
 0.530000E+00 -.926368E+00
 0.550000E+00 -.926383E+00
 0.570000E+00 -.926399E+00
 0.590000E+00 -.926415E+00
 0.610000E+00 -.926431E+00
 0.630000E+00 -.926447E+00
 0.650000E+00 -.926462E+00
 0.670000E+00 -.926478E+00
 0.690000E+00 -.926494E+00
 0.710000E+00 -.926510E+00
 0.730000E+00 -.926525E+00
 0.750000E+00 -.926541E+00
 0.770000E+00 -.926557E+00
 0.790000E+00 -.926573E+00
 0.810000E+00 -.926589E+00
 0.830000E+00 -.926604E+00
 0.850000E+00 -.926620E+00
 0.870000E+00 -.926636E+00
 0.890000E+00 -.926652E+00
 0.910000E+00 -.928139E+00
 0.930000E+00 -.931036E+00
 0.950000E+00 -.933854E+00
 0.970000E+00 -.936592E+00
 0.990000E+00 -.939252E+00




































































































 -.990000E+00 -.765023E+00
 -.970000E+00 -.765023E+00
 -.950000E+00 -.765024E+00
 -.930000E+00 -.765024E+00
 -.910000E+00 -.765024E+00
 -.890000E+00 -.763931E+00
 -.870000E+00 -.761736E+00
 -.850000E+00 -.759534E+00
 -.830000E+00 -.757322E+00
 -.810000E+00 -.755103E+00
 -.790000E+00 -.752874E+00
 -.770000E+00 -.750637E+00
 -.750000E+00 -.748392E+00
 -.730000E+00 -.746138E+00
 -.710000E+00 -.743876E+00
 -.690000E+00 -.741606E+00
 -.670000E+00 -.739327E+00
 -.650000E+00 -.737040E+00
 -.630000E+00 -.734745E+00
 -.610000E+00 -.732441E+00
 -.590000E+00 -.730129E+00
 -.570000E+00 -.727809E+00
 -.550000E+00 -.725481E+00
 -.530000E+00 -.723145E+00
 -.510000E+00 -.720800E+00
 -.490000E+00 -.718448E+00
 -.470000E+00 -.716087E+00
 -.450000E+00 -.713719E+00
 -.430000E+00 -.711342E+00
 -.410000E+00 -.708957E+00
 -.390000E+00 -.706565E+00
 -.370000E+00 -.704164E+00
 -.350000E+00 -.701756E+00
 -.330000E+00 -.699340E+00
 -.310000E+00 -.696916E+00
 -.290000E+00 -.694484E+00
 -.270000E+00 -.692044E+00
 -.250000E+00 -.689597E+00
 -.230000E+00 -.687142E+00
 -.210000E+00 -.684679E+00
 -.190000E+00 -.682208E+00
 -.170000E+00 -.679730E+00
 -.150000E+00 -.677245E+00
 -.130000E+00 -.674751E+00
 -.110000E+00 -.672250E+00
 -.900000E-01 -.669742E+00
 -.700000E-01 -.667226E+00
 -.500000E-01 -.664703E+00
 -.300000E-01 -.662172E+00
 -.100000E-01 -.659634E+00
 0.100000E-01 -.657089E+00
 0.300000E-01 -.654536E+00
 0.500000E-01 -.651976E+00
 0.700000E-01 -.649408E+00
 0.900000E-01 -.646833E+00
 0.110000E+00 -.644252E+00
 0.130000E+00 -.641662E+00
 0.150000E+00 -.639066E+00
 0.170000E+00 -.636463E+00
 0.190000E+00 -.633852E+00
 0.210000E+00 -.631235E+00
 0.230000E+00 -.628610E+00
 0.250000E+00 -.625978E+00
 0.270000E+00 -.623340E+00
 0.290000E+00 -.620694E+00
 0.310000E+00 -.618042E+00
 0.330000E+00 -.615382E+00
 0.350000E+00 -.612716E+00
 0.370000E+00 -.610043E+00
 0.390000E+00 -.607363E+00
 0.410000E+00 -.604676E+00
 0.430000E+00 -.601983E+00
 0.450000E+00 -.599283E+00
 0.470000E+00 -.596576E+00
 0.490000E+00 -.593862E+00
 0.510000E+00 -.591142E+00
 0.530000E+00 -.588415E+00
 0.550000E+00 -.585682E+00
 0.570000E+00 -.582942E+00
 0.590000E+00 -.580196E+00
 0.610000E+00 -.577443E+00
 0.630000E+00 -.574684E+00
 0.650000E+00 -.571918E+00
 0.670000E+00 -.569146E+00
 0.690000E+00 -.566368E+00
 0.710000E+00 -.563583E+00
 0.730000E+00 -.560792E+00
 0.750000E+00 -.557995E+00
 0.770000E+00 -.555191E+00
 0.790000E+00 -.552382E+00
 0.810000E+00 -.549566E+00
 0.830000E+00 -.546744E+00
 0.850000E+00 -.543916E+00
 0.870000E+00 -.541082E+00
 0.890000E+00 -.538242E+00
 0.910000E+00 -.540057E+00
 0.930000E+00 -.546500E+00
 0.950000E+00 -.552896E+00
 0.970000E+00 -.559247E+00
 0.990000E+00 -.565550E+00




































































































 -.990000E+00 -.402519E+00
 -.970000E+00 -.402519E+00
 -.950000E+00 -.402517E+00
 -.930000E+00 -.402514E+00
 -.910000E+00 -.402510E+00
 -.890000E+00 -.398946E+00
 -.870000E+00 -.391806E+00
 -.850000E+00 -.384642E+00
 -.830000E+00 -.377456E+00
 -.810000E+00 -.370248E+00
 -.790000E+00 -.363018E+00
 -.770000E+00 -.355766E+00
 -.750000E+00 -.348495E+00
 -.730000E+00 -.341202E+00
 -.710000E+00 -.333890E+00
 -.690000E+00 -.326558E+00
 -.670000E+00 -.319207E+00
 -.650000E+00 -.311837E+00
 -.630000E+00 -.304450E+00
 -.610000E+00 -.297044E+00
 -.590000E+00 -.289621E+00
 -.570000E+00 -.282181E+00
 -.550000E+00 -.274725E+00
 -.530000E+00 -.267252E+00
 -.510000E+00 -.259765E+00
 -.490000E+00 -.252261E+00
 -.470000E+00 -.244744E+00
 -.450000E+00 -.237211E+00
 -.430000E+00 -.229665E+00
 -.410000E+00 -.222106E+00
 -.390000E+00 -.214534E+00
 -.370000E+00 -.206949E+00
 -.350000E+00 -.199352E+00
 -.330000E+00 -.191744E+00
 -.310000E+00 -.184124E+00
 -.290000E+00 -.176494E+00
 -.270000E+00 -.168853E+00
 -.250000E+00 -.161202E+00
 -.230000E+00 -.153542E+00
 -.210000E+00 -.145873E+00
 -.190000E+00 -.138196E+00
 -.170000E+00 -.130510E+00
 -.150000E+00 -.122817E+00
 -.130000E+00 -.115117E+00
 -.110000E+00 -.107410E+00
 -.900000E-01 -.996964E-01
 -.700000E-01 -.919773E-01
 -.500000E-01 -.842527E-01
 -.300000E-01 -.765231E-01
 -.100000E-01 -.687891E-01
 0.100000E-01 -.610511E-01
 0.300000E-01 -.533094E-01
 0.500000E-01 -.455645E-01
 0.700000E-01 -.378170E-01
 0.900000E-01 -.300672E-01
 0.110000E+00 -.223156E-01
 0.130000E+00 -.145626E-01
 0.150000E+00 -.680875E-02
 0.170000E+00 0.945593E-03
 0.190000E+00 0.869996E-02
 0.210000E+00 0.164539E-01
 0.230000E+00 0.242069E-01
 0.250000E+00 0.319587E-01
 0.270000E+00 0.397086E-01
 0.290000E+00 0.474563E-01
 0.310000E+00 0.552014E-01
 0.330000E+00 0.629433E-01
 0.350000E+00 0.706816E-01
 0.370000E+00 0.784160E-01
 0.390000E+00 0.861458E-01
 0.410000E+00 0.938708E-01
 0.430000E+00 0.101590E+00
 0.450000E+00 0.109304E+00
 0.470000E+00 0.117012E+00
 0.490000E+00 0.124712E+00
 0.510000E+00 0.132406E+00
 0.530000E+00 0.140092E+00
 0.550000E+00 0.147770E+00
 0.570000E+00 0.155440E+00
 0.590000E+00 0.163100E+00
 0.610000E+00 0.170751E+00
 0.630000E+00 0.178393E+00
 0.650000E+00 0.186024E+00
 0.670000E+00 0.193644E+00
 0.690000E+00 0.201253E+00
 0.710000E+00 0.208850E+00
 0.730000E+00 0.216436E+00
 0.750000E+00 0.224009E+00
 0.770000E+00 0.231569E+00
 0.790000E+00 0.239115E+00
 0.810000E+00 0.246648E+00
 0.830000E+00 0.254167E+00
 0.850000E+00 0.261670E+00
 0.870000E+00 0.269159E+00
 0.890000E+00 0.276632E+00
 0.910000E+00 0.279887E+00
 0.930000E+00 0.278931E+00
 0.950000E+00 0.277967E+00
 0.970000E+00 0.276995E+00
 0.990000E+00 0.276014E+00




































































































 -.990000E+00 0.183939E+00
 -.970000E+00 0.183939E+00
 -.950000E+00 0.183939E+00
 -.930000E+00 0.183939E+00
 -.910000E+00 0.183939E+00
 -.890000E+00 0.187142E+00
 -.870000E+00 0.193517E+00
 -.850000E+00 0.199852E+00
 -.830000E+00 0.206145E+00
 -.810000E+00 0.212396E+00
 -.790000E+00 0.218602E+00
 -.770000E+00 0.224763E+00
 -.750000E+00 0.230878E+00
 -.730000E+00 0.236944E+00
 -.710000E+00 0.242962E+00
 -.690000E+00 0.248929E+00
 -.670000E+00 0.254844E+00
 -.650000E+00 0.260707E+00
 -.630000E+00 0.266516E+00
 -.610000E+00 0.272270E+00
 -.590000E+00 0.277967E+00
 -.570000E+00 0.283607E+00
 -.550000E+00 0.289188E+00
 -.530000E+00 0.294709E+00
 -.510000E+00 0.300170E+00
 -.490000E+00 0.305568E+00
 -.470000E+00 0.310904E+00
 -.450000E+00 0.316175E+00
 -.430000E+00 0.321381E+00
 -.410000E+00 0.326520E+00
 -.390000E+00 0.331592E+00
 -.370000E+00 0.336596E+00
 -.350000E+00 0.341530E+00
 -.330000E+00 0.346394E+00
 -.310000E+00 0.351186E+00
 -.290000E+00 0.355906E+00
 -.270000E+00 0.360552E+00
 -.250000E+00 0.365125E+00
 -.230000E+00 0.369621E+00
 -.210000E+00 0.374042E+00
 -.190000E+00 0.378385E+00
 -.170000E+00 0.382651E+00
 -.150000E+00 0.386838E+00
 -.130000E+00 0.390945E+00
 -.110000E+00 0.394971E+00
 -.900000E-01 0.398916E+00
 -.700000E-01 0.402779E+00
 -.500000E-01 0.406559E+00
 -.300000E-01 0.410256E+00
 -.100000E-01 0.413867E+00
 0.100000E-01 0.417394E+00
 0.300000E-01 0.420835E+00
 0.500000E-01 0.424189E+00
 0.700000E-01 0.427456E+00
 0.900000E-01 0.430635E+00
 0.110000E+00 0.433726E+00
 0.130000E+00 0.436727E+00
 0.150000E+00 0.439639E+00
 0.170000E+00 0.442460E+00
 0.190000E+00 0.445191E+00
 0.210000E+00 0.447830E+00
 0.230000E+00 0.450377E+00
 0.250000E+00 0.452831E+00
 0.270000E+00 0.455193E+00
 0.290000E+00 0.457461E+00
 0.310000E+00 0.459635E+00
 0.330000E+00 0.461715E+00
 0.350000E+00 0.463700E+00
 0.370000E+00 0.465590E+00
 0.390000E+00 0.467385E+00
 0.410000E+00 0.469084E+00
 0.430000E+00 0.470687E+00
 0.450000E+00 0.472193E+00
 0.470000E+00 0.473603E+00
 0.490000E+00 0.474916E+00
 0.510000E+00 0.476131E+00
 0.530000E+00 0.477249E+00
 0.550000E+00 0.478270E+00
 0.570000E+00 0.479192E+00
 0.590000E+00 0.480017E+00
 0.610000E+00 0.480744E+00
 0.630000E+00 0.481372E+00
 0.650000E+00 0.481902E+00
 0.670000E+00 0.482334E+00
 0.690000E+00 0.482667E+00
 0.710000E+00 0.482902E+00
 0.730000E+00 0.483038E+00
 0.750000E+00 0.483075E+00
 0.770000E+00 0.483015E+00
 0.790000E+00 0.482855E+00
 0.810000E+00 0.482598E+00
 0.830000E+00 0.482242E+00
 0.850000E+00 0.481788E+00
 0.870000E+00 0.481236E+00
 0.890000E+00 0.480586E+00
 0.910000E+00 0.477776E+00
 0.930000E+00 0.472739E+00
 0.950000E+00 0.467516E+00
 0.970000E+00 0.462106E+00
 0.990000E+00 0.456509E+00




































































































 -.990000E+00 0.705456E-01
 -.970000E+00 0.705458E-01
 -.950000E+00 0.705464E-01
 -.930000E+00 0.705475E-01
 -.910000E+00 0.705490E-01
 -.890000E+00 0.732261E-01
 -.870000E+00 0.785239E-01
 -.850000E+00 0.837443E-01
 -.830000E+00 0.888824E-01
 -.810000E+00 0.939331E-01
 -.790000E+00 0.988916E-01
 -.770000E+00 0.103753E+00
 -.750000E+00 0.108512E+00
 -.730000E+00 0.113165E+00
 -.710000E+00 0.117707E+00
 -.690000E+00 0.122134E+00
 -.670000E+00 0.126441E+00
 -.650000E+00 0.130624E+00
 -.630000E+00 0.134679E+00
 -.610000E+00 0.138602E+00
 -.590000E+00 0.142389E+00
 -.570000E+00 0.146037E+00
 -.550000E+00 0.149542E+00
 -.530000E+00 0.152901E+00
 -.510000E+00 0.156110E+00
 -.490000E+00 0.159167E+00
 -.470000E+00 0.162067E+00
 -.450000E+00 0.164810E+00
 -.430000E+00 0.167391E+00
 -.410000E+00 0.169808E+00
 -.390000E+00 0.172060E+00
 -.370000E+00 0.174143E+00
 -.350000E+00 0.176056E+00
 -.330000E+00 0.177798E+00
 -.310000E+00 0.179365E+00
 -.290000E+00 0.180757E+00
 -.270000E+00 0.181973E+00
 -.250000E+00 0.183012E+00
 -.230000E+00 0.183871E+00
 -.210000E+00 0.184551E+00
 -.190000E+00 0.185051E+00
 -.170000E+00 0.185371E+00
 -.150000E+00 0.185509E+00
 -.130000E+00 0.185467E+00
 -.110000E+00 0.185244E+00
 -.900000E-01 0.184840E+00
 -.700000E-01 0.184256E+00
 -.500000E-01 0.183492E+00
 -.300000E-01 0.182550E+00
 -.100000E-01 0.181429E+00
 0.100000E-01 0.180132E+00
 0.300000E-01 0.178659E+00
 0.500000E-01 0.177013E+00
 0.700000E-01 0.175194E+00
 0.900000E-01 0.173204E+00
 0.110000E+00 0.171046E+00
 0.130000E+00 0.168721E+00
 0.150000E+00 0.166232E+00
 0.170000E+00 0.163582E+00
 0.190000E+00 0.160772E+00
 0.210000E+00 0.157806E+00
 0.230000E+00 0.154686E+00
 0.250000E+00 0.151416E+00
 0.270000E+00 0.147999E+00
 0.290000E+00 0.144438E+00
 0.310000E+00 0.140737E+00
 0.330000E+00 0.136899E+00
 0.350000E+00 0.132929E+00
 0.370000E+00 0.128829E+00
 0.390000E+00 0.124604E+00
 0.410000E+00 0.120258E+00
 0.430000E+00 0.115796E+00
 0.450000E+00 0.111221E+00
 0.470000E+00 0.106539E+00
 0.490000E+00 0.101753E+00
 0.510000E+00 0.968694E-01
 0.530000E+00 0.918916E-01
 0.550000E+00 0.868249E-01
 0.570000E+00 0.816742E-01
 0.590000E+00 0.764447E-01
 0.610000E+00 0.711414E-01
 0.630000E+00 0.657694E-01
 0.650000E+00 0.603341E-01
 0.670000E+00 0.548407E-01
 0.690000E+00 0.492947E-01
 0.710000E+00 0.437013E-01
 0.730000E+00 0.380661E-01
 0.750000E+00 0.323946E-01
 0.770000E+00 0.266922E-01
 0.790000E+00 0.209647E-01
 0.810000E+00 0.152174E-01
 0.830000E+00 0.945615E-02
 0.850000E+00 0.368643E-02
 0.870000E+00 -.208609E-02
 0.890000E+00 -.785580E-02
 0.910000E+00 -.163019E-01
 0.930000E+00 -.274574E-01
 0.950000E+00 -.386378E-01
 0.970000E+00 -.498295E-01
 0.990000E+00 -.610191E-01




































































































 -.990000E+00 0.320593E-02
 -.970000E+00 0.320566E-02
 -.950000E+00 0.320497E-02
 -.930000E+00 0.320417E-02
 -.910000E+00 0.320360E-02
 -.890000E+00 0.557103E-02
 -.870000E+00 0.824961E-02
 -.850000E+00 0.735497E-02
 -.830000E+00 0.327509E-02
 -.810000E+00 -.222259E-02
 -.790000E+00 -.675687E-02
 -.770000E+00 -.836415E-02
 -.750000E+00 -.634876E-02
 -.730000E+00 -.158408E-02
 -.710000E+00 0.386595E-02
 -.690000E+00 0.764086E-02
 -.670000E+00 0.810603E-02
 -.650000E+00 0.506049E-02
 -.630000E+00 -.176249E-03
 -.610000E+00 -.533588E-02
 -.590000E+00 -.818383E-02
 -.570000E+00 -.748702E-02
 -.550000E+00 -.354776E-02
 -.530000E+00 0.192742E-02
 -.510000E+00 0.656705E-02
 -.490000E+00 0.836186E-02
 -.470000E+00 0.653497E-02
 -.450000E+00 0.187811E-02
 -.430000E+00 -.359144E-02
 -.410000E+00 -.750477E-02
 -.390000E+00 -.816728E-02
 -.370000E+00 -.529251E-02
 -.350000E+00 -.126042E-03
 -.330000E+00 0.509425E-02
 -.310000E+00 0.810750E-02
 -.290000E+00 0.760903E-02
 -.270000E+00 0.381523E-02
 -.250000E+00 -.163035E-02
 -.230000E+00 -.636903E-02
 -.210000E+00 -.834865E-02
 -.190000E+00 -.671225E-02
 -.170000E+00 -.216909E-02
 -.150000E+00 0.331282E-02
 -.130000E+00 0.735916E-02
 -.110000E+00 0.821772E-02
 -.900000E-01 0.551714E-02
 -.700000E-01 0.427542E-03
 -.500000E-01 -.484647E-02
 -.300000E-01 -.802074E-02
 -.100000E-01 -.772084E-02
 0.100000E-01 -.407716E-02
 0.300000E-01 0.133176E-02
 0.500000E-01 0.616311E-02
 0.700000E-01 0.832456E-02
 0.900000E-01 0.688040E-02
 0.110000E+00 0.245663E-02
 0.130000E+00 -.303044E-02
 0.150000E+00 -.720423E-02
 0.170000E+00 -.825733E-02
 0.190000E+00 -.573410E-02
 0.210000E+00 -.727860E-03
 0.230000E+00 0.459287E-02
 0.250000E+00 0.792368E-02
 0.270000E+00 0.782233E-02
 0.290000E+00 0.433322E-02
 0.310000E+00 -.103205E-02
 0.330000E+00 -.594955E-02
 0.350000E+00 -.828964E-02
 0.370000E+00 -.703921E-02
 0.390000E+00 -.274036E-02
 0.410000E+00 0.274468E-02
 0.430000E+00 0.704022E-02
 0.450000E+00 0.828607E-02
 0.470000E+00 0.594312E-02
 0.490000E+00 0.102661E-02
 0.510000E+00 -.433379E-02
 0.530000E+00 -.781647E-02
 0.550000E+00 -.791340E-02
 0.570000E+00 -.458309E-02
 0.590000E+00 0.731610E-03
 0.610000E+00 0.572867E-02
 0.630000E+00 0.824396E-02
 0.650000E+00 0.718850E-02
 0.670000E+00 0.301992E-02
 0.690000E+00 -.245594E-02
 0.710000E+00 -.686734E-02
 0.730000E+00 -.830392E-02
 0.750000E+00 -.614393E-02
 0.770000E+00 -.132339E-02
 0.790000E+00 0.406959E-02
 0.810000E+00 0.769927E-02
 0.830000E+00 0.799393E-02
 0.850000E+00 0.482646E-02
 0.870000E+00 -.430837E-03
 0.890000E+00 -.550077E-02
 0.910000E+00 -.109117E-01
 0.930000E+00 -.153508E-01
 0.950000E+00 -.145304E-01
 0.970000E+00 -.880803E-02
 0.990000E+00 -.661399E-03




































































































