 -.990000E+00 0.111620E-02
 -.970000E+00 0.334418E-02
 -.950000E+00 0.546298E-02
 -.930000E+00 0.655467E-02
 -.910000E+00 0.614594E-02
 -.890000E+00 0.308981E-02
 -.870000E+00 0.308982E-02
 -.850000E+00 0.309003E-02
 -.830000E+00 0.309012E-02
 -.810000E+00 0.308995E-02
 -.790000E+00 0.308978E-02
 -.770000E+00 0.308987E-02
 -.750000E+00 0.309009E-02
 -.730000E+00 0.309009E-02
 -.710000E+00 0.308988E-02
 -.690000E+00 0.308978E-02
 -.670000E+00 0.308995E-02
 -.650000E+00 0.309012E-02
 -.630000E+00 0.309004E-02
 -.610000E+00 0.308982E-02
 -.590000E+00 0.308981E-02
 -.570000E+00 0.309002E-02
 -.550000E+00 0.309013E-02
 -.530000E+00 0.308997E-02
 -.510000E+00 0.308979E-02
 -.490000E+00 0.308986E-02
 -.470000E+00 0.309008E-02
 -.450000E+00 0.309010E-02
 -.430000E+00 0.308989E-02
 -.410000E+00 0.308978E-02
 -.390000E+00 0.308993E-02
 -.370000E+00 0.309012E-02
 -.350000E+00 0.309005E-02
 -.330000E+00 0.308983E-02
 -.310000E+00 0.308980E-02
 -.290000E+00 0.309001E-02
 -.270000E+00 0.309013E-02
 -.250000E+00 0.308998E-02
 -.230000E+00 0.308979E-02
 -.210000E+00 0.308985E-02
 -.190000E+00 0.309007E-02
 -.170000E+00 0.309011E-02
 -.150000E+00 0.308991E-02
 -.130000E+00 0.308978E-02
 -.110000E+00 0.308992E-02
 -.900000E-01 0.309011E-02
 -.700000E-01 0.309006E-02
 -.500000E-01 0.308984E-02
 -.300000E-01 0.308980E-02
 -.100000E-01 0.308999E-02
 0.100000E-01 0.309013E-02
 0.300000E-01 0.308999E-02
 0.500000E-01 0.308979E-02
 0.700000E-01 0.308984E-02
 0.900000E-01 0.309006E-02
 0.110000E+00 0.309011E-02
 0.130000E+00 0.308992E-02
 0.150000E+00 0.308978E-02
 0.170000E+00 0.308991E-02
 0.190000E+00 0.309011E-02
 0.210000E+00 0.309007E-02
 0.230000E+00 0.308985E-02
 0.250000E+00 0.308979E-02
 0.270000E+00 0.308998E-02
 0.290000E+00 0.309013E-02
 0.310000E+00 0.309000E-02
 0.330000E+00 0.308980E-02
 0.350000E+00 0.308983E-02
 0.370000E+00 0.309005E-02
 0.390000E+00 0.309012E-02
 0.410000E+00 0.308993E-02
 0.430000E+00 0.308978E-02
 0.450000E+00 0.308990E-02
 0.470000E+00 0.309010E-02
 0.490000E+00 0.309008E-02
 0.510000E+00 0.308986E-02
 0.530000E+00 0.308979E-02
 0.550000E+00 0.308997E-02
 0.570000E+00 0.309013E-02
 0.590000E+00 0.309002E-02
 0.610000E+00 0.308981E-02
 0.630000E+00 0.308982E-02
 0.650000E+00 0.309004E-02
 0.670000E+00 0.309012E-02
 0.690000E+00 0.308994E-02
 0.710000E+00 0.308978E-02
 0.730000E+00 0.308988E-02
 0.750000E+00 0.309010E-02
 0.770000E+00 0.309009E-02
 0.790000E+00 0.308987E-02
 0.810000E+00 0.308978E-02
 0.830000E+00 0.308996E-02
 0.850000E+00 0.309013E-02
 0.870000E+00 0.309003E-02
 0.890000E+00 0.308981E-02
 0.910000E+00 0.309019E-02
 0.930000E+00 0.309023E-02
 0.950000E+00 0.309031E-02
 0.970000E+00 0.309040E-02
 0.990000E+00 0.309045E-02




































































































 -.990000E+00 0.390010E-01
 -.970000E+00 0.360775E-01
 -.950000E+00 0.331147E-01
 -.930000E+00 0.301160E-01
 -.910000E+00 0.270850E-01
 -.890000E+00 0.295813E-02
 -.870000E+00 0.296154E-02
 -.850000E+00 0.296520E-02
 -.830000E+00 0.296909E-02
 -.810000E+00 0.297320E-02
 -.790000E+00 0.297751E-02
 -.770000E+00 0.298201E-02
 -.750000E+00 0.298668E-02
 -.730000E+00 0.299150E-02
 -.710000E+00 0.299645E-02
 -.690000E+00 0.300151E-02
 -.670000E+00 0.300666E-02
 -.650000E+00 0.301189E-02
 -.630000E+00 0.301717E-02
 -.610000E+00 0.302248E-02
 -.590000E+00 0.302780E-02
 -.570000E+00 0.303311E-02
 -.550000E+00 0.303839E-02
 -.530000E+00 0.304362E-02
 -.510000E+00 0.304878E-02
 -.490000E+00 0.305384E-02
 -.470000E+00 0.305880E-02
 -.450000E+00 0.306362E-02
 -.430000E+00 0.306830E-02
 -.410000E+00 0.307280E-02
 -.390000E+00 0.307712E-02
 -.370000E+00 0.308124E-02
 -.350000E+00 0.308514E-02
 -.330000E+00 0.308880E-02
 -.310000E+00 0.309222E-02
 -.290000E+00 0.309537E-02
 -.270000E+00 0.309826E-02
 -.250000E+00 0.310085E-02
 -.230000E+00 0.310315E-02
 -.210000E+00 0.310515E-02
 -.190000E+00 0.310683E-02
 -.170000E+00 0.310819E-02
 -.150000E+00 0.310923E-02
 -.130000E+00 0.310994E-02
 -.110000E+00 0.311032E-02
 -.900000E-01 0.311036E-02
 -.700000E-01 0.311007E-02
 -.500000E-01 0.310945E-02
 -.300000E-01 0.310850E-02
 -.100000E-01 0.310722E-02
 0.100000E-01 0.310563E-02
 0.300000E-01 0.310371E-02
 0.500000E-01 0.310149E-02
 0.700000E-01 0.309897E-02
 0.900000E-01 0.309615E-02
 0.110000E+00 0.309306E-02
 0.130000E+00 0.308971E-02
 0.150000E+00 0.308609E-02
 0.170000E+00 0.308224E-02
 0.190000E+00 0.307817E-02
 0.210000E+00 0.307388E-02
 0.230000E+00 0.306940E-02
 0.250000E+00 0.306475E-02
 0.270000E+00 0.305994E-02
 0.290000E+00 0.305499E-02
 0.310000E+00 0.304993E-02
 0.330000E+00 0.304476E-02
 0.350000E+00 0.303952E-02
 0.370000E+00 0.303421E-02
 0.390000E+00 0.302887E-02
 0.410000E+00 0.302351E-02
 0.430000E+00 0.301816E-02
 0.450000E+00 0.301283E-02
 0.470000E+00 0.300755E-02
 0.490000E+00 0.300233E-02
 0.510000E+00 0.299720E-02
 0.530000E+00 0.299217E-02
 0.550000E+00 0.298727E-02
 0.570000E+00 0.298252E-02
 0.590000E+00 0.297793E-02
 0.610000E+00 0.297352E-02
 0.630000E+00 0.296931E-02
 0.650000E+00 0.296532E-02
 0.670000E+00 0.296156E-02
 0.690000E+00 0.295804E-02
 0.710000E+00 0.295479E-02
 0.730000E+00 0.295181E-02
 0.750000E+00 0.294911E-02
 0.770000E+00 0.294670E-02
 0.790000E+00 0.294460E-02
 0.810000E+00 0.294282E-02
 0.830000E+00 0.294135E-02
 0.850000E+00 0.294021E-02
 0.870000E+00 0.293940E-02
 0.890000E+00 0.293892E-02
 0.910000E+00 0.310940E-02
 0.930000E+00 0.310754E-02
 0.950000E+00 0.310573E-02
 0.970000E+00 0.310399E-02
 0.990000E+00 0.310230E-02




































































































 -.990000E+00 -.104242E+00
 -.970000E+00 -.106708E+00
 -.950000E+00 -.109131E+00
 -.930000E+00 -.111511E+00
 -.910000E+00 -.113847E+00
 -.890000E+00 0.441553E-02
 -.870000E+00 0.440587E-02
 -.850000E+00 0.439569E-02
 -.830000E+00 0.438498E-02
 -.810000E+00 0.437376E-02
 -.790000E+00 0.436204E-02
 -.770000E+00 0.434982E-02
 -.750000E+00 0.433711E-02
 -.730000E+00 0.432393E-02
 -.710000E+00 0.431028E-02
 -.690000E+00 0.429618E-02
 -.670000E+00 0.428164E-02
 -.650000E+00 0.426666E-02
 -.630000E+00 0.425127E-02
 -.610000E+00 0.423547E-02
 -.590000E+00 0.421928E-02
 -.570000E+00 0.420270E-02
 -.550000E+00 0.418576E-02
 -.530000E+00 0.416847E-02
 -.510000E+00 0.415083E-02
 -.490000E+00 0.413287E-02
 -.470000E+00 0.411460E-02
 -.450000E+00 0.409603E-02
 -.430000E+00 0.407718E-02
 -.410000E+00 0.405807E-02
 -.390000E+00 0.403870E-02
 -.370000E+00 0.401910E-02
 -.350000E+00 0.399928E-02
 -.330000E+00 0.397926E-02
 -.310000E+00 0.395905E-02
 -.290000E+00 0.393867E-02
 -.270000E+00 0.391814E-02
 -.250000E+00 0.389747E-02
 -.230000E+00 0.387669E-02
 -.210000E+00 0.385580E-02
 -.190000E+00 0.383482E-02
 -.170000E+00 0.381377E-02
 -.150000E+00 0.379268E-02
 -.130000E+00 0.377154E-02
 -.110000E+00 0.375039E-02
 -.900000E-01 0.372924E-02
 -.700000E-01 0.370811E-02
 -.500000E-01 0.368701E-02
 -.300000E-01 0.366597E-02
 -.100000E-01 0.364499E-02
 0.100000E-01 0.362410E-02
 0.300000E-01 0.360331E-02
 0.500000E-01 0.358264E-02
 0.700000E-01 0.356211E-02
 0.900000E-01 0.354174E-02
 0.110000E+00 0.352153E-02
 0.130000E+00 0.350151E-02
 0.150000E+00 0.348169E-02
 0.170000E+00 0.346209E-02
 0.190000E+00 0.344273E-02
 0.210000E+00 0.342362E-02
 0.230000E+00 0.340478E-02
 0.250000E+00 0.338622E-02
 0.270000E+00 0.336796E-02
 0.290000E+00 0.335001E-02
 0.310000E+00 0.333239E-02
 0.330000E+00 0.331511E-02
 0.350000E+00 0.329818E-02
 0.370000E+00 0.328163E-02
 0.390000E+00 0.326546E-02
 0.410000E+00 0.324969E-02
 0.430000E+00 0.323432E-02
 0.450000E+00 0.321938E-02
 0.470000E+00 0.320488E-02
 0.490000E+00 0.319082E-02
 0.510000E+00 0.317722E-02
 0.530000E+00 0.316408E-02
 0.550000E+00 0.315143E-02
 0.570000E+00 0.313927E-02
 0.590000E+00 0.312761E-02
 0.610000E+00 0.311646E-02
 0.630000E+00 0.310584E-02
 0.650000E+00 0.309573E-02
 0.670000E+00 0.308617E-02
 0.690000E+00 0.307715E-02
 0.710000E+00 0.306868E-02
 0.730000E+00 0.306078E-02
 0.750000E+00 0.305343E-02
 0.770000E+00 0.304666E-02
 0.790000E+00 0.304047E-02
 0.810000E+00 0.303486E-02
 0.830000E+00 0.302984E-02
 0.850000E+00 0.302541E-02
 0.870000E+00 0.302157E-02
 0.890000E+00 0.301834E-02
 0.910000E+00 0.354862E-02
 0.930000E+00 0.354403E-02
 0.950000E+00 0.353946E-02
 0.970000E+00 0.353494E-02
 0.990000E+00 0.353045E-02




































































































 -.990000E+00 -.174724E+00
 -.970000E+00 -.174949E+00
 -.950000E+00 -.175173E+00
 -.930000E+00 -.175395E+00
 -.910000E+00 -.175615E+00
 -.890000E+00 0.165933E-03
 -.870000E+00 0.189275E-03
 -.850000E+00 0.212902E-03
 -.830000E+00 0.236810E-03
 -.810000E+00 0.260991E-03
 -.790000E+00 0.285439E-03
 -.770000E+00 0.310148E-03
 -.750000E+00 0.335111E-03
 -.730000E+00 0.360322E-03
 -.710000E+00 0.385773E-03
 -.690000E+00 0.411458E-03
 -.670000E+00 0.437371E-03
 -.650000E+00 0.463504E-03
 -.630000E+00 0.489850E-03
 -.610000E+00 0.516402E-03
 -.590000E+00 0.543154E-03
 -.570000E+00 0.570098E-03
 -.550000E+00 0.597228E-03
 -.530000E+00 0.624535E-03
 -.510000E+00 0.652013E-03
 -.490000E+00 0.679654E-03
 -.470000E+00 0.707452E-03
 -.450000E+00 0.735398E-03
 -.430000E+00 0.763486E-03
 -.410000E+00 0.791707E-03
 -.390000E+00 0.820056E-03
 -.370000E+00 0.848523E-03
 -.350000E+00 0.877101E-03
 -.330000E+00 0.905784E-03
 -.310000E+00 0.934562E-03
 -.290000E+00 0.963430E-03
 -.270000E+00 0.992379E-03
 -.250000E+00 0.102140E-02
 -.230000E+00 0.105049E-02
 -.210000E+00 0.107963E-02
 -.190000E+00 0.110883E-02
 -.170000E+00 0.113807E-02
 -.150000E+00 0.116734E-02
 -.130000E+00 0.119664E-02
 -.110000E+00 0.122596E-02
 -.900000E-01 0.125530E-02
 -.700000E-01 0.128463E-02
 -.500000E-01 0.131397E-02
 -.300000E-01 0.134329E-02
 -.100000E-01 0.137259E-02
 0.100000E-01 0.140186E-02
 0.300000E-01 0.143110E-02
 0.500000E-01 0.146030E-02
 0.700000E-01 0.148945E-02
 0.900000E-01 0.151854E-02
 0.110000E+00 0.154756E-02
 0.130000E+00 0.157651E-02
 0.150000E+00 0.160538E-02
 0.170000E+00 0.163416E-02
 0.190000E+00 0.166285E-02
 0.210000E+00 0.169143E-02
 0.230000E+00 0.171990E-02
 0.250000E+00 0.174825E-02
 0.270000E+00 0.177647E-02
 0.290000E+00 0.180456E-02
 0.310000E+00 0.183251E-02
 0.330000E+00 0.186032E-02
 0.350000E+00 0.188796E-02
 0.370000E+00 0.191544E-02
 0.390000E+00 0.194275E-02
 0.410000E+00 0.196989E-02
 0.430000E+00 0.199684E-02
 0.450000E+00 0.202359E-02
 0.470000E+00 0.205015E-02
 0.490000E+00 0.207650E-02
 0.510000E+00 0.210264E-02
 0.530000E+00 0.212856E-02
 0.550000E+00 0.215425E-02
 0.570000E+00 0.217970E-02
 0.590000E+00 0.220492E-02
 0.610000E+00 0.222989E-02
 0.630000E+00 0.225460E-02
 0.650000E+00 0.227906E-02
 0.670000E+00 0.230325E-02
 0.690000E+00 0.232716E-02
 0.710000E+00 0.235079E-02
 0.730000E+00 0.237414E-02
 0.750000E+00 0.239720E-02
 0.770000E+00 0.241995E-02
 0.790000E+00 0.244241E-02
 0.810000E+00 0.246455E-02
 0.830000E+00 0.248637E-02
 0.850000E+00 0.250788E-02
 0.870000E+00 0.252905E-02
 0.890000E+00 0.254990E-02
 0.910000E+00 0.205348E+00
 0.930000E+00 0.205349E+00
 0.950000E+00 0.205349E+00
 0.970000E+00 0.205349E+00
 0.990000E+00 0.205349E+00




































































































 -.990000E+00 0.598958E-01
 -.970000E+00 0.577938E-01
 -.950000E+00 0.556837E-01
 -.930000E+00 0.535659E-01
 -.910000E+00 0.514406E-01
 -.890000E+00 0.177494E-02
 -.870000E+00 0.178287E-02
 -.850000E+00 0.179077E-02
 -.830000E+00 0.179865E-02
 -.810000E+00 0.180650E-02
 -.790000E+00 0.181433E-02
 -.770000E+00 0.182214E-02
 -.750000E+00 0.182992E-02
 -.730000E+00 0.183767E-02
 -.710000E+00 0.184539E-02
 -.690000E+00 0.185309E-02
 -.670000E+00 0.186076E-02
 -.650000E+00 0.186840E-02
 -.630000E+00 0.187602E-02
 -.610000E+00 0.188361E-02
 -.590000E+00 0.189116E-02
 -.570000E+00 0.189869E-02
 -.550000E+00 0.190619E-02
 -.530000E+00 0.191366E-02
 -.510000E+00 0.192110E-02
 -.490000E+00 0.192851E-02
 -.470000E+00 0.193589E-02
 -.450000E+00 0.194323E-02
 -.430000E+00 0.195055E-02
 -.410000E+00 0.195783E-02
 -.390000E+00 0.196508E-02
 -.370000E+00 0.197230E-02
 -.350000E+00 0.197948E-02
 -.330000E+00 0.198664E-02
 -.310000E+00 0.199375E-02
 -.290000E+00 0.200084E-02
 -.270000E+00 0.200789E-02
 -.250000E+00 0.201490E-02
 -.230000E+00 0.202188E-02
 -.210000E+00 0.202883E-02
 -.190000E+00 0.203574E-02
 -.170000E+00 0.204261E-02
 -.150000E+00 0.204945E-02
 -.130000E+00 0.205625E-02
 -.110000E+00 0.206301E-02
 -.900000E-01 0.206974E-02
 -.700000E-01 0.207643E-02
 -.500000E-01 0.208308E-02
 -.300000E-01 0.208969E-02
 -.100000E-01 0.209626E-02
 0.100000E-01 0.210280E-02
 0.300000E-01 0.210929E-02
 0.500000E-01 0.211575E-02
 0.700000E-01 0.212217E-02
 0.900000E-01 0.212854E-02
 0.110000E+00 0.213488E-02
 0.130000E+00 0.214118E-02
 0.150000E+00 0.214743E-02
 0.170000E+00 0.215365E-02
 0.190000E+00 0.215982E-02
 0.210000E+00 0.216595E-02
 0.230000E+00 0.217204E-02
 0.250000E+00 0.217808E-02
 0.270000E+00 0.218409E-02
 0.290000E+00 0.219005E-02
 0.310000E+00 0.219596E-02
 0.330000E+00 0.220184E-02
 0.350000E+00 0.220767E-02
 0.370000E+00 0.221345E-02
 0.390000E+00 0.221919E-02
 0.410000E+00 0.222489E-02
 0.430000E+00 0.223054E-02
 0.450000E+00 0.223615E-02
 0.470000E+00 0.224171E-02
 0.490000E+00 0.224722E-02
 0.510000E+00 0.225269E-02
 0.530000E+00 0.225811E-02
 0.550000E+00 0.226349E-02
 0.570000E+00 0.226882E-02
 0.590000E+00 0.227410E-02
 0.610000E+00 0.227934E-02
 0.630000E+00 0.228453E-02
 0.650000E+00 0.228967E-02
 0.670000E+00 0.229476E-02
 0.690000E+00 0.229980E-02
 0.710000E+00 0.230480E-02
 0.730000E+00 0.230974E-02
 0.750000E+00 0.231464E-02
 0.770000E+00 0.231949E-02
 0.790000E+00 0.232429E-02
 0.810000E+00 0.232904E-02
 0.830000E+00 0.233374E-02
 0.850000E+00 0.233838E-02
 0.870000E+00 0.234298E-02
 0.890000E+00 0.234753E-02
 0.910000E+00 0.270019E+00
 0.930000E+00 0.270021E+00
 0.950000E+00 0.270023E+00
 0.970000E+00 0.270025E+00
 0.990000E+00 0.270027E+00




































































































 -.990000E+00 0.209259E+00
 -.970000E+00 0.207795E+00
 -.950000E+00 0.206307E+00
 -.930000E+00 0.204794E+00
 -.910000E+00 0.203256E+00
 -.890000E+00 0.252842E-02
 -.870000E+00 0.252842E-02
 -.850000E+00 0.252842E-02
 -.830000E+00 0.252842E-02
 -.810000E+00 0.252842E-02
 -.790000E+00 0.252843E-02
 -.770000E+00 0.252843E-02
 -.750000E+00 0.252843E-02
 -.730000E+00 0.252843E-02
 -.710000E+00 0.252843E-02
 -.690000E+00 0.252843E-02
 -.670000E+00 0.252843E-02
 -.650000E+00 0.252843E-02
 -.630000E+00 0.252843E-02
 -.610000E+00 0.252843E-02
 -.590000E+00 0.252844E-02
 -.570000E+00 0.252844E-02
 -.550000E+00 0.252844E-02
 -.530000E+00 0.252844E-02
 -.510000E+00 0.252844E-02
 -.490000E+00 0.252844E-02
 -.470000E+00 0.252844E-02
 -.450000E+00 0.252844E-02
 -.430000E+00 0.252844E-02
 -.410000E+00 0.252844E-02
 -.390000E+00 0.252845E-02
 -.370000E+00 0.252845E-02
 -.350000E+00 0.252845E-02
 -.330000E+00 0.252845E-02
 -.310000E+00 0.252845E-02
 -.290000E+00 0.252845E-02
 -.270000E+00 0.252845E-02
 -.250000E+00 0.252845E-02
 -.230000E+00 0.252845E-02
 -.210000E+00 0.252845E-02
 -.190000E+00 0.252845E-02
 -.170000E+00 0.252846E-02
 -.150000E+00 0.252846E-02
 -.130000E+00 0.252846E-02
 -.110000E+00 0.252846E-02
 -.900000E-01 0.252846E-02
 -.700000E-01 0.252846E-02
 -.500000E-01 0.252846E-02
 -.300000E-01 0.252846E-02
 -.100000E-01 0.252846E-02
 0.100000E-01 0.252846E-02
 0.300000E-01 0.252847E-02
 0.500000E-01 0.252847E-02
 0.700000E-01 0.252847E-02
 0.900000E-01 0.252847E-02
 0.110000E+00 0.252847E-02
 0.130000E+00 0.252847E-02
 0.150000E+00 0.252847E-02
 0.170000E+00 0.252847E-02
 0.190000E+00 0.252847E-02
 0.210000E+00 0.252847E-02
 0.230000E+00 0.252848E-02
 0.250000E+00 0.252848E-02
 0.270000E+00 0.252848E-02
 0.290000E+00 0.252848E-02
 0.310000E+00 0.252848E-02
 0.330000E+00 0.252848E-02
 0.350000E+00 0.252848E-02
 0.370000E+00 0.252848E-02
 0.390000E+00 0.252848E-02
 0.410000E+00 0.252848E-02
 0.430000E+00 0.252849E-02
 0.450000E+00 0.252849E-02
 0.470000E+00 0.252849E-02
 0.490000E+00 0.252849E-02
 0.510000E+00 0.252849E-02
 0.530000E+00 0.252849E-02
 0.550000E+00 0.252849E-02
 0.570000E+00 0.252849E-02
 0.590000E+00 0.252849E-02
 0.610000E+00 0.252849E-02
 0.630000E+00 0.252850E-02
 0.650000E+00 0.252850E-02
 0.670000E+00 0.252850E-02
 0.690000E+00 0.252850E-02
 0.710000E+00 0.252850E-02
 0.730000E+00 0.252850E-02
 0.750000E+00 0.252850E-02
 0.770000E+00 0.252850E-02
 0.790000E+00 0.252850E-02
 0.810000E+00 0.252850E-02
 0.830000E+00 0.252851E-02
 0.850000E+00 0.252851E-02
 0.870000E+00 0.252851E-02
 0.890000E+00 0.252851E-02
 0.910000E+00 0.283325E+00
 0.930000E+00 0.283326E+00
 0.950000E+00 0.283326E+00
 0.970000E+00 0.283326E+00
 0.990000E+00 0.283326E+00




































































































 -.990000E+00 0.281255E+00
 -.970000E+00 0.281072E+00
 -.950000E+00 0.280880E+00
 -.930000E+00 0.280679E+00
 -.910000E+00 0.280468E+00
 -.890000E+00 0.304411E-02
 -.870000E+00 0.304900E-02
 -.850000E+00 0.305380E-02
 -.830000E+00 0.305852E-02
 -.810000E+00 0.306316E-02
 -.790000E+00 0.306771E-02
 -.770000E+00 0.307218E-02
 -.750000E+00 0.307656E-02
 -.730000E+00 0.308086E-02
 -.710000E+00 0.308507E-02
 -.690000E+00 0.308920E-02
 -.670000E+00 0.309324E-02
 -.650000E+00 0.309720E-02
 -.630000E+00 0.310107E-02
 -.610000E+00 0.310486E-02
 -.590000E+00 0.310856E-02
 -.570000E+00 0.311218E-02
 -.550000E+00 0.311570E-02
 -.530000E+00 0.311914E-02
 -.510000E+00 0.312250E-02
 -.490000E+00 0.312576E-02
 -.470000E+00 0.312894E-02
 -.450000E+00 0.313204E-02
 -.430000E+00 0.313504E-02
 -.410000E+00 0.313796E-02
 -.390000E+00 0.314079E-02
 -.370000E+00 0.314353E-02
 -.350000E+00 0.314618E-02
 -.330000E+00 0.314875E-02
 -.310000E+00 0.315122E-02
 -.290000E+00 0.315361E-02
 -.270000E+00 0.315591E-02
 -.250000E+00 0.315812E-02
 -.230000E+00 0.316024E-02
 -.210000E+00 0.316227E-02
 -.190000E+00 0.316422E-02
 -.170000E+00 0.316607E-02
 -.150000E+00 0.316783E-02
 -.130000E+00 0.316951E-02
 -.110000E+00 0.317109E-02
 -.900000E-01 0.317259E-02
 -.700000E-01 0.317399E-02
 -.500000E-01 0.317531E-02
 -.300000E-01 0.317653E-02
 -.100000E-01 0.317767E-02
 0.100000E-01 0.317872E-02
 0.300000E-01 0.317967E-02
 0.500000E-01 0.318054E-02
 0.700000E-01 0.318131E-02
 0.900000E-01 0.318199E-02
 0.110000E+00 0.318259E-02
 0.130000E+00 0.318309E-02
 0.150000E+00 0.318350E-02
 0.170000E+00 0.318383E-02
 0.190000E+00 0.318406E-02
 0.210000E+00 0.318420E-02
 0.230000E+00 0.318425E-02
 0.250000E+00 0.318421E-02
 0.270000E+00 0.318408E-02
 0.290000E+00 0.318385E-02
 0.310000E+00 0.318354E-02
 0.330000E+00 0.318314E-02
 0.350000E+00 0.318264E-02
 0.370000E+00 0.318206E-02
 0.390000E+00 0.318138E-02
 0.410000E+00 0.318062E-02
 0.430000E+00 0.317976E-02
 0.450000E+00 0.317881E-02
 0.470000E+00 0.317777E-02
 0.490000E+00 0.317664E-02
 0.510000E+00 0.317542E-02
 0.530000E+00 0.317411E-02
 0.550000E+00 0.317271E-02
 0.570000E+00 0.317122E-02
 0.590000E+00 0.316964E-02
 0.610000E+00 0.316797E-02
 0.630000E+00 0.316620E-02
 0.650000E+00 0.316435E-02
 0.670000E+00 0.316241E-02
 0.690000E+00 0.316037E-02
 0.710000E+00 0.315825E-02
 0.730000E+00 0.315604E-02
 0.750000E+00 0.315373E-02
 0.770000E+00 0.315134E-02
 0.790000E+00 0.314886E-02
 0.810000E+00 0.314629E-02
 0.830000E+00 0.314363E-02
 0.850000E+00 0.314087E-02
 0.870000E+00 0.313803E-02
 0.890000E+00 0.313511E-02
 0.910000E+00 0.270052E+00
 0.930000E+00 0.270045E+00
 0.950000E+00 0.270039E+00
 0.970000E+00 0.270033E+00
 0.990000E+00 0.270027E+00




































































































 -.990000E+00 0.200581E+00
 -.970000E+00 0.200539E+00
 -.950000E+00 0.200497E+00
 -.930000E+00 0.200455E+00
 -.910000E+00 0.200412E+00
 -.890000E+00 0.223841E-02
 -.870000E+00 0.254017E-02
 -.850000E+00 0.284165E-02
 -.830000E+00 0.314278E-02
 -.810000E+00 0.344349E-02
 -.790000E+00 0.374372E-02
 -.770000E+00 0.404339E-02
 -.750000E+00 0.434243E-02
 -.730000E+00 0.464078E-02
 -.710000E+00 0.493837E-02
 -.690000E+00 0.523512E-02
 -.670000E+00 0.553096E-02
 -.650000E+00 0.582583E-02
 -.630000E+00 0.611966E-02
 -.610000E+00 0.641238E-02
 -.590000E+00 0.670392E-02
 -.570000E+00 0.699421E-02
 -.550000E+00 0.728319E-02
 -.530000E+00 0.757078E-02
 -.510000E+00 0.785691E-02
 -.490000E+00 0.814153E-02
 -.470000E+00 0.842455E-02
 -.450000E+00 0.870592E-02
 -.430000E+00 0.898557E-02
 -.410000E+00 0.926342E-02
 -.390000E+00 0.953942E-02
 -.370000E+00 0.981349E-02
 -.350000E+00 0.100856E-01
 -.330000E+00 0.103556E-01
 -.310000E+00 0.106235E-01
 -.290000E+00 0.108892E-01
 -.270000E+00 0.111527E-01
 -.250000E+00 0.114138E-01
 -.230000E+00 0.116725E-01
 -.210000E+00 0.119288E-01
 -.190000E+00 0.121826E-01
 -.170000E+00 0.124339E-01
 -.150000E+00 0.126824E-01
 -.130000E+00 0.129283E-01
 -.110000E+00 0.131714E-01
 -.900000E-01 0.134117E-01
 -.700000E-01 0.136491E-01
 -.500000E-01 0.138835E-01
 -.300000E-01 0.141150E-01
 -.100000E-01 0.143433E-01
 0.100000E-01 0.145686E-01
 0.300000E-01 0.147906E-01
 0.500000E-01 0.150094E-01
 0.700000E-01 0.152249E-01
 0.900000E-01 0.154370E-01
 0.110000E+00 0.156457E-01
 0.130000E+00 0.158510E-01
 0.150000E+00 0.160527E-01
 0.170000E+00 0.162508E-01
 0.190000E+00 0.164452E-01
 0.210000E+00 0.166360E-01
 0.230000E+00 0.168230E-01
 0.250000E+00 0.170062E-01
 0.270000E+00 0.171855E-01
 0.290000E+00 0.173609E-01
 0.310000E+00 0.175324E-01
 0.330000E+00 0.176998E-01
 0.350000E+00 0.178632E-01
 0.370000E+00 0.180225E-01
 0.390000E+00 0.181776E-01
 0.410000E+00 0.183285E-01
 0.430000E+00 0.184752E-01
 0.450000E+00 0.186176E-01
 0.470000E+00 0.187556E-01
 0.490000E+00 0.188892E-01
 0.510000E+00 0.190184E-01
 0.530000E+00 0.191432E-01
 0.550000E+00 0.192634E-01
 0.570000E+00 0.193791E-01
 0.590000E+00 0.194901E-01
 0.610000E+00 0.195966E-01
 0.630000E+00 0.196984E-01
 0.650000E+00 0.197955E-01
 0.670000E+00 0.198878E-01
 0.690000E+00 0.199754E-01
 0.710000E+00 0.200581E-01
 0.730000E+00 0.201360E-01
 0.750000E+00 0.202091E-01
 0.770000E+00 0.202772E-01
 0.790000E+00 0.203404E-01
 0.810000E+00 0.203987E-01
 0.830000E+00 0.204520E-01
 0.850000E+00 0.205003E-01
 0.870000E+00 0.205435E-01
 0.890000E+00 0.205817E-01
 0.910000E+00 0.205919E+00
 0.930000E+00 0.205777E+00
 0.950000E+00 0.205635E+00
 0.970000E+00 0.205492E+00
 0.990000E+00 0.205349E+00




































































































 -.990000E+00 -.604769E-01
 -.970000E+00 -.605701E-01
 -.950000E+00 -.606572E-01
 -.930000E+00 -.607382E-01
 -.910000E+00 -.608132E-01
 -.890000E+00 0.330293E-02
 -.870000E+00 0.329670E-02
 -.850000E+00 0.329008E-02
 -.830000E+00 0.328309E-02
 -.810000E+00 0.327572E-02
 -.790000E+00 0.326799E-02
 -.770000E+00 0.325989E-02
 -.750000E+00 0.325144E-02
 -.730000E+00 0.324264E-02
 -.710000E+00 0.323350E-02
 -.690000E+00 0.322403E-02
 -.670000E+00 0.321423E-02
 -.650000E+00 0.320411E-02
 -.630000E+00 0.319368E-02
 -.610000E+00 0.318296E-02
 -.590000E+00 0.317193E-02
 -.570000E+00 0.316063E-02
 -.550000E+00 0.314904E-02
 -.530000E+00 0.313720E-02
 -.510000E+00 0.312509E-02
 -.490000E+00 0.311274E-02
 -.470000E+00 0.310016E-02
 -.450000E+00 0.308735E-02
 -.430000E+00 0.307432E-02
 -.410000E+00 0.306108E-02
 -.390000E+00 0.304766E-02
 -.370000E+00 0.303404E-02
 -.350000E+00 0.302026E-02
 -.330000E+00 0.300631E-02
 -.310000E+00 0.299222E-02
 -.290000E+00 0.297798E-02
 -.270000E+00 0.296362E-02
 -.250000E+00 0.294914E-02
 -.230000E+00 0.293456E-02
 -.210000E+00 0.291989E-02
 -.190000E+00 0.290513E-02
 -.170000E+00 0.289031E-02
 -.150000E+00 0.287543E-02
 -.130000E+00 0.286051E-02
 -.110000E+00 0.284556E-02
 -.900000E-01 0.283058E-02
 -.700000E-01 0.281560E-02
 -.500000E-01 0.280063E-02
 -.300000E-01 0.278567E-02
 -.100000E-01 0.277074E-02
 0.100000E-01 0.275585E-02
 0.300000E-01 0.274102E-02
 0.500000E-01 0.272625E-02
 0.700000E-01 0.271156E-02
 0.900000E-01 0.269696E-02
 0.110000E+00 0.268246E-02
 0.130000E+00 0.266808E-02
 0.150000E+00 0.265382E-02
 0.170000E+00 0.263969E-02
 0.190000E+00 0.262572E-02
 0.210000E+00 0.261191E-02
 0.230000E+00 0.259826E-02
 0.250000E+00 0.258480E-02
 0.270000E+00 0.257153E-02
 0.290000E+00 0.255847E-02
 0.310000E+00 0.254562E-02
 0.330000E+00 0.253300E-02
 0.350000E+00 0.252061E-02
 0.370000E+00 0.250847E-02
 0.390000E+00 0.249659E-02
 0.410000E+00 0.248497E-02
 0.430000E+00 0.247363E-02
 0.450000E+00 0.246257E-02
 0.470000E+00 0.245181E-02
 0.490000E+00 0.244135E-02
 0.510000E+00 0.243119E-02
 0.530000E+00 0.242136E-02
 0.550000E+00 0.241186E-02
 0.570000E+00 0.240269E-02
 0.590000E+00 0.239387E-02
 0.610000E+00 0.238539E-02
 0.630000E+00 0.237728E-02
 0.650000E+00 0.236952E-02
 0.670000E+00 0.236214E-02
 0.690000E+00 0.235513E-02
 0.710000E+00 0.234851E-02
 0.730000E+00 0.234228E-02
 0.750000E+00 0.233643E-02
 0.770000E+00 0.233099E-02
 0.790000E+00 0.232595E-02
 0.810000E+00 0.232131E-02
 0.830000E+00 0.231709E-02
 0.850000E+00 0.231328E-02
 0.870000E+00 0.230988E-02
 0.890000E+00 0.230691E-02
 0.910000E+00 0.354657E-02
 0.930000E+00 0.354248E-02
 0.950000E+00 0.353843E-02
 0.970000E+00 0.353442E-02
 0.990000E+00 0.353045E-02




































































































 -.990000E+00 -.332181E-01
 -.970000E+00 -.356632E-01
 -.950000E+00 -.380637E-01
 -.930000E+00 -.404168E-01
 -.910000E+00 -.427202E-01
 -.890000E+00 0.292469E-02
 -.870000E+00 0.292823E-02
 -.850000E+00 0.293200E-02
 -.830000E+00 0.293599E-02
 -.810000E+00 0.294018E-02
 -.790000E+00 0.294456E-02
 -.770000E+00 0.294911E-02
 -.750000E+00 0.295382E-02
 -.730000E+00 0.295866E-02
 -.710000E+00 0.296361E-02
 -.690000E+00 0.296866E-02
 -.670000E+00 0.297379E-02
 -.650000E+00 0.297898E-02
 -.630000E+00 0.298420E-02
 -.610000E+00 0.298944E-02
 -.590000E+00 0.299468E-02
 -.570000E+00 0.299989E-02
 -.550000E+00 0.300505E-02
 -.530000E+00 0.301015E-02
 -.510000E+00 0.301517E-02
 -.490000E+00 0.302008E-02
 -.470000E+00 0.302487E-02
 -.450000E+00 0.302951E-02
 -.430000E+00 0.303400E-02
 -.410000E+00 0.303830E-02
 -.390000E+00 0.304242E-02
 -.370000E+00 0.304632E-02
 -.350000E+00 0.304999E-02
 -.330000E+00 0.305343E-02
 -.310000E+00 0.305661E-02
 -.290000E+00 0.305952E-02
 -.270000E+00 0.306215E-02
 -.250000E+00 0.306450E-02
 -.230000E+00 0.306655E-02
 -.210000E+00 0.306829E-02
 -.190000E+00 0.306972E-02
 -.170000E+00 0.307084E-02
 -.150000E+00 0.307162E-02
 -.130000E+00 0.307209E-02
 -.110000E+00 0.307222E-02
 -.900000E-01 0.307203E-02
 -.700000E-01 0.307151E-02
 -.500000E-01 0.307067E-02
 -.300000E-01 0.306950E-02
 -.100000E-01 0.306801E-02
 0.100000E-01 0.306621E-02
 0.300000E-01 0.306410E-02
 0.500000E-01 0.306170E-02
 0.700000E-01 0.305901E-02
 0.900000E-01 0.305604E-02
 0.110000E+00 0.305281E-02
 0.130000E+00 0.304932E-02
 0.150000E+00 0.304559E-02
 0.170000E+00 0.304164E-02
 0.190000E+00 0.303748E-02
 0.210000E+00 0.303312E-02
 0.230000E+00 0.302858E-02
 0.250000E+00 0.302389E-02
 0.270000E+00 0.301905E-02
 0.290000E+00 0.301409E-02
 0.310000E+00 0.300903E-02
 0.330000E+00 0.300389E-02
 0.350000E+00 0.299868E-02
 0.370000E+00 0.299343E-02
 0.390000E+00 0.298815E-02
 0.410000E+00 0.298288E-02
 0.430000E+00 0.297762E-02
 0.450000E+00 0.297240E-02
 0.470000E+00 0.296724E-02
 0.490000E+00 0.296216E-02
 0.510000E+00 0.295718E-02
 0.530000E+00 0.295232E-02
 0.550000E+00 0.294760E-02
 0.570000E+00 0.294304E-02
 0.590000E+00 0.293864E-02
 0.610000E+00 0.293444E-02
 0.630000E+00 0.293045E-02
 0.650000E+00 0.292668E-02
 0.670000E+00 0.292315E-02
 0.690000E+00 0.291987E-02
 0.710000E+00 0.291686E-02
 0.730000E+00 0.291412E-02
 0.750000E+00 0.291167E-02
 0.770000E+00 0.290952E-02
 0.790000E+00 0.290768E-02
 0.810000E+00 0.290614E-02
 0.830000E+00 0.290493E-02
 0.850000E+00 0.290404E-02
 0.870000E+00 0.290347E-02
 0.890000E+00 0.290324E-02
 0.910000E+00 0.309644E-02
 0.930000E+00 0.309781E-02
 0.950000E+00 0.309924E-02
 0.970000E+00 0.310074E-02
 0.990000E+00 0.310230E-02




































































































 -.990000E+00 0.394618E-02
 -.970000E+00 0.661798E-02
 -.950000E+00 0.776364E-02
 -.930000E+00 0.688544E-02
 -.910000E+00 0.436247E-02
 -.890000E+00 0.308997E-02
 -.870000E+00 0.308997E-02
 -.850000E+00 0.309018E-02
 -.830000E+00 0.309028E-02
 -.810000E+00 0.309011E-02
 -.790000E+00 0.308994E-02
 -.770000E+00 0.309003E-02
 -.750000E+00 0.309024E-02
 -.730000E+00 0.309025E-02
 -.710000E+00 0.309004E-02
 -.690000E+00 0.308993E-02
 -.670000E+00 0.309010E-02
 -.650000E+00 0.309028E-02
 -.630000E+00 0.309019E-02
 -.610000E+00 0.308998E-02
 -.590000E+00 0.308996E-02
 -.570000E+00 0.309017E-02
 -.550000E+00 0.309028E-02
 -.530000E+00 0.309012E-02
 -.510000E+00 0.308994E-02
 -.490000E+00 0.309002E-02
 -.470000E+00 0.309023E-02
 -.450000E+00 0.309025E-02
 -.430000E+00 0.309005E-02
 -.410000E+00 0.308993E-02
 -.390000E+00 0.309009E-02
 -.370000E+00 0.309027E-02
 -.350000E+00 0.309020E-02
 -.330000E+00 0.308998E-02
 -.310000E+00 0.308996E-02
 -.290000E+00 0.309016E-02
 -.270000E+00 0.309028E-02
 -.250000E+00 0.309013E-02
 -.230000E+00 0.308994E-02
 -.210000E+00 0.309001E-02
 -.190000E+00 0.309022E-02
 -.170000E+00 0.309026E-02
 -.150000E+00 0.309006E-02
 -.130000E+00 0.308993E-02
 -.110000E+00 0.309007E-02
 -.900000E-01 0.309027E-02
 -.700000E-01 0.309021E-02
 -.500000E-01 0.308999E-02
 -.300000E-01 0.308995E-02
 -.100000E-01 0.309015E-02
 0.100000E-01 0.309028E-02
 0.300000E-01 0.309015E-02
 0.500000E-01 0.308995E-02
 0.700000E-01 0.309000E-02
 0.900000E-01 0.309021E-02
 0.110000E+00 0.309027E-02
 0.130000E+00 0.309007E-02
 0.150000E+00 0.308993E-02
 0.170000E+00 0.309006E-02
 0.190000E+00 0.309026E-02
 0.210000E+00 0.309022E-02
 0.230000E+00 0.309000E-02
 0.250000E+00 0.308994E-02
 0.270000E+00 0.309014E-02
 0.290000E+00 0.309028E-02
 0.310000E+00 0.309016E-02
 0.330000E+00 0.308995E-02
 0.350000E+00 0.308999E-02
 0.370000E+00 0.309020E-02
 0.390000E+00 0.309027E-02
 0.410000E+00 0.309008E-02
 0.430000E+00 0.308993E-02
 0.450000E+00 0.309005E-02
 0.470000E+00 0.309026E-02
 0.490000E+00 0.309023E-02
 0.510000E+00 0.309001E-02
 0.530000E+00 0.308994E-02
 0.550000E+00 0.309012E-02
 0.570000E+00 0.309028E-02
 0.590000E+00 0.309017E-02
 0.610000E+00 0.308996E-02
 0.630000E+00 0.308998E-02
 0.650000E+00 0.309019E-02
 0.670000E+00 0.309028E-02
 0.690000E+00 0.309010E-02
 0.710000E+00 0.308993E-02
 0.730000E+00 0.309004E-02
 0.750000E+00 0.309025E-02
 0.770000E+00 0.309024E-02
 0.790000E+00 0.309003E-02
 0.810000E+00 0.308993E-02
 0.830000E+00 0.309011E-02
 0.850000E+00 0.309028E-02
 0.870000E+00 0.309018E-02
 0.890000E+00 0.308997E-02
 0.910000E+00 0.309029E-02
 0.930000E+00 0.309043E-02
 0.950000E+00 0.309053E-02
 0.970000E+00 0.309054E-02
 0.990000E+00 0.309045E-02




































































































