 -.990000E+00 -.665198E-02
 -.970000E+00 0.421881E-02
 -.950000E+00 0.118791E-01
 -.930000E+00 0.130098E-01
 -.910000E+00 0.711727E-02
 -.890000E+00 -.523394E-03
 -.870000E+00 -.557067E-02
 -.850000E+00 -.820574E-02
 -.830000E+00 -.728684E-02
 -.810000E+00 -.321148E-02
 -.790000E+00 0.225555E-02
 -.770000E+00 0.674639E-02
 -.750000E+00 0.831566E-02
 -.730000E+00 0.628320E-02
 -.710000E+00 0.152885E-02
 -.690000E+00 -.388844E-02
 -.670000E+00 -.762223E-02
 -.650000E+00 -.805498E-02
 -.630000E+00 -.499873E-02
 -.610000E+00 0.223187E-03
 -.590000E+00 0.534920E-02
 -.570000E+00 0.815895E-02
 -.550000E+00 0.743502E-02
 -.530000E+00 0.349048E-02
 -.510000E+00 -.196657E-02
 -.490000E+00 -.657259E-02
 -.470000E+00 -.833235E-02
 -.450000E+00 -.648318E-02
 -.430000E+00 -.182551E-02
 -.410000E+00 0.362357E-02
 -.390000E+00 0.750390E-02
 -.370000E+00 0.813445E-02
 -.350000E+00 0.524162E-02
 -.330000E+00 0.779353E-04
 -.310000E+00 -.512027E-02
 -.290000E+00 -.810138E-02
 -.270000E+00 -.757378E-02
 -.250000E+00 -.376549E-02
 -.230000E+00 0.167441E-02
 -.210000E+00 0.638983E-02
 -.190000E+00 0.833817E-02
 -.170000E+00 0.667508E-02
 -.150000E+00 0.212040E-02
 -.130000E+00 -.335341E-02
 -.110000E+00 -.737549E-02
 -.900000E-01 -.820344E-02
 -.700000E-01 -.547816E-02
 -.500000E-01 -.379580E-03
 -.300000E-01 0.488417E-02
 -.100000E-01 0.803309E-02
 0.100000E-01 0.770292E-02
 0.300000E-01 0.403614E-02
 0.500000E-01 -.137945E-02
 0.700000E-01 -.619833E-02
 0.900000E-01 -.833309E-02
 0.110000E+00 -.685865E-02
 0.130000E+00 -.241313E-02
 0.150000E+00 0.307830E-02
 0.170000E+00 0.723716E-02
 0.190000E+00 0.826183E-02
 0.210000E+00 0.570801E-02
 0.230000E+00 0.681354E-03
 0.250000E+00 -.464118E-02
 0.270000E+00 -.795415E-02
 0.290000E+00 -.782223E-02
 0.310000E+00 -.430207E-02
 0.330000E+00 0.108208E-02
 0.350000E+00 0.599832E-02
 0.370000E+00 0.831708E-02
 0.390000E+00 0.703361E-02
 0.410000E+00 0.270331E-02
 0.430000E+00 -.279858E-02
 0.450000E+00 -.708907E-02
 0.470000E+00 -.830953E-02
 0.490000E+00 -.593086E-02
 0.510000E+00 -.982861E-03
 0.530000E+00 0.439160E-02
 0.550000E+00 0.786462E-02
 0.570000E+00 0.793156E-02
 0.590000E+00 0.456291E-02
 0.610000E+00 -.782675E-03
 0.630000E+00 -.579004E-02
 0.650000E+00 -.829016E-02
 0.670000E+00 -.719973E-02
 0.690000E+00 -.299055E-02
 0.710000E+00 0.251463E-02
 0.730000E+00 0.693140E-02
 0.750000E+00 0.834645E-02
 0.770000E+00 0.614642E-02
 0.790000E+00 0.128371E-02
 0.810000E+00 -.413577E-02
 0.830000E+00 -.776462E-02
 0.850000E+00 -.803073E-02
 0.870000E+00 -.481833E-02
 0.890000E+00 0.481622E-03
 0.910000E+00 0.320605E-02
 0.930000E+00 0.320563E-02
 0.950000E+00 0.320502E-02
 0.970000E+00 0.320451E-02
 0.990000E+00 0.320430E-02




































































































 -.990000E+00 -.797765E-01
 -.970000E+00 -.894630E-01
 -.950000E+00 -.991097E-01
 -.930000E+00 -.108706E+00
 -.910000E+00 -.118241E+00
 -.890000E+00 -.125131E+00
 -.870000E+00 -.129336E+00
 -.850000E+00 -.133416E+00
 -.830000E+00 -.137367E+00
 -.810000E+00 -.141184E+00
 -.790000E+00 -.144864E+00
 -.770000E+00 -.148403E+00
 -.750000E+00 -.151798E+00
 -.730000E+00 -.155045E+00
 -.710000E+00 -.158141E+00
 -.690000E+00 -.161084E+00
 -.670000E+00 -.163869E+00
 -.650000E+00 -.166496E+00
 -.630000E+00 -.168960E+00
 -.610000E+00 -.171260E+00
 -.590000E+00 -.173393E+00
 -.570000E+00 -.175358E+00
 -.550000E+00 -.177151E+00
 -.530000E+00 -.178772E+00
 -.510000E+00 -.180219E+00
 -.490000E+00 -.181490E+00
 -.470000E+00 -.182585E+00
 -.450000E+00 -.183501E+00
 -.430000E+00 -.184239E+00
 -.410000E+00 -.184797E+00
 -.390000E+00 -.185175E+00
 -.370000E+00 -.185372E+00
 -.350000E+00 -.185389E+00
 -.330000E+00 -.185224E+00
 -.310000E+00 -.184879E+00
 -.290000E+00 -.184354E+00
 -.270000E+00 -.183649E+00
 -.250000E+00 -.182764E+00
 -.230000E+00 -.181701E+00
 -.210000E+00 -.180461E+00
 -.190000E+00 -.179044E+00
 -.170000E+00 -.177453E+00
 -.150000E+00 -.175688E+00
 -.130000E+00 -.173752E+00
 -.110000E+00 -.171645E+00
 -.900000E-01 -.169371E+00
 -.700000E-01 -.166932E+00
 -.500000E-01 -.164329E+00
 -.300000E-01 -.161565E+00
 -.100000E-01 -.158644E+00
 0.100000E-01 -.155567E+00
 0.300000E-01 -.152338E+00
 0.500000E-01 -.148960E+00
 0.700000E-01 -.145436E+00
 0.900000E-01 -.141770E+00
 0.110000E+00 -.137965E+00
 0.130000E+00 -.134025E+00
 0.150000E+00 -.129953E+00
 0.170000E+00 -.125754E+00
 0.190000E+00 -.121432E+00
 0.210000E+00 -.116991E+00
 0.230000E+00 -.112434E+00
 0.250000E+00 -.107768E+00
 0.270000E+00 -.102996E+00
 0.290000E+00 -.981220E-01
 0.310000E+00 -.931521E-01
 0.330000E+00 -.880906E-01
 0.350000E+00 -.829424E-01
 0.370000E+00 -.777126E-01
 0.390000E+00 -.724062E-01
 0.410000E+00 -.670284E-01
 0.430000E+00 -.615845E-01
 0.450000E+00 -.560797E-01
 0.470000E+00 -.505195E-01
 0.490000E+00 -.449092E-01
 0.510000E+00 -.392544E-01
 0.530000E+00 -.335604E-01
 0.550000E+00 -.278330E-01
 0.570000E+00 -.220776E-01
 0.590000E+00 -.162999E-01
 0.610000E+00 -.105055E-01
 0.630000E+00 -.470013E-02
 0.650000E+00 0.111063E-02
 0.670000E+00 0.692108E-02
 0.690000E+00 0.127256E-01
 0.710000E+00 0.185184E-01
 0.730000E+00 0.242939E-01
 0.750000E+00 0.300465E-01
 0.770000E+00 0.357705E-01
 0.790000E+00 0.414604E-01
 0.810000E+00 0.471105E-01
 0.830000E+00 0.527155E-01
 0.850000E+00 0.582697E-01
 0.870000E+00 0.637679E-01
 0.890000E+00 0.692045E-01
 0.910000E+00 0.718992E-01
 0.930000E+00 0.719008E-01
 0.950000E+00 0.719021E-01
 0.970000E+00 0.719028E-01
 0.990000E+00 0.719030E-01




































































































 -.990000E+00 -.369076E+00
 -.970000E+00 -.370247E+00
 -.950000E+00 -.371396E+00
 -.930000E+00 -.372525E+00
 -.910000E+00 -.373633E+00
 -.890000E+00 -.371992E+00
 -.870000E+00 -.367562E+00
 -.850000E+00 -.363055E+00
 -.830000E+00 -.358474E+00
 -.810000E+00 -.353820E+00
 -.790000E+00 -.349092E+00
 -.770000E+00 -.344293E+00
 -.750000E+00 -.339422E+00
 -.730000E+00 -.334482E+00
 -.710000E+00 -.329473E+00
 -.690000E+00 -.324396E+00
 -.670000E+00 -.319252E+00
 -.650000E+00 -.314042E+00
 -.630000E+00 -.308768E+00
 -.610000E+00 -.303429E+00
 -.590000E+00 -.298028E+00
 -.570000E+00 -.292566E+00
 -.550000E+00 -.287043E+00
 -.530000E+00 -.281460E+00
 -.510000E+00 -.275820E+00
 -.490000E+00 -.270122E+00
 -.470000E+00 -.264369E+00
 -.450000E+00 -.258560E+00
 -.430000E+00 -.252698E+00
 -.410000E+00 -.246784E+00
 -.390000E+00 -.240819E+00
 -.370000E+00 -.234804E+00
 -.350000E+00 -.228739E+00
 -.330000E+00 -.222628E+00
 -.310000E+00 -.216470E+00
 -.290000E+00 -.210267E+00
 -.270000E+00 -.204021E+00
 -.250000E+00 -.197732E+00
 -.230000E+00 -.191401E+00
 -.210000E+00 -.185031E+00
 -.190000E+00 -.178623E+00
 -.170000E+00 -.172177E+00
 -.150000E+00 -.165695E+00
 -.130000E+00 -.159178E+00
 -.110000E+00 -.152629E+00
 -.900000E-01 -.146047E+00
 -.700000E-01 -.139434E+00
 -.500000E-01 -.132793E+00
 -.300000E-01 -.126123E+00
 -.100000E-01 -.119427E+00
 0.100000E-01 -.112706E+00
 0.300000E-01 -.105961E+00
 0.500000E-01 -.991936E-01
 0.700000E-01 -.924052E-01
 0.900000E-01 -.855971E-01
 0.110000E+00 -.787708E-01
 0.130000E+00 -.719277E-01
 0.150000E+00 -.650691E-01
 0.170000E+00 -.581965E-01
 0.190000E+00 -.513112E-01
 0.210000E+00 -.444148E-01
 0.230000E+00 -.375086E-01
 0.250000E+00 -.305939E-01
 0.270000E+00 -.236723E-01
 0.290000E+00 -.167452E-01
 0.310000E+00 -.981393E-02
 0.330000E+00 -.287995E-02
 0.350000E+00 0.405532E-02
 0.370000E+00 0.109905E-01
 0.390000E+00 0.179240E-01
 0.410000E+00 0.248547E-01
 0.430000E+00 0.317809E-01
 0.450000E+00 0.387013E-01
 0.470000E+00 0.456145E-01
 0.490000E+00 0.525190E-01
 0.510000E+00 0.594135E-01
 0.530000E+00 0.662965E-01
 0.550000E+00 0.731667E-01
 0.570000E+00 0.800226E-01
 0.590000E+00 0.868628E-01
 0.610000E+00 0.936859E-01
 0.630000E+00 0.100491E+00
 0.650000E+00 0.107275E+00
 0.670000E+00 0.114039E+00
 0.690000E+00 0.120780E+00
 0.710000E+00 0.127497E+00
 0.730000E+00 0.134188E+00
 0.750000E+00 0.140853E+00
 0.770000E+00 0.147490E+00
 0.790000E+00 0.154097E+00
 0.810000E+00 0.160673E+00
 0.830000E+00 0.167217E+00
 0.850000E+00 0.173728E+00
 0.870000E+00 0.180204E+00
 0.890000E+00 0.186644E+00
 0.910000E+00 0.189850E+00
 0.930000E+00 0.189851E+00
 0.950000E+00 0.189851E+00
 0.970000E+00 0.189852E+00
 0.990000E+00 0.189852E+00




































































































 -.990000E+00 0.382282E+00
 -.970000E+00 0.382116E+00
 -.950000E+00 0.381951E+00
 -.930000E+00 0.381786E+00
 -.910000E+00 0.381620E+00
 -.890000E+00 0.385127E+00
 -.870000E+00 0.392288E+00
 -.850000E+00 0.399427E+00
 -.830000E+00 0.406543E+00
 -.810000E+00 0.413635E+00
 -.790000E+00 0.420703E+00
 -.770000E+00 0.427747E+00
 -.750000E+00 0.434767E+00
 -.730000E+00 0.441763E+00
 -.710000E+00 0.448733E+00
 -.690000E+00 0.455678E+00
 -.670000E+00 0.462598E+00
 -.650000E+00 0.469493E+00
 -.630000E+00 0.476361E+00
 -.610000E+00 0.483203E+00
 -.590000E+00 0.490018E+00
 -.570000E+00 0.496806E+00
 -.550000E+00 0.503568E+00
 -.530000E+00 0.510301E+00
 -.510000E+00 0.517007E+00
 -.490000E+00 0.523685E+00
 -.470000E+00 0.530335E+00
 -.450000E+00 0.536956E+00
 -.430000E+00 0.543548E+00
 -.410000E+00 0.550110E+00
 -.390000E+00 0.556643E+00
 -.370000E+00 0.563146E+00
 -.350000E+00 0.569619E+00
 -.330000E+00 0.576061E+00
 -.310000E+00 0.582472E+00
 -.290000E+00 0.588851E+00
 -.270000E+00 0.595199E+00
 -.250000E+00 0.601516E+00
 -.230000E+00 0.607799E+00
 -.210000E+00 0.614050E+00
 -.190000E+00 0.620268E+00
 -.170000E+00 0.626453E+00
 -.150000E+00 0.632604E+00
 -.130000E+00 0.638721E+00
 -.110000E+00 0.644803E+00
 -.900000E-01 0.650850E+00
 -.700000E-01 0.656862E+00
 -.500000E-01 0.662839E+00
 -.300000E-01 0.668779E+00
 -.100000E-01 0.674683E+00
 0.100000E-01 0.680550E+00
 0.300000E-01 0.686380E+00
 0.500000E-01 0.692172E+00
 0.700000E-01 0.697926E+00
 0.900000E-01 0.703642E+00
 0.110000E+00 0.709319E+00
 0.130000E+00 0.714957E+00
 0.150000E+00 0.720554E+00
 0.170000E+00 0.726112E+00
 0.190000E+00 0.731629E+00
 0.210000E+00 0.737105E+00
 0.230000E+00 0.742540E+00
 0.250000E+00 0.747932E+00
 0.270000E+00 0.753283E+00
 0.290000E+00 0.758590E+00
 0.310000E+00 0.763854E+00
 0.330000E+00 0.769075E+00
 0.350000E+00 0.774251E+00
 0.370000E+00 0.779383E+00
 0.390000E+00 0.784469E+00
 0.410000E+00 0.789510E+00
 0.430000E+00 0.794505E+00
 0.450000E+00 0.799453E+00
 0.470000E+00 0.804354E+00
 0.490000E+00 0.809207E+00
 0.510000E+00 0.814012E+00
 0.530000E+00 0.818769E+00
 0.550000E+00 0.823477E+00
 0.570000E+00 0.828135E+00
 0.590000E+00 0.832743E+00
 0.610000E+00 0.837300E+00
 0.630000E+00 0.841806E+00
 0.650000E+00 0.846261E+00
 0.670000E+00 0.850664E+00
 0.690000E+00 0.855013E+00
 0.710000E+00 0.859310E+00
 0.730000E+00 0.863553E+00
 0.750000E+00 0.867741E+00
 0.770000E+00 0.871875E+00
 0.790000E+00 0.875954E+00
 0.810000E+00 0.879977E+00
 0.830000E+00 0.883943E+00
 0.850000E+00 0.887852E+00
 0.870000E+00 0.891704E+00
 0.890000E+00 0.895498E+00
 0.910000E+00 0.897379E+00
 0.930000E+00 0.897389E+00
 0.950000E+00 0.897397E+00
 0.970000E+00 0.897401E+00
 0.990000E+00 0.897403E+00




































































































 -.990000E+00 0.966905E+00
 -.970000E+00 0.968163E+00
 -.950000E+00 0.969411E+00
 -.930000E+00 0.970648E+00
 -.910000E+00 0.971874E+00
 -.890000E+00 0.972881E+00
 -.870000E+00 0.973672E+00
 -.850000E+00 0.974452E+00
 -.830000E+00 0.975220E+00
 -.810000E+00 0.975977E+00
 -.790000E+00 0.976722E+00
 -.770000E+00 0.977456E+00
 -.750000E+00 0.978178E+00
 -.730000E+00 0.978888E+00
 -.710000E+00 0.979587E+00
 -.690000E+00 0.980275E+00
 -.670000E+00 0.980951E+00
 -.650000E+00 0.981615E+00
 -.630000E+00 0.982268E+00
 -.610000E+00 0.982909E+00
 -.590000E+00 0.983539E+00
 -.570000E+00 0.984156E+00
 -.550000E+00 0.984763E+00
 -.530000E+00 0.985357E+00
 -.510000E+00 0.985940E+00
 -.490000E+00 0.986512E+00
 -.470000E+00 0.987071E+00
 -.450000E+00 0.987619E+00
 -.430000E+00 0.988155E+00
 -.410000E+00 0.988679E+00
 -.390000E+00 0.989192E+00
 -.370000E+00 0.989693E+00
 -.350000E+00 0.990182E+00
 -.330000E+00 0.990660E+00
 -.310000E+00 0.991125E+00
 -.290000E+00 0.991579E+00
 -.270000E+00 0.992021E+00
 -.250000E+00 0.992451E+00
 -.230000E+00 0.992870E+00
 -.210000E+00 0.993276E+00
 -.190000E+00 0.993671E+00
 -.170000E+00 0.994054E+00
 -.150000E+00 0.994425E+00
 -.130000E+00 0.994784E+00
 -.110000E+00 0.995131E+00
 -.900000E-01 0.995466E+00
 -.700000E-01 0.995790E+00
 -.500000E-01 0.996101E+00
 -.300000E-01 0.996401E+00
 -.100000E-01 0.996688E+00
 0.100000E-01 0.996964E+00
 0.300000E-01 0.997228E+00
 0.500000E-01 0.997480E+00
 0.700000E-01 0.997719E+00
 0.900000E-01 0.997947E+00
 0.110000E+00 0.998163E+00
 0.130000E+00 0.998367E+00
 0.150000E+00 0.998559E+00
 0.170000E+00 0.998739E+00
 0.190000E+00 0.998907E+00
 0.210000E+00 0.999063E+00
 0.230000E+00 0.999206E+00
 0.250000E+00 0.999338E+00
 0.270000E+00 0.999458E+00
 0.290000E+00 0.999566E+00
 0.310000E+00 0.999661E+00
 0.330000E+00 0.999745E+00
 0.350000E+00 0.999816E+00
 0.370000E+00 0.999876E+00
 0.390000E+00 0.999923E+00
 0.410000E+00 0.999958E+00
 0.430000E+00 0.999981E+00
 0.450000E+00 0.999992E+00
 0.470000E+00 0.999991E+00
 0.490000E+00 0.999978E+00
 0.510000E+00 0.999953E+00
 0.530000E+00 0.999916E+00
 0.550000E+00 0.999866E+00
 0.570000E+00 0.999804E+00
 0.590000E+00 0.999731E+00
 0.610000E+00 0.999645E+00
 0.630000E+00 0.999547E+00
 0.650000E+00 0.999436E+00
 0.670000E+00 0.999314E+00
 0.690000E+00 0.999179E+00
 0.710000E+00 0.999033E+00
 0.730000E+00 0.998874E+00
 0.750000E+00 0.998703E+00
 0.770000E+00 0.998520E+00
 0.790000E+00 0.998324E+00
 0.810000E+00 0.998117E+00
 0.830000E+00 0.997897E+00
 0.850000E+00 0.997665E+00
 0.870000E+00 0.997421E+00
 0.890000E+00 0.997165E+00
 0.910000E+00 0.997032E+00
 0.930000E+00 0.997032E+00
 0.950000E+00 0.997031E+00
 0.970000E+00 0.997031E+00
 0.990000E+00 0.997031E+00




































































































 -.990000E+00 0.939252E+00
 -.970000E+00 0.936592E+00
 -.950000E+00 0.933854E+00
 -.930000E+00 0.931036E+00
 -.910000E+00 0.928139E+00
 -.890000E+00 0.926652E+00
 -.870000E+00 0.926636E+00
 -.850000E+00 0.926620E+00
 -.830000E+00 0.926604E+00
 -.810000E+00 0.926589E+00
 -.790000E+00 0.926573E+00
 -.770000E+00 0.926557E+00
 -.750000E+00 0.926541E+00
 -.730000E+00 0.926525E+00
 -.710000E+00 0.926510E+00
 -.690000E+00 0.926494E+00
 -.670000E+00 0.926478E+00
 -.650000E+00 0.926462E+00
 -.630000E+00 0.926447E+00
 -.610000E+00 0.926431E+00
 -.590000E+00 0.926415E+00
 -.570000E+00 0.926399E+00
 -.550000E+00 0.926383E+00
 -.530000E+00 0.926368E+00
 -.510000E+00 0.926352E+00
 -.490000E+00 0.926336E+00
 -.470000E+00 0.926320E+00
 -.450000E+00 0.926304E+00
 -.430000E+00 0.926289E+00
 -.410000E+00 0.926273E+00
 -.390000E+00 0.926257E+00
 -.370000E+00 0.926241E+00
 -.350000E+00 0.926225E+00
 -.330000E+00 0.926210E+00
 -.310000E+00 0.926194E+00
 -.290000E+00 0.926178E+00
 -.270000E+00 0.926162E+00
 -.250000E+00 0.926146E+00
 -.230000E+00 0.926131E+00
 -.210000E+00 0.926115E+00
 -.190000E+00 0.926099E+00
 -.170000E+00 0.926083E+00
 -.150000E+00 0.926067E+00
 -.130000E+00 0.926052E+00
 -.110000E+00 0.926036E+00
 -.900000E-01 0.926020E+00
 -.700000E-01 0.926004E+00
 -.500000E-01 0.925988E+00
 -.300000E-01 0.925972E+00
 -.100000E-01 0.925957E+00
 0.100000E-01 0.925941E+00
 0.300000E-01 0.925925E+00
 0.500000E-01 0.925909E+00
 0.700000E-01 0.925893E+00
 0.900000E-01 0.925877E+00
 0.110000E+00 0.925861E+00
 0.130000E+00 0.925846E+00
 0.150000E+00 0.925830E+00
 0.170000E+00 0.925814E+00
 0.190000E+00 0.925798E+00
 0.210000E+00 0.925782E+00
 0.230000E+00 0.925766E+00
 0.250000E+00 0.925751E+00
 0.270000E+00 0.925735E+00
 0.290000E+00 0.925719E+00
 0.310000E+00 0.925703E+00
 0.330000E+00 0.925687E+00
 0.350000E+00 0.925671E+00
 0.370000E+00 0.925655E+00
 0.390000E+00 0.925640E+00
 0.410000E+00 0.925624E+00
 0.430000E+00 0.925608E+00
 0.450000E+00 0.925592E+00
 0.470000E+00 0.925576E+00
 0.490000E+00 0.925560E+00
 0.510000E+00 0.925544E+00
 0.530000E+00 0.925528E+00
 0.550000E+00 0.925513E+00
 0.570000E+00 0.925497E+00
 0.590000E+00 0.925481E+00
 0.610000E+00 0.925465E+00
 0.630000E+00 0.925449E+00
 0.650000E+00 0.925433E+00
 0.670000E+00 0.925417E+00
 0.690000E+00 0.925401E+00
 0.710000E+00 0.925385E+00
 0.730000E+00 0.925370E+00
 0.750000E+00 0.925354E+00
 0.770000E+00 0.925338E+00
 0.790000E+00 0.925322E+00
 0.810000E+00 0.925306E+00
 0.830000E+00 0.925290E+00
 0.850000E+00 0.925274E+00
 0.870000E+00 0.925258E+00
 0.890000E+00 0.925242E+00
 0.910000E+00 0.925234E+00
 0.930000E+00 0.925233E+00
 0.950000E+00 0.925233E+00
 0.970000E+00 0.925233E+00
 0.990000E+00 0.925233E+00




































































































 -.990000E+00 0.565550E+00
 -.970000E+00 0.559247E+00
 -.950000E+00 0.552896E+00
 -.930000E+00 0.546500E+00
 -.910000E+00 0.540057E+00
 -.890000E+00 0.538242E+00
 -.870000E+00 0.541082E+00
 -.850000E+00 0.543916E+00
 -.830000E+00 0.546744E+00
 -.810000E+00 0.549566E+00
 -.790000E+00 0.552382E+00
 -.770000E+00 0.555191E+00
 -.750000E+00 0.557995E+00
 -.730000E+00 0.560792E+00
 -.710000E+00 0.563583E+00
 -.690000E+00 0.566368E+00
 -.670000E+00 0.569146E+00
 -.650000E+00 0.571918E+00
 -.630000E+00 0.574684E+00
 -.610000E+00 0.577443E+00
 -.590000E+00 0.580196E+00
 -.570000E+00 0.582942E+00
 -.550000E+00 0.585682E+00
 -.530000E+00 0.588415E+00
 -.510000E+00 0.591142E+00
 -.490000E+00 0.593862E+00
 -.470000E+00 0.596576E+00
 -.450000E+00 0.599283E+00
 -.430000E+00 0.601983E+00
 -.410000E+00 0.604676E+00
 -.390000E+00 0.607363E+00
 -.370000E+00 0.610043E+00
 -.350000E+00 0.612716E+00
 -.330000E+00 0.615382E+00
 -.310000E+00 0.618042E+00
 -.290000E+00 0.620694E+00
 -.270000E+00 0.623340E+00
 -.250000E+00 0.625978E+00
 -.230000E+00 0.628610E+00
 -.210000E+00 0.631235E+00
 -.190000E+00 0.633852E+00
 -.170000E+00 0.636463E+00
 -.150000E+00 0.639066E+00
 -.130000E+00 0.641662E+00
 -.110000E+00 0.644252E+00
 -.900000E-01 0.646833E+00
 -.700000E-01 0.649408E+00
 -.500000E-01 0.651976E+00
 -.300000E-01 0.654536E+00
 -.100000E-01 0.657089E+00
 0.100000E-01 0.659634E+00
 0.300000E-01 0.662172E+00
 0.500000E-01 0.664703E+00
 0.700000E-01 0.667226E+00
 0.900000E-01 0.669742E+00
 0.110000E+00 0.672250E+00
 0.130000E+00 0.674751E+00
 0.150000E+00 0.677245E+00
 0.170000E+00 0.679730E+00
 0.190000E+00 0.682208E+00
 0.210000E+00 0.684679E+00
 0.230000E+00 0.687142E+00
 0.250000E+00 0.689597E+00
 0.270000E+00 0.692044E+00
 0.290000E+00 0.694484E+00
 0.310000E+00 0.696916E+00
 0.330000E+00 0.699340E+00
 0.350000E+00 0.701756E+00
 0.370000E+00 0.704164E+00
 0.390000E+00 0.706565E+00
 0.410000E+00 0.708957E+00
 0.430000E+00 0.711342E+00
 0.450000E+00 0.713719E+00
 0.470000E+00 0.716087E+00
 0.490000E+00 0.718448E+00
 0.510000E+00 0.720800E+00
 0.530000E+00 0.723145E+00
 0.550000E+00 0.725481E+00
 0.570000E+00 0.727809E+00
 0.590000E+00 0.730129E+00
 0.610000E+00 0.732441E+00
 0.630000E+00 0.734745E+00
 0.650000E+00 0.737040E+00
 0.670000E+00 0.739327E+00
 0.690000E+00 0.741606E+00
 0.710000E+00 0.743876E+00
 0.730000E+00 0.746138E+00
 0.750000E+00 0.748392E+00
 0.770000E+00 0.750637E+00
 0.790000E+00 0.752874E+00
 0.810000E+00 0.755103E+00
 0.830000E+00 0.757322E+00
 0.850000E+00 0.759534E+00
 0.870000E+00 0.761736E+00
 0.890000E+00 0.763931E+00
 0.910000E+00 0.765024E+00
 0.930000E+00 0.765024E+00
 0.950000E+00 0.765024E+00
 0.970000E+00 0.765023E+00
 0.990000E+00 0.765023E+00




































































































 -.990000E+00 -.276014E+00
 -.970000E+00 -.276995E+00
 -.950000E+00 -.277967E+00
 -.930000E+00 -.278931E+00
 -.910000E+00 -.279887E+00
 -.890000E+00 -.276632E+00
 -.870000E+00 -.269159E+00
 -.850000E+00 -.261670E+00
 -.830000E+00 -.254167E+00
 -.810000E+00 -.246648E+00
 -.790000E+00 -.239115E+00
 -.770000E+00 -.231569E+00
 -.750000E+00 -.224009E+00
 -.730000E+00 -.216436E+00
 -.710000E+00 -.208850E+00
 -.690000E+00 -.201253E+00
 -.670000E+00 -.193644E+00
 -.650000E+00 -.186024E+00
 -.630000E+00 -.178393E+00
 -.610000E+00 -.170751E+00
 -.590000E+00 -.163100E+00
 -.570000E+00 -.155440E+00
 -.550000E+00 -.147770E+00
 -.530000E+00 -.140092E+00
 -.510000E+00 -.132406E+00
 -.490000E+00 -.124712E+00
 -.470000E+00 -.117012E+00
 -.450000E+00 -.109304E+00
 -.430000E+00 -.101590E+00
 -.410000E+00 -.938708E-01
 -.390000E+00 -.861458E-01
 -.370000E+00 -.784160E-01
 -.350000E+00 -.706816E-01
 -.330000E+00 -.629433E-01
 -.310000E+00 -.552014E-01
 -.290000E+00 -.474563E-01
 -.270000E+00 -.397086E-01
 -.250000E+00 -.319587E-01
 -.230000E+00 -.242069E-01
 -.210000E+00 -.164539E-01
 -.190000E+00 -.869996E-02
 -.170000E+00 -.945593E-03
 -.150000E+00 0.680875E-02
 -.130000E+00 0.145626E-01
 -.110000E+00 0.223156E-01
 -.900000E-01 0.300672E-01
 -.700000E-01 0.378170E-01
 -.500000E-01 0.455645E-01
 -.300000E-01 0.533094E-01
 -.100000E-01 0.610511E-01
 0.100000E-01 0.687891E-01
 0.300000E-01 0.765231E-01
 0.500000E-01 0.842527E-01
 0.700000E-01 0.919773E-01
 0.900000E-01 0.996964E-01
 0.110000E+00 0.107410E+00
 0.130000E+00 0.115117E+00
 0.150000E+00 0.122817E+00
 0.170000E+00 0.130510E+00
 0.190000E+00 0.138196E+00
 0.210000E+00 0.145873E+00
 0.230000E+00 0.153542E+00
 0.250000E+00 0.161202E+00
 0.270000E+00 0.168853E+00
 0.290000E+00 0.176494E+00
 0.310000E+00 0.184124E+00
 0.330000E+00 0.191744E+00
 0.350000E+00 0.199352E+00
 0.370000E+00 0.206949E+00
 0.390000E+00 0.214534E+00
 0.410000E+00 0.222106E+00
 0.430000E+00 0.229665E+00
 0.450000E+00 0.237211E+00
 0.470000E+00 0.244744E+00
 0.490000E+00 0.252261E+00
 0.510000E+00 0.259765E+00
 0.530000E+00 0.267252E+00
 0.550000E+00 0.274725E+00
 0.570000E+00 0.282181E+00
 0.590000E+00 0.289621E+00
 0.610000E+00 0.297044E+00
 0.630000E+00 0.304450E+00
 0.650000E+00 0.311837E+00
 0.670000E+00 0.319207E+00
 0.690000E+00 0.326558E+00
 0.710000E+00 0.333890E+00
 0.730000E+00 0.341202E+00
 0.750000E+00 0.348495E+00
 0.770000E+00 0.355766E+00
 0.790000E+00 0.363018E+00
 0.810000E+00 0.370248E+00
 0.830000E+00 0.377456E+00
 0.850000E+00 0.384642E+00
 0.870000E+00 0.391806E+00
 0.890000E+00 0.398946E+00
 0.910000E+00 0.402510E+00
 0.930000E+00 0.402514E+00
 0.950000E+00 0.402517E+00
 0.970000E+00 0.402519E+00
 0.990000E+00 0.402519E+00




































































































 -.990000E+00 -.456509E+00
 -.970000E+00 -.462106E+00
 -.950000E+00 -.467516E+00
 -.930000E+00 -.472739E+00
 -.910000E+00 -.477776E+00
 -.890000E+00 -.480586E+00
 -.870000E+00 -.481236E+00
 -.850000E+00 -.481788E+00
 -.830000E+00 -.482242E+00
 -.810000E+00 -.482598E+00
 -.790000E+00 -.482855E+00
 -.770000E+00 -.483015E+00
 -.750000E+00 -.483075E+00
 -.730000E+00 -.483038E+00
 -.710000E+00 -.482902E+00
 -.690000E+00 -.482667E+00
 -.670000E+00 -.482334E+00
 -.650000E+00 -.481902E+00
 -.630000E+00 -.481372E+00
 -.610000E+00 -.480744E+00
 -.590000E+00 -.480017E+00
 -.570000E+00 -.479192E+00
 -.550000E+00 -.478270E+00
 -.530000E+00 -.477249E+00
 -.510000E+00 -.476131E+00
 -.490000E+00 -.474916E+00
 -.470000E+00 -.473603E+00
 -.450000E+00 -.472193E+00
 -.430000E+00 -.470687E+00
 -.410000E+00 -.469084E+00
 -.390000E+00 -.467385E+00
 -.370000E+00 -.465590E+00
 -.350000E+00 -.463700E+00
 -.330000E+00 -.461715E+00
 -.310000E+00 -.459635E+00
 -.290000E+00 -.457461E+00
 -.270000E+00 -.455193E+00
 -.250000E+00 -.452831E+00
 -.230000E+00 -.450377E+00
 -.210000E+00 -.447830E+00
 -.190000E+00 -.445191E+00
 -.170000E+00 -.442460E+00
 -.150000E+00 -.439639E+00
 -.130000E+00 -.436727E+00
 -.110000E+00 -.433726E+00
 -.900000E-01 -.430635E+00
 -.700000E-01 -.427456E+00
 -.500000E-01 -.424189E+00
 -.300000E-01 -.420835E+00
 -.100000E-01 -.417394E+00
 0.100000E-01 -.413867E+00
 0.300000E-01 -.410256E+00
 0.500000E-01 -.406559E+00
 0.700000E-01 -.402779E+00
 0.900000E-01 -.398916E+00
 0.110000E+00 -.394971E+00
 0.130000E+00 -.390945E+00
 0.150000E+00 -.386838E+00
 0.170000E+00 -.382651E+00
 0.190000E+00 -.378385E+00
 0.210000E+00 -.374042E+00
 0.230000E+00 -.369621E+00
 0.250000E+00 -.365125E+00
 0.270000E+00 -.360552E+00
 0.290000E+00 -.355906E+00
 0.310000E+00 -.351186E+00
 0.330000E+00 -.346394E+00
 0.350000E+00 -.341530E+00
 0.370000E+00 -.336596E+00
 0.390000E+00 -.331592E+00
 0.410000E+00 -.326520E+00
 0.430000E+00 -.321381E+00
 0.450000E+00 -.316175E+00
 0.470000E+00 -.310904E+00
 0.490000E+00 -.305568E+00
 0.510000E+00 -.300170E+00
 0.530000E+00 -.294709E+00
 0.550000E+00 -.289188E+00
 0.570000E+00 -.283607E+00
 0.590000E+00 -.277967E+00
 0.610000E+00 -.272270E+00
 0.630000E+00 -.266516E+00
 0.650000E+00 -.260707E+00
 0.670000E+00 -.254844E+00
 0.690000E+00 -.248929E+00
 0.710000E+00 -.242962E+00
 0.730000E+00 -.236944E+00
 0.750000E+00 -.230878E+00
 0.770000E+00 -.224763E+00
 0.790000E+00 -.218602E+00
 0.810000E+00 -.212396E+00
 0.830000E+00 -.206145E+00
 0.850000E+00 -.199852E+00
 0.870000E+00 -.193517E+00
 0.890000E+00 -.187142E+00
 0.910000E+00 -.183939E+00
 0.930000E+00 -.183939E+00
 0.950000E+00 -.183939E+00
 0.970000E+00 -.183939E+00
 0.990000E+00 -.183939E+00




































































































 -.990000E+00 0.610191E-01
 -.970000E+00 0.498295E-01
 -.950000E+00 0.386378E-01
 -.930000E+00 0.274574E-01
 -.910000E+00 0.163019E-01
 -.890000E+00 0.785580E-02
 -.870000E+00 0.208609E-02
 -.850000E+00 -.368643E-02
 -.830000E+00 -.945615E-02
 -.810000E+00 -.152174E-01
 -.790000E+00 -.209647E-01
 -.770000E+00 -.266922E-01
 -.750000E+00 -.323946E-01
 -.730000E+00 -.380661E-01
 -.710000E+00 -.437013E-01
 -.690000E+00 -.492947E-01
 -.670000E+00 -.548407E-01
 -.650000E+00 -.603341E-01
 -.630000E+00 -.657694E-01
 -.610000E+00 -.711414E-01
 -.590000E+00 -.764447E-01
 -.570000E+00 -.816742E-01
 -.550000E+00 -.868249E-01
 -.530000E+00 -.918916E-01
 -.510000E+00 -.968694E-01
 -.490000E+00 -.101753E+00
 -.470000E+00 -.106539E+00
 -.450000E+00 -.111221E+00
 -.430000E+00 -.115796E+00
 -.410000E+00 -.120258E+00
 -.390000E+00 -.124604E+00
 -.370000E+00 -.128829E+00
 -.350000E+00 -.132929E+00
 -.330000E+00 -.136899E+00
 -.310000E+00 -.140737E+00
 -.290000E+00 -.144438E+00
 -.270000E+00 -.147999E+00
 -.250000E+00 -.151416E+00
 -.230000E+00 -.154686E+00
 -.210000E+00 -.157806E+00
 -.190000E+00 -.160772E+00
 -.170000E+00 -.163582E+00
 -.150000E+00 -.166232E+00
 -.130000E+00 -.168721E+00
 -.110000E+00 -.171046E+00
 -.900000E-01 -.173204E+00
 -.700000E-01 -.175194E+00
 -.500000E-01 -.177013E+00
 -.300000E-01 -.178659E+00
 -.100000E-01 -.180132E+00
 0.100000E-01 -.181429E+00
 0.300000E-01 -.182550E+00
 0.500000E-01 -.183492E+00
 0.700000E-01 -.184256E+00
 0.900000E-01 -.184840E+00
 0.110000E+00 -.185244E+00
 0.130000E+00 -.185467E+00
 0.150000E+00 -.185509E+00
 0.170000E+00 -.185371E+00
 0.190000E+00 -.185051E+00
 0.210000E+00 -.184551E+00
 0.230000E+00 -.183871E+00
 0.250000E+00 -.183012E+00
 0.270000E+00 -.181973E+00
 0.290000E+00 -.180757E+00
 0.310000E+00 -.179365E+00
 0.330000E+00 -.177798E+00
 0.350000E+00 -.176056E+00
 0.370000E+00 -.174143E+00
 0.390000E+00 -.172060E+00
 0.410000E+00 -.169808E+00
 0.430000E+00 -.167391E+00
 0.450000E+00 -.164810E+00
 0.470000E+00 -.162067E+00
 0.490000E+00 -.159167E+00
 0.510000E+00 -.156110E+00
 0.530000E+00 -.152901E+00
 0.550000E+00 -.149542E+00
 0.570000E+00 -.146037E+00
 0.590000E+00 -.142389E+00
 0.610000E+00 -.138602E+00
 0.630000E+00 -.134679E+00
 0.650000E+00 -.130624E+00
 0.670000E+00 -.126441E+00
 0.690000E+00 -.122134E+00
 0.710000E+00 -.117707E+00
 0.730000E+00 -.113165E+00
 0.750000E+00 -.108512E+00
 0.770000E+00 -.103753E+00
 0.790000E+00 -.988916E-01
 0.810000E+00 -.939331E-01
 0.830000E+00 -.888824E-01
 0.850000E+00 -.837443E-01
 0.870000E+00 -.785239E-01
 0.890000E+00 -.732261E-01
 0.910000E+00 -.705490E-01
 0.930000E+00 -.705475E-01
 0.950000E+00 -.705464E-01
 0.970000E+00 -.705458E-01
 0.990000E+00 -.705456E-01




































































































 -.990000E+00 0.661399E-03
 -.970000E+00 0.880803E-02
 -.950000E+00 0.145304E-01
 -.930000E+00 0.153508E-01
 -.910000E+00 0.109117E-01
 -.890000E+00 0.550077E-02
 -.870000E+00 0.430837E-03
 -.850000E+00 -.482646E-02
 -.830000E+00 -.799393E-02
 -.810000E+00 -.769927E-02
 -.790000E+00 -.406959E-02
 -.770000E+00 0.132339E-02
 -.750000E+00 0.614393E-02
 -.730000E+00 0.830392E-02
 -.710000E+00 0.686734E-02
 -.690000E+00 0.245594E-02
 -.670000E+00 -.301992E-02
 -.650000E+00 -.718850E-02
 -.630000E+00 -.824396E-02
 -.610000E+00 -.572867E-02
 -.590000E+00 -.731610E-03
 -.570000E+00 0.458309E-02
 -.550000E+00 0.791340E-02
 -.530000E+00 0.781647E-02
 -.510000E+00 0.433379E-02
 -.490000E+00 -.102661E-02
 -.470000E+00 -.594312E-02
 -.450000E+00 -.828607E-02
 -.430000E+00 -.704022E-02
 -.410000E+00 -.274468E-02
 -.390000E+00 0.274036E-02
 -.370000E+00 0.703921E-02
 -.350000E+00 0.828964E-02
 -.330000E+00 0.594955E-02
 -.310000E+00 0.103205E-02
 -.290000E+00 -.433322E-02
 -.270000E+00 -.782233E-02
 -.250000E+00 -.792368E-02
 -.230000E+00 -.459287E-02
 -.210000E+00 0.727860E-03
 -.190000E+00 0.573410E-02
 -.170000E+00 0.825733E-02
 -.150000E+00 0.720423E-02
 -.130000E+00 0.303044E-02
 -.110000E+00 -.245663E-02
 -.900000E-01 -.688040E-02
 -.700000E-01 -.832456E-02
 -.500000E-01 -.616311E-02
 -.300000E-01 -.133176E-02
 -.100000E-01 0.407716E-02
 0.100000E-01 0.772084E-02
 0.300000E-01 0.802074E-02
 0.500000E-01 0.484647E-02
 0.700000E-01 -.427542E-03
 0.900000E-01 -.551714E-02
 0.110000E+00 -.821772E-02
 0.130000E+00 -.735916E-02
 0.150000E+00 -.331282E-02
 0.170000E+00 0.216909E-02
 0.190000E+00 0.671225E-02
 0.210000E+00 0.834865E-02
 0.230000E+00 0.636903E-02
 0.250000E+00 0.163035E-02
 0.270000E+00 -.381523E-02
 0.290000E+00 -.760903E-02
 0.310000E+00 -.810750E-02
 0.330000E+00 -.509425E-02
 0.350000E+00 0.126042E-03
 0.370000E+00 0.529251E-02
 0.390000E+00 0.816728E-02
 0.410000E+00 0.750477E-02
 0.430000E+00 0.359144E-02
 0.450000E+00 -.187811E-02
 0.470000E+00 -.653497E-02
 0.490000E+00 -.836186E-02
 0.510000E+00 -.656705E-02
 0.530000E+00 -.192742E-02
 0.550000E+00 0.354776E-02
 0.570000E+00 0.748702E-02
 0.590000E+00 0.818383E-02
 0.610000E+00 0.533588E-02
 0.630000E+00 0.176249E-03
 0.650000E+00 -.506049E-02
 0.670000E+00 -.810603E-02
 0.690000E+00 -.764086E-02
 0.710000E+00 -.386595E-02
 0.730000E+00 0.158408E-02
 0.750000E+00 0.634876E-02
 0.770000E+00 0.836415E-02
 0.790000E+00 0.675687E-02
 0.810000E+00 0.222259E-02
 0.830000E+00 -.327509E-02
 0.850000E+00 -.735497E-02
 0.870000E+00 -.824961E-02
 0.890000E+00 -.557103E-02
 0.910000E+00 -.320360E-02
 0.930000E+00 -.320417E-02
 0.950000E+00 -.320497E-02
 0.970000E+00 -.320566E-02
 0.990000E+00 -.320593E-02




































































































