 -.990000E+00 0.240312E-01
 -.970000E+00 0.226480E-01
 -.950000E+00 0.148086E-01
 -.930000E+00 0.390367E-02
 -.910000E+00 -.534433E-02
 -.890000E+00 -.830365E-02
 -.870000E+00 -.618086E-02
 -.850000E+00 -.138049E-02
 -.830000E+00 0.401855E-02
 -.810000E+00 0.767774E-02
 -.790000E+00 0.801183E-02
 -.770000E+00 0.487560E-02
 -.750000E+00 -.372979E-03
 -.730000E+00 -.546078E-02
 -.710000E+00 -.818397E-02
 -.690000E+00 -.736264E-02
 -.670000E+00 -.335203E-02
 -.650000E+00 0.211112E-02
 -.630000E+00 0.666064E-02
 -.610000E+00 0.832574E-02
 -.590000E+00 0.638476E-02
 -.570000E+00 0.167791E-02
 -.550000E+00 -.375644E-02
 -.530000E+00 -.756447E-02
 -.510000E+00 -.809648E-02
 -.490000E+00 -.512154E-02
 -.470000E+00 0.722521E-04
 -.450000E+00 0.523552E-02
 -.430000E+00 0.813177E-02
 -.410000E+00 0.750613E-02
 -.390000E+00 0.362909E-02
 -.370000E+00 -.182049E-02
 -.350000E+00 -.648231E-02
 -.330000E+00 -.833699E-02
 -.310000E+00 -.658073E-02
 -.290000E+00 -.197374E-02
 -.270000E+00 0.348886E-02
 -.250000E+00 0.744106E-02
 -.230000E+00 0.817071E-02
 -.210000E+00 0.536130E-02
 -.190000E+00 0.229193E-03
 -.170000E+00 -.500295E-02
 -.150000E+00 -.806881E-02
 -.130000E+00 -.764009E-02
 -.110000E+00 -.390196E-02
 -.900000E-01 0.152687E-02
 -.700000E-01 0.629513E-02
 -.500000E-01 0.833734E-02
 -.300000E-01 0.676849E-02
 -.100000E-01 0.226761E-02
 0.100000E-01 -.321616E-02
 0.300000E-01 -.730765E-02
 0.500000E-01 -.823440E-02
 0.700000E-01 -.559453E-02
 0.900000E-01 -.530963E-03
 0.110000E+00 0.476334E-02
 0.130000E+00 0.799516E-02
 0.150000E+00 0.776432E-02
 0.170000E+00 0.417030E-02
 0.190000E+00 -.123064E-02
 0.210000E+00 -.609932E-02
 0.230000E+00 -.832678E-02
 0.250000E+00 -.694778E-02
 0.270000E+00 -.255912E-02
 0.290000E+00 0.293869E-02
 0.310000E+00 0.716440E-02
 0.330000E+00 0.828745E-02
 0.350000E+00 0.582092E-02
 0.370000E+00 0.832665E-03
 0.390000E+00 -.451700E-02
 0.410000E+00 -.791090E-02
 0.430000E+00 -.787865E-02
 0.450000E+00 -.443374E-02
 0.470000E+00 0.932186E-03
 0.490000E+00 0.589512E-02
 0.510000E+00 0.830529E-02
 0.530000E+00 0.711835E-02
 0.550000E+00 0.284788E-02
 0.570000E+00 -.265679E-02
 0.590000E+00 -.701147E-02
 0.610000E+00 -.832975E-02
 0.630000E+00 -.604016E-02
 0.650000E+00 -.113390E-02
 0.670000E+00 0.426423E-02
 0.690000E+00 0.781610E-02
 0.710000E+00 0.798291E-02
 0.730000E+00 0.469191E-02
 0.750000E+00 -.631894E-03
 0.770000E+00 -.568278E-02
 0.790000E+00 -.827289E-02
 0.810000E+00 -.727995E-02
 0.830000E+00 -.313351E-02
 0.850000E+00 0.237083E-02
 0.870000E+00 0.684905E-02
 0.890000E+00 0.836124E-02
 0.910000E+00 0.773751E-02
 0.930000E+00 0.773739E-02
 0.950000E+00 0.773726E-02
 0.970000E+00 0.773718E-02
 0.990000E+00 0.773717E-02




































































































 -.990000E+00 -.143661E+00
 -.970000E+00 -.143031E+00
 -.950000E+00 -.142089E+00
 -.930000E+00 -.140838E+00
 -.910000E+00 -.139281E+00
 -.890000E+00 -.136461E+00
 -.870000E+00 -.132504E+00
 -.850000E+00 -.128417E+00
 -.830000E+00 -.124205E+00
 -.810000E+00 -.119871E+00
 -.790000E+00 -.115419E+00
 -.770000E+00 -.110855E+00
 -.750000E+00 -.106181E+00
 -.730000E+00 -.101403E+00
 -.710000E+00 -.965262E-01
 -.690000E+00 -.915542E-01
 -.670000E+00 -.864921E-01
 -.650000E+00 -.813450E-01
 -.630000E+00 -.761179E-01
 -.610000E+00 -.708157E-01
 -.590000E+00 -.654438E-01
 -.570000E+00 -.600073E-01
 -.550000E+00 -.545115E-01
 -.530000E+00 -.489618E-01
 -.510000E+00 -.433636E-01
 -.490000E+00 -.377222E-01
 -.470000E+00 -.320433E-01
 -.450000E+00 -.263323E-01
 -.430000E+00 -.205949E-01
 -.410000E+00 -.148365E-01
 -.390000E+00 -.906285E-02
 -.370000E+00 -.327952E-02
 -.350000E+00 0.250782E-02
 -.330000E+00 0.829355E-02
 -.310000E+00 0.140720E-01
 -.290000E+00 0.198376E-01
 -.270000E+00 0.255846E-01
 -.250000E+00 0.313076E-01
 -.230000E+00 0.370008E-01
 -.210000E+00 0.426587E-01
 -.190000E+00 0.482758E-01
 -.170000E+00 0.538467E-01
 -.150000E+00 0.593658E-01
 -.130000E+00 0.648278E-01
 -.110000E+00 0.702273E-01
 -.900000E-01 0.755592E-01
 -.700000E-01 0.808180E-01
 -.500000E-01 0.859988E-01
 -.300000E-01 0.910965E-01
 -.100000E-01 0.961060E-01
 0.100000E-01 0.101022E+00
 0.300000E-01 0.105841E+00
 0.500000E-01 0.110557E+00
 0.700000E-01 0.115166E+00
 0.900000E-01 0.119663E+00
 0.110000E+00 0.124044E+00
 0.130000E+00 0.128305E+00
 0.150000E+00 0.132441E+00
 0.170000E+00 0.136448E+00
 0.190000E+00 0.140323E+00
 0.210000E+00 0.144061E+00
 0.230000E+00 0.147660E+00
 0.250000E+00 0.151114E+00
 0.270000E+00 0.154422E+00
 0.290000E+00 0.157580E+00
 0.310000E+00 0.160584E+00
 0.330000E+00 0.163432E+00
 0.350000E+00 0.166121E+00
 0.370000E+00 0.168649E+00
 0.390000E+00 0.171012E+00
 0.410000E+00 0.173208E+00
 0.430000E+00 0.175236E+00
 0.450000E+00 0.177093E+00
 0.470000E+00 0.178777E+00
 0.490000E+00 0.180288E+00
 0.510000E+00 0.181622E+00
 0.530000E+00 0.182780E+00
 0.550000E+00 0.183759E+00
 0.570000E+00 0.184559E+00
 0.590000E+00 0.185179E+00
 0.610000E+00 0.185619E+00
 0.630000E+00 0.185877E+00
 0.650000E+00 0.185954E+00
 0.670000E+00 0.185850E+00
 0.690000E+00 0.185564E+00
 0.710000E+00 0.185098E+00
 0.730000E+00 0.184450E+00
 0.750000E+00 0.183623E+00
 0.770000E+00 0.182616E+00
 0.790000E+00 0.181431E+00
 0.810000E+00 0.180069E+00
 0.830000E+00 0.178531E+00
 0.850000E+00 0.176818E+00
 0.870000E+00 0.174933E+00
 0.890000E+00 0.172877E+00
 0.910000E+00 0.171786E+00
 0.930000E+00 0.171786E+00
 0.950000E+00 0.171786E+00
 0.970000E+00 0.171786E+00
 0.990000E+00 0.171786E+00




































































































 -.990000E+00 0.297822E+00
 -.970000E+00 0.299701E+00
 -.950000E+00 0.301587E+00
 -.930000E+00 0.303478E+00
 -.910000E+00 0.305376E+00
 -.890000E+00 0.308990E+00
 -.870000E+00 0.314269E+00
 -.850000E+00 0.319485E+00
 -.830000E+00 0.324637E+00
 -.810000E+00 0.329723E+00
 -.790000E+00 0.334744E+00
 -.770000E+00 0.339696E+00
 -.750000E+00 0.344581E+00
 -.730000E+00 0.349396E+00
 -.710000E+00 0.354140E+00
 -.690000E+00 0.358813E+00
 -.670000E+00 0.363414E+00
 -.650000E+00 0.367942E+00
 -.630000E+00 0.372395E+00
 -.610000E+00 0.376773E+00
 -.590000E+00 0.381074E+00
 -.570000E+00 0.385299E+00
 -.550000E+00 0.389446E+00
 -.530000E+00 0.393514E+00
 -.510000E+00 0.397503E+00
 -.490000E+00 0.401411E+00
 -.470000E+00 0.405238E+00
 -.450000E+00 0.408983E+00
 -.430000E+00 0.412645E+00
 -.410000E+00 0.416223E+00
 -.390000E+00 0.419717E+00
 -.370000E+00 0.423126E+00
 -.350000E+00 0.426449E+00
 -.330000E+00 0.429686E+00
 -.310000E+00 0.432836E+00
 -.290000E+00 0.435897E+00
 -.270000E+00 0.438870E+00
 -.250000E+00 0.441754E+00
 -.230000E+00 0.444549E+00
 -.210000E+00 0.447253E+00
 -.190000E+00 0.449866E+00
 -.170000E+00 0.452388E+00
 -.150000E+00 0.454818E+00
 -.130000E+00 0.457155E+00
 -.110000E+00 0.459400E+00
 -.900000E-01 0.461551E+00
 -.700000E-01 0.463608E+00
 -.500000E-01 0.465571E+00
 -.300000E-01 0.467439E+00
 -.100000E-01 0.469212E+00
 0.100000E-01 0.470890E+00
 0.300000E-01 0.472471E+00
 0.500000E-01 0.473957E+00
 0.700000E-01 0.475346E+00
 0.900000E-01 0.476638E+00
 0.110000E+00 0.477834E+00
 0.130000E+00 0.478931E+00
 0.150000E+00 0.479932E+00
 0.170000E+00 0.480834E+00
 0.190000E+00 0.481639E+00
 0.210000E+00 0.482346E+00
 0.230000E+00 0.482954E+00
 0.250000E+00 0.483464E+00
 0.270000E+00 0.483875E+00
 0.290000E+00 0.484188E+00
 0.310000E+00 0.484402E+00
 0.330000E+00 0.484517E+00
 0.350000E+00 0.484533E+00
 0.370000E+00 0.484451E+00
 0.390000E+00 0.484270E+00
 0.410000E+00 0.483990E+00
 0.430000E+00 0.483612E+00
 0.450000E+00 0.483135E+00
 0.470000E+00 0.482559E+00
 0.490000E+00 0.481885E+00
 0.510000E+00 0.481113E+00
 0.530000E+00 0.480243E+00
 0.550000E+00 0.479275E+00
 0.570000E+00 0.478209E+00
 0.590000E+00 0.477045E+00
 0.610000E+00 0.475785E+00
 0.630000E+00 0.474427E+00
 0.650000E+00 0.472972E+00
 0.670000E+00 0.471421E+00
 0.690000E+00 0.469774E+00
 0.710000E+00 0.468031E+00
 0.730000E+00 0.466193E+00
 0.750000E+00 0.464259E+00
 0.770000E+00 0.462231E+00
 0.790000E+00 0.460109E+00
 0.810000E+00 0.457893E+00
 0.830000E+00 0.455583E+00
 0.850000E+00 0.453180E+00
 0.870000E+00 0.450685E+00
 0.890000E+00 0.448099E+00
 0.910000E+00 0.446771E+00
 0.930000E+00 0.446770E+00
 0.950000E+00 0.446770E+00
 0.970000E+00 0.446770E+00
 0.990000E+00 0.446770E+00




































































































 -.990000E+00 0.923995E+00
 -.970000E+00 0.924063E+00
 -.950000E+00 0.924131E+00
 -.930000E+00 0.924199E+00
 -.910000E+00 0.924268E+00
 -.890000E+00 0.922812E+00
 -.870000E+00 0.919790E+00
 -.850000E+00 0.916713E+00
 -.830000E+00 0.913580E+00
 -.810000E+00 0.910391E+00
 -.790000E+00 0.907146E+00
 -.770000E+00 0.903846E+00
 -.750000E+00 0.900490E+00
 -.730000E+00 0.897080E+00
 -.710000E+00 0.893613E+00
 -.690000E+00 0.890092E+00
 -.670000E+00 0.886515E+00
 -.650000E+00 0.882884E+00
 -.630000E+00 0.879197E+00
 -.610000E+00 0.875455E+00
 -.590000E+00 0.871659E+00
 -.570000E+00 0.867808E+00
 -.550000E+00 0.863902E+00
 -.530000E+00 0.859942E+00
 -.510000E+00 0.855927E+00
 -.490000E+00 0.851858E+00
 -.470000E+00 0.847734E+00
 -.450000E+00 0.843556E+00
 -.430000E+00 0.839324E+00
 -.410000E+00 0.835038E+00
 -.390000E+00 0.830697E+00
 -.370000E+00 0.826303E+00
 -.350000E+00 0.821854E+00
 -.330000E+00 0.817352E+00
 -.310000E+00 0.812796E+00
 -.290000E+00 0.808186E+00
 -.270000E+00 0.803522E+00
 -.250000E+00 0.798805E+00
 -.230000E+00 0.794035E+00
 -.210000E+00 0.789211E+00
 -.190000E+00 0.784333E+00
 -.170000E+00 0.779403E+00
 -.150000E+00 0.774419E+00
 -.130000E+00 0.769382E+00
 -.110000E+00 0.764292E+00
 -.900000E-01 0.759149E+00
 -.700000E-01 0.753953E+00
 -.500000E-01 0.748704E+00
 -.300000E-01 0.743403E+00
 -.100000E-01 0.738049E+00
 0.100000E-01 0.732643E+00
 0.300000E-01 0.727184E+00
 0.500000E-01 0.721673E+00
 0.700000E-01 0.716110E+00
 0.900000E-01 0.710495E+00
 0.110000E+00 0.704828E+00
 0.130000E+00 0.699109E+00
 0.150000E+00 0.693338E+00
 0.170000E+00 0.687516E+00
 0.190000E+00 0.681642E+00
 0.210000E+00 0.675717E+00
 0.230000E+00 0.669740E+00
 0.250000E+00 0.663713E+00
 0.270000E+00 0.657634E+00
 0.290000E+00 0.651505E+00
 0.310000E+00 0.645325E+00
 0.330000E+00 0.639095E+00
 0.350000E+00 0.632815E+00
 0.370000E+00 0.626484E+00
 0.390000E+00 0.620103E+00
 0.410000E+00 0.613673E+00
 0.430000E+00 0.607193E+00
 0.450000E+00 0.600663E+00
 0.470000E+00 0.594085E+00
 0.490000E+00 0.587457E+00
 0.510000E+00 0.580781E+00
 0.530000E+00 0.574056E+00
 0.550000E+00 0.567282E+00
 0.570000E+00 0.560461E+00
 0.590000E+00 0.553591E+00
 0.610000E+00 0.546674E+00
 0.630000E+00 0.539710E+00
 0.650000E+00 0.532698E+00
 0.670000E+00 0.525640E+00
 0.690000E+00 0.518535E+00
 0.710000E+00 0.511383E+00
 0.730000E+00 0.504186E+00
 0.750000E+00 0.496943E+00
 0.770000E+00 0.489654E+00
 0.790000E+00 0.482321E+00
 0.810000E+00 0.474942E+00
 0.830000E+00 0.467519E+00
 0.850000E+00 0.460052E+00
 0.870000E+00 0.452542E+00
 0.890000E+00 0.444988E+00
 0.910000E+00 0.441183E+00
 0.930000E+00 0.441162E+00
 0.950000E+00 0.441146E+00
 0.970000E+00 0.441137E+00
 0.990000E+00 0.441134E+00




































































































 -.990000E+00 0.255097E+00
 -.970000E+00 0.250280E+00
 -.950000E+00 0.245401E+00
 -.930000E+00 0.240461E+00
 -.910000E+00 0.235460E+00
 -.890000E+00 0.231260E+00
 -.870000E+00 0.227907E+00
 -.850000E+00 0.224551E+00
 -.830000E+00 0.221191E+00
 -.810000E+00 0.217829E+00
 -.790000E+00 0.214463E+00
 -.770000E+00 0.211094E+00
 -.750000E+00 0.207723E+00
 -.730000E+00 0.204348E+00
 -.710000E+00 0.200971E+00
 -.690000E+00 0.197590E+00
 -.670000E+00 0.194207E+00
 -.650000E+00 0.190821E+00
 -.630000E+00 0.187432E+00
 -.610000E+00 0.184041E+00
 -.590000E+00 0.180646E+00
 -.570000E+00 0.177250E+00
 -.550000E+00 0.173850E+00
 -.530000E+00 0.170448E+00
 -.510000E+00 0.167043E+00
 -.490000E+00 0.163636E+00
 -.470000E+00 0.160227E+00
 -.450000E+00 0.156815E+00
 -.430000E+00 0.153400E+00
 -.410000E+00 0.149984E+00
 -.390000E+00 0.146565E+00
 -.370000E+00 0.143144E+00
 -.350000E+00 0.139720E+00
 -.330000E+00 0.136294E+00
 -.310000E+00 0.132867E+00
 -.290000E+00 0.129437E+00
 -.270000E+00 0.126005E+00
 -.250000E+00 0.122571E+00
 -.230000E+00 0.119135E+00
 -.210000E+00 0.115697E+00
 -.190000E+00 0.112257E+00
 -.170000E+00 0.108816E+00
 -.150000E+00 0.105372E+00
 -.130000E+00 0.101927E+00
 -.110000E+00 0.984797E-01
 -.900000E-01 0.950310E-01
 -.700000E-01 0.915806E-01
 -.500000E-01 0.881286E-01
 -.300000E-01 0.846750E-01
 -.100000E-01 0.812199E-01
 0.100000E-01 0.777633E-01
 0.300000E-01 0.743052E-01
 0.500000E-01 0.708457E-01
 0.700000E-01 0.673848E-01
 0.900000E-01 0.639226E-01
 0.110000E+00 0.604591E-01
 0.130000E+00 0.569944E-01
 0.150000E+00 0.535284E-01
 0.170000E+00 0.500612E-01
 0.190000E+00 0.465930E-01
 0.210000E+00 0.431236E-01
 0.230000E+00 0.396532E-01
 0.250000E+00 0.361818E-01
 0.270000E+00 0.327094E-01
 0.290000E+00 0.292361E-01
 0.310000E+00 0.257620E-01
 0.330000E+00 0.222870E-01
 0.350000E+00 0.188112E-01
 0.370000E+00 0.153346E-01
 0.390000E+00 0.118574E-01
 0.410000E+00 0.837942E-02
 0.430000E+00 0.490086E-02
 0.450000E+00 0.142171E-02
 0.470000E+00 -.205797E-02
 0.490000E+00 -.553816E-02
 0.510000E+00 -.901880E-02
 0.530000E+00 -.124999E-01
 0.550000E+00 -.159813E-01
 0.570000E+00 -.194631E-01
 0.590000E+00 -.229451E-01
 0.610000E+00 -.264274E-01
 0.630000E+00 -.299099E-01
 0.650000E+00 -.333925E-01
 0.670000E+00 -.368753E-01
 0.690000E+00 -.403581E-01
 0.710000E+00 -.438410E-01
 0.730000E+00 -.473238E-01
 0.750000E+00 -.508066E-01
 0.770000E+00 -.542893E-01
 0.790000E+00 -.577719E-01
 0.810000E+00 -.612542E-01
 0.830000E+00 -.647364E-01
 0.850000E+00 -.682182E-01
 0.870000E+00 -.716998E-01
 0.890000E+00 -.751809E-01
 0.910000E+00 -.769230E-01
 0.930000E+00 -.769260E-01
 0.950000E+00 -.769281E-01
 0.970000E+00 -.769293E-01
 0.990000E+00 -.769298E-01




































































































 -.990000E+00 -.343201E+00
 -.970000E+00 -.350395E+00
 -.950000E+00 -.357628E+00
 -.930000E+00 -.364899E+00
 -.910000E+00 -.372208E+00
 -.890000E+00 -.375895E+00
 -.870000E+00 -.375934E+00
 -.850000E+00 -.375973E+00
 -.830000E+00 -.376012E+00
 -.810000E+00 -.376051E+00
 -.790000E+00 -.376090E+00
 -.770000E+00 -.376129E+00
 -.750000E+00 -.376168E+00
 -.730000E+00 -.376207E+00
 -.710000E+00 -.376246E+00
 -.690000E+00 -.376285E+00
 -.670000E+00 -.376324E+00
 -.650000E+00 -.376363E+00
 -.630000E+00 -.376402E+00
 -.610000E+00 -.376441E+00
 -.590000E+00 -.376480E+00
 -.570000E+00 -.376519E+00
 -.550000E+00 -.376558E+00
 -.530000E+00 -.376597E+00
 -.510000E+00 -.376636E+00
 -.490000E+00 -.376675E+00
 -.470000E+00 -.376714E+00
 -.450000E+00 -.376753E+00
 -.430000E+00 -.376792E+00
 -.410000E+00 -.376831E+00
 -.390000E+00 -.376870E+00
 -.370000E+00 -.376909E+00
 -.350000E+00 -.376948E+00
 -.330000E+00 -.376987E+00
 -.310000E+00 -.377026E+00
 -.290000E+00 -.377065E+00
 -.270000E+00 -.377104E+00
 -.250000E+00 -.377143E+00
 -.230000E+00 -.377182E+00
 -.210000E+00 -.377221E+00
 -.190000E+00 -.377260E+00
 -.170000E+00 -.377299E+00
 -.150000E+00 -.377338E+00
 -.130000E+00 -.377377E+00
 -.110000E+00 -.377416E+00
 -.900000E-01 -.377455E+00
 -.700000E-01 -.377493E+00
 -.500000E-01 -.377532E+00
 -.300000E-01 -.377571E+00
 -.100000E-01 -.377610E+00
 0.100000E-01 -.377649E+00
 0.300000E-01 -.377688E+00
 0.500000E-01 -.377727E+00
 0.700000E-01 -.377766E+00
 0.900000E-01 -.377805E+00
 0.110000E+00 -.377844E+00
 0.130000E+00 -.377883E+00
 0.150000E+00 -.377922E+00
 0.170000E+00 -.377961E+00
 0.190000E+00 -.378000E+00
 0.210000E+00 -.378039E+00
 0.230000E+00 -.378078E+00
 0.250000E+00 -.378117E+00
 0.270000E+00 -.378156E+00
 0.290000E+00 -.378195E+00
 0.310000E+00 -.378234E+00
 0.330000E+00 -.378273E+00
 0.350000E+00 -.378312E+00
 0.370000E+00 -.378351E+00
 0.390000E+00 -.378390E+00
 0.410000E+00 -.378429E+00
 0.430000E+00 -.378468E+00
 0.450000E+00 -.378507E+00
 0.470000E+00 -.378546E+00
 0.490000E+00 -.378585E+00
 0.510000E+00 -.378624E+00
 0.530000E+00 -.378662E+00
 0.550000E+00 -.378701E+00
 0.570000E+00 -.378740E+00
 0.590000E+00 -.378779E+00
 0.610000E+00 -.378818E+00
 0.630000E+00 -.378857E+00
 0.650000E+00 -.378896E+00
 0.670000E+00 -.378935E+00
 0.690000E+00 -.378974E+00
 0.710000E+00 -.379013E+00
 0.730000E+00 -.379052E+00
 0.750000E+00 -.379091E+00
 0.770000E+00 -.379130E+00
 0.790000E+00 -.379169E+00
 0.810000E+00 -.379208E+00
 0.830000E+00 -.379247E+00
 0.850000E+00 -.379286E+00
 0.870000E+00 -.379325E+00
 0.890000E+00 -.379364E+00
 0.910000E+00 -.379384E+00
 0.930000E+00 -.379385E+00
 0.950000E+00 -.379386E+00
 0.970000E+00 -.379387E+00
 0.990000E+00 -.379387E+00




































































































 -.990000E+00 -.824701E+00
 -.970000E+00 -.828989E+00
 -.950000E+00 -.833238E+00
 -.930000E+00 -.837447E+00
 -.910000E+00 -.841616E+00
 -.890000E+00 -.842779E+00
 -.870000E+00 -.840958E+00
 -.850000E+00 -.839128E+00
 -.830000E+00 -.837288E+00
 -.810000E+00 -.835438E+00
 -.790000E+00 -.833579E+00
 -.770000E+00 -.831711E+00
 -.750000E+00 -.829833E+00
 -.730000E+00 -.827945E+00
 -.710000E+00 -.826048E+00
 -.690000E+00 -.824141E+00
 -.670000E+00 -.822225E+00
 -.650000E+00 -.820299E+00
 -.630000E+00 -.818364E+00
 -.610000E+00 -.816420E+00
 -.590000E+00 -.814466E+00
 -.570000E+00 -.812502E+00
 -.550000E+00 -.810530E+00
 -.530000E+00 -.808548E+00
 -.510000E+00 -.806556E+00
 -.490000E+00 -.804556E+00
 -.470000E+00 -.802546E+00
 -.450000E+00 -.800526E+00
 -.430000E+00 -.798498E+00
 -.410000E+00 -.796460E+00
 -.390000E+00 -.794414E+00
 -.370000E+00 -.792358E+00
 -.350000E+00 -.790292E+00
 -.330000E+00 -.788218E+00
 -.310000E+00 -.786135E+00
 -.290000E+00 -.784042E+00
 -.270000E+00 -.781940E+00
 -.250000E+00 -.779830E+00
 -.230000E+00 -.777710E+00
 -.210000E+00 -.775581E+00
 -.190000E+00 -.773444E+00
 -.170000E+00 -.771297E+00
 -.150000E+00 -.769141E+00
 -.130000E+00 -.766977E+00
 -.110000E+00 -.764803E+00
 -.900000E-01 -.762621E+00
 -.700000E-01 -.760430E+00
 -.500000E-01 -.758230E+00
 -.300000E-01 -.756021E+00
 -.100000E-01 -.753803E+00
 0.100000E-01 -.751577E+00
 0.300000E-01 -.749342E+00
 0.500000E-01 -.747098E+00
 0.700000E-01 -.744845E+00
 0.900000E-01 -.742584E+00
 0.110000E+00 -.740314E+00
 0.130000E+00 -.738035E+00
 0.150000E+00 -.735748E+00
 0.170000E+00 -.733452E+00
 0.190000E+00 -.731148E+00
 0.210000E+00 -.728835E+00
 0.230000E+00 -.726514E+00
 0.250000E+00 -.724184E+00
 0.270000E+00 -.721846E+00
 0.290000E+00 -.719499E+00
 0.310000E+00 -.717144E+00
 0.330000E+00 -.714780E+00
 0.350000E+00 -.712408E+00
 0.370000E+00 -.710028E+00
 0.390000E+00 -.707639E+00
 0.410000E+00 -.705242E+00
 0.430000E+00 -.702837E+00
 0.450000E+00 -.700423E+00
 0.470000E+00 -.698002E+00
 0.490000E+00 -.695572E+00
 0.510000E+00 -.693134E+00
 0.530000E+00 -.690687E+00
 0.550000E+00 -.688233E+00
 0.570000E+00 -.685771E+00
 0.590000E+00 -.683300E+00
 0.610000E+00 -.680822E+00
 0.630000E+00 -.678335E+00
 0.650000E+00 -.675840E+00
 0.670000E+00 -.673338E+00
 0.690000E+00 -.670827E+00
 0.710000E+00 -.668309E+00
 0.730000E+00 -.665782E+00
 0.750000E+00 -.663248E+00
 0.770000E+00 -.660706E+00
 0.790000E+00 -.658156E+00
 0.810000E+00 -.655598E+00
 0.830000E+00 -.653033E+00
 0.850000E+00 -.650460E+00
 0.870000E+00 -.647879E+00
 0.890000E+00 -.645290E+00
 0.910000E+00 -.643993E+00
 0.930000E+00 -.643994E+00
 0.950000E+00 -.643994E+00
 0.970000E+00 -.643994E+00
 0.990000E+00 -.643994E+00




































































































 -.990000E+00 -.961130E+00
 -.970000E+00 -.960848E+00
 -.950000E+00 -.960567E+00
 -.930000E+00 -.960288E+00
 -.910000E+00 -.960010E+00
 -.890000E+00 -.960953E+00
 -.870000E+00 -.963073E+00
 -.850000E+00 -.965135E+00
 -.830000E+00 -.967138E+00
 -.810000E+00 -.969083E+00
 -.790000E+00 -.970969E+00
 -.770000E+00 -.972797E+00
 -.750000E+00 -.974566E+00
 -.730000E+00 -.976275E+00
 -.710000E+00 -.977926E+00
 -.690000E+00 -.979518E+00
 -.670000E+00 -.981051E+00
 -.650000E+00 -.982524E+00
 -.630000E+00 -.983939E+00
 -.610000E+00 -.985294E+00
 -.590000E+00 -.986589E+00
 -.570000E+00 -.987825E+00
 -.550000E+00 -.989002E+00
 -.530000E+00 -.990118E+00
 -.510000E+00 -.991176E+00
 -.490000E+00 -.992173E+00
 -.470000E+00 -.993111E+00
 -.450000E+00 -.993989E+00
 -.430000E+00 -.994807E+00
 -.410000E+00 -.995565E+00
 -.390000E+00 -.996263E+00
 -.370000E+00 -.996902E+00
 -.350000E+00 -.997480E+00
 -.330000E+00 -.997998E+00
 -.310000E+00 -.998456E+00
 -.290000E+00 -.998855E+00
 -.270000E+00 -.999193E+00
 -.250000E+00 -.999471E+00
 -.230000E+00 -.999689E+00
 -.210000E+00 -.999846E+00
 -.190000E+00 -.999944E+00
 -.170000E+00 -.999982E+00
 -.150000E+00 -.999959E+00
 -.130000E+00 -.999876E+00
 -.110000E+00 -.999733E+00
 -.900000E-01 -.999530E+00
 -.700000E-01 -.999267E+00
 -.500000E-01 -.998944E+00
 -.300000E-01 -.998561E+00
 -.100000E-01 -.998117E+00
 0.100000E-01 -.997614E+00
 0.300000E-01 -.997051E+00
 0.500000E-01 -.996427E+00
 0.700000E-01 -.995744E+00
 0.900000E-01 -.995001E+00
 0.110000E+00 -.994198E+00
 0.130000E+00 -.993335E+00
 0.150000E+00 -.992413E+00
 0.170000E+00 -.991431E+00
 0.190000E+00 -.990389E+00
 0.210000E+00 -.989287E+00
 0.230000E+00 -.988126E+00
 0.250000E+00 -.986905E+00
 0.270000E+00 -.985625E+00
 0.290000E+00 -.984286E+00
 0.310000E+00 -.982887E+00
 0.330000E+00 -.981429E+00
 0.350000E+00 -.979912E+00
 0.370000E+00 -.978336E+00
 0.390000E+00 -.976701E+00
 0.410000E+00 -.975007E+00
 0.430000E+00 -.973254E+00
 0.450000E+00 -.971443E+00
 0.470000E+00 -.969573E+00
 0.490000E+00 -.967644E+00
 0.510000E+00 -.965657E+00
 0.530000E+00 -.963612E+00
 0.550000E+00 -.961508E+00
 0.570000E+00 -.959346E+00
 0.590000E+00 -.957127E+00
 0.610000E+00 -.954849E+00
 0.630000E+00 -.952514E+00
 0.650000E+00 -.950121E+00
 0.670000E+00 -.947671E+00
 0.690000E+00 -.945163E+00
 0.710000E+00 -.942598E+00
 0.730000E+00 -.939976E+00
 0.750000E+00 -.937297E+00
 0.770000E+00 -.934561E+00
 0.790000E+00 -.931768E+00
 0.810000E+00 -.928919E+00
 0.830000E+00 -.926014E+00
 0.850000E+00 -.923052E+00
 0.870000E+00 -.920034E+00
 0.890000E+00 -.916961E+00
 0.910000E+00 -.915402E+00
 0.930000E+00 -.915400E+00
 0.950000E+00 -.915399E+00
 0.970000E+00 -.915398E+00
 0.990000E+00 -.915398E+00




































































































 -.990000E+00 0.912355E-01
 -.970000E+00 0.817237E-01
 -.950000E+00 0.721592E-01
 -.930000E+00 0.625466E-01
 -.910000E+00 0.528906E-01
 -.890000E+00 0.446385E-01
 -.870000E+00 0.378120E-01
 -.850000E+00 0.309762E-01
 -.830000E+00 0.241322E-01
 -.810000E+00 0.172817E-01
 -.790000E+00 0.104259E-01
 -.770000E+00 0.356628E-02
 -.750000E+00 -.329577E-02
 -.730000E+00 -.101588E-01
 -.710000E+00 -.170215E-01
 -.690000E+00 -.238824E-01
 -.670000E+00 -.307401E-01
 -.650000E+00 -.375932E-01
 -.630000E+00 -.444403E-01
 -.610000E+00 -.512799E-01
 -.590000E+00 -.581107E-01
 -.570000E+00 -.649313E-01
 -.550000E+00 -.717403E-01
 -.530000E+00 -.785362E-01
 -.510000E+00 -.853177E-01
 -.490000E+00 -.920833E-01
 -.470000E+00 -.988317E-01
 -.450000E+00 -.105561E+00
 -.430000E+00 -.112271E+00
 -.410000E+00 -.118960E+00
 -.390000E+00 -.125625E+00
 -.370000E+00 -.132267E+00
 -.350000E+00 -.138882E+00
 -.330000E+00 -.145471E+00
 -.310000E+00 -.152032E+00
 -.290000E+00 -.158563E+00
 -.270000E+00 -.165063E+00
 -.250000E+00 -.171531E+00
 -.230000E+00 -.177965E+00
 -.210000E+00 -.184365E+00
 -.190000E+00 -.190727E+00
 -.170000E+00 -.197053E+00
 -.150000E+00 -.203339E+00
 -.130000E+00 -.209585E+00
 -.110000E+00 -.215789E+00
 -.900000E-01 -.221951E+00
 -.700000E-01 -.228069E+00
 -.500000E-01 -.234141E+00
 -.300000E-01 -.240167E+00
 -.100000E-01 -.246144E+00
 0.100000E-01 -.252073E+00
 0.300000E-01 -.257951E+00
 0.500000E-01 -.263778E+00
 0.700000E-01 -.269552E+00
 0.900000E-01 -.275272E+00
 0.110000E+00 -.280936E+00
 0.130000E+00 -.286545E+00
 0.150000E+00 -.292096E+00
 0.170000E+00 -.297588E+00
 0.190000E+00 -.303021E+00
 0.210000E+00 -.308392E+00
 0.230000E+00 -.313702E+00
 0.250000E+00 -.318948E+00
 0.270000E+00 -.324131E+00
 0.290000E+00 -.329248E+00
 0.310000E+00 -.334299E+00
 0.330000E+00 -.339282E+00
 0.350000E+00 -.344197E+00
 0.370000E+00 -.349042E+00
 0.390000E+00 -.353818E+00
 0.410000E+00 -.358521E+00
 0.430000E+00 -.363153E+00
 0.450000E+00 -.367711E+00
 0.470000E+00 -.372194E+00
 0.490000E+00 -.376603E+00
 0.510000E+00 -.380935E+00
 0.530000E+00 -.385191E+00
 0.550000E+00 -.389368E+00
 0.570000E+00 -.393467E+00
 0.590000E+00 -.397486E+00
 0.610000E+00 -.401425E+00
 0.630000E+00 -.405283E+00
 0.650000E+00 -.409058E+00
 0.670000E+00 -.412751E+00
 0.690000E+00 -.416360E+00
 0.710000E+00 -.419885E+00
 0.730000E+00 -.423325E+00
 0.750000E+00 -.426680E+00
 0.770000E+00 -.429947E+00
 0.790000E+00 -.433128E+00
 0.810000E+00 -.436221E+00
 0.830000E+00 -.439226E+00
 0.850000E+00 -.442142E+00
 0.870000E+00 -.444968E+00
 0.890000E+00 -.447704E+00
 0.910000E+00 -.449038E+00
 0.930000E+00 -.449038E+00
 0.950000E+00 -.449038E+00
 0.970000E+00 -.449037E+00
 0.990000E+00 -.449037E+00




































































































 -.990000E+00 0.188308E+00
 -.970000E+00 0.188089E+00
 -.950000E+00 0.187501E+00
 -.930000E+00 0.186542E+00
 -.910000E+00 0.185213E+00
 -.890000E+00 0.184566E+00
 -.870000E+00 0.184743E+00
 -.850000E+00 0.184739E+00
 -.830000E+00 0.184556E+00
 -.810000E+00 0.184192E+00
 -.790000E+00 0.183649E+00
 -.770000E+00 0.182927E+00
 -.750000E+00 0.182026E+00
 -.730000E+00 0.180948E+00
 -.710000E+00 0.179692E+00
 -.690000E+00 0.178262E+00
 -.670000E+00 0.176658E+00
 -.650000E+00 0.174881E+00
 -.630000E+00 0.172933E+00
 -.610000E+00 0.170816E+00
 -.590000E+00 0.168533E+00
 -.570000E+00 0.166085E+00
 -.550000E+00 0.163474E+00
 -.530000E+00 0.160704E+00
 -.510000E+00 0.157777E+00
 -.490000E+00 0.154695E+00
 -.470000E+00 0.151463E+00
 -.450000E+00 0.148082E+00
 -.430000E+00 0.144556E+00
 -.410000E+00 0.140888E+00
 -.390000E+00 0.137083E+00
 -.370000E+00 0.133144E+00
 -.350000E+00 0.129074E+00
 -.330000E+00 0.124877E+00
 -.310000E+00 0.120559E+00
 -.290000E+00 0.116122E+00
 -.270000E+00 0.111571E+00
 -.250000E+00 0.106910E+00
 -.230000E+00 0.102145E+00
 -.210000E+00 0.972796E-01
 -.190000E+00 0.923184E-01
 -.170000E+00 0.872664E-01
 -.150000E+00 0.821286E-01
 -.130000E+00 0.769100E-01
 -.110000E+00 0.716155E-01
 -.900000E-01 0.662505E-01
 -.700000E-01 0.608200E-01
 -.500000E-01 0.553294E-01
 -.300000E-01 0.497840E-01
 -.100000E-01 0.441893E-01
 0.100000E-01 0.385506E-01
 0.300000E-01 0.328735E-01
 0.500000E-01 0.271634E-01
 0.700000E-01 0.214261E-01
 0.900000E-01 0.156670E-01
 0.110000E+00 0.989179E-02
 0.130000E+00 0.410607E-02
 0.150000E+00 -.168449E-02
 0.170000E+00 -.747426E-02
 0.190000E+00 -.132576E-01
 0.210000E+00 -.190288E-01
 0.230000E+00 -.247823E-01
 0.250000E+00 -.305125E-01
 0.270000E+00 -.362137E-01
 0.290000E+00 -.418804E-01
 0.310000E+00 -.475071E-01
 0.330000E+00 -.530882E-01
 0.350000E+00 -.586183E-01
 0.370000E+00 -.640921E-01
 0.390000E+00 -.695041E-01
 0.410000E+00 -.748490E-01
 0.430000E+00 -.801217E-01
 0.450000E+00 -.853170E-01
 0.470000E+00 -.904297E-01
 0.490000E+00 -.954550E-01
 0.510000E+00 -.100388E+00
 0.530000E+00 -.105223E+00
 0.550000E+00 -.109957E+00
 0.570000E+00 -.114584E+00
 0.590000E+00 -.119100E+00
 0.610000E+00 -.123500E+00
 0.630000E+00 -.127781E+00
 0.650000E+00 -.131937E+00
 0.670000E+00 -.135965E+00
 0.690000E+00 -.139861E+00
 0.710000E+00 -.143622E+00
 0.730000E+00 -.147242E+00
 0.750000E+00 -.150720E+00
 0.770000E+00 -.154051E+00
 0.790000E+00 -.157232E+00
 0.810000E+00 -.160260E+00
 0.830000E+00 -.163133E+00
 0.850000E+00 -.165846E+00
 0.870000E+00 -.168399E+00
 0.890000E+00 -.170787E+00
 0.910000E+00 -.171919E+00
 0.930000E+00 -.171919E+00
 0.950000E+00 -.171919E+00
 0.970000E+00 -.171919E+00
 0.990000E+00 -.171919E+00




































































































 -.990000E+00 -.199620E-01
 -.970000E+00 -.188970E-01
 -.950000E+00 -.130006E-01
 -.930000E+00 -.482371E-02
 -.910000E+00 0.209414E-02
 -.890000E+00 0.624116E-02
 -.870000E+00 0.830910E-02
 -.850000E+00 0.677823E-02
 -.830000E+00 0.231111E-02
 -.810000E+00 -.315774E-02
 -.790000E+00 -.725961E-02
 -.770000E+00 -.821755E-02
 -.750000E+00 -.561617E-02
 -.730000E+00 -.581732E-03
 -.710000E+00 0.470543E-02
 -.690000E+00 0.795520E-02
 -.670000E+00 0.775962E-02
 -.650000E+00 0.420289E-02
 -.630000E+00 -.117486E-02
 -.610000E+00 -.604451E-02
 -.590000E+00 -.829668E-02
 -.570000E+00 -.695544E-02
 -.550000E+00 -.260122E-02
 -.530000E+00 0.288037E-02
 -.510000E+00 0.711513E-02
 -.490000E+00 0.826856E-02
 -.470000E+00 0.584060E-02
 -.450000E+00 0.882398E-03
 -.430000E+00 -.445875E-02
 -.410000E+00 -.786937E-02
 -.390000E+00 -.787183E-02
 -.370000E+00 -.446458E-02
 -.350000E+00 0.877028E-03
 -.330000E+00 0.583954E-02
 -.310000E+00 0.827336E-02
 -.290000E+00 0.712390E-02
 -.270000E+00 0.288852E-02
 -.250000E+00 -.259866E-02
 -.230000E+00 -.696103E-02
 -.210000E+00 -.830885E-02
 -.190000E+00 -.605785E-02
 -.170000E+00 -.118253E-02
 -.150000E+00 0.420573E-02
 -.130000E+00 0.777305E-02
 -.110000E+00 0.797398E-02
 -.900000E-01 0.472097E-02
 -.700000E-01 -.577434E-03
 -.500000E-01 -.562650E-02
 -.300000E-01 -.823917E-02
 -.100000E-01 -.728339E-02
 0.100000E-01 -.317264E-02
 0.300000E-01 0.231296E-02
 0.500000E-01 0.679751E-02
 0.700000E-01 0.833835E-02
 0.900000E-01 0.626762E-02
 0.110000E+00 0.148174E-02
 0.130000E+00 -.394667E-02
 0.150000E+00 -.766637E-02
 0.170000E+00 -.806589E-02
 0.190000E+00 -.497170E-02
 0.210000E+00 0.276462E-03
 0.230000E+00 0.540565E-02
 0.250000E+00 0.819412E-02
 0.270000E+00 0.743368E-02
 0.290000E+00 0.345320E-02
 0.310000E+00 -.202364E-02
 0.330000E+00 -.662474E-02
 0.350000E+00 -.835699E-02
 0.370000E+00 -.646962E-02
 0.390000E+00 -.177963E-02
 0.410000E+00 0.368191E-02
 0.430000E+00 0.754942E-02
 0.450000E+00 0.814744E-02
 0.470000E+00 0.521645E-02
 0.490000E+00 0.254958E-04
 0.510000E+00 -.517727E-02
 0.530000E+00 -.813825E-02
 0.550000E+00 -.757455E-02
 0.570000E+00 -.372981E-02
 0.590000E+00 0.173107E-02
 0.610000E+00 0.644295E-02
 0.630000E+00 0.836473E-02
 0.650000E+00 0.666357E-02
 0.670000E+00 0.207581E-02
 0.690000E+00 -.341178E-02
 0.710000E+00 -.742235E-02
 0.730000E+00 -.821849E-02
 0.750000E+00 -.545488E-02
 0.770000E+00 -.328046E-03
 0.790000E+00 0.494164E-02
 0.810000E+00 0.807161E-02
 0.830000E+00 0.770579E-02
 0.850000E+00 0.400212E-02
 0.870000E+00 -.143563E-02
 0.890000E+00 -.625234E-02
 0.910000E+00 -.773778E-02
 0.930000E+00 -.773762E-02
 0.950000E+00 -.773745E-02
 0.970000E+00 -.773733E-02
 0.990000E+00 -.773732E-02




































































































