 -.375000E-01 -.469901E-02
 -.125000E-01 -.469901E-02
 0.125000E-01 -.469901E-02
 0.375000E-01 -.469901E-02




 -.375000E-01 -.625735E-01
 -.125000E-01 -.625735E-01
 0.125000E-01 -.625735E-01
 0.375000E-01 -.625735E-01




 -.375000E-01 -.135472E+00
 -.125000E-01 -.135472E+00
 0.125000E-01 -.135472E+00
 0.375000E-01 -.135472E+00




 -.375000E-01 -.266283E+00
 -.125000E-01 -.266283E+00
 0.125000E-01 -.266283E+00
 0.375000E-01 -.266283E+00




 -.375000E-01 -.130108E+01
 -.125000E-01 -.130108E+01
 0.125000E-01 -.130108E+01
 0.375000E-01 -.130108E+01




 -.375000E-01 -.234465E-05
 -.125000E-01 -.234465E-05
 0.125000E-01 -.234465E-05
 0.375000E-01 -.234465E-05




 -.375000E-01 -.832614E-06
 -.125000E-01 -.832614E-06
 0.125000E-01 -.832614E-06
 0.375000E-01 -.832614E-06




 -.375000E-01 -.359991E-06
 -.125000E-01 -.359991E-06
 0.125000E-01 -.359991E-06
 0.375000E-01 -.359991E-06




 -.375000E-01 -.810553E-07
 -.125000E-01 -.810553E-07
 0.125000E-01 -.810553E-07
 0.375000E-01 -.810553E-07




 -.375000E-01 0.165459E-06
 -.125000E-01 0.165459E-06
 0.125000E-01 0.165459E-06
 0.375000E-01 0.165459E-06




 -.375000E-01 0.481794E-06
 -.125000E-01 0.481794E-06
 0.125000E-01 0.481794E-06
 0.375000E-01 0.481794E-06




 -.375000E-01 0.111523E-05
 -.125000E-01 0.111523E-05
 0.125000E-01 0.111523E-05
 0.375000E-01 0.111523E-05




 -.375000E-01 0.412507E-05
 -.125000E-01 0.412507E-05
 0.125000E-01 0.412507E-05
 0.375000E-01 0.412507E-05




 -.375000E-01 0.558189E+00
 -.125000E-01 0.558189E+00
 0.125000E-01 0.558189E+00
 0.375000E-01 0.558189E+00




 -.375000E-01 0.209412E+00
 -.125000E-01 0.209412E+00
 0.125000E-01 0.209412E+00
 0.375000E-01 0.209412E+00




 -.375000E-01 0.108112E+00
 -.125000E-01 0.108112E+00
 0.125000E-01 0.108112E+00
 0.375000E-01 0.108112E+00




 -.375000E-01 0.424779E-01
 -.125000E-01 0.424779E-01
 0.125000E-01 0.424779E-01
 0.375000E-01 0.424779E-01




