 -.375000E-01 0.281306E-06
 -.125000E-01 0.281306E-06
 0.125000E-01 0.281306E-06
 0.375000E-01 0.281306E-06




 -.375000E-01 0.504813E-04
 -.125000E-01 0.504813E-04
 0.125000E-01 0.504813E-04
 0.375000E-01 0.504813E-04




 -.375000E-01 0.245975E-03
 -.125000E-01 0.245975E-03
 0.125000E-01 0.245975E-03
 0.375000E-01 0.245975E-03




 -.375000E-01 0.104643E-02
 -.125000E-01 0.104643E-02
 0.125000E-01 0.104643E-02
 0.375000E-01 0.104643E-02




 -.375000E-01 0.966423E-01
 -.125000E-01 0.966423E-01
 0.125000E-01 0.966423E-01
 0.375000E-01 0.966423E-01




 -.375000E-01 0.735490E+00
 -.125000E-01 0.735490E+00
 0.125000E-01 0.735490E+00
 0.375000E-01 0.735490E+00




 -.375000E-01 0.898302E+00
 -.125000E-01 0.898302E+00
 0.125000E-01 0.898302E+00
 0.375000E-01 0.898302E+00




 -.375000E-01 0.970793E+00
 -.125000E-01 0.970793E+00
 0.125000E-01 0.970793E+00
 0.375000E-01 0.970793E+00




 -.375000E-01 0.998268E+00
 -.125000E-01 0.998268E+00
 0.125000E-01 0.998268E+00
 0.375000E-01 0.998268E+00




 -.375000E-01 0.993005E+00
 -.125000E-01 0.993005E+00
 0.125000E-01 0.993005E+00
 0.375000E-01 0.993005E+00




 -.375000E-01 0.952814E+00
 -.125000E-01 0.952814E+00
 0.125000E-01 0.952814E+00
 0.375000E-01 0.952814E+00




 -.375000E-01 0.858311E+00
 -.125000E-01 0.858311E+00
 0.125000E-01 0.858311E+00
 0.375000E-01 0.858311E+00




 -.375000E-01 0.636662E+00
 -.125000E-01 0.636662E+00
 0.125000E-01 0.636662E+00
 0.375000E-01 0.636662E+00




 -.375000E-01 0.547357E-02
 -.125000E-01 0.547357E-02
 0.125000E-01 0.547357E-02
 0.375000E-01 0.547357E-02




 -.375000E-01 0.619959E-03
 -.125000E-01 0.619959E-03
 0.125000E-01 0.619959E-03
 0.375000E-01 0.619959E-03




 -.375000E-01 0.154022E-03
 -.125000E-01 0.154022E-03
 0.125000E-01 0.154022E-03
 0.375000E-01 0.154022E-03




 -.375000E-01 0.231154E-04
 -.125000E-01 0.231154E-04
 0.125000E-01 0.231154E-04
 0.375000E-01 0.231154E-04




