 -.375000E-01 0.281082E+00
 -.125000E-01 0.281082E+00
 0.125000E-01 0.281082E+00
 0.375000E-01 0.281082E+00




 -.375000E-01 0.281110E+00
 -.125000E-01 0.281110E+00
 0.125000E-01 0.281110E+00
 0.375000E-01 0.281110E+00




 -.375000E-01 0.281213E+00
 -.125000E-01 0.281213E+00
 0.125000E-01 0.281213E+00
 0.375000E-01 0.281213E+00




 -.375000E-01 0.281589E+00
 -.125000E-01 0.281589E+00
 0.125000E-01 0.281589E+00
 0.375000E-01 0.281589E+00




 -.375000E-01 0.310287E+00
 -.125000E-01 0.310287E+00
 0.125000E-01 0.310287E+00
 0.375000E-01 0.310287E+00




 -.375000E-01 0.487046E+00
 -.125000E-01 0.487046E+00
 0.125000E-01 0.487046E+00
 0.375000E-01 0.487046E+00




 -.375000E-01 0.532764E+00
 -.125000E-01 0.532764E+00
 0.125000E-01 0.532764E+00
 0.375000E-01 0.532764E+00




 -.375000E-01 0.553119E+00
 -.125000E-01 0.553119E+00
 0.125000E-01 0.553119E+00
 0.375000E-01 0.553119E+00




 -.375000E-01 0.560834E+00
 -.125000E-01 0.560834E+00
 0.125000E-01 0.560834E+00
 0.375000E-01 0.560834E+00




 -.375000E-01 0.559356E+00
 -.125000E-01 0.559356E+00
 0.125000E-01 0.559356E+00
 0.375000E-01 0.559356E+00




 -.375000E-01 0.548071E+00
 -.125000E-01 0.548071E+00
 0.125000E-01 0.548071E+00
 0.375000E-01 0.548071E+00




 -.375000E-01 0.521534E+00
 -.125000E-01 0.521534E+00
 0.125000E-01 0.521534E+00
 0.375000E-01 0.521534E+00




 -.375000E-01 0.459295E+00
 -.125000E-01 0.459295E+00
 0.125000E-01 0.459295E+00
 0.375000E-01 0.459295E+00




 -.375000E-01 0.283308E+00
 -.125000E-01 0.283308E+00
 0.125000E-01 0.283308E+00
 0.375000E-01 0.283308E+00




 -.375000E-01 0.281395E+00
 -.125000E-01 0.281395E+00
 0.125000E-01 0.281395E+00
 0.375000E-01 0.281395E+00




 -.375000E-01 0.281166E+00
 -.125000E-01 0.281166E+00
 0.125000E-01 0.281166E+00
 0.375000E-01 0.281166E+00




 -.375000E-01 0.281095E+00
 -.125000E-01 0.281095E+00
 0.125000E-01 0.281095E+00
 0.375000E-01 0.281095E+00




