 -.375000E-01 0.837497E-02
 -.125000E-01 0.837497E-02
 0.125000E-01 0.837497E-02
 0.375000E-01 0.837497E-02




 -.375000E-01 0.110178E+00
 -.125000E-01 0.110178E+00
 0.125000E-01 0.110178E+00
 0.375000E-01 0.110178E+00




 -.375000E-01 0.228823E+00
 -.125000E-01 0.228823E+00
 0.125000E-01 0.228823E+00
 0.375000E-01 0.228823E+00




 -.375000E-01 0.399049E+00
 -.125000E-01 0.399049E+00
 0.125000E-01 0.399049E+00
 0.375000E-01 0.399049E+00




 -.375000E-01 0.910080E+00
 -.125000E-01 0.910080E+00
 0.125000E-01 0.910080E+00
 0.375000E-01 0.910080E+00




 -.375000E-01 0.677525E+00
 -.125000E-01 0.677525E+00
 0.125000E-01 0.677525E+00
 0.375000E-01 0.677525E+00




 -.375000E-01 0.439366E+00
 -.125000E-01 0.439366E+00
 0.125000E-01 0.439366E+00
 0.375000E-01 0.439366E+00




 -.375000E-01 0.239898E+00
 -.125000E-01 0.239898E+00
 0.125000E-01 0.239898E+00
 0.375000E-01 0.239898E+00




 -.375000E-01 0.587498E-01
 -.125000E-01 0.587498E-01
 0.125000E-01 0.587498E-01
 0.375000E-01 0.587498E-01




 -.375000E-01 -.118032E+00
 -.125000E-01 -.118032E+00
 0.125000E-01 -.118032E+00
 0.375000E-01 -.118032E+00




 -.375000E-01 -.303539E+00
 -.125000E-01 -.303539E+00
 0.125000E-01 -.303539E+00
 0.375000E-01 -.303539E+00




 -.375000E-01 -.513119E+00
 -.125000E-01 -.513119E+00
 0.125000E-01 -.513119E+00
 0.375000E-01 -.513119E+00




 -.375000E-01 -.771133E+00
 -.125000E-01 -.771133E+00
 0.125000E-01 -.771133E+00
 0.375000E-01 -.771133E+00




 -.375000E-01 -.616698E+00
 -.125000E-01 -.616698E+00
 0.125000E-01 -.616698E+00
 0.375000E-01 -.616698E+00




 -.375000E-01 -.332093E+00
 -.125000E-01 -.332093E+00
 0.125000E-01 -.332093E+00
 0.375000E-01 -.332093E+00




 -.375000E-01 -.186030E+00
 -.125000E-01 -.186030E+00
 0.125000E-01 -.186030E+00
 0.375000E-01 -.186030E+00




 -.375000E-01 -.752839E-01
 -.125000E-01 -.752839E-01
 0.125000E-01 -.752839E-01
 0.375000E-01 -.752839E-01




