 -.375000E-01 0.280800E+00
 -.125000E-01 0.280800E+00
 0.125000E-01 0.280800E+00
 0.375000E-01 0.280800E+00




 -.375000E-01 0.280829E+00
 -.125000E-01 0.280829E+00
 0.125000E-01 0.280829E+00
 0.375000E-01 0.280829E+00




 -.375000E-01 0.280962E+00
 -.125000E-01 0.280962E+00
 0.125000E-01 0.280962E+00
 0.375000E-01 0.280962E+00




 -.375000E-01 0.281763E+00
 -.125000E-01 0.281763E+00
 0.125000E-01 0.281763E+00
 0.375000E-01 0.281763E+00




 -.375000E-01 0.184399E+01
 -.125000E-01 0.184399E+01
 0.125000E-01 0.184399E+01
 0.375000E-01 0.184399E+01




 -.375000E-01 0.662202E+00
 -.125000E-01 0.662202E+00
 0.125000E-01 0.662202E+00
 0.375000E-01 0.662202E+00




 -.375000E-01 0.593075E+00
 -.125000E-01 0.593075E+00
 0.125000E-01 0.593075E+00
 0.375000E-01 0.593075E+00




 -.375000E-01 0.569757E+00
 -.125000E-01 0.569757E+00
 0.125000E-01 0.569757E+00
 0.375000E-01 0.569757E+00




 -.375000E-01 0.561805E+00
 -.125000E-01 0.561805E+00
 0.125000E-01 0.561805E+00
 0.375000E-01 0.561805E+00




 -.375000E-01 0.563294E+00
 -.125000E-01 0.563294E+00
 0.125000E-01 0.563294E+00
 0.375000E-01 0.563294E+00




 -.375000E-01 0.575210E+00
 -.125000E-01 0.575210E+00
 0.125000E-01 0.575210E+00
 0.375000E-01 0.575210E+00




 -.375000E-01 0.607625E+00
 -.125000E-01 0.607625E+00
 0.125000E-01 0.607625E+00
 0.375000E-01 0.607625E+00




 -.375000E-01 0.721406E+00
 -.125000E-01 0.721406E+00
 0.125000E-01 0.721406E+00
 0.375000E-01 0.721406E+00




 -.375000E-01 0.291836E+00
 -.125000E-01 0.291836E+00
 0.125000E-01 0.291836E+00
 0.375000E-01 0.291836E+00




 -.375000E-01 0.281288E+00
 -.125000E-01 0.281288E+00
 0.125000E-01 0.281288E+00
 0.375000E-01 0.281288E+00




 -.375000E-01 0.280896E+00
 -.125000E-01 0.280896E+00
 0.125000E-01 0.280896E+00
 0.375000E-01 0.280896E+00




 -.375000E-01 0.280813E+00
 -.125000E-01 0.280813E+00
 0.125000E-01 0.280813E+00
 0.375000E-01 0.280813E+00




