 -.990000E+00 0.143223E-01
 -.970000E+00 0.143219E-01
 -.950000E+00 0.143217E-01
 -.930000E+00 0.143217E-01
 -.910000E+00 0.143220E-01
 -.890000E+00 0.143222E-01
 -.870000E+00 0.143234E-01
 -.850000E+00 0.143239E-01
 -.830000E+00 0.143230E-01
 -.810000E+00 0.143220E-01
 -.790000E+00 0.143225E-01
 -.770000E+00 0.143237E-01
 -.750000E+00 0.143237E-01
 -.730000E+00 0.143226E-01
 -.710000E+00 0.143220E-01
 -.690000E+00 0.143229E-01
 -.670000E+00 0.143239E-01
 -.650000E+00 0.143234E-01
 -.630000E+00 0.143223E-01
 -.610000E+00 0.143222E-01
 -.590000E+00 0.143233E-01
 -.570000E+00 0.143239E-01
 -.550000E+00 0.143231E-01
 -.530000E+00 0.143221E-01
 -.510000E+00 0.143225E-01
 -.490000E+00 0.143236E-01
 -.470000E+00 0.143238E-01
 -.450000E+00 0.143227E-01
 -.430000E+00 0.143220E-01
 -.410000E+00 0.143229E-01
 -.390000E+00 0.143239E-01
 -.370000E+00 0.143235E-01
 -.350000E+00 0.143223E-01
 -.330000E+00 0.143222E-01
 -.310000E+00 0.143232E-01
 -.290000E+00 0.143239E-01
 -.270000E+00 0.143231E-01
 -.250000E+00 0.143221E-01
 -.230000E+00 0.143224E-01
 -.210000E+00 0.143236E-01
 -.190000E+00 0.143238E-01
 -.170000E+00 0.143227E-01
 -.150000E+00 0.143220E-01
 -.130000E+00 0.143228E-01
 -.110000E+00 0.143238E-01
 -.900000E-01 0.143235E-01
 -.700000E-01 0.143224E-01
 -.500000E-01 0.143221E-01
 -.300000E-01 0.143232E-01
 -.100000E-01 0.143239E-01
 0.100000E-01 0.143232E-01
 0.300000E-01 0.143221E-01
 0.500000E-01 0.143224E-01
 0.700000E-01 0.143235E-01
 0.900000E-01 0.143238E-01
 0.110000E+00 0.143228E-01
 0.130000E+00 0.143220E-01
 0.150000E+00 0.143227E-01
 0.170000E+00 0.143238E-01
 0.190000E+00 0.143236E-01
 0.210000E+00 0.143224E-01
 0.230000E+00 0.143221E-01
 0.250000E+00 0.143231E-01
 0.270000E+00 0.143239E-01
 0.290000E+00 0.143233E-01
 0.310000E+00 0.143222E-01
 0.330000E+00 0.143223E-01
 0.350000E+00 0.143235E-01
 0.370000E+00 0.143238E-01
 0.390000E+00 0.143229E-01
 0.410000E+00 0.143220E-01
 0.430000E+00 0.143227E-01
 0.450000E+00 0.143237E-01
 0.470000E+00 0.143236E-01
 0.490000E+00 0.143225E-01
 0.510000E+00 0.143221E-01
 0.530000E+00 0.143230E-01
 0.550000E+00 0.143239E-01
 0.570000E+00 0.143233E-01
 0.590000E+00 0.143222E-01
 0.610000E+00 0.143223E-01
 0.630000E+00 0.143234E-01
 0.650000E+00 0.143239E-01
 0.670000E+00 0.143229E-01
 0.690000E+00 0.143221E-01
 0.710000E+00 0.143226E-01
 0.730000E+00 0.143237E-01
 0.750000E+00 0.143237E-01
 0.770000E+00 0.143226E-01
 0.790000E+00 0.143221E-01
 0.810000E+00 0.143230E-01
 0.830000E+00 0.143239E-01
 0.850000E+00 0.143234E-01
 0.870000E+00 0.143223E-01
 0.890000E+00 0.143222E-01
 0.910000E+00 0.131705E-01
 0.930000E+00 0.140319E-01
 0.950000E+00 0.150189E-01
 0.970000E+00 0.157040E-01
 0.990000E+00 0.157903E-01




































































































 -.990000E+00 0.144038E-01
 -.970000E+00 0.143987E-01
 -.950000E+00 0.143937E-01
 -.930000E+00 0.143887E-01
 -.910000E+00 0.143837E-01
 -.890000E+00 0.143158E-01
 -.870000E+00 0.143173E-01
 -.850000E+00 0.143207E-01
 -.830000E+00 0.143260E-01
 -.810000E+00 0.143331E-01
 -.790000E+00 0.143421E-01
 -.770000E+00 0.143530E-01
 -.750000E+00 0.143655E-01
 -.730000E+00 0.143798E-01
 -.710000E+00 0.143958E-01
 -.690000E+00 0.144133E-01
 -.670000E+00 0.144323E-01
 -.650000E+00 0.144528E-01
 -.630000E+00 0.144746E-01
 -.610000E+00 0.144977E-01
 -.590000E+00 0.145220E-01
 -.570000E+00 0.145474E-01
 -.550000E+00 0.145737E-01
 -.530000E+00 0.146009E-01
 -.510000E+00 0.146289E-01
 -.490000E+00 0.146576E-01
 -.470000E+00 0.146868E-01
 -.450000E+00 0.147164E-01
 -.430000E+00 0.147464E-01
 -.410000E+00 0.147765E-01
 -.390000E+00 0.148068E-01
 -.370000E+00 0.148370E-01
 -.350000E+00 0.148670E-01
 -.330000E+00 0.148968E-01
 -.310000E+00 0.149262E-01
 -.290000E+00 0.149550E-01
 -.270000E+00 0.149833E-01
 -.250000E+00 0.150108E-01
 -.230000E+00 0.150376E-01
 -.210000E+00 0.150633E-01
 -.190000E+00 0.150881E-01
 -.170000E+00 0.151117E-01
 -.150000E+00 0.151341E-01
 -.130000E+00 0.151552E-01
 -.110000E+00 0.151749E-01
 -.900000E-01 0.151931E-01
 -.700000E-01 0.152099E-01
 -.500000E-01 0.152250E-01
 -.300000E-01 0.152385E-01
 -.100000E-01 0.152502E-01
 0.100000E-01 0.152603E-01
 0.300000E-01 0.152685E-01
 0.500000E-01 0.152750E-01
 0.700000E-01 0.152796E-01
 0.900000E-01 0.152823E-01
 0.110000E+00 0.152832E-01
 0.130000E+00 0.152823E-01
 0.150000E+00 0.152794E-01
 0.170000E+00 0.152748E-01
 0.190000E+00 0.152683E-01
 0.210000E+00 0.152601E-01
 0.230000E+00 0.152501E-01
 0.250000E+00 0.152383E-01
 0.270000E+00 0.152249E-01
 0.290000E+00 0.152099E-01
 0.310000E+00 0.151934E-01
 0.330000E+00 0.151753E-01
 0.350000E+00 0.151559E-01
 0.370000E+00 0.151351E-01
 0.390000E+00 0.151130E-01
 0.410000E+00 0.150898E-01
 0.430000E+00 0.150655E-01
 0.450000E+00 0.150403E-01
 0.470000E+00 0.150142E-01
 0.490000E+00 0.149873E-01
 0.510000E+00 0.149597E-01
 0.530000E+00 0.149315E-01
 0.550000E+00 0.149030E-01
 0.570000E+00 0.148741E-01
 0.590000E+00 0.148449E-01
 0.610000E+00 0.148157E-01
 0.630000E+00 0.147864E-01
 0.650000E+00 0.147573E-01
 0.670000E+00 0.147284E-01
 0.690000E+00 0.146998E-01
 0.710000E+00 0.146717E-01
 0.730000E+00 0.146442E-01
 0.750000E+00 0.146173E-01
 0.770000E+00 0.145913E-01
 0.790000E+00 0.145660E-01
 0.810000E+00 0.145418E-01
 0.830000E+00 0.145186E-01
 0.850000E+00 0.144966E-01
 0.870000E+00 0.144758E-01
 0.890000E+00 0.144564E-01
 0.910000E+00 0.309841E-01
 0.930000E+00 0.310800E-01
 0.950000E+00 0.311613E-01
 0.970000E+00 0.312281E-01
 0.990000E+00 0.312802E-01




































































































 -.990000E+00 0.143236E-01
 -.970000E+00 0.143024E-01
 -.950000E+00 0.142814E-01
 -.930000E+00 0.142604E-01
 -.910000E+00 0.142396E-01
 -.890000E+00 0.975457E-02
 -.870000E+00 0.973498E-02
 -.850000E+00 0.971784E-02
 -.830000E+00 0.970316E-02
 -.810000E+00 0.969095E-02
 -.790000E+00 0.968122E-02
 -.770000E+00 0.967398E-02
 -.750000E+00 0.966923E-02
 -.730000E+00 0.966698E-02
 -.710000E+00 0.966722E-02
 -.690000E+00 0.966996E-02
 -.670000E+00 0.967518E-02
 -.650000E+00 0.968289E-02
 -.630000E+00 0.969307E-02
 -.610000E+00 0.970572E-02
 -.590000E+00 0.972083E-02
 -.570000E+00 0.973837E-02
 -.550000E+00 0.975834E-02
 -.530000E+00 0.978072E-02
 -.510000E+00 0.980548E-02
 -.490000E+00 0.983261E-02
 -.470000E+00 0.986208E-02
 -.450000E+00 0.989387E-02
 -.430000E+00 0.992794E-02
 -.410000E+00 0.996427E-02
 -.390000E+00 0.100028E-01
 -.370000E+00 0.100436E-01
 -.350000E+00 0.100865E-01
 -.330000E+00 0.101315E-01
 -.310000E+00 0.101786E-01
 -.290000E+00 0.102278E-01
 -.270000E+00 0.102789E-01
 -.250000E+00 0.103320E-01
 -.230000E+00 0.103870E-01
 -.210000E+00 0.104439E-01
 -.190000E+00 0.105026E-01
 -.170000E+00 0.105630E-01
 -.150000E+00 0.106252E-01
 -.130000E+00 0.106890E-01
 -.110000E+00 0.107544E-01
 -.900000E-01 0.108214E-01
 -.700000E-01 0.108899E-01
 -.500000E-01 0.109598E-01
 -.300000E-01 0.110310E-01
 -.100000E-01 0.111036E-01
 0.100000E-01 0.111775E-01
 0.300000E-01 0.112525E-01
 0.500000E-01 0.113286E-01
 0.700000E-01 0.114058E-01
 0.900000E-01 0.114840E-01
 0.110000E+00 0.115632E-01
 0.130000E+00 0.116432E-01
 0.150000E+00 0.117240E-01
 0.170000E+00 0.118055E-01
 0.190000E+00 0.118876E-01
 0.210000E+00 0.119704E-01
 0.230000E+00 0.120537E-01
 0.250000E+00 0.121374E-01
 0.270000E+00 0.122215E-01
 0.290000E+00 0.123059E-01
 0.310000E+00 0.123905E-01
 0.330000E+00 0.124753E-01
 0.350000E+00 0.125602E-01
 0.370000E+00 0.126452E-01
 0.390000E+00 0.127300E-01
 0.410000E+00 0.128148E-01
 0.430000E+00 0.128993E-01
 0.450000E+00 0.129836E-01
 0.470000E+00 0.130676E-01
 0.490000E+00 0.131511E-01
 0.510000E+00 0.132342E-01
 0.530000E+00 0.133168E-01
 0.550000E+00 0.133987E-01
 0.570000E+00 0.134799E-01
 0.590000E+00 0.135604E-01
 0.610000E+00 0.136401E-01
 0.630000E+00 0.137190E-01
 0.650000E+00 0.137968E-01
 0.670000E+00 0.138737E-01
 0.690000E+00 0.139495E-01
 0.710000E+00 0.140241E-01
 0.730000E+00 0.140976E-01
 0.750000E+00 0.141698E-01
 0.770000E+00 0.142407E-01
 0.790000E+00 0.143102E-01
 0.810000E+00 0.143783E-01
 0.830000E+00 0.144449E-01
 0.850000E+00 0.145100E-01
 0.870000E+00 0.145734E-01
 0.890000E+00 0.146353E-01
 0.910000E+00 0.143310E+00
 0.930000E+00 0.145227E+00
 0.950000E+00 0.147100E+00
 0.970000E+00 0.148930E+00
 0.990000E+00 0.150717E+00




































































































 -.990000E+00 0.221579E+00
 -.970000E+00 0.221496E+00
 -.950000E+00 0.221414E+00
 -.930000E+00 0.221331E+00
 -.910000E+00 0.221248E+00
 -.890000E+00 0.396404E-02
 -.870000E+00 0.385528E-02
 -.850000E+00 0.374714E-02
 -.830000E+00 0.363962E-02
 -.810000E+00 0.353276E-02
 -.790000E+00 0.342657E-02
 -.770000E+00 0.332108E-02
 -.750000E+00 0.321631E-02
 -.730000E+00 0.311229E-02
 -.710000E+00 0.300902E-02
 -.690000E+00 0.290654E-02
 -.670000E+00 0.280486E-02
 -.650000E+00 0.270402E-02
 -.630000E+00 0.260402E-02
 -.610000E+00 0.250489E-02
 -.590000E+00 0.240665E-02
 -.570000E+00 0.230933E-02
 -.550000E+00 0.221293E-02
 -.530000E+00 0.211749E-02
 -.510000E+00 0.202302E-02
 -.490000E+00 0.192955E-02
 -.470000E+00 0.183708E-02
 -.450000E+00 0.174565E-02
 -.430000E+00 0.165528E-02
 -.410000E+00 0.156597E-02
 -.390000E+00 0.147776E-02
 -.370000E+00 0.139065E-02
 -.350000E+00 0.130468E-02
 -.330000E+00 0.121985E-02
 -.310000E+00 0.113619E-02
 -.290000E+00 0.105371E-02
 -.270000E+00 0.972440E-03
 -.250000E+00 0.892386E-03
 -.230000E+00 0.813569E-03
 -.210000E+00 0.736008E-03
 -.190000E+00 0.659719E-03
 -.170000E+00 0.584719E-03
 -.150000E+00 0.511025E-03
 -.130000E+00 0.438654E-03
 -.110000E+00 0.367621E-03
 -.900000E-01 0.297943E-03
 -.700000E-01 0.229634E-03
 -.500000E-01 0.162712E-03
 -.300000E-01 0.971902E-04
 -.100000E-01 0.330845E-04
 0.100000E-01 -.295907E-04
 0.300000E-01 -.908210E-04
 0.500000E-01 -.150592E-03
 0.700000E-01 -.208890E-03
 0.900000E-01 -.265702E-03
 0.110000E+00 -.321014E-03
 0.130000E+00 -.374813E-03
 0.150000E+00 -.427086E-03
 0.170000E+00 -.477821E-03
 0.190000E+00 -.527006E-03
 0.210000E+00 -.574629E-03
 0.230000E+00 -.620679E-03
 0.250000E+00 -.665143E-03
 0.270000E+00 -.708012E-03
 0.290000E+00 -.749274E-03
 0.310000E+00 -.788920E-03
 0.330000E+00 -.826939E-03
 0.350000E+00 -.863322E-03
 0.370000E+00 -.898059E-03
 0.390000E+00 -.931142E-03
 0.410000E+00 -.962561E-03
 0.430000E+00 -.992308E-03
 0.450000E+00 -.102038E-02
 0.470000E+00 -.104676E-02
 0.490000E+00 -.107144E-02
 0.510000E+00 -.109443E-02
 0.530000E+00 -.111570E-02
 0.550000E+00 -.113527E-02
 0.570000E+00 -.115311E-02
 0.590000E+00 -.116922E-02
 0.610000E+00 -.118361E-02
 0.630000E+00 -.119626E-02
 0.650000E+00 -.120717E-02
 0.670000E+00 -.121633E-02
 0.690000E+00 -.122375E-02
 0.710000E+00 -.122941E-02
 0.730000E+00 -.123332E-02
 0.750000E+00 -.123547E-02
 0.770000E+00 -.123587E-02
 0.790000E+00 -.123450E-02
 0.810000E+00 -.123137E-02
 0.830000E+00 -.122648E-02
 0.850000E+00 -.121982E-02
 0.870000E+00 -.121140E-02
 0.890000E+00 -.120121E-02
 0.910000E+00 -.633669E-01
 0.930000E+00 -.582405E-01
 0.950000E+00 -.530748E-01
 0.970000E+00 -.478726E-01
 0.990000E+00 -.426366E-01




































































































 -.990000E+00 0.283727E+00
 -.970000E+00 0.283939E+00
 -.950000E+00 0.284151E+00
 -.930000E+00 0.284364E+00
 -.910000E+00 0.284578E+00
 -.890000E+00 0.327984E-01
 -.870000E+00 0.327058E-01
 -.850000E+00 0.326134E-01
 -.830000E+00 0.325211E-01
 -.810000E+00 0.324290E-01
 -.790000E+00 0.323370E-01
 -.770000E+00 0.322452E-01
 -.750000E+00 0.321535E-01
 -.730000E+00 0.320620E-01
 -.710000E+00 0.319706E-01
 -.690000E+00 0.318793E-01
 -.670000E+00 0.317882E-01
 -.650000E+00 0.316973E-01
 -.630000E+00 0.316065E-01
 -.610000E+00 0.315159E-01
 -.590000E+00 0.314254E-01
 -.570000E+00 0.313351E-01
 -.550000E+00 0.312449E-01
 -.530000E+00 0.311549E-01
 -.510000E+00 0.310651E-01
 -.490000E+00 0.309754E-01
 -.470000E+00 0.308858E-01
 -.450000E+00 0.307965E-01
 -.430000E+00 0.307072E-01
 -.410000E+00 0.306182E-01
 -.390000E+00 0.305293E-01
 -.370000E+00 0.304405E-01
 -.350000E+00 0.303520E-01
 -.330000E+00 0.302635E-01
 -.310000E+00 0.301753E-01
 -.290000E+00 0.300872E-01
 -.270000E+00 0.299993E-01
 -.250000E+00 0.299115E-01
 -.230000E+00 0.298239E-01
 -.210000E+00 0.297365E-01
 -.190000E+00 0.296492E-01
 -.170000E+00 0.295621E-01
 -.150000E+00 0.294752E-01
 -.130000E+00 0.293884E-01
 -.110000E+00 0.293018E-01
 -.900000E-01 0.292154E-01
 -.700000E-01 0.291291E-01
 -.500000E-01 0.290431E-01
 -.300000E-01 0.289571E-01
 -.100000E-01 0.288714E-01
 0.100000E-01 0.287858E-01
 0.300000E-01 0.287004E-01
 0.500000E-01 0.286152E-01
 0.700000E-01 0.285301E-01
 0.900000E-01 0.284452E-01
 0.110000E+00 0.283605E-01
 0.130000E+00 0.282760E-01
 0.150000E+00 0.281916E-01
 0.170000E+00 0.281074E-01
 0.190000E+00 0.280234E-01
 0.210000E+00 0.279396E-01
 0.230000E+00 0.278559E-01
 0.250000E+00 0.277724E-01
 0.270000E+00 0.276891E-01
 0.290000E+00 0.276060E-01
 0.310000E+00 0.275230E-01
 0.330000E+00 0.274403E-01
 0.350000E+00 0.273577E-01
 0.370000E+00 0.272752E-01
 0.390000E+00 0.271930E-01
 0.410000E+00 0.271109E-01
 0.430000E+00 0.270291E-01
 0.450000E+00 0.269474E-01
 0.470000E+00 0.268659E-01
 0.490000E+00 0.267845E-01
 0.510000E+00 0.267034E-01
 0.530000E+00 0.266224E-01
 0.550000E+00 0.265416E-01
 0.570000E+00 0.264610E-01
 0.590000E+00 0.263806E-01
 0.610000E+00 0.263003E-01
 0.630000E+00 0.262203E-01
 0.650000E+00 0.261404E-01
 0.670000E+00 0.260607E-01
 0.690000E+00 0.259812E-01
 0.710000E+00 0.259019E-01
 0.730000E+00 0.258227E-01
 0.750000E+00 0.257438E-01
 0.770000E+00 0.256650E-01
 0.790000E+00 0.255864E-01
 0.810000E+00 0.255080E-01
 0.830000E+00 0.254298E-01
 0.850000E+00 0.253518E-01
 0.870000E+00 0.252740E-01
 0.890000E+00 0.251963E-01
 0.910000E+00 -.193396E+00
 0.930000E+00 -.192659E+00
 0.950000E+00 -.191905E+00
 0.970000E+00 -.191135E+00
 0.990000E+00 -.190348E+00




































































































 -.990000E+00 0.290563E+00
 -.970000E+00 0.291044E+00
 -.950000E+00 0.291525E+00
 -.930000E+00 0.292004E+00
 -.910000E+00 0.292483E+00
 -.890000E+00 0.575084E-01
 -.870000E+00 0.574208E-01
 -.850000E+00 0.573333E-01
 -.830000E+00 0.572460E-01
 -.810000E+00 0.571588E-01
 -.790000E+00 0.570718E-01
 -.770000E+00 0.569850E-01
 -.750000E+00 0.568982E-01
 -.730000E+00 0.568117E-01
 -.710000E+00 0.567252E-01
 -.690000E+00 0.566390E-01
 -.670000E+00 0.565529E-01
 -.650000E+00 0.564669E-01
 -.630000E+00 0.563810E-01
 -.610000E+00 0.562954E-01
 -.590000E+00 0.562098E-01
 -.570000E+00 0.561244E-01
 -.550000E+00 0.560392E-01
 -.530000E+00 0.559541E-01
 -.510000E+00 0.558691E-01
 -.490000E+00 0.557843E-01
 -.470000E+00 0.556996E-01
 -.450000E+00 0.556151E-01
 -.430000E+00 0.555307E-01
 -.410000E+00 0.554464E-01
 -.390000E+00 0.553623E-01
 -.370000E+00 0.552783E-01
 -.350000E+00 0.551945E-01
 -.330000E+00 0.551108E-01
 -.310000E+00 0.550272E-01
 -.290000E+00 0.549438E-01
 -.270000E+00 0.548605E-01
 -.250000E+00 0.547773E-01
 -.230000E+00 0.546943E-01
 -.210000E+00 0.546114E-01
 -.190000E+00 0.545287E-01
 -.170000E+00 0.544460E-01
 -.150000E+00 0.543636E-01
 -.130000E+00 0.542812E-01
 -.110000E+00 0.541990E-01
 -.900000E-01 0.541169E-01
 -.700000E-01 0.540349E-01
 -.500000E-01 0.539531E-01
 -.300000E-01 0.538714E-01
 -.100000E-01 0.537898E-01
 0.100000E-01 0.537084E-01
 0.300000E-01 0.536271E-01
 0.500000E-01 0.535459E-01
 0.700000E-01 0.534648E-01
 0.900000E-01 0.533839E-01
 0.110000E+00 0.533031E-01
 0.130000E+00 0.532224E-01
 0.150000E+00 0.531419E-01
 0.170000E+00 0.530614E-01
 0.190000E+00 0.529811E-01
 0.210000E+00 0.529009E-01
 0.230000E+00 0.528209E-01
 0.250000E+00 0.527409E-01
 0.270000E+00 0.526611E-01
 0.290000E+00 0.525814E-01
 0.310000E+00 0.525019E-01
 0.330000E+00 0.524224E-01
 0.350000E+00 0.523431E-01
 0.370000E+00 0.522639E-01
 0.390000E+00 0.521848E-01
 0.410000E+00 0.521058E-01
 0.430000E+00 0.520269E-01
 0.450000E+00 0.519482E-01
 0.470000E+00 0.518696E-01
 0.490000E+00 0.517911E-01
 0.510000E+00 0.517127E-01
 0.530000E+00 0.516344E-01
 0.550000E+00 0.515563E-01
 0.570000E+00 0.514782E-01
 0.590000E+00 0.514003E-01
 0.610000E+00 0.513225E-01
 0.630000E+00 0.512448E-01
 0.650000E+00 0.511672E-01
 0.670000E+00 0.510897E-01
 0.690000E+00 0.510123E-01
 0.710000E+00 0.509351E-01
 0.730000E+00 0.508580E-01
 0.750000E+00 0.507809E-01
 0.770000E+00 0.507040E-01
 0.790000E+00 0.506272E-01
 0.810000E+00 0.505505E-01
 0.830000E+00 0.504739E-01
 0.850000E+00 0.503974E-01
 0.870000E+00 0.503211E-01
 0.890000E+00 0.502448E-01
 0.910000E+00 -.143224E+00
 0.930000E+00 -.142600E+00
 0.950000E+00 -.141965E+00
 0.970000E+00 -.141317E+00
 0.990000E+00 -.140657E+00




































































































 -.990000E+00 0.283727E+00
 -.970000E+00 0.283939E+00
 -.950000E+00 0.284151E+00
 -.930000E+00 0.284364E+00
 -.910000E+00 0.284578E+00
 -.890000E+00 0.327984E-01
 -.870000E+00 0.327058E-01
 -.850000E+00 0.326134E-01
 -.830000E+00 0.325211E-01
 -.810000E+00 0.324290E-01
 -.790000E+00 0.323370E-01
 -.770000E+00 0.322452E-01
 -.750000E+00 0.321535E-01
 -.730000E+00 0.320620E-01
 -.710000E+00 0.319706E-01
 -.690000E+00 0.318793E-01
 -.670000E+00 0.317882E-01
 -.650000E+00 0.316973E-01
 -.630000E+00 0.316065E-01
 -.610000E+00 0.315159E-01
 -.590000E+00 0.314254E-01
 -.570000E+00 0.313351E-01
 -.550000E+00 0.312449E-01
 -.530000E+00 0.311549E-01
 -.510000E+00 0.310651E-01
 -.490000E+00 0.309754E-01
 -.470000E+00 0.308858E-01
 -.450000E+00 0.307965E-01
 -.430000E+00 0.307072E-01
 -.410000E+00 0.306182E-01
 -.390000E+00 0.305293E-01
 -.370000E+00 0.304405E-01
 -.350000E+00 0.303520E-01
 -.330000E+00 0.302635E-01
 -.310000E+00 0.301753E-01
 -.290000E+00 0.300872E-01
 -.270000E+00 0.299993E-01
 -.250000E+00 0.299115E-01
 -.230000E+00 0.298239E-01
 -.210000E+00 0.297365E-01
 -.190000E+00 0.296492E-01
 -.170000E+00 0.295621E-01
 -.150000E+00 0.294752E-01
 -.130000E+00 0.293884E-01
 -.110000E+00 0.293018E-01
 -.900000E-01 0.292154E-01
 -.700000E-01 0.291291E-01
 -.500000E-01 0.290431E-01
 -.300000E-01 0.289571E-01
 -.100000E-01 0.288714E-01
 0.100000E-01 0.287858E-01
 0.300000E-01 0.287004E-01
 0.500000E-01 0.286152E-01
 0.700000E-01 0.285301E-01
 0.900000E-01 0.284452E-01
 0.110000E+00 0.283605E-01
 0.130000E+00 0.282760E-01
 0.150000E+00 0.281916E-01
 0.170000E+00 0.281074E-01
 0.190000E+00 0.280234E-01
 0.210000E+00 0.279396E-01
 0.230000E+00 0.278559E-01
 0.250000E+00 0.277724E-01
 0.270000E+00 0.276891E-01
 0.290000E+00 0.276060E-01
 0.310000E+00 0.275230E-01
 0.330000E+00 0.274403E-01
 0.350000E+00 0.273577E-01
 0.370000E+00 0.272752E-01
 0.390000E+00 0.271930E-01
 0.410000E+00 0.271109E-01
 0.430000E+00 0.270291E-01
 0.450000E+00 0.269474E-01
 0.470000E+00 0.268659E-01
 0.490000E+00 0.267845E-01
 0.510000E+00 0.267034E-01
 0.530000E+00 0.266224E-01
 0.550000E+00 0.265416E-01
 0.570000E+00 0.264610E-01
 0.590000E+00 0.263806E-01
 0.610000E+00 0.263003E-01
 0.630000E+00 0.262203E-01
 0.650000E+00 0.261404E-01
 0.670000E+00 0.260607E-01
 0.690000E+00 0.259812E-01
 0.710000E+00 0.259019E-01
 0.730000E+00 0.258227E-01
 0.750000E+00 0.257438E-01
 0.770000E+00 0.256650E-01
 0.790000E+00 0.255864E-01
 0.810000E+00 0.255080E-01
 0.830000E+00 0.254298E-01
 0.850000E+00 0.253518E-01
 0.870000E+00 0.252740E-01
 0.890000E+00 0.251963E-01
 0.910000E+00 -.193396E+00
 0.930000E+00 -.192659E+00
 0.950000E+00 -.191905E+00
 0.970000E+00 -.191135E+00
 0.990000E+00 -.190348E+00




































































































 -.990000E+00 0.221579E+00
 -.970000E+00 0.221496E+00
 -.950000E+00 0.221414E+00
 -.930000E+00 0.221331E+00
 -.910000E+00 0.221248E+00
 -.890000E+00 0.396404E-02
 -.870000E+00 0.385528E-02
 -.850000E+00 0.374714E-02
 -.830000E+00 0.363962E-02
 -.810000E+00 0.353276E-02
 -.790000E+00 0.342657E-02
 -.770000E+00 0.332108E-02
 -.750000E+00 0.321631E-02
 -.730000E+00 0.311229E-02
 -.710000E+00 0.300902E-02
 -.690000E+00 0.290654E-02
 -.670000E+00 0.280486E-02
 -.650000E+00 0.270402E-02
 -.630000E+00 0.260402E-02
 -.610000E+00 0.250489E-02
 -.590000E+00 0.240665E-02
 -.570000E+00 0.230933E-02
 -.550000E+00 0.221293E-02
 -.530000E+00 0.211749E-02
 -.510000E+00 0.202302E-02
 -.490000E+00 0.192955E-02
 -.470000E+00 0.183708E-02
 -.450000E+00 0.174565E-02
 -.430000E+00 0.165528E-02
 -.410000E+00 0.156597E-02
 -.390000E+00 0.147776E-02
 -.370000E+00 0.139065E-02
 -.350000E+00 0.130468E-02
 -.330000E+00 0.121985E-02
 -.310000E+00 0.113619E-02
 -.290000E+00 0.105371E-02
 -.270000E+00 0.972440E-03
 -.250000E+00 0.892386E-03
 -.230000E+00 0.813569E-03
 -.210000E+00 0.736008E-03
 -.190000E+00 0.659719E-03
 -.170000E+00 0.584719E-03
 -.150000E+00 0.511025E-03
 -.130000E+00 0.438654E-03
 -.110000E+00 0.367621E-03
 -.900000E-01 0.297943E-03
 -.700000E-01 0.229634E-03
 -.500000E-01 0.162712E-03
 -.300000E-01 0.971902E-04
 -.100000E-01 0.330845E-04
 0.100000E-01 -.295907E-04
 0.300000E-01 -.908210E-04
 0.500000E-01 -.150592E-03
 0.700000E-01 -.208890E-03
 0.900000E-01 -.265702E-03
 0.110000E+00 -.321014E-03
 0.130000E+00 -.374813E-03
 0.150000E+00 -.427086E-03
 0.170000E+00 -.477821E-03
 0.190000E+00 -.527006E-03
 0.210000E+00 -.574629E-03
 0.230000E+00 -.620679E-03
 0.250000E+00 -.665143E-03
 0.270000E+00 -.708012E-03
 0.290000E+00 -.749274E-03
 0.310000E+00 -.788920E-03
 0.330000E+00 -.826939E-03
 0.350000E+00 -.863322E-03
 0.370000E+00 -.898059E-03
 0.390000E+00 -.931142E-03
 0.410000E+00 -.962561E-03
 0.430000E+00 -.992308E-03
 0.450000E+00 -.102038E-02
 0.470000E+00 -.104676E-02
 0.490000E+00 -.107144E-02
 0.510000E+00 -.109443E-02
 0.530000E+00 -.111570E-02
 0.550000E+00 -.113527E-02
 0.570000E+00 -.115311E-02
 0.590000E+00 -.116922E-02
 0.610000E+00 -.118361E-02
 0.630000E+00 -.119626E-02
 0.650000E+00 -.120717E-02
 0.670000E+00 -.121633E-02
 0.690000E+00 -.122375E-02
 0.710000E+00 -.122941E-02
 0.730000E+00 -.123332E-02
 0.750000E+00 -.123547E-02
 0.770000E+00 -.123587E-02
 0.790000E+00 -.123450E-02
 0.810000E+00 -.123137E-02
 0.830000E+00 -.122648E-02
 0.850000E+00 -.121982E-02
 0.870000E+00 -.121140E-02
 0.890000E+00 -.120121E-02
 0.910000E+00 -.633669E-01
 0.930000E+00 -.582405E-01
 0.950000E+00 -.530748E-01
 0.970000E+00 -.478726E-01
 0.990000E+00 -.426366E-01




































































































 -.990000E+00 0.143236E-01
 -.970000E+00 0.143024E-01
 -.950000E+00 0.142814E-01
 -.930000E+00 0.142604E-01
 -.910000E+00 0.142396E-01
 -.890000E+00 0.975457E-02
 -.870000E+00 0.973498E-02
 -.850000E+00 0.971784E-02
 -.830000E+00 0.970316E-02
 -.810000E+00 0.969095E-02
 -.790000E+00 0.968122E-02
 -.770000E+00 0.967398E-02
 -.750000E+00 0.966923E-02
 -.730000E+00 0.966698E-02
 -.710000E+00 0.966722E-02
 -.690000E+00 0.966996E-02
 -.670000E+00 0.967518E-02
 -.650000E+00 0.968289E-02
 -.630000E+00 0.969307E-02
 -.610000E+00 0.970572E-02
 -.590000E+00 0.972083E-02
 -.570000E+00 0.973837E-02
 -.550000E+00 0.975834E-02
 -.530000E+00 0.978072E-02
 -.510000E+00 0.980548E-02
 -.490000E+00 0.983261E-02
 -.470000E+00 0.986208E-02
 -.450000E+00 0.989387E-02
 -.430000E+00 0.992794E-02
 -.410000E+00 0.996427E-02
 -.390000E+00 0.100028E-01
 -.370000E+00 0.100436E-01
 -.350000E+00 0.100865E-01
 -.330000E+00 0.101315E-01
 -.310000E+00 0.101786E-01
 -.290000E+00 0.102278E-01
 -.270000E+00 0.102789E-01
 -.250000E+00 0.103320E-01
 -.230000E+00 0.103870E-01
 -.210000E+00 0.104439E-01
 -.190000E+00 0.105026E-01
 -.170000E+00 0.105630E-01
 -.150000E+00 0.106252E-01
 -.130000E+00 0.106890E-01
 -.110000E+00 0.107544E-01
 -.900000E-01 0.108214E-01
 -.700000E-01 0.108899E-01
 -.500000E-01 0.109598E-01
 -.300000E-01 0.110310E-01
 -.100000E-01 0.111036E-01
 0.100000E-01 0.111775E-01
 0.300000E-01 0.112525E-01
 0.500000E-01 0.113286E-01
 0.700000E-01 0.114058E-01
 0.900000E-01 0.114840E-01
 0.110000E+00 0.115632E-01
 0.130000E+00 0.116432E-01
 0.150000E+00 0.117240E-01
 0.170000E+00 0.118055E-01
 0.190000E+00 0.118876E-01
 0.210000E+00 0.119704E-01
 0.230000E+00 0.120537E-01
 0.250000E+00 0.121374E-01
 0.270000E+00 0.122215E-01
 0.290000E+00 0.123059E-01
 0.310000E+00 0.123905E-01
 0.330000E+00 0.124753E-01
 0.350000E+00 0.125602E-01
 0.370000E+00 0.126452E-01
 0.390000E+00 0.127300E-01
 0.410000E+00 0.128148E-01
 0.430000E+00 0.128993E-01
 0.450000E+00 0.129836E-01
 0.470000E+00 0.130676E-01
 0.490000E+00 0.131511E-01
 0.510000E+00 0.132342E-01
 0.530000E+00 0.133168E-01
 0.550000E+00 0.133987E-01
 0.570000E+00 0.134799E-01
 0.590000E+00 0.135604E-01
 0.610000E+00 0.136401E-01
 0.630000E+00 0.137190E-01
 0.650000E+00 0.137968E-01
 0.670000E+00 0.138737E-01
 0.690000E+00 0.139495E-01
 0.710000E+00 0.140241E-01
 0.730000E+00 0.140976E-01
 0.750000E+00 0.141698E-01
 0.770000E+00 0.142407E-01
 0.790000E+00 0.143102E-01
 0.810000E+00 0.143783E-01
 0.830000E+00 0.144449E-01
 0.850000E+00 0.145100E-01
 0.870000E+00 0.145734E-01
 0.890000E+00 0.146353E-01
 0.910000E+00 0.143310E+00
 0.930000E+00 0.145227E+00
 0.950000E+00 0.147100E+00
 0.970000E+00 0.148930E+00
 0.990000E+00 0.150717E+00




































































































 -.990000E+00 0.144038E-01
 -.970000E+00 0.143987E-01
 -.950000E+00 0.143937E-01
 -.930000E+00 0.143887E-01
 -.910000E+00 0.143837E-01
 -.890000E+00 0.143158E-01
 -.870000E+00 0.143173E-01
 -.850000E+00 0.143207E-01
 -.830000E+00 0.143260E-01
 -.810000E+00 0.143331E-01
 -.790000E+00 0.143421E-01
 -.770000E+00 0.143530E-01
 -.750000E+00 0.143655E-01
 -.730000E+00 0.143798E-01
 -.710000E+00 0.143958E-01
 -.690000E+00 0.144133E-01
 -.670000E+00 0.144323E-01
 -.650000E+00 0.144528E-01
 -.630000E+00 0.144746E-01
 -.610000E+00 0.144977E-01
 -.590000E+00 0.145220E-01
 -.570000E+00 0.145474E-01
 -.550000E+00 0.145737E-01
 -.530000E+00 0.146009E-01
 -.510000E+00 0.146289E-01
 -.490000E+00 0.146576E-01
 -.470000E+00 0.146868E-01
 -.450000E+00 0.147164E-01
 -.430000E+00 0.147464E-01
 -.410000E+00 0.147765E-01
 -.390000E+00 0.148068E-01
 -.370000E+00 0.148370E-01
 -.350000E+00 0.148670E-01
 -.330000E+00 0.148968E-01
 -.310000E+00 0.149262E-01
 -.290000E+00 0.149550E-01
 -.270000E+00 0.149833E-01
 -.250000E+00 0.150108E-01
 -.230000E+00 0.150376E-01
 -.210000E+00 0.150633E-01
 -.190000E+00 0.150881E-01
 -.170000E+00 0.151117E-01
 -.150000E+00 0.151341E-01
 -.130000E+00 0.151552E-01
 -.110000E+00 0.151749E-01
 -.900000E-01 0.151931E-01
 -.700000E-01 0.152099E-01
 -.500000E-01 0.152250E-01
 -.300000E-01 0.152385E-01
 -.100000E-01 0.152502E-01
 0.100000E-01 0.152603E-01
 0.300000E-01 0.152685E-01
 0.500000E-01 0.152750E-01
 0.700000E-01 0.152796E-01
 0.900000E-01 0.152823E-01
 0.110000E+00 0.152832E-01
 0.130000E+00 0.152823E-01
 0.150000E+00 0.152794E-01
 0.170000E+00 0.152748E-01
 0.190000E+00 0.152683E-01
 0.210000E+00 0.152601E-01
 0.230000E+00 0.152501E-01
 0.250000E+00 0.152383E-01
 0.270000E+00 0.152249E-01
 0.290000E+00 0.152099E-01
 0.310000E+00 0.151934E-01
 0.330000E+00 0.151753E-01
 0.350000E+00 0.151559E-01
 0.370000E+00 0.151351E-01
 0.390000E+00 0.151130E-01
 0.410000E+00 0.150898E-01
 0.430000E+00 0.150655E-01
 0.450000E+00 0.150403E-01
 0.470000E+00 0.150142E-01
 0.490000E+00 0.149873E-01
 0.510000E+00 0.149597E-01
 0.530000E+00 0.149315E-01
 0.550000E+00 0.149030E-01
 0.570000E+00 0.148741E-01
 0.590000E+00 0.148449E-01
 0.610000E+00 0.148157E-01
 0.630000E+00 0.147864E-01
 0.650000E+00 0.147573E-01
 0.670000E+00 0.147284E-01
 0.690000E+00 0.146998E-01
 0.710000E+00 0.146717E-01
 0.730000E+00 0.146442E-01
 0.750000E+00 0.146173E-01
 0.770000E+00 0.145913E-01
 0.790000E+00 0.145660E-01
 0.810000E+00 0.145418E-01
 0.830000E+00 0.145186E-01
 0.850000E+00 0.144966E-01
 0.870000E+00 0.144758E-01
 0.890000E+00 0.144564E-01
 0.910000E+00 0.309841E-01
 0.930000E+00 0.310800E-01
 0.950000E+00 0.311613E-01
 0.970000E+00 0.312281E-01
 0.990000E+00 0.312802E-01




































































































 -.990000E+00 0.143223E-01
 -.970000E+00 0.143219E-01
 -.950000E+00 0.143217E-01
 -.930000E+00 0.143217E-01
 -.910000E+00 0.143220E-01
 -.890000E+00 0.143222E-01
 -.870000E+00 0.143234E-01
 -.850000E+00 0.143239E-01
 -.830000E+00 0.143230E-01
 -.810000E+00 0.143220E-01
 -.790000E+00 0.143225E-01
 -.770000E+00 0.143237E-01
 -.750000E+00 0.143237E-01
 -.730000E+00 0.143226E-01
 -.710000E+00 0.143220E-01
 -.690000E+00 0.143229E-01
 -.670000E+00 0.143239E-01
 -.650000E+00 0.143234E-01
 -.630000E+00 0.143223E-01
 -.610000E+00 0.143222E-01
 -.590000E+00 0.143233E-01
 -.570000E+00 0.143239E-01
 -.550000E+00 0.143231E-01
 -.530000E+00 0.143221E-01
 -.510000E+00 0.143225E-01
 -.490000E+00 0.143236E-01
 -.470000E+00 0.143238E-01
 -.450000E+00 0.143227E-01
 -.430000E+00 0.143220E-01
 -.410000E+00 0.143229E-01
 -.390000E+00 0.143239E-01
 -.370000E+00 0.143235E-01
 -.350000E+00 0.143223E-01
 -.330000E+00 0.143222E-01
 -.310000E+00 0.143232E-01
 -.290000E+00 0.143239E-01
 -.270000E+00 0.143231E-01
 -.250000E+00 0.143221E-01
 -.230000E+00 0.143224E-01
 -.210000E+00 0.143236E-01
 -.190000E+00 0.143238E-01
 -.170000E+00 0.143227E-01
 -.150000E+00 0.143220E-01
 -.130000E+00 0.143228E-01
 -.110000E+00 0.143238E-01
 -.900000E-01 0.143235E-01
 -.700000E-01 0.143224E-01
 -.500000E-01 0.143221E-01
 -.300000E-01 0.143232E-01
 -.100000E-01 0.143239E-01
 0.100000E-01 0.143232E-01
 0.300000E-01 0.143221E-01
 0.500000E-01 0.143224E-01
 0.700000E-01 0.143235E-01
 0.900000E-01 0.143238E-01
 0.110000E+00 0.143228E-01
 0.130000E+00 0.143220E-01
 0.150000E+00 0.143227E-01
 0.170000E+00 0.143238E-01
 0.190000E+00 0.143236E-01
 0.210000E+00 0.143224E-01
 0.230000E+00 0.143221E-01
 0.250000E+00 0.143231E-01
 0.270000E+00 0.143239E-01
 0.290000E+00 0.143233E-01
 0.310000E+00 0.143222E-01
 0.330000E+00 0.143223E-01
 0.350000E+00 0.143235E-01
 0.370000E+00 0.143238E-01
 0.390000E+00 0.143229E-01
 0.410000E+00 0.143220E-01
 0.430000E+00 0.143227E-01
 0.450000E+00 0.143237E-01
 0.470000E+00 0.143236E-01
 0.490000E+00 0.143225E-01
 0.510000E+00 0.143221E-01
 0.530000E+00 0.143230E-01
 0.550000E+00 0.143239E-01
 0.570000E+00 0.143233E-01
 0.590000E+00 0.143222E-01
 0.610000E+00 0.143223E-01
 0.630000E+00 0.143234E-01
 0.650000E+00 0.143239E-01
 0.670000E+00 0.143229E-01
 0.690000E+00 0.143221E-01
 0.710000E+00 0.143226E-01
 0.730000E+00 0.143237E-01
 0.750000E+00 0.143237E-01
 0.770000E+00 0.143226E-01
 0.790000E+00 0.143221E-01
 0.810000E+00 0.143230E-01
 0.830000E+00 0.143239E-01
 0.850000E+00 0.143234E-01
 0.870000E+00 0.143223E-01
 0.890000E+00 0.143222E-01
 0.910000E+00 0.131705E-01
 0.930000E+00 0.140319E-01
 0.950000E+00 0.150189E-01
 0.970000E+00 0.157040E-01
 0.990000E+00 0.157903E-01




































































































