 -.990000E+00 -.248711E-03
 -.970000E+00 -.200055E-03
 -.950000E+00 -.164549E-03
 -.930000E+00 -.157579E-03
 -.910000E+00 -.182182E-03
 -.890000E+00 -.214885E-03
 -.870000E+00 -.167380E-03
 -.850000E+00 -.474011E-04
 -.830000E+00 0.931008E-04
 -.810000E+00 0.193290E-03
 -.790000E+00 0.209785E-03
 -.770000E+00 0.135446E-03
 -.750000E+00 0.245981E-05
 -.730000E+00 -.131590E-03
 -.710000E+00 -.208662E-03
 -.690000E+00 -.195384E-03
 -.670000E+00 -.975071E-04
 -.650000E+00 0.425888E-04
 -.630000E+00 0.164243E-03
 -.610000E+00 0.214781E-03
 -.590000E+00 0.172320E-03
 -.570000E+00 0.552467E-04
 -.550000E+00 -.857476E-04
 -.530000E+00 -.189613E-03
 -.510000E+00 -.211377E-03
 -.490000E+00 -.141617E-03
 -.470000E+00 -.105379E-04
 -.450000E+00 0.125103E-03
 -.430000E+00 0.206575E-03
 -.410000E+00 0.198601E-03
 -.390000E+00 0.104635E-03
 -.370000E+00 -.346371E-04
 -.350000E+00 -.158911E-03
 -.330000E+00 -.214377E-03
 -.310000E+00 -.177020E-03
 -.290000E+00 -.630145E-04
 -.270000E+00 0.782754E-04
 -.250000E+00 0.185672E-03
 -.230000E+00 0.212674E-03
 -.210000E+00 0.147590E-03
 -.190000E+00 0.186007E-04
 -.170000E+00 -.118442E-03
 -.150000E+00 -.204201E-03
 -.130000E+00 -.201542E-03
 -.110000E+00 -.111617E-03
 -.900000E-01 0.266374E-04
 -.700000E-01 0.153358E-03
 -.500000E-01 0.213675E-03
 -.300000E-01 0.181473E-03
 -.100000E-01 0.706943E-04
 0.100000E-01 -.706943E-04
 0.300000E-01 -.181473E-03
 0.500000E-01 -.213675E-03
 0.700000E-01 -.153358E-03
 0.900000E-01 -.266374E-04
 0.110000E+00 0.111617E-03
 0.130000E+00 0.201542E-03
 0.150000E+00 0.204201E-03
 0.170000E+00 0.118442E-03
 0.190000E+00 -.186007E-04
 0.210000E+00 -.147590E-03
 0.230000E+00 -.212674E-03
 0.250000E+00 -.185672E-03
 0.270000E+00 -.782754E-04
 0.290000E+00 0.630145E-04
 0.310000E+00 0.177020E-03
 0.330000E+00 0.214377E-03
 0.350000E+00 0.158911E-03
 0.370000E+00 0.346371E-04
 0.390000E+00 -.104635E-03
 0.410000E+00 -.198601E-03
 0.430000E+00 -.206575E-03
 0.450000E+00 -.125103E-03
 0.470000E+00 0.105379E-04
 0.490000E+00 0.141617E-03
 0.510000E+00 0.211377E-03
 0.530000E+00 0.189613E-03
 0.550000E+00 0.857476E-04
 0.570000E+00 -.552467E-04
 0.590000E+00 -.172320E-03
 0.610000E+00 -.214781E-03
 0.630000E+00 -.164243E-03
 0.650000E+00 -.425888E-04
 0.670000E+00 0.975071E-04
 0.690000E+00 0.195384E-03
 0.710000E+00 0.208662E-03
 0.730000E+00 0.131590E-03
 0.750000E+00 -.245981E-05
 0.770000E+00 -.135446E-03
 0.790000E+00 -.209785E-03
 0.810000E+00 -.193290E-03
 0.830000E+00 -.931008E-04
 0.850000E+00 0.474011E-04
 0.870000E+00 0.167380E-03
 0.890000E+00 0.214885E-03
 0.910000E+00 0.182182E-03
 0.930000E+00 0.157579E-03
 0.950000E+00 0.164549E-03
 0.970000E+00 0.200055E-03
 0.990000E+00 0.248711E-03




































































































 -.990000E+00 -.519046E-02
 -.970000E+00 -.516389E-02
 -.950000E+00 -.513743E-02
 -.930000E+00 -.511109E-02
 -.910000E+00 -.508489E-02
 -.890000E+00 -.505823E-02
 -.870000E+00 -.502725E-02
 -.850000E+00 -.499135E-02
 -.830000E+00 -.495056E-02
 -.810000E+00 -.490492E-02
 -.790000E+00 -.485448E-02
 -.770000E+00 -.479929E-02
 -.750000E+00 -.473939E-02
 -.730000E+00 -.467485E-02
 -.710000E+00 -.460574E-02
 -.690000E+00 -.453211E-02
 -.670000E+00 -.445405E-02
 -.650000E+00 -.437162E-02
 -.630000E+00 -.428492E-02
 -.610000E+00 -.419402E-02
 -.590000E+00 -.409901E-02
 -.570000E+00 -.399998E-02
 -.550000E+00 -.389704E-02
 -.530000E+00 -.379028E-02
 -.510000E+00 -.367981E-02
 -.490000E+00 -.356574E-02
 -.470000E+00 -.344818E-02
 -.450000E+00 -.332724E-02
 -.430000E+00 -.320304E-02
 -.410000E+00 -.307570E-02
 -.390000E+00 -.294535E-02
 -.370000E+00 -.281212E-02
 -.350000E+00 -.267613E-02
 -.330000E+00 -.253753E-02
 -.310000E+00 -.239644E-02
 -.290000E+00 -.225300E-02
 -.270000E+00 -.210735E-02
 -.250000E+00 -.195964E-02
 -.230000E+00 -.181002E-02
 -.210000E+00 -.165862E-02
 -.190000E+00 -.150559E-02
 -.170000E+00 -.135109E-02
 -.150000E+00 -.119527E-02
 -.130000E+00 -.103828E-02
 -.110000E+00 -.880271E-03
 -.900000E-01 -.721401E-03
 -.700000E-01 -.561823E-03
 -.500000E-01 -.401696E-03
 -.300000E-01 -.241175E-03
 -.100000E-01 -.804179E-04
 0.100000E-01 0.804179E-04
 0.300000E-01 0.241175E-03
 0.500000E-01 0.401696E-03
 0.700000E-01 0.561823E-03
 0.900000E-01 0.721401E-03
 0.110000E+00 0.880271E-03
 0.130000E+00 0.103828E-02
 0.150000E+00 0.119527E-02
 0.170000E+00 0.135109E-02
 0.190000E+00 0.150559E-02
 0.210000E+00 0.165862E-02
 0.230000E+00 0.181002E-02
 0.250000E+00 0.195964E-02
 0.270000E+00 0.210735E-02
 0.290000E+00 0.225300E-02
 0.310000E+00 0.239644E-02
 0.330000E+00 0.253753E-02
 0.350000E+00 0.267613E-02
 0.370000E+00 0.281212E-02
 0.390000E+00 0.294535E-02
 0.410000E+00 0.307570E-02
 0.430000E+00 0.320304E-02
 0.450000E+00 0.332724E-02
 0.470000E+00 0.344818E-02
 0.490000E+00 0.356574E-02
 0.510000E+00 0.367981E-02
 0.530000E+00 0.379028E-02
 0.550000E+00 0.389704E-02
 0.570000E+00 0.399998E-02
 0.590000E+00 0.409901E-02
 0.610000E+00 0.419402E-02
 0.630000E+00 0.428492E-02
 0.650000E+00 0.437162E-02
 0.670000E+00 0.445405E-02
 0.690000E+00 0.453211E-02
 0.710000E+00 0.460574E-02
 0.730000E+00 0.467485E-02
 0.750000E+00 0.473939E-02
 0.770000E+00 0.479929E-02
 0.790000E+00 0.485448E-02
 0.810000E+00 0.490492E-02
 0.830000E+00 0.495056E-02
 0.850000E+00 0.499135E-02
 0.870000E+00 0.502725E-02
 0.890000E+00 0.505823E-02
 0.910000E+00 0.508489E-02
 0.930000E+00 0.511109E-02
 0.950000E+00 0.513743E-02
 0.970000E+00 0.516389E-02
 0.990000E+00 0.519046E-02




































































































 -.990000E+00 -.339898E-02
 -.970000E+00 -.333580E-02
 -.950000E+00 -.327373E-02
 -.930000E+00 -.321276E-02
 -.910000E+00 -.315291E-02
 -.890000E+00 -.309394E-02
 -.870000E+00 -.303452E-02
 -.850000E+00 -.297442E-02
 -.830000E+00 -.291367E-02
 -.810000E+00 -.285228E-02
 -.790000E+00 -.279025E-02
 -.770000E+00 -.272761E-02
 -.750000E+00 -.266437E-02
 -.730000E+00 -.260054E-02
 -.710000E+00 -.253613E-02
 -.690000E+00 -.247116E-02
 -.670000E+00 -.240565E-02
 -.650000E+00 -.233961E-02
 -.630000E+00 -.227305E-02
 -.610000E+00 -.220598E-02
 -.590000E+00 -.213844E-02
 -.570000E+00 -.207041E-02
 -.550000E+00 -.200194E-02
 -.530000E+00 -.193302E-02
 -.510000E+00 -.186367E-02
 -.490000E+00 -.179391E-02
 -.470000E+00 -.172376E-02
 -.450000E+00 -.165322E-02
 -.430000E+00 -.158232E-02
 -.410000E+00 -.151107E-02
 -.390000E+00 -.143949E-02
 -.370000E+00 -.136759E-02
 -.350000E+00 -.129539E-02
 -.330000E+00 -.122290E-02
 -.310000E+00 -.115014E-02
 -.290000E+00 -.107713E-02
 -.270000E+00 -.100388E-02
 -.250000E+00 -.930413E-03
 -.230000E+00 -.856737E-03
 -.210000E+00 -.782872E-03
 -.190000E+00 -.708835E-03
 -.170000E+00 -.634641E-03
 -.150000E+00 -.560307E-03
 -.130000E+00 -.485850E-03
 -.110000E+00 -.411285E-03
 -.900000E-01 -.336630E-03
 -.700000E-01 -.261900E-03
 -.500000E-01 -.187113E-03
 -.300000E-01 -.112284E-03
 -.100000E-01 -.374308E-04
 0.100000E-01 0.374308E-04
 0.300000E-01 0.112284E-03
 0.500000E-01 0.187113E-03
 0.700000E-01 0.261900E-03
 0.900000E-01 0.336630E-03
 0.110000E+00 0.411285E-03
 0.130000E+00 0.485850E-03
 0.150000E+00 0.560307E-03
 0.170000E+00 0.634641E-03
 0.190000E+00 0.708835E-03
 0.210000E+00 0.782872E-03
 0.230000E+00 0.856737E-03
 0.250000E+00 0.930413E-03
 0.270000E+00 0.100388E-02
 0.290000E+00 0.107713E-02
 0.310000E+00 0.115014E-02
 0.330000E+00 0.122290E-02
 0.350000E+00 0.129539E-02
 0.370000E+00 0.136759E-02
 0.390000E+00 0.143949E-02
 0.410000E+00 0.151107E-02
 0.430000E+00 0.158232E-02
 0.450000E+00 0.165322E-02
 0.470000E+00 0.172376E-02
 0.490000E+00 0.179391E-02
 0.510000E+00 0.186367E-02
 0.530000E+00 0.193302E-02
 0.550000E+00 0.200194E-02
 0.570000E+00 0.207041E-02
 0.590000E+00 0.213844E-02
 0.610000E+00 0.220598E-02
 0.630000E+00 0.227305E-02
 0.650000E+00 0.233961E-02
 0.670000E+00 0.240565E-02
 0.690000E+00 0.247116E-02
 0.710000E+00 0.253613E-02
 0.730000E+00 0.260054E-02
 0.750000E+00 0.266437E-02
 0.770000E+00 0.272761E-02
 0.790000E+00 0.279025E-02
 0.810000E+00 0.285228E-02
 0.830000E+00 0.291367E-02
 0.850000E+00 0.297442E-02
 0.870000E+00 0.303452E-02
 0.890000E+00 0.309394E-02
 0.910000E+00 0.315291E-02
 0.930000E+00 0.321276E-02
 0.950000E+00 0.327373E-02
 0.970000E+00 0.333580E-02
 0.990000E+00 0.339898E-02




































































































 -.990000E+00 -.122294E-07
 -.970000E+00 -.120449E-07
 -.950000E+00 -.118628E-07
 -.930000E+00 -.116830E-07
 -.910000E+00 -.115057E-07
 -.890000E+00 -.113301E-07
 -.870000E+00 -.111501E-07
 -.850000E+00 -.109651E-07
 -.830000E+00 -.107752E-07
 -.810000E+00 -.105805E-07
 -.790000E+00 -.103810E-07
 -.770000E+00 -.101770E-07
 -.750000E+00 -.996850E-08
 -.730000E+00 -.975563E-08
 -.710000E+00 -.953851E-08
 -.690000E+00 -.931724E-08
 -.670000E+00 -.909194E-08
 -.650000E+00 -.886271E-08
 -.630000E+00 -.862968E-08
 -.610000E+00 -.839295E-08
 -.590000E+00 -.815264E-08
 -.570000E+00 -.790886E-08
 -.550000E+00 -.766173E-08
 -.530000E+00 -.741136E-08
 -.510000E+00 -.715787E-08
 -.490000E+00 -.690137E-08
 -.470000E+00 -.664198E-08
 -.450000E+00 -.637980E-08
 -.430000E+00 -.611497E-08
 -.410000E+00 -.584759E-08
 -.390000E+00 -.557779E-08
 -.370000E+00 -.530567E-08
 -.350000E+00 -.503136E-08
 -.330000E+00 -.475498E-08
 -.310000E+00 -.447663E-08
 -.290000E+00 -.419644E-08
 -.270000E+00 -.391453E-08
 -.250000E+00 -.363102E-08
 -.230000E+00 -.334601E-08
 -.210000E+00 -.305964E-08
 -.190000E+00 -.277202E-08
 -.170000E+00 -.248327E-08
 -.150000E+00 -.219350E-08
 -.130000E+00 -.190284E-08
 -.110000E+00 -.161141E-08
 -.900000E-01 -.131932E-08
 -.700000E-01 -.102670E-08
 -.500000E-01 -.733652E-09
 -.300000E-01 -.440310E-09
 -.100000E-01 -.146790E-09
 0.100000E-01 0.146790E-09
 0.300000E-01 0.440310E-09
 0.500000E-01 0.733652E-09
 0.700000E-01 0.102670E-08
 0.900000E-01 0.131932E-08
 0.110000E+00 0.161141E-08
 0.130000E+00 0.190284E-08
 0.150000E+00 0.219350E-08
 0.170000E+00 0.248327E-08
 0.190000E+00 0.277202E-08
 0.210000E+00 0.305964E-08
 0.230000E+00 0.334601E-08
 0.250000E+00 0.363102E-08
 0.270000E+00 0.391453E-08
 0.290000E+00 0.419644E-08
 0.310000E+00 0.447663E-08
 0.330000E+00 0.475498E-08
 0.350000E+00 0.503136E-08
 0.370000E+00 0.530567E-08
 0.390000E+00 0.557779E-08
 0.410000E+00 0.584759E-08
 0.430000E+00 0.611497E-08
 0.450000E+00 0.637980E-08
 0.470000E+00 0.664198E-08
 0.490000E+00 0.690137E-08
 0.510000E+00 0.715787E-08
 0.530000E+00 0.741136E-08
 0.550000E+00 0.766173E-08
 0.570000E+00 0.790886E-08
 0.590000E+00 0.815264E-08
 0.610000E+00 0.839295E-08
 0.630000E+00 0.862968E-08
 0.650000E+00 0.886271E-08
 0.670000E+00 0.909194E-08
 0.690000E+00 0.931724E-08
 0.710000E+00 0.953851E-08
 0.730000E+00 0.975563E-08
 0.750000E+00 0.996850E-08
 0.770000E+00 0.101770E-07
 0.790000E+00 0.103810E-07
 0.810000E+00 0.105805E-07
 0.830000E+00 0.107752E-07
 0.850000E+00 0.109651E-07
 0.870000E+00 0.111501E-07
 0.890000E+00 0.113301E-07
 0.910000E+00 0.115057E-07
 0.930000E+00 0.116830E-07
 0.950000E+00 0.118628E-07
 0.970000E+00 0.120449E-07
 0.990000E+00 0.122294E-07




































































































 -.990000E+00 -.183780E-03
 -.970000E+00 -.184450E-03
 -.950000E+00 -.184146E-03
 -.930000E+00 -.182832E-03
 -.910000E+00 -.180474E-03
 -.890000E+00 -.177304E-03
 -.870000E+00 -.173834E-03
 -.850000E+00 -.170330E-03
 -.830000E+00 -.166791E-03
 -.810000E+00 -.163219E-03
 -.790000E+00 -.159614E-03
 -.770000E+00 -.155977E-03
 -.750000E+00 -.152310E-03
 -.730000E+00 -.148612E-03
 -.710000E+00 -.144884E-03
 -.690000E+00 -.141128E-03
 -.670000E+00 -.137345E-03
 -.650000E+00 -.133534E-03
 -.630000E+00 -.129697E-03
 -.610000E+00 -.125834E-03
 -.590000E+00 -.121947E-03
 -.570000E+00 -.118036E-03
 -.550000E+00 -.114102E-03
 -.530000E+00 -.110146E-03
 -.510000E+00 -.106168E-03
 -.490000E+00 -.102170E-03
 -.470000E+00 -.981520E-04
 -.450000E+00 -.941150E-04
 -.430000E+00 -.900597E-04
 -.410000E+00 -.859871E-04
 -.390000E+00 -.818978E-04
 -.370000E+00 -.777928E-04
 -.350000E+00 -.736728E-04
 -.330000E+00 -.695387E-04
 -.310000E+00 -.653912E-04
 -.290000E+00 -.612311E-04
 -.270000E+00 -.570593E-04
 -.250000E+00 -.528766E-04
 -.230000E+00 -.486837E-04
 -.210000E+00 -.444815E-04
 -.190000E+00 -.402708E-04
 -.170000E+00 -.360525E-04
 -.150000E+00 -.318272E-04
 -.130000E+00 -.275959E-04
 -.110000E+00 -.233593E-04
 -.900000E-01 -.191182E-04
 -.700000E-01 -.148735E-04
 -.500000E-01 -.106259E-04
 -.300000E-01 -.637638E-05
 -.100000E-01 -.212560E-05
 0.100000E-01 0.212560E-05
 0.300000E-01 0.637638E-05
 0.500000E-01 0.106259E-04
 0.700000E-01 0.148735E-04
 0.900000E-01 0.191182E-04
 0.110000E+00 0.233593E-04
 0.130000E+00 0.275959E-04
 0.150000E+00 0.318272E-04
 0.170000E+00 0.360525E-04
 0.190000E+00 0.402708E-04
 0.210000E+00 0.444815E-04
 0.230000E+00 0.486837E-04
 0.250000E+00 0.528766E-04
 0.270000E+00 0.570593E-04
 0.290000E+00 0.612311E-04
 0.310000E+00 0.653912E-04
 0.330000E+00 0.695387E-04
 0.350000E+00 0.736728E-04
 0.370000E+00 0.777928E-04
 0.390000E+00 0.818978E-04
 0.410000E+00 0.859871E-04
 0.430000E+00 0.900597E-04
 0.450000E+00 0.941150E-04
 0.470000E+00 0.981520E-04
 0.490000E+00 0.102170E-03
 0.510000E+00 0.106168E-03
 0.530000E+00 0.110146E-03
 0.550000E+00 0.114102E-03
 0.570000E+00 0.118036E-03
 0.590000E+00 0.121947E-03
 0.610000E+00 0.125834E-03
 0.630000E+00 0.129697E-03
 0.650000E+00 0.133534E-03
 0.670000E+00 0.137345E-03
 0.690000E+00 0.141128E-03
 0.710000E+00 0.144884E-03
 0.730000E+00 0.148612E-03
 0.750000E+00 0.152310E-03
 0.770000E+00 0.155977E-03
 0.790000E+00 0.159614E-03
 0.810000E+00 0.163219E-03
 0.830000E+00 0.166791E-03
 0.850000E+00 0.170330E-03
 0.870000E+00 0.173834E-03
 0.890000E+00 0.177304E-03
 0.910000E+00 0.180474E-03
 0.930000E+00 0.182832E-03
 0.950000E+00 0.184146E-03
 0.970000E+00 0.184450E-03
 0.990000E+00 0.183780E-03




































































































 -.990000E+00 -.827278E-07
 -.970000E+00 -.830465E-07
 -.950000E+00 -.829244E-07
 -.930000E+00 -.823460E-07
 -.910000E+00 -.812958E-07
 -.890000E+00 -.798780E-07
 -.870000E+00 -.783244E-07
 -.850000E+00 -.767545E-07
 -.830000E+00 -.751685E-07
 -.810000E+00 -.735668E-07
 -.790000E+00 -.719499E-07
 -.770000E+00 -.703180E-07
 -.750000E+00 -.686716E-07
 -.730000E+00 -.670110E-07
 -.710000E+00 -.653366E-07
 -.690000E+00 -.636487E-07
 -.670000E+00 -.619478E-07
 -.650000E+00 -.602342E-07
 -.630000E+00 -.585083E-07
 -.610000E+00 -.567705E-07
 -.590000E+00 -.550211E-07
 -.570000E+00 -.532606E-07
 -.550000E+00 -.514892E-07
 -.530000E+00 -.497074E-07
 -.510000E+00 -.479156E-07
 -.490000E+00 -.461141E-07
 -.470000E+00 -.443033E-07
 -.450000E+00 -.424836E-07
 -.430000E+00 -.406553E-07
 -.410000E+00 -.388189E-07
 -.390000E+00 -.369747E-07
 -.370000E+00 -.351231E-07
 -.350000E+00 -.332644E-07
 -.330000E+00 -.313991E-07
 -.310000E+00 -.295276E-07
 -.290000E+00 -.276501E-07
 -.270000E+00 -.257672E-07
 -.250000E+00 -.238791E-07
 -.230000E+00 -.219863E-07
 -.210000E+00 -.200891E-07
 -.190000E+00 -.181879E-07
 -.170000E+00 -.162830E-07
 -.150000E+00 -.143750E-07
 -.130000E+00 -.124641E-07
 -.110000E+00 -.105507E-07
 -.900000E-01 -.863526E-08
 -.700000E-01 -.671809E-08
 -.500000E-01 -.479959E-08
 -.300000E-01 -.288013E-08
 -.100000E-01 -.960108E-09
 0.100000E-01 0.960108E-09
 0.300000E-01 0.288013E-08
 0.500000E-01 0.479959E-08
 0.700000E-01 0.671809E-08
 0.900000E-01 0.863527E-08
 0.110000E+00 0.105507E-07
 0.130000E+00 0.124641E-07
 0.150000E+00 0.143750E-07
 0.170000E+00 0.162830E-07
 0.190000E+00 0.181879E-07
 0.210000E+00 0.200891E-07
 0.230000E+00 0.219863E-07
 0.250000E+00 0.238791E-07
 0.270000E+00 0.257672E-07
 0.290000E+00 0.276501E-07
 0.310000E+00 0.295276E-07
 0.330000E+00 0.313991E-07
 0.350000E+00 0.332644E-07
 0.370000E+00 0.351231E-07
 0.390000E+00 0.369747E-07
 0.410000E+00 0.388189E-07
 0.430000E+00 0.406553E-07
 0.450000E+00 0.424836E-07
 0.470000E+00 0.443033E-07
 0.490000E+00 0.461141E-07
 0.510000E+00 0.479156E-07
 0.530000E+00 0.497074E-07
 0.550000E+00 0.514892E-07
 0.570000E+00 0.532606E-07
 0.590000E+00 0.550211E-07
 0.610000E+00 0.567705E-07
 0.630000E+00 0.585083E-07
 0.650000E+00 0.602342E-07
 0.670000E+00 0.619478E-07
 0.690000E+00 0.636487E-07
 0.710000E+00 0.653366E-07
 0.730000E+00 0.670110E-07
 0.750000E+00 0.686716E-07
 0.770000E+00 0.703180E-07
 0.790000E+00 0.719499E-07
 0.810000E+00 0.735668E-07
 0.830000E+00 0.751685E-07
 0.850000E+00 0.767545E-07
 0.870000E+00 0.783244E-07
 0.890000E+00 0.798780E-07
 0.910000E+00 0.812958E-07
 0.930000E+00 0.823460E-07
 0.950000E+00 0.829244E-07
 0.970000E+00 0.830465E-07
 0.990000E+00 0.827278E-07




































































































 -.990000E+00 0.183780E-03
 -.970000E+00 0.184450E-03
 -.950000E+00 0.184146E-03
 -.930000E+00 0.182832E-03
 -.910000E+00 0.180474E-03
 -.890000E+00 0.177304E-03
 -.870000E+00 0.173834E-03
 -.850000E+00 0.170330E-03
 -.830000E+00 0.166791E-03
 -.810000E+00 0.163219E-03
 -.790000E+00 0.159614E-03
 -.770000E+00 0.155977E-03
 -.750000E+00 0.152310E-03
 -.730000E+00 0.148612E-03
 -.710000E+00 0.144884E-03
 -.690000E+00 0.141128E-03
 -.670000E+00 0.137345E-03
 -.650000E+00 0.133534E-03
 -.630000E+00 0.129697E-03
 -.610000E+00 0.125834E-03
 -.590000E+00 0.121947E-03
 -.570000E+00 0.118036E-03
 -.550000E+00 0.114102E-03
 -.530000E+00 0.110146E-03
 -.510000E+00 0.106168E-03
 -.490000E+00 0.102170E-03
 -.470000E+00 0.981520E-04
 -.450000E+00 0.941150E-04
 -.430000E+00 0.900597E-04
 -.410000E+00 0.859871E-04
 -.390000E+00 0.818978E-04
 -.370000E+00 0.777928E-04
 -.350000E+00 0.736728E-04
 -.330000E+00 0.695387E-04
 -.310000E+00 0.653912E-04
 -.290000E+00 0.612311E-04
 -.270000E+00 0.570593E-04
 -.250000E+00 0.528766E-04
 -.230000E+00 0.486837E-04
 -.210000E+00 0.444815E-04
 -.190000E+00 0.402708E-04
 -.170000E+00 0.360525E-04
 -.150000E+00 0.318272E-04
 -.130000E+00 0.275959E-04
 -.110000E+00 0.233593E-04
 -.900000E-01 0.191182E-04
 -.700000E-01 0.148735E-04
 -.500000E-01 0.106259E-04
 -.300000E-01 0.637638E-05
 -.100000E-01 0.212560E-05
 0.100000E-01 -.212560E-05
 0.300000E-01 -.637638E-05
 0.500000E-01 -.106259E-04
 0.700000E-01 -.148735E-04
 0.900000E-01 -.191182E-04
 0.110000E+00 -.233593E-04
 0.130000E+00 -.275959E-04
 0.150000E+00 -.318272E-04
 0.170000E+00 -.360525E-04
 0.190000E+00 -.402708E-04
 0.210000E+00 -.444815E-04
 0.230000E+00 -.486837E-04
 0.250000E+00 -.528766E-04
 0.270000E+00 -.570593E-04
 0.290000E+00 -.612311E-04
 0.310000E+00 -.653912E-04
 0.330000E+00 -.695387E-04
 0.350000E+00 -.736728E-04
 0.370000E+00 -.777928E-04
 0.390000E+00 -.818978E-04
 0.410000E+00 -.859871E-04
 0.430000E+00 -.900597E-04
 0.450000E+00 -.941150E-04
 0.470000E+00 -.981520E-04
 0.490000E+00 -.102170E-03
 0.510000E+00 -.106168E-03
 0.530000E+00 -.110146E-03
 0.550000E+00 -.114102E-03
 0.570000E+00 -.118036E-03
 0.590000E+00 -.121947E-03
 0.610000E+00 -.125834E-03
 0.630000E+00 -.129697E-03
 0.650000E+00 -.133534E-03
 0.670000E+00 -.137345E-03
 0.690000E+00 -.141128E-03
 0.710000E+00 -.144884E-03
 0.730000E+00 -.148612E-03
 0.750000E+00 -.152310E-03
 0.770000E+00 -.155977E-03
 0.790000E+00 -.159614E-03
 0.810000E+00 -.163219E-03
 0.830000E+00 -.166791E-03
 0.850000E+00 -.170330E-03
 0.870000E+00 -.173834E-03
 0.890000E+00 -.177304E-03
 0.910000E+00 -.180474E-03
 0.930000E+00 -.182832E-03
 0.950000E+00 -.184146E-03
 0.970000E+00 -.184450E-03
 0.990000E+00 -.183780E-03




































































































 -.990000E+00 0.122294E-07
 -.970000E+00 0.120449E-07
 -.950000E+00 0.118628E-07
 -.930000E+00 0.116830E-07
 -.910000E+00 0.115057E-07
 -.890000E+00 0.113301E-07
 -.870000E+00 0.111501E-07
 -.850000E+00 0.109651E-07
 -.830000E+00 0.107752E-07
 -.810000E+00 0.105805E-07
 -.790000E+00 0.103810E-07
 -.770000E+00 0.101770E-07
 -.750000E+00 0.996850E-08
 -.730000E+00 0.975563E-08
 -.710000E+00 0.953851E-08
 -.690000E+00 0.931724E-08
 -.670000E+00 0.909194E-08
 -.650000E+00 0.886271E-08
 -.630000E+00 0.862968E-08
 -.610000E+00 0.839295E-08
 -.590000E+00 0.815264E-08
 -.570000E+00 0.790886E-08
 -.550000E+00 0.766173E-08
 -.530000E+00 0.741136E-08
 -.510000E+00 0.715787E-08
 -.490000E+00 0.690137E-08
 -.470000E+00 0.664198E-08
 -.450000E+00 0.637980E-08
 -.430000E+00 0.611497E-08
 -.410000E+00 0.584759E-08
 -.390000E+00 0.557779E-08
 -.370000E+00 0.530567E-08
 -.350000E+00 0.503136E-08
 -.330000E+00 0.475498E-08
 -.310000E+00 0.447663E-08
 -.290000E+00 0.419644E-08
 -.270000E+00 0.391453E-08
 -.250000E+00 0.363102E-08
 -.230000E+00 0.334601E-08
 -.210000E+00 0.305964E-08
 -.190000E+00 0.277202E-08
 -.170000E+00 0.248327E-08
 -.150000E+00 0.219350E-08
 -.130000E+00 0.190284E-08
 -.110000E+00 0.161141E-08
 -.900000E-01 0.131932E-08
 -.700000E-01 0.102670E-08
 -.500000E-01 0.733652E-09
 -.300000E-01 0.440310E-09
 -.100000E-01 0.146790E-09
 0.100000E-01 -.146790E-09
 0.300000E-01 -.440310E-09
 0.500000E-01 -.733652E-09
 0.700000E-01 -.102670E-08
 0.900000E-01 -.131932E-08
 0.110000E+00 -.161141E-08
 0.130000E+00 -.190284E-08
 0.150000E+00 -.219350E-08
 0.170000E+00 -.248327E-08
 0.190000E+00 -.277202E-08
 0.210000E+00 -.305964E-08
 0.230000E+00 -.334601E-08
 0.250000E+00 -.363102E-08
 0.270000E+00 -.391453E-08
 0.290000E+00 -.419644E-08
 0.310000E+00 -.447663E-08
 0.330000E+00 -.475498E-08
 0.350000E+00 -.503136E-08
 0.370000E+00 -.530567E-08
 0.390000E+00 -.557779E-08
 0.410000E+00 -.584759E-08
 0.430000E+00 -.611497E-08
 0.450000E+00 -.637980E-08
 0.470000E+00 -.664198E-08
 0.490000E+00 -.690137E-08
 0.510000E+00 -.715787E-08
 0.530000E+00 -.741136E-08
 0.550000E+00 -.766173E-08
 0.570000E+00 -.790886E-08
 0.590000E+00 -.815264E-08
 0.610000E+00 -.839295E-08
 0.630000E+00 -.862968E-08
 0.650000E+00 -.886271E-08
 0.670000E+00 -.909194E-08
 0.690000E+00 -.931724E-08
 0.710000E+00 -.953851E-08
 0.730000E+00 -.975563E-08
 0.750000E+00 -.996850E-08
 0.770000E+00 -.101770E-07
 0.790000E+00 -.103810E-07
 0.810000E+00 -.105805E-07
 0.830000E+00 -.107752E-07
 0.850000E+00 -.109651E-07
 0.870000E+00 -.111501E-07
 0.890000E+00 -.113301E-07
 0.910000E+00 -.115057E-07
 0.930000E+00 -.116830E-07
 0.950000E+00 -.118628E-07
 0.970000E+00 -.120449E-07
 0.990000E+00 -.122294E-07




































































































 -.990000E+00 0.339898E-02
 -.970000E+00 0.333580E-02
 -.950000E+00 0.327373E-02
 -.930000E+00 0.321276E-02
 -.910000E+00 0.315291E-02
 -.890000E+00 0.309394E-02
 -.870000E+00 0.303452E-02
 -.850000E+00 0.297442E-02
 -.830000E+00 0.291367E-02
 -.810000E+00 0.285228E-02
 -.790000E+00 0.279025E-02
 -.770000E+00 0.272761E-02
 -.750000E+00 0.266437E-02
 -.730000E+00 0.260054E-02
 -.710000E+00 0.253613E-02
 -.690000E+00 0.247116E-02
 -.670000E+00 0.240565E-02
 -.650000E+00 0.233961E-02
 -.630000E+00 0.227305E-02
 -.610000E+00 0.220598E-02
 -.590000E+00 0.213844E-02
 -.570000E+00 0.207041E-02
 -.550000E+00 0.200194E-02
 -.530000E+00 0.193302E-02
 -.510000E+00 0.186367E-02
 -.490000E+00 0.179391E-02
 -.470000E+00 0.172376E-02
 -.450000E+00 0.165322E-02
 -.430000E+00 0.158232E-02
 -.410000E+00 0.151107E-02
 -.390000E+00 0.143949E-02
 -.370000E+00 0.136759E-02
 -.350000E+00 0.129539E-02
 -.330000E+00 0.122290E-02
 -.310000E+00 0.115014E-02
 -.290000E+00 0.107713E-02
 -.270000E+00 0.100388E-02
 -.250000E+00 0.930413E-03
 -.230000E+00 0.856737E-03
 -.210000E+00 0.782872E-03
 -.190000E+00 0.708835E-03
 -.170000E+00 0.634641E-03
 -.150000E+00 0.560307E-03
 -.130000E+00 0.485850E-03
 -.110000E+00 0.411285E-03
 -.900000E-01 0.336630E-03
 -.700000E-01 0.261900E-03
 -.500000E-01 0.187113E-03
 -.300000E-01 0.112284E-03
 -.100000E-01 0.374308E-04
 0.100000E-01 -.374308E-04
 0.300000E-01 -.112284E-03
 0.500000E-01 -.187113E-03
 0.700000E-01 -.261900E-03
 0.900000E-01 -.336630E-03
 0.110000E+00 -.411285E-03
 0.130000E+00 -.485850E-03
 0.150000E+00 -.560307E-03
 0.170000E+00 -.634641E-03
 0.190000E+00 -.708835E-03
 0.210000E+00 -.782872E-03
 0.230000E+00 -.856737E-03
 0.250000E+00 -.930413E-03
 0.270000E+00 -.100388E-02
 0.290000E+00 -.107713E-02
 0.310000E+00 -.115014E-02
 0.330000E+00 -.122290E-02
 0.350000E+00 -.129539E-02
 0.370000E+00 -.136759E-02
 0.390000E+00 -.143949E-02
 0.410000E+00 -.151107E-02
 0.430000E+00 -.158232E-02
 0.450000E+00 -.165322E-02
 0.470000E+00 -.172376E-02
 0.490000E+00 -.179391E-02
 0.510000E+00 -.186367E-02
 0.530000E+00 -.193302E-02
 0.550000E+00 -.200194E-02
 0.570000E+00 -.207041E-02
 0.590000E+00 -.213844E-02
 0.610000E+00 -.220598E-02
 0.630000E+00 -.227305E-02
 0.650000E+00 -.233961E-02
 0.670000E+00 -.240565E-02
 0.690000E+00 -.247116E-02
 0.710000E+00 -.253613E-02
 0.730000E+00 -.260054E-02
 0.750000E+00 -.266437E-02
 0.770000E+00 -.272761E-02
 0.790000E+00 -.279025E-02
 0.810000E+00 -.285228E-02
 0.830000E+00 -.291367E-02
 0.850000E+00 -.297442E-02
 0.870000E+00 -.303452E-02
 0.890000E+00 -.309394E-02
 0.910000E+00 -.315291E-02
 0.930000E+00 -.321276E-02
 0.950000E+00 -.327373E-02
 0.970000E+00 -.333580E-02
 0.990000E+00 -.339898E-02




































































































 -.990000E+00 0.519046E-02
 -.970000E+00 0.516389E-02
 -.950000E+00 0.513743E-02
 -.930000E+00 0.511109E-02
 -.910000E+00 0.508489E-02
 -.890000E+00 0.505823E-02
 -.870000E+00 0.502725E-02
 -.850000E+00 0.499135E-02
 -.830000E+00 0.495056E-02
 -.810000E+00 0.490492E-02
 -.790000E+00 0.485448E-02
 -.770000E+00 0.479929E-02
 -.750000E+00 0.473939E-02
 -.730000E+00 0.467485E-02
 -.710000E+00 0.460574E-02
 -.690000E+00 0.453211E-02
 -.670000E+00 0.445405E-02
 -.650000E+00 0.437162E-02
 -.630000E+00 0.428492E-02
 -.610000E+00 0.419402E-02
 -.590000E+00 0.409901E-02
 -.570000E+00 0.399998E-02
 -.550000E+00 0.389704E-02
 -.530000E+00 0.379028E-02
 -.510000E+00 0.367981E-02
 -.490000E+00 0.356574E-02
 -.470000E+00 0.344818E-02
 -.450000E+00 0.332724E-02
 -.430000E+00 0.320304E-02
 -.410000E+00 0.307570E-02
 -.390000E+00 0.294535E-02
 -.370000E+00 0.281212E-02
 -.350000E+00 0.267613E-02
 -.330000E+00 0.253753E-02
 -.310000E+00 0.239644E-02
 -.290000E+00 0.225300E-02
 -.270000E+00 0.210735E-02
 -.250000E+00 0.195964E-02
 -.230000E+00 0.181002E-02
 -.210000E+00 0.165862E-02
 -.190000E+00 0.150559E-02
 -.170000E+00 0.135109E-02
 -.150000E+00 0.119527E-02
 -.130000E+00 0.103828E-02
 -.110000E+00 0.880271E-03
 -.900000E-01 0.721401E-03
 -.700000E-01 0.561823E-03
 -.500000E-01 0.401696E-03
 -.300000E-01 0.241175E-03
 -.100000E-01 0.804179E-04
 0.100000E-01 -.804179E-04
 0.300000E-01 -.241175E-03
 0.500000E-01 -.401696E-03
 0.700000E-01 -.561823E-03
 0.900000E-01 -.721401E-03
 0.110000E+00 -.880271E-03
 0.130000E+00 -.103828E-02
 0.150000E+00 -.119527E-02
 0.170000E+00 -.135109E-02
 0.190000E+00 -.150559E-02
 0.210000E+00 -.165862E-02
 0.230000E+00 -.181002E-02
 0.250000E+00 -.195964E-02
 0.270000E+00 -.210735E-02
 0.290000E+00 -.225300E-02
 0.310000E+00 -.239644E-02
 0.330000E+00 -.253753E-02
 0.350000E+00 -.267613E-02
 0.370000E+00 -.281212E-02
 0.390000E+00 -.294535E-02
 0.410000E+00 -.307570E-02
 0.430000E+00 -.320304E-02
 0.450000E+00 -.332724E-02
 0.470000E+00 -.344818E-02
 0.490000E+00 -.356574E-02
 0.510000E+00 -.367981E-02
 0.530000E+00 -.379028E-02
 0.550000E+00 -.389704E-02
 0.570000E+00 -.399998E-02
 0.590000E+00 -.409901E-02
 0.610000E+00 -.419402E-02
 0.630000E+00 -.428492E-02
 0.650000E+00 -.437162E-02
 0.670000E+00 -.445405E-02
 0.690000E+00 -.453211E-02
 0.710000E+00 -.460574E-02
 0.730000E+00 -.467485E-02
 0.750000E+00 -.473939E-02
 0.770000E+00 -.479929E-02
 0.790000E+00 -.485448E-02
 0.810000E+00 -.490492E-02
 0.830000E+00 -.495056E-02
 0.850000E+00 -.499135E-02
 0.870000E+00 -.502725E-02
 0.890000E+00 -.505823E-02
 0.910000E+00 -.508489E-02
 0.930000E+00 -.511109E-02
 0.950000E+00 -.513743E-02
 0.970000E+00 -.516389E-02
 0.990000E+00 -.519046E-02




































































































 -.990000E+00 0.248711E-03
 -.970000E+00 0.200055E-03
 -.950000E+00 0.164549E-03
 -.930000E+00 0.157579E-03
 -.910000E+00 0.182182E-03
 -.890000E+00 0.214885E-03
 -.870000E+00 0.167380E-03
 -.850000E+00 0.474011E-04
 -.830000E+00 -.931008E-04
 -.810000E+00 -.193290E-03
 -.790000E+00 -.209785E-03
 -.770000E+00 -.135446E-03
 -.750000E+00 -.245981E-05
 -.730000E+00 0.131590E-03
 -.710000E+00 0.208662E-03
 -.690000E+00 0.195384E-03
 -.670000E+00 0.975071E-04
 -.650000E+00 -.425888E-04
 -.630000E+00 -.164243E-03
 -.610000E+00 -.214781E-03
 -.590000E+00 -.172320E-03
 -.570000E+00 -.552467E-04
 -.550000E+00 0.857476E-04
 -.530000E+00 0.189613E-03
 -.510000E+00 0.211377E-03
 -.490000E+00 0.141617E-03
 -.470000E+00 0.105379E-04
 -.450000E+00 -.125103E-03
 -.430000E+00 -.206575E-03
 -.410000E+00 -.198601E-03
 -.390000E+00 -.104635E-03
 -.370000E+00 0.346371E-04
 -.350000E+00 0.158911E-03
 -.330000E+00 0.214377E-03
 -.310000E+00 0.177020E-03
 -.290000E+00 0.630145E-04
 -.270000E+00 -.782754E-04
 -.250000E+00 -.185672E-03
 -.230000E+00 -.212674E-03
 -.210000E+00 -.147590E-03
 -.190000E+00 -.186007E-04
 -.170000E+00 0.118442E-03
 -.150000E+00 0.204201E-03
 -.130000E+00 0.201542E-03
 -.110000E+00 0.111617E-03
 -.900000E-01 -.266374E-04
 -.700000E-01 -.153358E-03
 -.500000E-01 -.213675E-03
 -.300000E-01 -.181473E-03
 -.100000E-01 -.706943E-04
 0.100000E-01 0.706943E-04
 0.300000E-01 0.181473E-03
 0.500000E-01 0.213675E-03
 0.700000E-01 0.153358E-03
 0.900000E-01 0.266374E-04
 0.110000E+00 -.111617E-03
 0.130000E+00 -.201542E-03
 0.150000E+00 -.204201E-03
 0.170000E+00 -.118442E-03
 0.190000E+00 0.186007E-04
 0.210000E+00 0.147590E-03
 0.230000E+00 0.212674E-03
 0.250000E+00 0.185672E-03
 0.270000E+00 0.782754E-04
 0.290000E+00 -.630145E-04
 0.310000E+00 -.177020E-03
 0.330000E+00 -.214377E-03
 0.350000E+00 -.158911E-03
 0.370000E+00 -.346371E-04
 0.390000E+00 0.104635E-03
 0.410000E+00 0.198601E-03
 0.430000E+00 0.206575E-03
 0.450000E+00 0.125103E-03
 0.470000E+00 -.105379E-04
 0.490000E+00 -.141617E-03
 0.510000E+00 -.211377E-03
 0.530000E+00 -.189613E-03
 0.550000E+00 -.857476E-04
 0.570000E+00 0.552467E-04
 0.590000E+00 0.172320E-03
 0.610000E+00 0.214781E-03
 0.630000E+00 0.164243E-03
 0.650000E+00 0.425888E-04
 0.670000E+00 -.975071E-04
 0.690000E+00 -.195384E-03
 0.710000E+00 -.208662E-03
 0.730000E+00 -.131590E-03
 0.750000E+00 0.245981E-05
 0.770000E+00 0.135446E-03
 0.790000E+00 0.209785E-03
 0.810000E+00 0.193290E-03
 0.830000E+00 0.931008E-04
 0.850000E+00 -.474011E-04
 0.870000E+00 -.167380E-03
 0.890000E+00 -.214885E-03
 0.910000E+00 -.182182E-03
 0.930000E+00 -.157579E-03
 0.950000E+00 -.164549E-03
 0.970000E+00 -.200055E-03
 0.990000E+00 -.248711E-03




































































































