 -.990000E+00 0.280872E+00
 -.970000E+00 0.280868E+00
 -.950000E+00 0.280834E+00
 -.930000E+00 0.280786E+00
 -.910000E+00 0.280744E+00
 -.890000E+00 -.742355E-04
 -.870000E+00 -.597932E-04
 -.850000E+00 -.193900E-04
 -.830000E+00 0.294292E-04
 -.810000E+00 0.654669E-04
 -.790000E+00 0.730767E-04
 -.770000E+00 0.489564E-04
 -.750000E+00 0.358094E-05
 -.730000E+00 -.433464E-04
 -.710000E+00 -.714499E-04
 -.690000E+00 -.685283E-04
 -.670000E+00 -.358520E-04
 -.650000E+00 0.123893E-04
 -.630000E+00 0.552485E-04
 -.610000E+00 0.741165E-04
 -.590000E+00 0.608022E-04
 -.570000E+00 0.210882E-04
 -.550000E+00 -.277804E-04
 -.530000E+00 -.645843E-04
 -.510000E+00 -.733440E-04
 -.490000E+00 -.502572E-04
 -.470000E+00 -.534955E-05
 -.450000E+00 0.418791E-04
 -.430000E+00 0.709219E-04
 -.410000E+00 0.691690E-04
 -.390000E+00 0.373828E-04
 -.370000E+00 -.106342E-04
 -.350000E+00 -.540322E-04
 -.330000E+00 -.739678E-04
 -.310000E+00 -.617857E-04
 -.290000E+00 -.227761E-04
 -.270000E+00 0.261220E-04
 -.250000E+00 0.636766E-04
 -.230000E+00 0.735816E-04
 -.210000E+00 0.515367E-04
 -.190000E+00 0.711449E-05
 -.170000E+00 -.403961E-04
 -.150000E+00 -.703657E-04
 -.130000E+00 -.697814E-04
 -.110000E+00 -.388974E-04
 -.900000E-01 0.887596E-05
 -.700000E-01 0.527949E-04
 -.500000E-01 0.737895E-04
 -.300000E-01 0.627438E-04
 -.100000E-01 0.244540E-04
 0.100000E-01 -.244540E-04
 0.300000E-01 -.627438E-04
 0.500000E-01 -.737895E-04
 0.700000E-01 -.527949E-04
 0.900000E-01 -.887596E-05
 0.110000E+00 0.388974E-04
 0.130000E+00 0.697814E-04
 0.150000E+00 0.703657E-04
 0.170000E+00 0.403961E-04
 0.190000E+00 -.711449E-05
 0.210000E+00 -.515367E-04
 0.230000E+00 -.735816E-04
 0.250000E+00 -.636766E-04
 0.270000E+00 -.261220E-04
 0.290000E+00 0.227761E-04
 0.310000E+00 0.617857E-04
 0.330000E+00 0.739678E-04
 0.350000E+00 0.540322E-04
 0.370000E+00 0.106342E-04
 0.390000E+00 -.373828E-04
 0.410000E+00 -.691690E-04
 0.430000E+00 -.709219E-04
 0.450000E+00 -.418791E-04
 0.470000E+00 0.534955E-05
 0.490000E+00 0.502572E-04
 0.510000E+00 0.733440E-04
 0.530000E+00 0.645843E-04
 0.550000E+00 0.277804E-04
 0.570000E+00 -.210882E-04
 0.590000E+00 -.608022E-04
 0.610000E+00 -.741165E-04
 0.630000E+00 -.552485E-04
 0.650000E+00 -.123893E-04
 0.670000E+00 0.358520E-04
 0.690000E+00 0.685283E-04
 0.710000E+00 0.714499E-04
 0.730000E+00 0.433464E-04
 0.750000E+00 -.358094E-05
 0.770000E+00 -.489564E-04
 0.790000E+00 -.730767E-04
 0.810000E+00 -.654669E-04
 0.830000E+00 -.294292E-04
 0.850000E+00 0.193900E-04
 0.870000E+00 0.597932E-04
 0.890000E+00 0.742355E-04
 0.910000E+00 -.280744E+00
 0.930000E+00 -.280786E+00
 0.950000E+00 -.280834E+00
 0.970000E+00 -.280868E+00
 0.990000E+00 -.280872E+00




































































































 -.990000E+00 0.281718E+00
 -.970000E+00 0.281714E+00
 -.950000E+00 0.281710E+00
 -.930000E+00 0.281704E+00
 -.910000E+00 0.281698E+00
 -.890000E+00 0.891755E-03
 -.870000E+00 0.884272E-03
 -.850000E+00 0.876026E-03
 -.830000E+00 0.867024E-03
 -.810000E+00 0.857274E-03
 -.790000E+00 0.846784E-03
 -.770000E+00 0.835564E-03
 -.750000E+00 0.823624E-03
 -.730000E+00 0.810974E-03
 -.710000E+00 0.797626E-03
 -.690000E+00 0.783590E-03
 -.670000E+00 0.768879E-03
 -.650000E+00 0.753506E-03
 -.630000E+00 0.737484E-03
 -.610000E+00 0.720828E-03
 -.590000E+00 0.703551E-03
 -.570000E+00 0.685669E-03
 -.550000E+00 0.667196E-03
 -.530000E+00 0.648150E-03
 -.510000E+00 0.628547E-03
 -.490000E+00 0.608403E-03
 -.470000E+00 0.587735E-03
 -.450000E+00 0.566563E-03
 -.430000E+00 0.544903E-03
 -.410000E+00 0.522775E-03
 -.390000E+00 0.500198E-03
 -.370000E+00 0.477191E-03
 -.350000E+00 0.453774E-03
 -.330000E+00 0.429967E-03
 -.310000E+00 0.405791E-03
 -.290000E+00 0.381266E-03
 -.270000E+00 0.356413E-03
 -.250000E+00 0.331255E-03
 -.230000E+00 0.305812E-03
 -.210000E+00 0.280106E-03
 -.190000E+00 0.254160E-03
 -.170000E+00 0.227996E-03
 -.150000E+00 0.201636E-03
 -.130000E+00 0.175102E-03
 -.110000E+00 0.148419E-03
 -.900000E-01 0.121608E-03
 -.700000E-01 0.946921E-04
 -.500000E-01 0.676953E-04
 -.300000E-01 0.406405E-04
 -.100000E-01 0.135507E-04
 0.100000E-01 -.135507E-04
 0.300000E-01 -.406405E-04
 0.500000E-01 -.676953E-04
 0.700000E-01 -.946921E-04
 0.900000E-01 -.121608E-03
 0.110000E+00 -.148419E-03
 0.130000E+00 -.175102E-03
 0.150000E+00 -.201636E-03
 0.170000E+00 -.227996E-03
 0.190000E+00 -.254160E-03
 0.210000E+00 -.280106E-03
 0.230000E+00 -.305812E-03
 0.250000E+00 -.331255E-03
 0.270000E+00 -.356413E-03
 0.290000E+00 -.381266E-03
 0.310000E+00 -.405791E-03
 0.330000E+00 -.429967E-03
 0.350000E+00 -.453774E-03
 0.370000E+00 -.477191E-03
 0.390000E+00 -.500198E-03
 0.410000E+00 -.522775E-03
 0.430000E+00 -.544903E-03
 0.450000E+00 -.566563E-03
 0.470000E+00 -.587735E-03
 0.490000E+00 -.608403E-03
 0.510000E+00 -.628547E-03
 0.530000E+00 -.648150E-03
 0.550000E+00 -.667196E-03
 0.570000E+00 -.685669E-03
 0.590000E+00 -.703551E-03
 0.610000E+00 -.720828E-03
 0.630000E+00 -.737484E-03
 0.650000E+00 -.753506E-03
 0.670000E+00 -.768879E-03
 0.690000E+00 -.783590E-03
 0.710000E+00 -.797626E-03
 0.730000E+00 -.810974E-03
 0.750000E+00 -.823624E-03
 0.770000E+00 -.835564E-03
 0.790000E+00 -.846784E-03
 0.810000E+00 -.857274E-03
 0.830000E+00 -.867024E-03
 0.850000E+00 -.876026E-03
 0.870000E+00 -.884272E-03
 0.890000E+00 -.891755E-03
 0.910000E+00 -.281698E+00
 0.930000E+00 -.281704E+00
 0.950000E+00 -.281710E+00
 0.970000E+00 -.281714E+00
 0.990000E+00 -.281718E+00




































































































 -.990000E+00 0.288022E+00
 -.970000E+00 0.287898E+00
 -.950000E+00 0.287772E+00
 -.930000E+00 0.287646E+00
 -.910000E+00 0.287520E+00
 -.890000E+00 0.659298E-02
 -.870000E+00 0.646465E-02
 -.850000E+00 0.633502E-02
 -.830000E+00 0.620408E-02
 -.810000E+00 0.607189E-02
 -.790000E+00 0.593845E-02
 -.770000E+00 0.580380E-02
 -.750000E+00 0.566797E-02
 -.730000E+00 0.553099E-02
 -.710000E+00 0.539287E-02
 -.690000E+00 0.525366E-02
 -.670000E+00 0.511337E-02
 -.650000E+00 0.497204E-02
 -.630000E+00 0.482970E-02
 -.610000E+00 0.468637E-02
 -.590000E+00 0.454209E-02
 -.570000E+00 0.439688E-02
 -.550000E+00 0.425077E-02
 -.530000E+00 0.410380E-02
 -.510000E+00 0.395599E-02
 -.490000E+00 0.380737E-02
 -.470000E+00 0.365798E-02
 -.450000E+00 0.350784E-02
 -.430000E+00 0.335699E-02
 -.410000E+00 0.320545E-02
 -.390000E+00 0.305325E-02
 -.370000E+00 0.290044E-02
 -.350000E+00 0.274703E-02
 -.330000E+00 0.259307E-02
 -.310000E+00 0.243857E-02
 -.290000E+00 0.228358E-02
 -.270000E+00 0.212812E-02
 -.250000E+00 0.197223E-02
 -.230000E+00 0.181593E-02
 -.210000E+00 0.165927E-02
 -.190000E+00 0.150226E-02
 -.170000E+00 0.134495E-02
 -.150000E+00 0.118737E-02
 -.130000E+00 0.102954E-02
 -.110000E+00 0.871508E-03
 -.900000E-01 0.713295E-03
 -.700000E-01 0.554936E-03
 -.500000E-01 0.396463E-03
 -.300000E-01 0.237910E-03
 -.100000E-01 0.793089E-04
 0.100000E-01 -.793089E-04
 0.300000E-01 -.237910E-03
 0.500000E-01 -.396463E-03
 0.700000E-01 -.554936E-03
 0.900000E-01 -.713295E-03
 0.110000E+00 -.871508E-03
 0.130000E+00 -.102954E-02
 0.150000E+00 -.118737E-02
 0.170000E+00 -.134495E-02
 0.190000E+00 -.150226E-02
 0.210000E+00 -.165927E-02
 0.230000E+00 -.181593E-02
 0.250000E+00 -.197223E-02
 0.270000E+00 -.212812E-02
 0.290000E+00 -.228358E-02
 0.310000E+00 -.243857E-02
 0.330000E+00 -.259307E-02
 0.350000E+00 -.274703E-02
 0.370000E+00 -.290044E-02
 0.390000E+00 -.305325E-02
 0.410000E+00 -.320545E-02
 0.430000E+00 -.335699E-02
 0.450000E+00 -.350784E-02
 0.470000E+00 -.365798E-02
 0.490000E+00 -.380737E-02
 0.510000E+00 -.395599E-02
 0.530000E+00 -.410380E-02
 0.550000E+00 -.425077E-02
 0.570000E+00 -.439688E-02
 0.590000E+00 -.454209E-02
 0.610000E+00 -.468637E-02
 0.630000E+00 -.482970E-02
 0.650000E+00 -.497204E-02
 0.670000E+00 -.511337E-02
 0.690000E+00 -.525366E-02
 0.710000E+00 -.539287E-02
 0.730000E+00 -.553099E-02
 0.750000E+00 -.566797E-02
 0.770000E+00 -.580380E-02
 0.790000E+00 -.593845E-02
 0.810000E+00 -.607189E-02
 0.830000E+00 -.620408E-02
 0.850000E+00 -.633502E-02
 0.870000E+00 -.646465E-02
 0.890000E+00 -.659298E-02
 0.910000E+00 -.287520E+00
 0.930000E+00 -.287646E+00
 0.950000E+00 -.287772E+00
 0.970000E+00 -.287898E+00
 0.990000E+00 -.288022E+00




































































































 -.990000E+00 0.286485E+00
 -.970000E+00 0.286377E+00
 -.950000E+00 0.286269E+00
 -.930000E+00 0.286159E+00
 -.910000E+00 0.286049E+00
 -.890000E+00 0.513802E-02
 -.870000E+00 0.502659E-02
 -.850000E+00 0.491489E-02
 -.830000E+00 0.480292E-02
 -.810000E+00 0.469069E-02
 -.790000E+00 0.457821E-02
 -.770000E+00 0.446548E-02
 -.750000E+00 0.435250E-02
 -.730000E+00 0.423929E-02
 -.710000E+00 0.412585E-02
 -.690000E+00 0.401218E-02
 -.670000E+00 0.389829E-02
 -.650000E+00 0.378420E-02
 -.630000E+00 0.366989E-02
 -.610000E+00 0.355539E-02
 -.590000E+00 0.344070E-02
 -.570000E+00 0.332582E-02
 -.550000E+00 0.321075E-02
 -.530000E+00 0.309552E-02
 -.510000E+00 0.298011E-02
 -.490000E+00 0.286454E-02
 -.470000E+00 0.274882E-02
 -.450000E+00 0.263295E-02
 -.430000E+00 0.251693E-02
 -.410000E+00 0.240078E-02
 -.390000E+00 0.228450E-02
 -.370000E+00 0.216809E-02
 -.350000E+00 0.205156E-02
 -.330000E+00 0.193493E-02
 -.310000E+00 0.181819E-02
 -.290000E+00 0.170135E-02
 -.270000E+00 0.158441E-02
 -.250000E+00 0.146740E-02
 -.230000E+00 0.135030E-02
 -.210000E+00 0.123313E-02
 -.190000E+00 0.111589E-02
 -.170000E+00 0.998589E-03
 -.150000E+00 0.881236E-03
 -.130000E+00 0.763834E-03
 -.110000E+00 0.646392E-03
 -.900000E-01 0.528914E-03
 -.700000E-01 0.411407E-03
 -.500000E-01 0.293878E-03
 -.300000E-01 0.176333E-03
 -.100000E-01 0.587788E-04
 0.100000E-01 -.587788E-04
 0.300000E-01 -.176333E-03
 0.500000E-01 -.293878E-03
 0.700000E-01 -.411407E-03
 0.900000E-01 -.528914E-03
 0.110000E+00 -.646392E-03
 0.130000E+00 -.763834E-03
 0.150000E+00 -.881236E-03
 0.170000E+00 -.998589E-03
 0.190000E+00 -.111589E-02
 0.210000E+00 -.123313E-02
 0.230000E+00 -.135030E-02
 0.250000E+00 -.146740E-02
 0.270000E+00 -.158441E-02
 0.290000E+00 -.170135E-02
 0.310000E+00 -.181819E-02
 0.330000E+00 -.193493E-02
 0.350000E+00 -.205156E-02
 0.370000E+00 -.216809E-02
 0.390000E+00 -.228450E-02
 0.410000E+00 -.240078E-02
 0.430000E+00 -.251693E-02
 0.450000E+00 -.263295E-02
 0.470000E+00 -.274882E-02
 0.490000E+00 -.286454E-02
 0.510000E+00 -.298011E-02
 0.530000E+00 -.309552E-02
 0.550000E+00 -.321075E-02
 0.570000E+00 -.332582E-02
 0.590000E+00 -.344070E-02
 0.610000E+00 -.355539E-02
 0.630000E+00 -.366989E-02
 0.650000E+00 -.378420E-02
 0.670000E+00 -.389829E-02
 0.690000E+00 -.401218E-02
 0.710000E+00 -.412585E-02
 0.730000E+00 -.423929E-02
 0.750000E+00 -.435250E-02
 0.770000E+00 -.446548E-02
 0.790000E+00 -.457821E-02
 0.810000E+00 -.469069E-02
 0.830000E+00 -.480292E-02
 0.850000E+00 -.491489E-02
 0.870000E+00 -.502659E-02
 0.890000E+00 -.513802E-02
 0.910000E+00 -.286049E+00
 0.930000E+00 -.286159E+00
 0.950000E+00 -.286269E+00
 0.970000E+00 -.286377E+00
 0.990000E+00 -.286485E+00




































































































 -.990000E+00 0.285882E+00
 -.970000E+00 0.285782E+00
 -.950000E+00 0.285681E+00
 -.930000E+00 0.285580E+00
 -.910000E+00 0.285478E+00
 -.890000E+00 0.457556E-02
 -.870000E+00 0.447297E-02
 -.850000E+00 0.437036E-02
 -.830000E+00 0.426773E-02
 -.810000E+00 0.416509E-02
 -.790000E+00 0.406244E-02
 -.770000E+00 0.395977E-02
 -.750000E+00 0.385708E-02
 -.730000E+00 0.375439E-02
 -.710000E+00 0.365168E-02
 -.690000E+00 0.354896E-02
 -.670000E+00 0.344622E-02
 -.650000E+00 0.334348E-02
 -.630000E+00 0.324072E-02
 -.610000E+00 0.313795E-02
 -.590000E+00 0.303517E-02
 -.570000E+00 0.293238E-02
 -.550000E+00 0.282958E-02
 -.530000E+00 0.272677E-02
 -.510000E+00 0.262395E-02
 -.490000E+00 0.252112E-02
 -.470000E+00 0.241829E-02
 -.450000E+00 0.231544E-02
 -.430000E+00 0.221259E-02
 -.410000E+00 0.210973E-02
 -.390000E+00 0.200686E-02
 -.370000E+00 0.190399E-02
 -.350000E+00 0.180110E-02
 -.330000E+00 0.169822E-02
 -.310000E+00 0.159532E-02
 -.290000E+00 0.149243E-02
 -.270000E+00 0.138952E-02
 -.250000E+00 0.128661E-02
 -.230000E+00 0.118370E-02
 -.210000E+00 0.108078E-02
 -.190000E+00 0.977863E-03
 -.170000E+00 0.874939E-03
 -.150000E+00 0.772012E-03
 -.130000E+00 0.669082E-03
 -.110000E+00 0.566150E-03
 -.900000E-01 0.463216E-03
 -.700000E-01 0.360281E-03
 -.500000E-01 0.257345E-03
 -.300000E-01 0.154407E-03
 -.100000E-01 0.514691E-04
 0.100000E-01 -.514691E-04
 0.300000E-01 -.154407E-03
 0.500000E-01 -.257345E-03
 0.700000E-01 -.360281E-03
 0.900000E-01 -.463216E-03
 0.110000E+00 -.566150E-03
 0.130000E+00 -.669082E-03
 0.150000E+00 -.772012E-03
 0.170000E+00 -.874939E-03
 0.190000E+00 -.977863E-03
 0.210000E+00 -.108078E-02
 0.230000E+00 -.118370E-02
 0.250000E+00 -.128661E-02
 0.270000E+00 -.138952E-02
 0.290000E+00 -.149243E-02
 0.310000E+00 -.159532E-02
 0.330000E+00 -.169822E-02
 0.350000E+00 -.180110E-02
 0.370000E+00 -.190399E-02
 0.390000E+00 -.200686E-02
 0.410000E+00 -.210973E-02
 0.430000E+00 -.221259E-02
 0.450000E+00 -.231544E-02
 0.470000E+00 -.241829E-02
 0.490000E+00 -.252112E-02
 0.510000E+00 -.262395E-02
 0.530000E+00 -.272677E-02
 0.550000E+00 -.282958E-02
 0.570000E+00 -.293238E-02
 0.590000E+00 -.303517E-02
 0.610000E+00 -.313795E-02
 0.630000E+00 -.324072E-02
 0.650000E+00 -.334348E-02
 0.670000E+00 -.344622E-02
 0.690000E+00 -.354896E-02
 0.710000E+00 -.365168E-02
 0.730000E+00 -.375439E-02
 0.750000E+00 -.385708E-02
 0.770000E+00 -.395977E-02
 0.790000E+00 -.406244E-02
 0.810000E+00 -.416509E-02
 0.830000E+00 -.426773E-02
 0.850000E+00 -.437036E-02
 0.870000E+00 -.447297E-02
 0.890000E+00 -.457556E-02
 0.910000E+00 -.285478E+00
 0.930000E+00 -.285580E+00
 0.950000E+00 -.285681E+00
 0.970000E+00 -.285782E+00
 0.990000E+00 -.285882E+00




































































































 -.990000E+00 0.286065E+00
 -.970000E+00 0.285968E+00
 -.950000E+00 0.285868E+00
 -.930000E+00 0.285766E+00
 -.910000E+00 0.285662E+00
 -.890000E+00 0.475577E-02
 -.870000E+00 0.464917E-02
 -.850000E+00 0.454255E-02
 -.830000E+00 0.443591E-02
 -.810000E+00 0.432925E-02
 -.790000E+00 0.422258E-02
 -.770000E+00 0.411589E-02
 -.750000E+00 0.400919E-02
 -.730000E+00 0.390246E-02
 -.710000E+00 0.379573E-02
 -.690000E+00 0.368898E-02
 -.670000E+00 0.358221E-02
 -.650000E+00 0.347543E-02
 -.630000E+00 0.336863E-02
 -.610000E+00 0.326183E-02
 -.590000E+00 0.315501E-02
 -.570000E+00 0.304817E-02
 -.550000E+00 0.294133E-02
 -.530000E+00 0.283447E-02
 -.510000E+00 0.272760E-02
 -.490000E+00 0.262072E-02
 -.470000E+00 0.251383E-02
 -.450000E+00 0.240694E-02
 -.430000E+00 0.230003E-02
 -.410000E+00 0.219311E-02
 -.390000E+00 0.208618E-02
 -.370000E+00 0.197925E-02
 -.350000E+00 0.187231E-02
 -.330000E+00 0.176536E-02
 -.310000E+00 0.165840E-02
 -.290000E+00 0.155144E-02
 -.270000E+00 0.144447E-02
 -.250000E+00 0.133749E-02
 -.230000E+00 0.123051E-02
 -.210000E+00 0.112353E-02
 -.190000E+00 0.101654E-02
 -.170000E+00 0.909546E-03
 -.150000E+00 0.802549E-03
 -.130000E+00 0.695549E-03
 -.110000E+00 0.588546E-03
 -.900000E-01 0.481541E-03
 -.700000E-01 0.374534E-03
 -.500000E-01 0.267525E-03
 -.300000E-01 0.160516E-03
 -.100000E-01 0.535053E-04
 0.100000E-01 -.535053E-04
 0.300000E-01 -.160516E-03
 0.500000E-01 -.267525E-03
 0.700000E-01 -.374534E-03
 0.900000E-01 -.481541E-03
 0.110000E+00 -.588546E-03
 0.130000E+00 -.695549E-03
 0.150000E+00 -.802549E-03
 0.170000E+00 -.909546E-03
 0.190000E+00 -.101654E-02
 0.210000E+00 -.112353E-02
 0.230000E+00 -.123051E-02
 0.250000E+00 -.133749E-02
 0.270000E+00 -.144447E-02
 0.290000E+00 -.155144E-02
 0.310000E+00 -.165840E-02
 0.330000E+00 -.176536E-02
 0.350000E+00 -.187231E-02
 0.370000E+00 -.197925E-02
 0.390000E+00 -.208618E-02
 0.410000E+00 -.219311E-02
 0.430000E+00 -.230003E-02
 0.450000E+00 -.240694E-02
 0.470000E+00 -.251383E-02
 0.490000E+00 -.262072E-02
 0.510000E+00 -.272760E-02
 0.530000E+00 -.283447E-02
 0.550000E+00 -.294133E-02
 0.570000E+00 -.304817E-02
 0.590000E+00 -.315501E-02
 0.610000E+00 -.326183E-02
 0.630000E+00 -.336863E-02
 0.650000E+00 -.347543E-02
 0.670000E+00 -.358221E-02
 0.690000E+00 -.368898E-02
 0.710000E+00 -.379573E-02
 0.730000E+00 -.390246E-02
 0.750000E+00 -.400919E-02
 0.770000E+00 -.411589E-02
 0.790000E+00 -.422258E-02
 0.810000E+00 -.432925E-02
 0.830000E+00 -.443591E-02
 0.850000E+00 -.454255E-02
 0.870000E+00 -.464917E-02
 0.890000E+00 -.475577E-02
 0.910000E+00 -.285662E+00
 0.930000E+00 -.285766E+00
 0.950000E+00 -.285868E+00
 0.970000E+00 -.285968E+00
 0.990000E+00 -.286065E+00




































































































 -.990000E+00 0.285882E+00
 -.970000E+00 0.285782E+00
 -.950000E+00 0.285681E+00
 -.930000E+00 0.285580E+00
 -.910000E+00 0.285478E+00
 -.890000E+00 0.457556E-02
 -.870000E+00 0.447297E-02
 -.850000E+00 0.437036E-02
 -.830000E+00 0.426773E-02
 -.810000E+00 0.416509E-02
 -.790000E+00 0.406244E-02
 -.770000E+00 0.395977E-02
 -.750000E+00 0.385708E-02
 -.730000E+00 0.375439E-02
 -.710000E+00 0.365168E-02
 -.690000E+00 0.354896E-02
 -.670000E+00 0.344622E-02
 -.650000E+00 0.334348E-02
 -.630000E+00 0.324072E-02
 -.610000E+00 0.313795E-02
 -.590000E+00 0.303517E-02
 -.570000E+00 0.293238E-02
 -.550000E+00 0.282958E-02
 -.530000E+00 0.272677E-02
 -.510000E+00 0.262395E-02
 -.490000E+00 0.252112E-02
 -.470000E+00 0.241829E-02
 -.450000E+00 0.231544E-02
 -.430000E+00 0.221259E-02
 -.410000E+00 0.210973E-02
 -.390000E+00 0.200686E-02
 -.370000E+00 0.190399E-02
 -.350000E+00 0.180110E-02
 -.330000E+00 0.169822E-02
 -.310000E+00 0.159532E-02
 -.290000E+00 0.149243E-02
 -.270000E+00 0.138952E-02
 -.250000E+00 0.128661E-02
 -.230000E+00 0.118370E-02
 -.210000E+00 0.108078E-02
 -.190000E+00 0.977863E-03
 -.170000E+00 0.874939E-03
 -.150000E+00 0.772012E-03
 -.130000E+00 0.669082E-03
 -.110000E+00 0.566150E-03
 -.900000E-01 0.463216E-03
 -.700000E-01 0.360281E-03
 -.500000E-01 0.257345E-03
 -.300000E-01 0.154407E-03
 -.100000E-01 0.514691E-04
 0.100000E-01 -.514691E-04
 0.300000E-01 -.154407E-03
 0.500000E-01 -.257345E-03
 0.700000E-01 -.360281E-03
 0.900000E-01 -.463216E-03
 0.110000E+00 -.566150E-03
 0.130000E+00 -.669082E-03
 0.150000E+00 -.772012E-03
 0.170000E+00 -.874939E-03
 0.190000E+00 -.977863E-03
 0.210000E+00 -.108078E-02
 0.230000E+00 -.118370E-02
 0.250000E+00 -.128661E-02
 0.270000E+00 -.138952E-02
 0.290000E+00 -.149243E-02
 0.310000E+00 -.159532E-02
 0.330000E+00 -.169822E-02
 0.350000E+00 -.180110E-02
 0.370000E+00 -.190399E-02
 0.390000E+00 -.200686E-02
 0.410000E+00 -.210973E-02
 0.430000E+00 -.221259E-02
 0.450000E+00 -.231544E-02
 0.470000E+00 -.241829E-02
 0.490000E+00 -.252112E-02
 0.510000E+00 -.262395E-02
 0.530000E+00 -.272677E-02
 0.550000E+00 -.282958E-02
 0.570000E+00 -.293238E-02
 0.590000E+00 -.303517E-02
 0.610000E+00 -.313795E-02
 0.630000E+00 -.324072E-02
 0.650000E+00 -.334348E-02
 0.670000E+00 -.344622E-02
 0.690000E+00 -.354896E-02
 0.710000E+00 -.365168E-02
 0.730000E+00 -.375439E-02
 0.750000E+00 -.385708E-02
 0.770000E+00 -.395977E-02
 0.790000E+00 -.406244E-02
 0.810000E+00 -.416509E-02
 0.830000E+00 -.426773E-02
 0.850000E+00 -.437036E-02
 0.870000E+00 -.447297E-02
 0.890000E+00 -.457556E-02
 0.910000E+00 -.285478E+00
 0.930000E+00 -.285580E+00
 0.950000E+00 -.285681E+00
 0.970000E+00 -.285782E+00
 0.990000E+00 -.285882E+00




































































































 -.990000E+00 0.286485E+00
 -.970000E+00 0.286377E+00
 -.950000E+00 0.286269E+00
 -.930000E+00 0.286159E+00
 -.910000E+00 0.286049E+00
 -.890000E+00 0.513802E-02
 -.870000E+00 0.502659E-02
 -.850000E+00 0.491489E-02
 -.830000E+00 0.480292E-02
 -.810000E+00 0.469069E-02
 -.790000E+00 0.457821E-02
 -.770000E+00 0.446548E-02
 -.750000E+00 0.435250E-02
 -.730000E+00 0.423929E-02
 -.710000E+00 0.412585E-02
 -.690000E+00 0.401218E-02
 -.670000E+00 0.389829E-02
 -.650000E+00 0.378420E-02
 -.630000E+00 0.366989E-02
 -.610000E+00 0.355539E-02
 -.590000E+00 0.344070E-02
 -.570000E+00 0.332582E-02
 -.550000E+00 0.321075E-02
 -.530000E+00 0.309552E-02
 -.510000E+00 0.298011E-02
 -.490000E+00 0.286454E-02
 -.470000E+00 0.274882E-02
 -.450000E+00 0.263295E-02
 -.430000E+00 0.251693E-02
 -.410000E+00 0.240078E-02
 -.390000E+00 0.228450E-02
 -.370000E+00 0.216809E-02
 -.350000E+00 0.205156E-02
 -.330000E+00 0.193493E-02
 -.310000E+00 0.181819E-02
 -.290000E+00 0.170135E-02
 -.270000E+00 0.158441E-02
 -.250000E+00 0.146740E-02
 -.230000E+00 0.135030E-02
 -.210000E+00 0.123313E-02
 -.190000E+00 0.111589E-02
 -.170000E+00 0.998589E-03
 -.150000E+00 0.881236E-03
 -.130000E+00 0.763834E-03
 -.110000E+00 0.646392E-03
 -.900000E-01 0.528914E-03
 -.700000E-01 0.411407E-03
 -.500000E-01 0.293878E-03
 -.300000E-01 0.176333E-03
 -.100000E-01 0.587788E-04
 0.100000E-01 -.587788E-04
 0.300000E-01 -.176333E-03
 0.500000E-01 -.293878E-03
 0.700000E-01 -.411407E-03
 0.900000E-01 -.528914E-03
 0.110000E+00 -.646392E-03
 0.130000E+00 -.763834E-03
 0.150000E+00 -.881236E-03
 0.170000E+00 -.998589E-03
 0.190000E+00 -.111589E-02
 0.210000E+00 -.123313E-02
 0.230000E+00 -.135030E-02
 0.250000E+00 -.146740E-02
 0.270000E+00 -.158441E-02
 0.290000E+00 -.170135E-02
 0.310000E+00 -.181819E-02
 0.330000E+00 -.193493E-02
 0.350000E+00 -.205156E-02
 0.370000E+00 -.216809E-02
 0.390000E+00 -.228450E-02
 0.410000E+00 -.240078E-02
 0.430000E+00 -.251693E-02
 0.450000E+00 -.263295E-02
 0.470000E+00 -.274882E-02
 0.490000E+00 -.286454E-02
 0.510000E+00 -.298011E-02
 0.530000E+00 -.309552E-02
 0.550000E+00 -.321075E-02
 0.570000E+00 -.332582E-02
 0.590000E+00 -.344070E-02
 0.610000E+00 -.355539E-02
 0.630000E+00 -.366989E-02
 0.650000E+00 -.378420E-02
 0.670000E+00 -.389829E-02
 0.690000E+00 -.401218E-02
 0.710000E+00 -.412585E-02
 0.730000E+00 -.423929E-02
 0.750000E+00 -.435250E-02
 0.770000E+00 -.446548E-02
 0.790000E+00 -.457821E-02
 0.810000E+00 -.469069E-02
 0.830000E+00 -.480292E-02
 0.850000E+00 -.491489E-02
 0.870000E+00 -.502659E-02
 0.890000E+00 -.513802E-02
 0.910000E+00 -.286049E+00
 0.930000E+00 -.286159E+00
 0.950000E+00 -.286269E+00
 0.970000E+00 -.286377E+00
 0.990000E+00 -.286485E+00




































































































 -.990000E+00 0.288022E+00
 -.970000E+00 0.287898E+00
 -.950000E+00 0.287772E+00
 -.930000E+00 0.287646E+00
 -.910000E+00 0.287520E+00
 -.890000E+00 0.659298E-02
 -.870000E+00 0.646465E-02
 -.850000E+00 0.633502E-02
 -.830000E+00 0.620408E-02
 -.810000E+00 0.607189E-02
 -.790000E+00 0.593845E-02
 -.770000E+00 0.580380E-02
 -.750000E+00 0.566797E-02
 -.730000E+00 0.553099E-02
 -.710000E+00 0.539287E-02
 -.690000E+00 0.525366E-02
 -.670000E+00 0.511337E-02
 -.650000E+00 0.497204E-02
 -.630000E+00 0.482970E-02
 -.610000E+00 0.468637E-02
 -.590000E+00 0.454209E-02
 -.570000E+00 0.439688E-02
 -.550000E+00 0.425077E-02
 -.530000E+00 0.410380E-02
 -.510000E+00 0.395599E-02
 -.490000E+00 0.380737E-02
 -.470000E+00 0.365798E-02
 -.450000E+00 0.350784E-02
 -.430000E+00 0.335699E-02
 -.410000E+00 0.320545E-02
 -.390000E+00 0.305325E-02
 -.370000E+00 0.290044E-02
 -.350000E+00 0.274703E-02
 -.330000E+00 0.259307E-02
 -.310000E+00 0.243857E-02
 -.290000E+00 0.228358E-02
 -.270000E+00 0.212812E-02
 -.250000E+00 0.197223E-02
 -.230000E+00 0.181593E-02
 -.210000E+00 0.165927E-02
 -.190000E+00 0.150226E-02
 -.170000E+00 0.134495E-02
 -.150000E+00 0.118737E-02
 -.130000E+00 0.102954E-02
 -.110000E+00 0.871508E-03
 -.900000E-01 0.713295E-03
 -.700000E-01 0.554936E-03
 -.500000E-01 0.396463E-03
 -.300000E-01 0.237910E-03
 -.100000E-01 0.793089E-04
 0.100000E-01 -.793089E-04
 0.300000E-01 -.237910E-03
 0.500000E-01 -.396463E-03
 0.700000E-01 -.554936E-03
 0.900000E-01 -.713295E-03
 0.110000E+00 -.871508E-03
 0.130000E+00 -.102954E-02
 0.150000E+00 -.118737E-02
 0.170000E+00 -.134495E-02
 0.190000E+00 -.150226E-02
 0.210000E+00 -.165927E-02
 0.230000E+00 -.181593E-02
 0.250000E+00 -.197223E-02
 0.270000E+00 -.212812E-02
 0.290000E+00 -.228358E-02
 0.310000E+00 -.243857E-02
 0.330000E+00 -.259307E-02
 0.350000E+00 -.274703E-02
 0.370000E+00 -.290044E-02
 0.390000E+00 -.305325E-02
 0.410000E+00 -.320545E-02
 0.430000E+00 -.335699E-02
 0.450000E+00 -.350784E-02
 0.470000E+00 -.365798E-02
 0.490000E+00 -.380737E-02
 0.510000E+00 -.395599E-02
 0.530000E+00 -.410380E-02
 0.550000E+00 -.425077E-02
 0.570000E+00 -.439688E-02
 0.590000E+00 -.454209E-02
 0.610000E+00 -.468637E-02
 0.630000E+00 -.482970E-02
 0.650000E+00 -.497204E-02
 0.670000E+00 -.511337E-02
 0.690000E+00 -.525366E-02
 0.710000E+00 -.539287E-02
 0.730000E+00 -.553099E-02
 0.750000E+00 -.566797E-02
 0.770000E+00 -.580380E-02
 0.790000E+00 -.593845E-02
 0.810000E+00 -.607189E-02
 0.830000E+00 -.620408E-02
 0.850000E+00 -.633502E-02
 0.870000E+00 -.646465E-02
 0.890000E+00 -.659298E-02
 0.910000E+00 -.287520E+00
 0.930000E+00 -.287646E+00
 0.950000E+00 -.287772E+00
 0.970000E+00 -.287898E+00
 0.990000E+00 -.288022E+00




































































































 -.990000E+00 0.281718E+00
 -.970000E+00 0.281714E+00
 -.950000E+00 0.281710E+00
 -.930000E+00 0.281704E+00
 -.910000E+00 0.281698E+00
 -.890000E+00 0.891755E-03
 -.870000E+00 0.884272E-03
 -.850000E+00 0.876026E-03
 -.830000E+00 0.867024E-03
 -.810000E+00 0.857274E-03
 -.790000E+00 0.846784E-03
 -.770000E+00 0.835564E-03
 -.750000E+00 0.823624E-03
 -.730000E+00 0.810974E-03
 -.710000E+00 0.797626E-03
 -.690000E+00 0.783590E-03
 -.670000E+00 0.768879E-03
 -.650000E+00 0.753506E-03
 -.630000E+00 0.737484E-03
 -.610000E+00 0.720828E-03
 -.590000E+00 0.703551E-03
 -.570000E+00 0.685669E-03
 -.550000E+00 0.667196E-03
 -.530000E+00 0.648150E-03
 -.510000E+00 0.628547E-03
 -.490000E+00 0.608403E-03
 -.470000E+00 0.587735E-03
 -.450000E+00 0.566563E-03
 -.430000E+00 0.544903E-03
 -.410000E+00 0.522775E-03
 -.390000E+00 0.500198E-03
 -.370000E+00 0.477191E-03
 -.350000E+00 0.453774E-03
 -.330000E+00 0.429967E-03
 -.310000E+00 0.405791E-03
 -.290000E+00 0.381266E-03
 -.270000E+00 0.356413E-03
 -.250000E+00 0.331255E-03
 -.230000E+00 0.305812E-03
 -.210000E+00 0.280106E-03
 -.190000E+00 0.254160E-03
 -.170000E+00 0.227996E-03
 -.150000E+00 0.201636E-03
 -.130000E+00 0.175102E-03
 -.110000E+00 0.148419E-03
 -.900000E-01 0.121608E-03
 -.700000E-01 0.946921E-04
 -.500000E-01 0.676953E-04
 -.300000E-01 0.406405E-04
 -.100000E-01 0.135507E-04
 0.100000E-01 -.135507E-04
 0.300000E-01 -.406405E-04
 0.500000E-01 -.676953E-04
 0.700000E-01 -.946921E-04
 0.900000E-01 -.121608E-03
 0.110000E+00 -.148419E-03
 0.130000E+00 -.175102E-03
 0.150000E+00 -.201636E-03
 0.170000E+00 -.227996E-03
 0.190000E+00 -.254160E-03
 0.210000E+00 -.280106E-03
 0.230000E+00 -.305812E-03
 0.250000E+00 -.331255E-03
 0.270000E+00 -.356413E-03
 0.290000E+00 -.381266E-03
 0.310000E+00 -.405791E-03
 0.330000E+00 -.429967E-03
 0.350000E+00 -.453774E-03
 0.370000E+00 -.477191E-03
 0.390000E+00 -.500198E-03
 0.410000E+00 -.522775E-03
 0.430000E+00 -.544903E-03
 0.450000E+00 -.566563E-03
 0.470000E+00 -.587735E-03
 0.490000E+00 -.608403E-03
 0.510000E+00 -.628547E-03
 0.530000E+00 -.648150E-03
 0.550000E+00 -.667196E-03
 0.570000E+00 -.685669E-03
 0.590000E+00 -.703551E-03
 0.610000E+00 -.720828E-03
 0.630000E+00 -.737484E-03
 0.650000E+00 -.753506E-03
 0.670000E+00 -.768879E-03
 0.690000E+00 -.783590E-03
 0.710000E+00 -.797626E-03
 0.730000E+00 -.810974E-03
 0.750000E+00 -.823624E-03
 0.770000E+00 -.835564E-03
 0.790000E+00 -.846784E-03
 0.810000E+00 -.857274E-03
 0.830000E+00 -.867024E-03
 0.850000E+00 -.876026E-03
 0.870000E+00 -.884272E-03
 0.890000E+00 -.891755E-03
 0.910000E+00 -.281698E+00
 0.930000E+00 -.281704E+00
 0.950000E+00 -.281710E+00
 0.970000E+00 -.281714E+00
 0.990000E+00 -.281718E+00




































































































 -.990000E+00 0.280872E+00
 -.970000E+00 0.280868E+00
 -.950000E+00 0.280834E+00
 -.930000E+00 0.280786E+00
 -.910000E+00 0.280744E+00
 -.890000E+00 -.742355E-04
 -.870000E+00 -.597932E-04
 -.850000E+00 -.193900E-04
 -.830000E+00 0.294292E-04
 -.810000E+00 0.654669E-04
 -.790000E+00 0.730767E-04
 -.770000E+00 0.489564E-04
 -.750000E+00 0.358094E-05
 -.730000E+00 -.433464E-04
 -.710000E+00 -.714499E-04
 -.690000E+00 -.685283E-04
 -.670000E+00 -.358520E-04
 -.650000E+00 0.123893E-04
 -.630000E+00 0.552485E-04
 -.610000E+00 0.741165E-04
 -.590000E+00 0.608022E-04
 -.570000E+00 0.210882E-04
 -.550000E+00 -.277804E-04
 -.530000E+00 -.645843E-04
 -.510000E+00 -.733440E-04
 -.490000E+00 -.502572E-04
 -.470000E+00 -.534955E-05
 -.450000E+00 0.418791E-04
 -.430000E+00 0.709219E-04
 -.410000E+00 0.691690E-04
 -.390000E+00 0.373828E-04
 -.370000E+00 -.106342E-04
 -.350000E+00 -.540322E-04
 -.330000E+00 -.739678E-04
 -.310000E+00 -.617857E-04
 -.290000E+00 -.227761E-04
 -.270000E+00 0.261220E-04
 -.250000E+00 0.636766E-04
 -.230000E+00 0.735816E-04
 -.210000E+00 0.515367E-04
 -.190000E+00 0.711449E-05
 -.170000E+00 -.403961E-04
 -.150000E+00 -.703657E-04
 -.130000E+00 -.697814E-04
 -.110000E+00 -.388974E-04
 -.900000E-01 0.887596E-05
 -.700000E-01 0.527949E-04
 -.500000E-01 0.737895E-04
 -.300000E-01 0.627438E-04
 -.100000E-01 0.244540E-04
 0.100000E-01 -.244540E-04
 0.300000E-01 -.627438E-04
 0.500000E-01 -.737895E-04
 0.700000E-01 -.527949E-04
 0.900000E-01 -.887596E-05
 0.110000E+00 0.388974E-04
 0.130000E+00 0.697814E-04
 0.150000E+00 0.703657E-04
 0.170000E+00 0.403961E-04
 0.190000E+00 -.711449E-05
 0.210000E+00 -.515367E-04
 0.230000E+00 -.735816E-04
 0.250000E+00 -.636766E-04
 0.270000E+00 -.261220E-04
 0.290000E+00 0.227761E-04
 0.310000E+00 0.617857E-04
 0.330000E+00 0.739678E-04
 0.350000E+00 0.540322E-04
 0.370000E+00 0.106342E-04
 0.390000E+00 -.373828E-04
 0.410000E+00 -.691690E-04
 0.430000E+00 -.709219E-04
 0.450000E+00 -.418791E-04
 0.470000E+00 0.534955E-05
 0.490000E+00 0.502572E-04
 0.510000E+00 0.733440E-04
 0.530000E+00 0.645843E-04
 0.550000E+00 0.277804E-04
 0.570000E+00 -.210882E-04
 0.590000E+00 -.608022E-04
 0.610000E+00 -.741165E-04
 0.630000E+00 -.552485E-04
 0.650000E+00 -.123893E-04
 0.670000E+00 0.358520E-04
 0.690000E+00 0.685283E-04
 0.710000E+00 0.714499E-04
 0.730000E+00 0.433464E-04
 0.750000E+00 -.358094E-05
 0.770000E+00 -.489564E-04
 0.790000E+00 -.730767E-04
 0.810000E+00 -.654669E-04
 0.830000E+00 -.294292E-04
 0.850000E+00 0.193900E-04
 0.870000E+00 0.597932E-04
 0.890000E+00 0.742355E-04
 0.910000E+00 -.280744E+00
 0.930000E+00 -.280786E+00
 0.950000E+00 -.280834E+00
 0.970000E+00 -.280868E+00
 0.990000E+00 -.280872E+00




































































































