 -.990000E+00 -.837712E-02
 -.970000E+00 -.837664E-02
 -.950000E+00 -.837543E-02
 -.930000E+00 -.837403E-02
 -.910000E+00 -.837304E-02
 -.890000E+00 -.790644E-02
 -.870000E+00 -.448279E-02
 -.850000E+00 0.879791E-03
 -.830000E+00 0.585818E-02
 -.810000E+00 0.829702E-02
 -.790000E+00 0.714184E-02
 -.770000E+00 0.289501E-02
 -.750000E+00 -.260276E-02
 -.730000E+00 -.697023E-02
 -.710000E+00 -.831700E-02
 -.690000E+00 -.606177E-02
 -.670000E+00 -.118321E-02
 -.650000E+00 0.420471E-02
 -.630000E+00 0.776877E-02
 -.610000E+00 0.796686E-02
 -.590000E+00 0.471525E-02
 -.570000E+00 -.576053E-03
 -.550000E+00 -.561473E-02
 -.530000E+00 -.821922E-02
 -.510000E+00 -.726329E-02
 -.490000E+00 -.316299E-02
 -.470000E+00 0.230437E-02
 -.450000E+00 0.677064E-02
 -.430000E+00 0.830259E-02
 -.410000E+00 0.623866E-02
 -.390000E+00 0.147469E-02
 -.370000E+00 -.392491E-02
 -.350000E+00 -.762180E-02
 -.330000E+00 -.801627E-02
 -.310000E+00 -.493953E-02
 -.290000E+00 0.274121E-03
 -.270000E+00 0.536592E-02
 -.250000E+00 0.813124E-02
 -.230000E+00 0.737413E-02
 -.210000E+00 0.342454E-02
 -.190000E+00 -.200545E-02
 -.170000E+00 -.656381E-02
 -.150000E+00 -.827734E-02
 -.130000E+00 -.640581E-02
 -.110000E+00 -.176176E-02
 -.900000E-01 0.364230E-02
 -.700000E-01 0.746601E-02
 -.500000E-01 0.805469E-02
 -.300000E-01 0.515540E-02
 -.100000E-01 0.256224E-04
 0.100000E-01 -.511214E-02
 0.300000E-01 -.803328E-02
 0.500000E-01 -.747431E-02
 0.700000E-01 -.367937E-02
 0.900000E-01 0.170641E-02
 0.110000E+00 0.635006E-02
 0.130000E+00 0.824138E-02
 0.150000E+00 0.656311E-02
 0.170000E+00 0.204409E-02
 0.190000E+00 -.335727E-02
 0.210000E+00 -.730169E-02
 0.230000E+00 -.808215E-02
 0.250000E+00 -.536264E-02
 0.270000E+00 -.322800E-03
 0.290000E+00 0.485376E-02
 0.310000E+00 0.792554E-02
 0.330000E+00 0.756378E-02
 0.350000E+00 0.392719E-02
 0.370000E+00 -.140764E-02
 0.390000E+00 -.612974E-02
 0.410000E+00 -.819486E-02
 0.430000E+00 -.671042E-02
 0.450000E+00 -.232133E-02
 0.470000E+00 0.307022E-02
 0.490000E+00 0.712912E-02
 0.510000E+00 0.809872E-02
 0.530000E+00 0.556106E-02
 0.550000E+00 0.617043E-03
 0.570000E+00 -.459115E-02
 0.590000E+00 -.780827E-02
 0.610000E+00 -.764252E-02
 0.630000E+00 -.416773E-02
 0.650000E+00 0.110955E-02
 0.670000E+00 0.590320E-02
 0.690000E+00 0.813792E-02
 0.710000E+00 0.684764E-02
 0.730000E+00 0.259317E-02
 0.750000E+00 -.278154E-02
 0.770000E+00 -.694861E-02
 0.790000E+00 -.810447E-02
 0.810000E+00 -.575047E-02
 0.830000E+00 -.907986E-03
 0.850000E+00 0.432471E-02
 0.870000E+00 0.768168E-02
 0.890000E+00 0.771051E-02
 0.910000E+00 0.486731E-02
 0.930000E+00 0.307831E-02
 0.950000E+00 0.358343E-02
 0.970000E+00 0.616254E-02
 0.990000E+00 0.969762E-02




































































































 -.990000E+00 -.186589E+00
 -.970000E+00 -.186589E+00
 -.950000E+00 -.186588E+00
 -.930000E+00 -.186587E+00
 -.910000E+00 -.186585E+00
 -.890000E+00 -.186561E+00
 -.870000E+00 -.186377E+00
 -.850000E+00 -.186012E+00
 -.830000E+00 -.185465E+00
 -.810000E+00 -.184738E+00
 -.790000E+00 -.183831E+00
 -.770000E+00 -.182744E+00
 -.750000E+00 -.181481E+00
 -.730000E+00 -.180040E+00
 -.710000E+00 -.178425E+00
 -.690000E+00 -.176637E+00
 -.670000E+00 -.174677E+00
 -.650000E+00 -.172548E+00
 -.630000E+00 -.170252E+00
 -.610000E+00 -.167791E+00
 -.590000E+00 -.165167E+00
 -.570000E+00 -.162384E+00
 -.550000E+00 -.159444E+00
 -.530000E+00 -.156350E+00
 -.510000E+00 -.153105E+00
 -.490000E+00 -.149713E+00
 -.470000E+00 -.146176E+00
 -.450000E+00 -.142499E+00
 -.430000E+00 -.138685E+00
 -.410000E+00 -.134738E+00
 -.390000E+00 -.130662E+00
 -.370000E+00 -.126460E+00
 -.350000E+00 -.122138E+00
 -.330000E+00 -.117700E+00
 -.310000E+00 -.113149E+00
 -.290000E+00 -.108491E+00
 -.270000E+00 -.103729E+00
 -.250000E+00 -.988696E-01
 -.230000E+00 -.939165E-01
 -.210000E+00 -.888750E-01
 -.190000E+00 -.837500E-01
 -.170000E+00 -.785465E-01
 -.150000E+00 -.732698E-01
 -.130000E+00 -.679250E-01
 -.110000E+00 -.625173E-01
 -.900000E-01 -.570523E-01
 -.700000E-01 -.515351E-01
 -.500000E-01 -.459713E-01
 -.300000E-01 -.403663E-01
 -.100000E-01 -.347256E-01
 0.100000E-01 -.290549E-01
 0.300000E-01 -.233595E-01
 0.500000E-01 -.176452E-01
 0.700000E-01 -.119175E-01
 0.900000E-01 -.618194E-02
 0.110000E+00 -.444228E-03
 0.130000E+00 0.529007E-02
 0.150000E+00 0.110154E-01
 0.170000E+00 0.167261E-01
 0.190000E+00 0.224167E-01
 0.210000E+00 0.280816E-01
 0.230000E+00 0.337153E-01
 0.250000E+00 0.393124E-01
 0.270000E+00 0.448675E-01
 0.290000E+00 0.503751E-01
 0.310000E+00 0.558299E-01
 0.330000E+00 0.612267E-01
 0.350000E+00 0.665602E-01
 0.370000E+00 0.718253E-01
 0.390000E+00 0.770169E-01
 0.410000E+00 0.821301E-01
 0.430000E+00 0.871599E-01
 0.450000E+00 0.921014E-01
 0.470000E+00 0.969500E-01
 0.490000E+00 0.101701E+00
 0.510000E+00 0.106350E+00
 0.530000E+00 0.110892E+00
 0.550000E+00 0.115323E+00
 0.570000E+00 0.119639E+00
 0.590000E+00 0.123836E+00
 0.610000E+00 0.127909E+00
 0.630000E+00 0.131855E+00
 0.650000E+00 0.135670E+00
 0.670000E+00 0.139350E+00
 0.690000E+00 0.142893E+00
 0.710000E+00 0.146294E+00
 0.730000E+00 0.149550E+00
 0.750000E+00 0.152659E+00
 0.770000E+00 0.155616E+00
 0.790000E+00 0.158421E+00
 0.810000E+00 0.161069E+00
 0.830000E+00 0.163559E+00
 0.850000E+00 0.165887E+00
 0.870000E+00 0.168053E+00
 0.890000E+00 0.170054E+00
 0.910000E+00 0.171853E+00
 0.930000E+00 0.173583E+00
 0.950000E+00 0.175321E+00
 0.970000E+00 0.177065E+00
 0.990000E+00 0.178815E+00




































































































 -.990000E+00 -.492761E+00
 -.970000E+00 -.492761E+00
 -.950000E+00 -.492760E+00
 -.930000E+00 -.492758E+00
 -.910000E+00 -.492756E+00
 -.890000E+00 -.492784E+00
 -.870000E+00 -.492768E+00
 -.850000E+00 -.492650E+00
 -.830000E+00 -.492430E+00
 -.810000E+00 -.492108E+00
 -.790000E+00 -.491685E+00
 -.770000E+00 -.491160E+00
 -.750000E+00 -.490533E+00
 -.730000E+00 -.489806E+00
 -.710000E+00 -.488976E+00
 -.690000E+00 -.488046E+00
 -.670000E+00 -.487015E+00
 -.650000E+00 -.485883E+00
 -.630000E+00 -.484650E+00
 -.610000E+00 -.483317E+00
 -.590000E+00 -.481884E+00
 -.570000E+00 -.480351E+00
 -.550000E+00 -.478718E+00
 -.530000E+00 -.476987E+00
 -.510000E+00 -.475156E+00
 -.490000E+00 -.473227E+00
 -.470000E+00 -.471200E+00
 -.450000E+00 -.469075E+00
 -.430000E+00 -.466853E+00
 -.410000E+00 -.464534E+00
 -.390000E+00 -.462118E+00
 -.370000E+00 -.459607E+00
 -.350000E+00 -.457001E+00
 -.330000E+00 -.454299E+00
 -.310000E+00 -.451503E+00
 -.290000E+00 -.448614E+00
 -.270000E+00 -.445632E+00
 -.250000E+00 -.442557E+00
 -.230000E+00 -.439390E+00
 -.210000E+00 -.436132E+00
 -.190000E+00 -.432784E+00
 -.170000E+00 -.429346E+00
 -.150000E+00 -.425819E+00
 -.130000E+00 -.422204E+00
 -.110000E+00 -.418501E+00
 -.900000E-01 -.414712E+00
 -.700000E-01 -.410836E+00
 -.500000E-01 -.406876E+00
 -.300000E-01 -.402832E+00
 -.100000E-01 -.398704E+00
 0.100000E-01 -.394494E+00
 0.300000E-01 -.390202E+00
 0.500000E-01 -.385830E+00
 0.700000E-01 -.381378E+00
 0.900000E-01 -.376848E+00
 0.110000E+00 -.372240E+00
 0.130000E+00 -.367555E+00
 0.150000E+00 -.362795E+00
 0.170000E+00 -.357961E+00
 0.190000E+00 -.353052E+00
 0.210000E+00 -.348072E+00
 0.230000E+00 -.343020E+00
 0.250000E+00 -.337898E+00
 0.270000E+00 -.332707E+00
 0.290000E+00 -.327448E+00
 0.310000E+00 -.322123E+00
 0.330000E+00 -.316732E+00
 0.350000E+00 -.311276E+00
 0.370000E+00 -.305758E+00
 0.390000E+00 -.300177E+00
 0.410000E+00 -.294536E+00
 0.430000E+00 -.288835E+00
 0.450000E+00 -.283077E+00
 0.470000E+00 -.277261E+00
 0.490000E+00 -.271390E+00
 0.510000E+00 -.265465E+00
 0.530000E+00 -.259487E+00
 0.550000E+00 -.253457E+00
 0.570000E+00 -.247377E+00
 0.590000E+00 -.241247E+00
 0.610000E+00 -.235071E+00
 0.630000E+00 -.228848E+00
 0.650000E+00 -.222580E+00
 0.670000E+00 -.216269E+00
 0.690000E+00 -.209916E+00
 0.710000E+00 -.203523E+00
 0.730000E+00 -.197090E+00
 0.750000E+00 -.190619E+00
 0.770000E+00 -.184112E+00
 0.790000E+00 -.177570E+00
 0.810000E+00 -.170995E+00
 0.830000E+00 -.164387E+00
 0.850000E+00 -.157749E+00
 0.870000E+00 -.151082E+00
 0.890000E+00 -.144387E+00
 0.910000E+00 -.137301E+00
 0.930000E+00 -.129796E+00
 0.950000E+00 -.122232E+00
 0.970000E+00 -.114612E+00
 0.990000E+00 -.106939E+00




































































































 -.990000E+00 -.633864E+00
 -.970000E+00 -.633862E+00
 -.950000E+00 -.633857E+00
 -.930000E+00 -.633849E+00
 -.910000E+00 -.633837E+00
 -.890000E+00 -.636573E+00
 -.870000E+00 -.642033E+00
 -.850000E+00 -.647463E+00
 -.830000E+00 -.652860E+00
 -.810000E+00 -.658227E+00
 -.790000E+00 -.663561E+00
 -.770000E+00 -.668864E+00
 -.750000E+00 -.674134E+00
 -.730000E+00 -.679371E+00
 -.710000E+00 -.684576E+00
 -.690000E+00 -.689747E+00
 -.670000E+00 -.694885E+00
 -.650000E+00 -.699989E+00
 -.630000E+00 -.705060E+00
 -.610000E+00 -.710096E+00
 -.590000E+00 -.715098E+00
 -.570000E+00 -.720066E+00
 -.550000E+00 -.724998E+00
 -.530000E+00 -.729896E+00
 -.510000E+00 -.734758E+00
 -.490000E+00 -.739585E+00
 -.470000E+00 -.744375E+00
 -.450000E+00 -.749130E+00
 -.430000E+00 -.753848E+00
 -.410000E+00 -.758529E+00
 -.390000E+00 -.763174E+00
 -.370000E+00 -.767781E+00
 -.350000E+00 -.772351E+00
 -.330000E+00 -.776884E+00
 -.310000E+00 -.781378E+00
 -.290000E+00 -.785835E+00
 -.270000E+00 -.790253E+00
 -.250000E+00 -.794632E+00
 -.230000E+00 -.798973E+00
 -.210000E+00 -.803274E+00
 -.190000E+00 -.807536E+00
 -.170000E+00 -.811758E+00
 -.150000E+00 -.815940E+00
 -.130000E+00 -.820082E+00
 -.110000E+00 -.824184E+00
 -.900000E-01 -.828245E+00
 -.700000E-01 -.832265E+00
 -.500000E-01 -.836244E+00
 -.300000E-01 -.840181E+00
 -.100000E-01 -.844077E+00
 0.100000E-01 -.847930E+00
 0.300000E-01 -.851742E+00
 0.500000E-01 -.855511E+00
 0.700000E-01 -.859237E+00
 0.900000E-01 -.862921E+00
 0.110000E+00 -.866561E+00
 0.130000E+00 -.870158E+00
 0.150000E+00 -.873711E+00
 0.170000E+00 -.877220E+00
 0.190000E+00 -.880684E+00
 0.210000E+00 -.884105E+00
 0.230000E+00 -.887480E+00
 0.250000E+00 -.890811E+00
 0.270000E+00 -.894096E+00
 0.290000E+00 -.897336E+00
 0.310000E+00 -.900530E+00
 0.330000E+00 -.903678E+00
 0.350000E+00 -.906780E+00
 0.370000E+00 -.909836E+00
 0.390000E+00 -.912845E+00
 0.410000E+00 -.915807E+00
 0.430000E+00 -.918721E+00
 0.450000E+00 -.921589E+00
 0.470000E+00 -.924408E+00
 0.490000E+00 -.927180E+00
 0.510000E+00 -.929904E+00
 0.530000E+00 -.932579E+00
 0.550000E+00 -.935206E+00
 0.570000E+00 -.937783E+00
 0.590000E+00 -.940312E+00
 0.610000E+00 -.942791E+00
 0.630000E+00 -.945221E+00
 0.650000E+00 -.947601E+00
 0.670000E+00 -.949932E+00
 0.690000E+00 -.952211E+00
 0.710000E+00 -.954441E+00
 0.730000E+00 -.956620E+00
 0.750000E+00 -.958748E+00
 0.770000E+00 -.960824E+00
 0.790000E+00 -.962850E+00
 0.810000E+00 -.964824E+00
 0.830000E+00 -.966746E+00
 0.850000E+00 -.968616E+00
 0.870000E+00 -.970435E+00
 0.890000E+00 -.972200E+00
 0.910000E+00 -.975141E+00
 0.930000E+00 -.979056E+00
 0.950000E+00 -.982649E+00
 0.970000E+00 -.985915E+00
 0.990000E+00 -.988849E+00




































































































 -.990000E+00 -.141130E+00
 -.970000E+00 -.141121E+00
 -.950000E+00 -.141093E+00
 -.930000E+00 -.141047E+00
 -.910000E+00 -.140982E+00
 -.890000E+00 -.141614E+00
 -.870000E+00 -.142947E+00
 -.850000E+00 -.144277E+00
 -.830000E+00 -.145603E+00
 -.810000E+00 -.146925E+00
 -.790000E+00 -.148244E+00
 -.770000E+00 -.149559E+00
 -.750000E+00 -.150871E+00
 -.730000E+00 -.152180E+00
 -.710000E+00 -.153484E+00
 -.690000E+00 -.154786E+00
 -.670000E+00 -.156083E+00
 -.650000E+00 -.157378E+00
 -.630000E+00 -.158669E+00
 -.610000E+00 -.159956E+00
 -.590000E+00 -.161241E+00
 -.570000E+00 -.162521E+00
 -.550000E+00 -.163799E+00
 -.530000E+00 -.165073E+00
 -.510000E+00 -.166344E+00
 -.490000E+00 -.167611E+00
 -.470000E+00 -.168875E+00
 -.450000E+00 -.170136E+00
 -.430000E+00 -.171394E+00
 -.410000E+00 -.172648E+00
 -.390000E+00 -.173899E+00
 -.370000E+00 -.175147E+00
 -.350000E+00 -.176392E+00
 -.330000E+00 -.177633E+00
 -.310000E+00 -.178872E+00
 -.290000E+00 -.180107E+00
 -.270000E+00 -.181339E+00
 -.250000E+00 -.182568E+00
 -.230000E+00 -.183794E+00
 -.210000E+00 -.185017E+00
 -.190000E+00 -.186236E+00
 -.170000E+00 -.187453E+00
 -.150000E+00 -.188667E+00
 -.130000E+00 -.189877E+00
 -.110000E+00 -.191085E+00
 -.900000E-01 -.192290E+00
 -.700000E-01 -.193491E+00
 -.500000E-01 -.194690E+00
 -.300000E-01 -.195886E+00
 -.100000E-01 -.197078E+00
 0.100000E-01 -.198268E+00
 0.300000E-01 -.199455E+00
 0.500000E-01 -.200639E+00
 0.700000E-01 -.201820E+00
 0.900000E-01 -.202999E+00
 0.110000E+00 -.204174E+00
 0.130000E+00 -.205347E+00
 0.150000E+00 -.206517E+00
 0.170000E+00 -.207684E+00
 0.190000E+00 -.208848E+00
 0.210000E+00 -.210009E+00
 0.230000E+00 -.211168E+00
 0.250000E+00 -.212324E+00
 0.270000E+00 -.213477E+00
 0.290000E+00 -.214627E+00
 0.310000E+00 -.215775E+00
 0.330000E+00 -.216920E+00
 0.350000E+00 -.218062E+00
 0.370000E+00 -.219201E+00
 0.390000E+00 -.220338E+00
 0.410000E+00 -.221472E+00
 0.430000E+00 -.222604E+00
 0.450000E+00 -.223733E+00
 0.470000E+00 -.224859E+00
 0.490000E+00 -.225983E+00
 0.510000E+00 -.227104E+00
 0.530000E+00 -.228223E+00
 0.550000E+00 -.229338E+00
 0.570000E+00 -.230452E+00
 0.590000E+00 -.231563E+00
 0.610000E+00 -.232671E+00
 0.630000E+00 -.233777E+00
 0.650000E+00 -.234880E+00
 0.670000E+00 -.235981E+00
 0.690000E+00 -.237079E+00
 0.710000E+00 -.238174E+00
 0.730000E+00 -.239268E+00
 0.750000E+00 -.240358E+00
 0.770000E+00 -.241447E+00
 0.790000E+00 -.242533E+00
 0.810000E+00 -.243616E+00
 0.830000E+00 -.244697E+00
 0.850000E+00 -.245776E+00
 0.870000E+00 -.246852E+00
 0.890000E+00 -.247925E+00
 0.910000E+00 -.250091E+00
 0.930000E+00 -.253364E+00
 0.950000E+00 -.256664E+00
 0.970000E+00 -.259990E+00
 0.990000E+00 -.263341E+00




































































































 -.990000E+00 -.311516E-04
 -.970000E+00 -.311493E-04
 -.950000E+00 -.311426E-04
 -.930000E+00 -.311313E-04
 -.910000E+00 -.311156E-04
 -.890000E+00 -.312427E-04
 -.870000E+00 -.315138E-04
 -.850000E+00 -.317835E-04
 -.830000E+00 -.320520E-04
 -.810000E+00 -.323192E-04
 -.790000E+00 -.325850E-04
 -.770000E+00 -.328496E-04
 -.750000E+00 -.331130E-04
 -.730000E+00 -.333750E-04
 -.710000E+00 -.336358E-04
 -.690000E+00 -.338954E-04
 -.670000E+00 -.341537E-04
 -.650000E+00 -.344108E-04
 -.630000E+00 -.346667E-04
 -.610000E+00 -.349213E-04
 -.590000E+00 -.351747E-04
 -.570000E+00 -.354269E-04
 -.550000E+00 -.356779E-04
 -.530000E+00 -.359278E-04
 -.510000E+00 -.361764E-04
 -.490000E+00 -.364238E-04
 -.470000E+00 -.366701E-04
 -.450000E+00 -.369152E-04
 -.430000E+00 -.371592E-04
 -.410000E+00 -.374020E-04
 -.390000E+00 -.376436E-04
 -.370000E+00 -.378841E-04
 -.350000E+00 -.381235E-04
 -.330000E+00 -.383618E-04
 -.310000E+00 -.385989E-04
 -.290000E+00 -.388349E-04
 -.270000E+00 -.390698E-04
 -.250000E+00 -.393036E-04
 -.230000E+00 -.395363E-04
 -.210000E+00 -.397680E-04
 -.190000E+00 -.399985E-04
 -.170000E+00 -.402280E-04
 -.150000E+00 -.404564E-04
 -.130000E+00 -.406837E-04
 -.110000E+00 -.409100E-04
 -.900000E-01 -.411352E-04
 -.700000E-01 -.413593E-04
 -.500000E-01 -.415825E-04
 -.300000E-01 -.418046E-04
 -.100000E-01 -.420256E-04
 0.100000E-01 -.422457E-04
 0.300000E-01 -.424647E-04
 0.500000E-01 -.426827E-04
 0.700000E-01 -.428997E-04
 0.900000E-01 -.431158E-04
 0.110000E+00 -.433308E-04
 0.130000E+00 -.435448E-04
 0.150000E+00 -.437579E-04
 0.170000E+00 -.439699E-04
 0.190000E+00 -.441810E-04
 0.210000E+00 -.443911E-04
 0.230000E+00 -.446003E-04
 0.250000E+00 -.448085E-04
 0.270000E+00 -.450158E-04
 0.290000E+00 -.452221E-04
 0.310000E+00 -.454275E-04
 0.330000E+00 -.456320E-04
 0.350000E+00 -.458355E-04
 0.370000E+00 -.460381E-04
 0.390000E+00 -.462397E-04
 0.410000E+00 -.464405E-04
 0.430000E+00 -.466404E-04
 0.450000E+00 -.468393E-04
 0.470000E+00 -.470374E-04
 0.490000E+00 -.472346E-04
 0.510000E+00 -.474308E-04
 0.530000E+00 -.476262E-04
 0.550000E+00 -.478208E-04
 0.570000E+00 -.480144E-04
 0.590000E+00 -.482072E-04
 0.610000E+00 -.483991E-04
 0.630000E+00 -.485902E-04
 0.650000E+00 -.487804E-04
 0.670000E+00 -.489697E-04
 0.690000E+00 -.491582E-04
 0.710000E+00 -.493459E-04
 0.730000E+00 -.495328E-04
 0.750000E+00 -.497188E-04
 0.770000E+00 -.499040E-04
 0.790000E+00 -.500883E-04
 0.810000E+00 -.502719E-04
 0.830000E+00 -.504547E-04
 0.850000E+00 -.506366E-04
 0.870000E+00 -.508177E-04
 0.890000E+00 -.509981E-04
 0.910000E+00 -.513767E-04
 0.930000E+00 -.519556E-04
 0.950000E+00 -.525380E-04
 0.970000E+00 -.531236E-04
 0.990000E+00 -.537124E-04




































































































 -.990000E+00 0.141130E+00
 -.970000E+00 0.141121E+00
 -.950000E+00 0.141093E+00
 -.930000E+00 0.141047E+00
 -.910000E+00 0.140982E+00
 -.890000E+00 0.141614E+00
 -.870000E+00 0.142947E+00
 -.850000E+00 0.144277E+00
 -.830000E+00 0.145603E+00
 -.810000E+00 0.146925E+00
 -.790000E+00 0.148244E+00
 -.770000E+00 0.149559E+00
 -.750000E+00 0.150871E+00
 -.730000E+00 0.152180E+00
 -.710000E+00 0.153484E+00
 -.690000E+00 0.154786E+00
 -.670000E+00 0.156083E+00
 -.650000E+00 0.157378E+00
 -.630000E+00 0.158669E+00
 -.610000E+00 0.159956E+00
 -.590000E+00 0.161241E+00
 -.570000E+00 0.162521E+00
 -.550000E+00 0.163799E+00
 -.530000E+00 0.165073E+00
 -.510000E+00 0.166344E+00
 -.490000E+00 0.167611E+00
 -.470000E+00 0.168875E+00
 -.450000E+00 0.170136E+00
 -.430000E+00 0.171394E+00
 -.410000E+00 0.172648E+00
 -.390000E+00 0.173899E+00
 -.370000E+00 0.175147E+00
 -.350000E+00 0.176392E+00
 -.330000E+00 0.177633E+00
 -.310000E+00 0.178872E+00
 -.290000E+00 0.180107E+00
 -.270000E+00 0.181339E+00
 -.250000E+00 0.182568E+00
 -.230000E+00 0.183794E+00
 -.210000E+00 0.185017E+00
 -.190000E+00 0.186236E+00
 -.170000E+00 0.187453E+00
 -.150000E+00 0.188667E+00
 -.130000E+00 0.189877E+00
 -.110000E+00 0.191085E+00
 -.900000E-01 0.192290E+00
 -.700000E-01 0.193491E+00
 -.500000E-01 0.194690E+00
 -.300000E-01 0.195886E+00
 -.100000E-01 0.197078E+00
 0.100000E-01 0.198268E+00
 0.300000E-01 0.199455E+00
 0.500000E-01 0.200639E+00
 0.700000E-01 0.201820E+00
 0.900000E-01 0.202999E+00
 0.110000E+00 0.204174E+00
 0.130000E+00 0.205347E+00
 0.150000E+00 0.206517E+00
 0.170000E+00 0.207684E+00
 0.190000E+00 0.208848E+00
 0.210000E+00 0.210009E+00
 0.230000E+00 0.211168E+00
 0.250000E+00 0.212324E+00
 0.270000E+00 0.213477E+00
 0.290000E+00 0.214627E+00
 0.310000E+00 0.215775E+00
 0.330000E+00 0.216920E+00
 0.350000E+00 0.218062E+00
 0.370000E+00 0.219201E+00
 0.390000E+00 0.220338E+00
 0.410000E+00 0.221472E+00
 0.430000E+00 0.222604E+00
 0.450000E+00 0.223733E+00
 0.470000E+00 0.224859E+00
 0.490000E+00 0.225983E+00
 0.510000E+00 0.227104E+00
 0.530000E+00 0.228223E+00
 0.550000E+00 0.229338E+00
 0.570000E+00 0.230452E+00
 0.590000E+00 0.231563E+00
 0.610000E+00 0.232671E+00
 0.630000E+00 0.233777E+00
 0.650000E+00 0.234880E+00
 0.670000E+00 0.235981E+00
 0.690000E+00 0.237079E+00
 0.710000E+00 0.238174E+00
 0.730000E+00 0.239268E+00
 0.750000E+00 0.240358E+00
 0.770000E+00 0.241447E+00
 0.790000E+00 0.242533E+00
 0.810000E+00 0.243616E+00
 0.830000E+00 0.244697E+00
 0.850000E+00 0.245776E+00
 0.870000E+00 0.246852E+00
 0.890000E+00 0.247925E+00
 0.910000E+00 0.250091E+00
 0.930000E+00 0.253364E+00
 0.950000E+00 0.256664E+00
 0.970000E+00 0.259990E+00
 0.990000E+00 0.263341E+00




































































































 -.990000E+00 0.633864E+00
 -.970000E+00 0.633862E+00
 -.950000E+00 0.633857E+00
 -.930000E+00 0.633849E+00
 -.910000E+00 0.633837E+00
 -.890000E+00 0.636573E+00
 -.870000E+00 0.642033E+00
 -.850000E+00 0.647463E+00
 -.830000E+00 0.652860E+00
 -.810000E+00 0.658227E+00
 -.790000E+00 0.663561E+00
 -.770000E+00 0.668864E+00
 -.750000E+00 0.674134E+00
 -.730000E+00 0.679371E+00
 -.710000E+00 0.684576E+00
 -.690000E+00 0.689747E+00
 -.670000E+00 0.694885E+00
 -.650000E+00 0.699989E+00
 -.630000E+00 0.705060E+00
 -.610000E+00 0.710096E+00
 -.590000E+00 0.715098E+00
 -.570000E+00 0.720066E+00
 -.550000E+00 0.724998E+00
 -.530000E+00 0.729896E+00
 -.510000E+00 0.734758E+00
 -.490000E+00 0.739585E+00
 -.470000E+00 0.744375E+00
 -.450000E+00 0.749130E+00
 -.430000E+00 0.753848E+00
 -.410000E+00 0.758529E+00
 -.390000E+00 0.763174E+00
 -.370000E+00 0.767781E+00
 -.350000E+00 0.772351E+00
 -.330000E+00 0.776884E+00
 -.310000E+00 0.781378E+00
 -.290000E+00 0.785835E+00
 -.270000E+00 0.790253E+00
 -.250000E+00 0.794632E+00
 -.230000E+00 0.798973E+00
 -.210000E+00 0.803274E+00
 -.190000E+00 0.807536E+00
 -.170000E+00 0.811758E+00
 -.150000E+00 0.815940E+00
 -.130000E+00 0.820082E+00
 -.110000E+00 0.824184E+00
 -.900000E-01 0.828245E+00
 -.700000E-01 0.832265E+00
 -.500000E-01 0.836244E+00
 -.300000E-01 0.840181E+00
 -.100000E-01 0.844077E+00
 0.100000E-01 0.847930E+00
 0.300000E-01 0.851742E+00
 0.500000E-01 0.855511E+00
 0.700000E-01 0.859237E+00
 0.900000E-01 0.862921E+00
 0.110000E+00 0.866561E+00
 0.130000E+00 0.870158E+00
 0.150000E+00 0.873711E+00
 0.170000E+00 0.877220E+00
 0.190000E+00 0.880684E+00
 0.210000E+00 0.884105E+00
 0.230000E+00 0.887480E+00
 0.250000E+00 0.890811E+00
 0.270000E+00 0.894096E+00
 0.290000E+00 0.897336E+00
 0.310000E+00 0.900530E+00
 0.330000E+00 0.903678E+00
 0.350000E+00 0.906780E+00
 0.370000E+00 0.909836E+00
 0.390000E+00 0.912845E+00
 0.410000E+00 0.915807E+00
 0.430000E+00 0.918721E+00
 0.450000E+00 0.921589E+00
 0.470000E+00 0.924408E+00
 0.490000E+00 0.927180E+00
 0.510000E+00 0.929904E+00
 0.530000E+00 0.932579E+00
 0.550000E+00 0.935206E+00
 0.570000E+00 0.937783E+00
 0.590000E+00 0.940312E+00
 0.610000E+00 0.942791E+00
 0.630000E+00 0.945221E+00
 0.650000E+00 0.947601E+00
 0.670000E+00 0.949932E+00
 0.690000E+00 0.952211E+00
 0.710000E+00 0.954441E+00
 0.730000E+00 0.956620E+00
 0.750000E+00 0.958748E+00
 0.770000E+00 0.960824E+00
 0.790000E+00 0.962850E+00
 0.810000E+00 0.964824E+00
 0.830000E+00 0.966746E+00
 0.850000E+00 0.968616E+00
 0.870000E+00 0.970435E+00
 0.890000E+00 0.972200E+00
 0.910000E+00 0.975141E+00
 0.930000E+00 0.979056E+00
 0.950000E+00 0.982649E+00
 0.970000E+00 0.985915E+00
 0.990000E+00 0.988849E+00




































































































 -.990000E+00 0.492761E+00
 -.970000E+00 0.492761E+00
 -.950000E+00 0.492760E+00
 -.930000E+00 0.492758E+00
 -.910000E+00 0.492756E+00
 -.890000E+00 0.492784E+00
 -.870000E+00 0.492768E+00
 -.850000E+00 0.492650E+00
 -.830000E+00 0.492430E+00
 -.810000E+00 0.492108E+00
 -.790000E+00 0.491685E+00
 -.770000E+00 0.491160E+00
 -.750000E+00 0.490533E+00
 -.730000E+00 0.489806E+00
 -.710000E+00 0.488976E+00
 -.690000E+00 0.488046E+00
 -.670000E+00 0.487015E+00
 -.650000E+00 0.485883E+00
 -.630000E+00 0.484650E+00
 -.610000E+00 0.483317E+00
 -.590000E+00 0.481884E+00
 -.570000E+00 0.480351E+00
 -.550000E+00 0.478718E+00
 -.530000E+00 0.476987E+00
 -.510000E+00 0.475156E+00
 -.490000E+00 0.473227E+00
 -.470000E+00 0.471200E+00
 -.450000E+00 0.469075E+00
 -.430000E+00 0.466853E+00
 -.410000E+00 0.464534E+00
 -.390000E+00 0.462118E+00
 -.370000E+00 0.459607E+00
 -.350000E+00 0.457001E+00
 -.330000E+00 0.454299E+00
 -.310000E+00 0.451503E+00
 -.290000E+00 0.448614E+00
 -.270000E+00 0.445632E+00
 -.250000E+00 0.442557E+00
 -.230000E+00 0.439390E+00
 -.210000E+00 0.436132E+00
 -.190000E+00 0.432784E+00
 -.170000E+00 0.429346E+00
 -.150000E+00 0.425819E+00
 -.130000E+00 0.422204E+00
 -.110000E+00 0.418501E+00
 -.900000E-01 0.414712E+00
 -.700000E-01 0.410836E+00
 -.500000E-01 0.406876E+00
 -.300000E-01 0.402832E+00
 -.100000E-01 0.398704E+00
 0.100000E-01 0.394494E+00
 0.300000E-01 0.390202E+00
 0.500000E-01 0.385830E+00
 0.700000E-01 0.381378E+00
 0.900000E-01 0.376848E+00
 0.110000E+00 0.372240E+00
 0.130000E+00 0.367555E+00
 0.150000E+00 0.362795E+00
 0.170000E+00 0.357961E+00
 0.190000E+00 0.353052E+00
 0.210000E+00 0.348072E+00
 0.230000E+00 0.343020E+00
 0.250000E+00 0.337898E+00
 0.270000E+00 0.332707E+00
 0.290000E+00 0.327448E+00
 0.310000E+00 0.322123E+00
 0.330000E+00 0.316732E+00
 0.350000E+00 0.311276E+00
 0.370000E+00 0.305758E+00
 0.390000E+00 0.300177E+00
 0.410000E+00 0.294536E+00
 0.430000E+00 0.288835E+00
 0.450000E+00 0.283077E+00
 0.470000E+00 0.277261E+00
 0.490000E+00 0.271390E+00
 0.510000E+00 0.265465E+00
 0.530000E+00 0.259487E+00
 0.550000E+00 0.253457E+00
 0.570000E+00 0.247377E+00
 0.590000E+00 0.241247E+00
 0.610000E+00 0.235071E+00
 0.630000E+00 0.228848E+00
 0.650000E+00 0.222580E+00
 0.670000E+00 0.216269E+00
 0.690000E+00 0.209916E+00
 0.710000E+00 0.203523E+00
 0.730000E+00 0.197090E+00
 0.750000E+00 0.190619E+00
 0.770000E+00 0.184112E+00
 0.790000E+00 0.177570E+00
 0.810000E+00 0.170995E+00
 0.830000E+00 0.164387E+00
 0.850000E+00 0.157749E+00
 0.870000E+00 0.151082E+00
 0.890000E+00 0.144387E+00
 0.910000E+00 0.137301E+00
 0.930000E+00 0.129796E+00
 0.950000E+00 0.122232E+00
 0.970000E+00 0.114612E+00
 0.990000E+00 0.106939E+00




































































































 -.990000E+00 0.186589E+00
 -.970000E+00 0.186589E+00
 -.950000E+00 0.186588E+00
 -.930000E+00 0.186587E+00
 -.910000E+00 0.186585E+00
 -.890000E+00 0.186561E+00
 -.870000E+00 0.186377E+00
 -.850000E+00 0.186012E+00
 -.830000E+00 0.185465E+00
 -.810000E+00 0.184738E+00
 -.790000E+00 0.183831E+00
 -.770000E+00 0.182744E+00
 -.750000E+00 0.181481E+00
 -.730000E+00 0.180040E+00
 -.710000E+00 0.178425E+00
 -.690000E+00 0.176637E+00
 -.670000E+00 0.174677E+00
 -.650000E+00 0.172548E+00
 -.630000E+00 0.170252E+00
 -.610000E+00 0.167791E+00
 -.590000E+00 0.165167E+00
 -.570000E+00 0.162384E+00
 -.550000E+00 0.159444E+00
 -.530000E+00 0.156350E+00
 -.510000E+00 0.153105E+00
 -.490000E+00 0.149713E+00
 -.470000E+00 0.146176E+00
 -.450000E+00 0.142499E+00
 -.430000E+00 0.138685E+00
 -.410000E+00 0.134738E+00
 -.390000E+00 0.130662E+00
 -.370000E+00 0.126460E+00
 -.350000E+00 0.122138E+00
 -.330000E+00 0.117700E+00
 -.310000E+00 0.113149E+00
 -.290000E+00 0.108491E+00
 -.270000E+00 0.103729E+00
 -.250000E+00 0.988696E-01
 -.230000E+00 0.939165E-01
 -.210000E+00 0.888750E-01
 -.190000E+00 0.837500E-01
 -.170000E+00 0.785465E-01
 -.150000E+00 0.732698E-01
 -.130000E+00 0.679250E-01
 -.110000E+00 0.625173E-01
 -.900000E-01 0.570523E-01
 -.700000E-01 0.515351E-01
 -.500000E-01 0.459713E-01
 -.300000E-01 0.403663E-01
 -.100000E-01 0.347256E-01
 0.100000E-01 0.290549E-01
 0.300000E-01 0.233595E-01
 0.500000E-01 0.176452E-01
 0.700000E-01 0.119175E-01
 0.900000E-01 0.618194E-02
 0.110000E+00 0.444228E-03
 0.130000E+00 -.529007E-02
 0.150000E+00 -.110154E-01
 0.170000E+00 -.167261E-01
 0.190000E+00 -.224167E-01
 0.210000E+00 -.280816E-01
 0.230000E+00 -.337153E-01
 0.250000E+00 -.393124E-01
 0.270000E+00 -.448675E-01
 0.290000E+00 -.503751E-01
 0.310000E+00 -.558299E-01
 0.330000E+00 -.612267E-01
 0.350000E+00 -.665602E-01
 0.370000E+00 -.718253E-01
 0.390000E+00 -.770169E-01
 0.410000E+00 -.821301E-01
 0.430000E+00 -.871599E-01
 0.450000E+00 -.921014E-01
 0.470000E+00 -.969500E-01
 0.490000E+00 -.101701E+00
 0.510000E+00 -.106350E+00
 0.530000E+00 -.110892E+00
 0.550000E+00 -.115323E+00
 0.570000E+00 -.119639E+00
 0.590000E+00 -.123836E+00
 0.610000E+00 -.127909E+00
 0.630000E+00 -.131855E+00
 0.650000E+00 -.135670E+00
 0.670000E+00 -.139350E+00
 0.690000E+00 -.142893E+00
 0.710000E+00 -.146294E+00
 0.730000E+00 -.149550E+00
 0.750000E+00 -.152659E+00
 0.770000E+00 -.155616E+00
 0.790000E+00 -.158421E+00
 0.810000E+00 -.161069E+00
 0.830000E+00 -.163559E+00
 0.850000E+00 -.165887E+00
 0.870000E+00 -.168053E+00
 0.890000E+00 -.170054E+00
 0.910000E+00 -.171853E+00
 0.930000E+00 -.173583E+00
 0.950000E+00 -.175321E+00
 0.970000E+00 -.177065E+00
 0.990000E+00 -.178815E+00




































































































 -.990000E+00 0.837712E-02
 -.970000E+00 0.837664E-02
 -.950000E+00 0.837543E-02
 -.930000E+00 0.837403E-02
 -.910000E+00 0.837304E-02
 -.890000E+00 0.790644E-02
 -.870000E+00 0.448279E-02
 -.850000E+00 -.879791E-03
 -.830000E+00 -.585818E-02
 -.810000E+00 -.829702E-02
 -.790000E+00 -.714184E-02
 -.770000E+00 -.289501E-02
 -.750000E+00 0.260276E-02
 -.730000E+00 0.697023E-02
 -.710000E+00 0.831700E-02
 -.690000E+00 0.606177E-02
 -.670000E+00 0.118321E-02
 -.650000E+00 -.420471E-02
 -.630000E+00 -.776877E-02
 -.610000E+00 -.796686E-02
 -.590000E+00 -.471525E-02
 -.570000E+00 0.576053E-03
 -.550000E+00 0.561473E-02
 -.530000E+00 0.821922E-02
 -.510000E+00 0.726329E-02
 -.490000E+00 0.316299E-02
 -.470000E+00 -.230437E-02
 -.450000E+00 -.677064E-02
 -.430000E+00 -.830259E-02
 -.410000E+00 -.623866E-02
 -.390000E+00 -.147469E-02
 -.370000E+00 0.392491E-02
 -.350000E+00 0.762180E-02
 -.330000E+00 0.801627E-02
 -.310000E+00 0.493953E-02
 -.290000E+00 -.274121E-03
 -.270000E+00 -.536592E-02
 -.250000E+00 -.813124E-02
 -.230000E+00 -.737413E-02
 -.210000E+00 -.342454E-02
 -.190000E+00 0.200545E-02
 -.170000E+00 0.656381E-02
 -.150000E+00 0.827734E-02
 -.130000E+00 0.640581E-02
 -.110000E+00 0.176176E-02
 -.900000E-01 -.364230E-02
 -.700000E-01 -.746601E-02
 -.500000E-01 -.805469E-02
 -.300000E-01 -.515540E-02
 -.100000E-01 -.256224E-04
 0.100000E-01 0.511214E-02
 0.300000E-01 0.803328E-02
 0.500000E-01 0.747431E-02
 0.700000E-01 0.367937E-02
 0.900000E-01 -.170641E-02
 0.110000E+00 -.635006E-02
 0.130000E+00 -.824138E-02
 0.150000E+00 -.656311E-02
 0.170000E+00 -.204409E-02
 0.190000E+00 0.335727E-02
 0.210000E+00 0.730169E-02
 0.230000E+00 0.808215E-02
 0.250000E+00 0.536264E-02
 0.270000E+00 0.322800E-03
 0.290000E+00 -.485376E-02
 0.310000E+00 -.792554E-02
 0.330000E+00 -.756378E-02
 0.350000E+00 -.392719E-02
 0.370000E+00 0.140764E-02
 0.390000E+00 0.612974E-02
 0.410000E+00 0.819486E-02
 0.430000E+00 0.671042E-02
 0.450000E+00 0.232133E-02
 0.470000E+00 -.307022E-02
 0.490000E+00 -.712912E-02
 0.510000E+00 -.809872E-02
 0.530000E+00 -.556106E-02
 0.550000E+00 -.617043E-03
 0.570000E+00 0.459115E-02
 0.590000E+00 0.780827E-02
 0.610000E+00 0.764252E-02
 0.630000E+00 0.416773E-02
 0.650000E+00 -.110955E-02
 0.670000E+00 -.590320E-02
 0.690000E+00 -.813792E-02
 0.710000E+00 -.684764E-02
 0.730000E+00 -.259317E-02
 0.750000E+00 0.278154E-02
 0.770000E+00 0.694861E-02
 0.790000E+00 0.810447E-02
 0.810000E+00 0.575047E-02
 0.830000E+00 0.907986E-03
 0.850000E+00 -.432471E-02
 0.870000E+00 -.768168E-02
 0.890000E+00 -.771051E-02
 0.910000E+00 -.486731E-02
 0.930000E+00 -.307831E-02
 0.950000E+00 -.358343E-02
 0.970000E+00 -.616254E-02
 0.990000E+00 -.969762E-02




































































































