 -.990000E+00 -.260465E-06
 -.970000E+00 -.221331E-06
 -.950000E+00 0.360716E-07
 -.930000E+00 0.399834E-06
 -.910000E+00 0.711918E-06
 -.890000E+00 -.275462E-02
 -.870000E+00 -.707017E-02
 -.850000E+00 -.832179E-02
 -.830000E+00 -.596938E-02
 -.810000E+00 -.103371E-02
 -.790000E+00 0.434656E-02
 -.770000E+00 0.784155E-02
 -.750000E+00 0.793910E-02
 -.730000E+00 0.459903E-02
 -.710000E+00 -.730365E-03
 -.690000E+00 -.574029E-02
 -.670000E+00 -.826168E-02
 -.650000E+00 -.720431E-02
 -.630000E+00 -.302818E-02
 -.610000E+00 0.245661E-02
 -.590000E+00 0.687438E-02
 -.570000E+00 0.831293E-02
 -.550000E+00 0.615118E-02
 -.530000E+00 0.132733E-02
 -.510000E+00 -.406832E-02
 -.490000E+00 -.769916E-02
 -.470000E+00 -.799413E-02
 -.450000E+00 -.482753E-02
 -.430000E+00 0.427429E-03
 -.410000E+00 0.549413E-02
 -.390000E+00 0.817886E-02
 -.370000E+00 0.732058E-02
 -.350000E+00 0.329307E-02
 -.330000E+00 -.215787E-02
 -.310000E+00 -.667117E-02
 -.290000E+00 -.829318E-02
 -.270000E+00 -.632333E-02
 -.250000E+00 -.161673E-02
 -.230000E+00 0.378706E-02
 -.210000E+00 0.754781E-02
 -.190000E+00 0.803814E-02
 -.170000E+00 0.504774E-02
 -.150000E+00 -.126487E-03
 -.130000E+00 -.524281E-02
 -.110000E+00 -.808595E-02
 -.900000E-01 -.742621E-02
 -.700000E-01 -.355139E-02
 -.500000E-01 0.185880E-02
 -.300000E-01 0.646088E-02
 -.100000E-01 0.826266E-02
 0.100000E-01 0.648569E-02
 0.300000E-01 0.190155E-02
 0.500000E-01 -.350317E-02
 0.700000E-01 -.738778E-02
 0.900000E-01 -.807119E-02
 0.110000E+00 -.525943E-02
 0.130000E+00 -.172081E-03
 0.150000E+00 0.498670E-02
 0.170000E+00 0.798315E-02
 0.190000E+00 0.752116E-02
 0.210000E+00 0.380285E-02
 0.230000E+00 -.155981E-02
 0.250000E+00 -.624384E-02
 0.270000E+00 -.822150E-02
 0.290000E+00 -.663813E-02
 0.310000E+00 -.218146E-02
 0.330000E+00 0.321707E-02
 0.350000E+00 0.721936E-02
 0.370000E+00 0.809331E-02
 0.390000E+00 0.546239E-02
 0.410000E+00 0.467901E-03
 0.430000E+00 -.472617E-02
 0.450000E+00 -.787070E-02
 0.470000E+00 -.760538E-02
 0.490000E+00 -.404716E-02
 0.510000E+00 0.126129E-02
 0.530000E+00 0.602040E-02
 0.550000E+00 0.816985E-02
 0.570000E+00 0.678052E-02
 0.590000E+00 0.245612E-02
 0.610000E+00 -.292914E-02
 0.630000E+00 -.704284E-02
 0.650000E+00 -.810457E-02
 0.670000E+00 -.565644E-02
 0.690000E+00 -.760607E-03
 0.710000E+00 0.446160E-02
 0.730000E+00 0.774881E-02
 0.750000E+00 0.767886E-02
 0.770000E+00 0.428408E-02
 0.790000E+00 -.963626E-03
 0.810000E+00 -.579091E-02
 0.830000E+00 -.810786E-02
 0.850000E+00 -.691277E-02
 0.870000E+00 -.272523E-02
 0.890000E+00 0.263977E-02
 0.910000E+00 0.410326E-02
 0.930000E+00 0.103475E-02
 0.950000E+00 -.248004E-02
 0.970000E+00 -.491906E-02
 0.990000E+00 -.522718E-02




































































































 -.990000E+00 0.233891E-03
 -.970000E+00 0.233860E-03
 -.950000E+00 0.233772E-03
 -.930000E+00 0.233625E-03
 -.910000E+00 0.233421E-03
 -.890000E+00 -.267207E-02
 -.870000E+00 -.847754E-02
 -.850000E+00 -.142713E-01
 -.830000E+00 -.200476E-01
 -.810000E+00 -.258009E-01
 -.790000E+00 -.315256E-01
 -.770000E+00 -.372161E-01
 -.750000E+00 -.428669E-01
 -.730000E+00 -.484723E-01
 -.710000E+00 -.540271E-01
 -.690000E+00 -.595258E-01
 -.670000E+00 -.649630E-01
 -.650000E+00 -.703335E-01
 -.630000E+00 -.756320E-01
 -.610000E+00 -.808534E-01
 -.590000E+00 -.859926E-01
 -.570000E+00 -.910447E-01
 -.550000E+00 -.960047E-01
 -.530000E+00 -.100868E+00
 -.510000E+00 -.105629E+00
 -.490000E+00 -.110285E+00
 -.470000E+00 -.114830E+00
 -.450000E+00 -.119259E+00
 -.430000E+00 -.123570E+00
 -.410000E+00 -.127757E+00
 -.390000E+00 -.131816E+00
 -.370000E+00 -.135744E+00
 -.350000E+00 -.139537E+00
 -.330000E+00 -.143191E+00
 -.310000E+00 -.146703E+00
 -.290000E+00 -.150070E+00
 -.270000E+00 -.153287E+00
 -.250000E+00 -.156353E+00
 -.230000E+00 -.159263E+00
 -.210000E+00 -.162017E+00
 -.190000E+00 -.164610E+00
 -.170000E+00 -.167041E+00
 -.150000E+00 -.169307E+00
 -.130000E+00 -.171406E+00
 -.110000E+00 -.173336E+00
 -.900000E-01 -.175096E+00
 -.700000E-01 -.176683E+00
 -.500000E-01 -.178097E+00
 -.300000E-01 -.179336E+00
 -.100000E-01 -.180399E+00
 0.100000E-01 -.181285E+00
 0.300000E-01 -.181994E+00
 0.500000E-01 -.182524E+00
 0.700000E-01 -.182876E+00
 0.900000E-01 -.183049E+00
 0.110000E+00 -.183044E+00
 0.130000E+00 -.182860E+00
 0.150000E+00 -.182497E+00
 0.170000E+00 -.181957E+00
 0.190000E+00 -.181239E+00
 0.210000E+00 -.180345E+00
 0.230000E+00 -.179276E+00
 0.250000E+00 -.178032E+00
 0.270000E+00 -.176616E+00
 0.290000E+00 -.175029E+00
 0.310000E+00 -.173271E+00
 0.330000E+00 -.171346E+00
 0.350000E+00 -.169256E+00
 0.370000E+00 -.167001E+00
 0.390000E+00 -.164585E+00
 0.410000E+00 -.162010E+00
 0.430000E+00 -.159279E+00
 0.450000E+00 -.156395E+00
 0.470000E+00 -.153360E+00
 0.490000E+00 -.150177E+00
 0.510000E+00 -.146850E+00
 0.530000E+00 -.143382E+00
 0.550000E+00 -.139777E+00
 0.570000E+00 -.136037E+00
 0.590000E+00 -.132168E+00
 0.610000E+00 -.128172E+00
 0.630000E+00 -.124054E+00
 0.650000E+00 -.119817E+00
 0.670000E+00 -.115466E+00
 0.690000E+00 -.111005E+00
 0.710000E+00 -.106439E+00
 0.730000E+00 -.101773E+00
 0.750000E+00 -.970093E-01
 0.770000E+00 -.921545E-01
 0.790000E+00 -.872128E-01
 0.810000E+00 -.821892E-01
 0.830000E+00 -.770885E-01
 0.850000E+00 -.719157E-01
 0.870000E+00 -.666760E-01
 0.890000E+00 -.613745E-01
 0.910000E+00 -.588971E-01
 0.930000E+00 -.592486E-01
 0.950000E+00 -.595491E-01
 0.970000E+00 -.597983E-01
 0.990000E+00 -.599963E-01




































































































 -.990000E+00 0.159075E-01
 -.970000E+00 0.159070E-01
 -.950000E+00 0.159055E-01
 -.930000E+00 0.159029E-01
 -.910000E+00 0.158992E-01
 -.890000E+00 0.124052E-01
 -.870000E+00 0.542150E-02
 -.850000E+00 -.156168E-02
 -.830000E+00 -.854292E-02
 -.810000E+00 -.155208E-01
 -.790000E+00 -.224938E-01
 -.770000E+00 -.294606E-01
 -.750000E+00 -.364197E-01
 -.730000E+00 -.433697E-01
 -.710000E+00 -.503091E-01
 -.690000E+00 -.572365E-01
 -.670000E+00 -.641504E-01
 -.650000E+00 -.710495E-01
 -.630000E+00 -.779322E-01
 -.610000E+00 -.847972E-01
 -.590000E+00 -.916430E-01
 -.570000E+00 -.984681E-01
 -.550000E+00 -.105271E+00
 -.530000E+00 -.112051E+00
 -.510000E+00 -.118805E+00
 -.490000E+00 -.125534E+00
 -.470000E+00 -.132234E+00
 -.450000E+00 -.138906E+00
 -.430000E+00 -.145546E+00
 -.410000E+00 -.152155E+00
 -.390000E+00 -.158730E+00
 -.370000E+00 -.165271E+00
 -.350000E+00 -.171775E+00
 -.330000E+00 -.178242E+00
 -.310000E+00 -.184670E+00
 -.290000E+00 -.191057E+00
 -.270000E+00 -.197403E+00
 -.250000E+00 -.203706E+00
 -.230000E+00 -.209964E+00
 -.210000E+00 -.216177E+00
 -.190000E+00 -.222342E+00
 -.170000E+00 -.228459E+00
 -.150000E+00 -.234526E+00
 -.130000E+00 -.240543E+00
 -.110000E+00 -.246507E+00
 -.900000E-01 -.252417E+00
 -.700000E-01 -.258273E+00
 -.500000E-01 -.264072E+00
 -.300000E-01 -.269814E+00
 -.100000E-01 -.275498E+00
 0.100000E-01 -.281121E+00
 0.300000E-01 -.286684E+00
 0.500000E-01 -.292185E+00
 0.700000E-01 -.297622E+00
 0.900000E-01 -.302994E+00
 0.110000E+00 -.308301E+00
 0.130000E+00 -.313541E+00
 0.150000E+00 -.318713E+00
 0.170000E+00 -.323815E+00
 0.190000E+00 -.328848E+00
 0.210000E+00 -.333809E+00
 0.230000E+00 -.338699E+00
 0.250000E+00 -.343514E+00
 0.270000E+00 -.348256E+00
 0.290000E+00 -.352922E+00
 0.310000E+00 -.357512E+00
 0.330000E+00 -.362024E+00
 0.350000E+00 -.366458E+00
 0.370000E+00 -.370813E+00
 0.390000E+00 -.375088E+00
 0.410000E+00 -.379282E+00
 0.430000E+00 -.383394E+00
 0.450000E+00 -.387423E+00
 0.470000E+00 -.391369E+00
 0.490000E+00 -.395230E+00
 0.510000E+00 -.399007E+00
 0.530000E+00 -.402697E+00
 0.550000E+00 -.406301E+00
 0.570000E+00 -.409817E+00
 0.590000E+00 -.413245E+00
 0.610000E+00 -.416585E+00
 0.630000E+00 -.419835E+00
 0.650000E+00 -.422995E+00
 0.670000E+00 -.426064E+00
 0.690000E+00 -.429042E+00
 0.710000E+00 -.431928E+00
 0.730000E+00 -.434721E+00
 0.750000E+00 -.437422E+00
 0.770000E+00 -.440029E+00
 0.790000E+00 -.442542E+00
 0.810000E+00 -.444961E+00
 0.830000E+00 -.447285E+00
 0.850000E+00 -.449514E+00
 0.870000E+00 -.451647E+00
 0.890000E+00 -.453684E+00
 0.910000E+00 -.457901E+00
 0.930000E+00 -.464254E+00
 0.950000E+00 -.470451E+00
 0.970000E+00 -.476494E+00
 0.990000E+00 -.482382E+00




































































































 -.990000E+00 0.773435E+00
 -.970000E+00 0.773437E+00
 -.950000E+00 0.773441E+00
 -.930000E+00 0.773448E+00
 -.910000E+00 0.773457E+00
 -.890000E+00 0.771208E+00
 -.870000E+00 0.766668E+00
 -.850000E+00 0.762088E+00
 -.830000E+00 0.757469E+00
 -.810000E+00 0.752810E+00
 -.790000E+00 0.748112E+00
 -.770000E+00 0.743375E+00
 -.750000E+00 0.738599E+00
 -.730000E+00 0.733785E+00
 -.710000E+00 0.728932E+00
 -.690000E+00 0.724040E+00
 -.670000E+00 0.719110E+00
 -.650000E+00 0.714142E+00
 -.630000E+00 0.709137E+00
 -.610000E+00 0.704093E+00
 -.590000E+00 0.699012E+00
 -.570000E+00 0.693894E+00
 -.550000E+00 0.688739E+00
 -.530000E+00 0.683546E+00
 -.510000E+00 0.678317E+00
 -.490000E+00 0.673051E+00
 -.470000E+00 0.667749E+00
 -.450000E+00 0.662411E+00
 -.430000E+00 0.657036E+00
 -.410000E+00 0.651626E+00
 -.390000E+00 0.646180E+00
 -.370000E+00 0.640699E+00
 -.350000E+00 0.635182E+00
 -.330000E+00 0.629630E+00
 -.310000E+00 0.624043E+00
 -.290000E+00 0.618422E+00
 -.270000E+00 0.612766E+00
 -.250000E+00 0.607076E+00
 -.230000E+00 0.601352E+00
 -.210000E+00 0.595595E+00
 -.190000E+00 0.589803E+00
 -.170000E+00 0.583978E+00
 -.150000E+00 0.578120E+00
 -.130000E+00 0.572229E+00
 -.110000E+00 0.566306E+00
 -.900000E-01 0.560349E+00
 -.700000E-01 0.554361E+00
 -.500000E-01 0.548340E+00
 -.300000E-01 0.542288E+00
 -.100000E-01 0.536204E+00
 0.100000E-01 0.530089E+00
 0.300000E-01 0.523943E+00
 0.500000E-01 0.517765E+00
 0.700000E-01 0.511558E+00
 0.900000E-01 0.505319E+00
 0.110000E+00 0.499051E+00
 0.130000E+00 0.492753E+00
 0.150000E+00 0.486425E+00
 0.170000E+00 0.480068E+00
 0.190000E+00 0.473682E+00
 0.210000E+00 0.467267E+00
 0.230000E+00 0.460823E+00
 0.250000E+00 0.454351E+00
 0.270000E+00 0.447852E+00
 0.290000E+00 0.441324E+00
 0.310000E+00 0.434769E+00
 0.330000E+00 0.428187E+00
 0.350000E+00 0.421578E+00
 0.370000E+00 0.414942E+00
 0.390000E+00 0.408280E+00
 0.410000E+00 0.401592E+00
 0.430000E+00 0.394878E+00
 0.450000E+00 0.388139E+00
 0.470000E+00 0.381375E+00
 0.490000E+00 0.374586E+00
 0.510000E+00 0.367772E+00
 0.530000E+00 0.360934E+00
 0.550000E+00 0.354073E+00
 0.570000E+00 0.347188E+00
 0.590000E+00 0.340279E+00
 0.610000E+00 0.333348E+00
 0.630000E+00 0.326394E+00
 0.650000E+00 0.319418E+00
 0.670000E+00 0.312420E+00
 0.690000E+00 0.305401E+00
 0.710000E+00 0.298360E+00
 0.730000E+00 0.291298E+00
 0.750000E+00 0.284216E+00
 0.770000E+00 0.277114E+00
 0.790000E+00 0.269992E+00
 0.810000E+00 0.262850E+00
 0.830000E+00 0.255689E+00
 0.850000E+00 0.248510E+00
 0.870000E+00 0.241312E+00
 0.890000E+00 0.234096E+00
 0.910000E+00 0.221530E+00
 0.930000E+00 0.203530E+00
 0.950000E+00 0.185408E+00
 0.970000E+00 0.167172E+00
 0.990000E+00 0.148832E+00




































































































 -.990000E+00 0.896953E+00
 -.970000E+00 0.896949E+00
 -.950000E+00 0.896936E+00
 -.930000E+00 0.896915E+00
 -.910000E+00 0.896885E+00
 -.890000E+00 0.896243E+00
 -.870000E+00 0.894993E+00
 -.850000E+00 0.893742E+00
 -.830000E+00 0.892490E+00
 -.810000E+00 0.891237E+00
 -.790000E+00 0.889983E+00
 -.770000E+00 0.888727E+00
 -.750000E+00 0.887470E+00
 -.730000E+00 0.886212E+00
 -.710000E+00 0.884953E+00
 -.690000E+00 0.883693E+00
 -.670000E+00 0.882432E+00
 -.650000E+00 0.881169E+00
 -.630000E+00 0.879905E+00
 -.610000E+00 0.878640E+00
 -.590000E+00 0.877374E+00
 -.570000E+00 0.876107E+00
 -.550000E+00 0.874838E+00
 -.530000E+00 0.873569E+00
 -.510000E+00 0.872298E+00
 -.490000E+00 0.871026E+00
 -.470000E+00 0.869753E+00
 -.450000E+00 0.868478E+00
 -.430000E+00 0.867203E+00
 -.410000E+00 0.865926E+00
 -.390000E+00 0.864648E+00
 -.370000E+00 0.863369E+00
 -.350000E+00 0.862089E+00
 -.330000E+00 0.860808E+00
 -.310000E+00 0.859525E+00
 -.290000E+00 0.858241E+00
 -.270000E+00 0.856956E+00
 -.250000E+00 0.855670E+00
 -.230000E+00 0.854383E+00
 -.210000E+00 0.853094E+00
 -.190000E+00 0.851804E+00
 -.170000E+00 0.850513E+00
 -.150000E+00 0.849221E+00
 -.130000E+00 0.847928E+00
 -.110000E+00 0.846633E+00
 -.900000E-01 0.845337E+00
 -.700000E-01 0.844040E+00
 -.500000E-01 0.842742E+00
 -.300000E-01 0.841443E+00
 -.100000E-01 0.840142E+00
 0.100000E-01 0.838840E+00
 0.300000E-01 0.837537E+00
 0.500000E-01 0.836232E+00
 0.700000E-01 0.834927E+00
 0.900000E-01 0.833620E+00
 0.110000E+00 0.832312E+00
 0.130000E+00 0.831003E+00
 0.150000E+00 0.829692E+00
 0.170000E+00 0.828380E+00
 0.190000E+00 0.827067E+00
 0.210000E+00 0.825753E+00
 0.230000E+00 0.824437E+00
 0.250000E+00 0.823121E+00
 0.270000E+00 0.821803E+00
 0.290000E+00 0.820483E+00
 0.310000E+00 0.819163E+00
 0.330000E+00 0.817841E+00
 0.350000E+00 0.816518E+00
 0.370000E+00 0.815193E+00
 0.390000E+00 0.813867E+00
 0.410000E+00 0.812540E+00
 0.430000E+00 0.811212E+00
 0.450000E+00 0.809882E+00
 0.470000E+00 0.808552E+00
 0.490000E+00 0.807219E+00
 0.510000E+00 0.805886E+00
 0.530000E+00 0.804551E+00
 0.550000E+00 0.803215E+00
 0.570000E+00 0.801877E+00
 0.590000E+00 0.800539E+00
 0.610000E+00 0.799199E+00
 0.630000E+00 0.797857E+00
 0.650000E+00 0.796514E+00
 0.670000E+00 0.795170E+00
 0.690000E+00 0.793825E+00
 0.710000E+00 0.792478E+00
 0.730000E+00 0.791130E+00
 0.750000E+00 0.789780E+00
 0.770000E+00 0.788429E+00
 0.790000E+00 0.787077E+00
 0.810000E+00 0.785724E+00
 0.830000E+00 0.784369E+00
 0.850000E+00 0.783012E+00
 0.870000E+00 0.781654E+00
 0.890000E+00 0.780295E+00
 0.910000E+00 0.777656E+00
 0.930000E+00 0.773704E+00
 0.950000E+00 0.769711E+00
 0.970000E+00 0.765675E+00
 0.990000E+00 0.761595E+00




































































































 -.990000E+00 0.837696E+00
 -.970000E+00 0.837687E+00
 -.950000E+00 0.837657E+00
 -.930000E+00 0.837609E+00
 -.910000E+00 0.837541E+00
 -.890000E+00 0.836620E+00
 -.870000E+00 0.834859E+00
 -.850000E+00 0.833101E+00
 -.830000E+00 0.831346E+00
 -.810000E+00 0.829593E+00
 -.790000E+00 0.827844E+00
 -.770000E+00 0.826098E+00
 -.750000E+00 0.824355E+00
 -.730000E+00 0.822615E+00
 -.710000E+00 0.820878E+00
 -.690000E+00 0.819144E+00
 -.670000E+00 0.817413E+00
 -.650000E+00 0.815685E+00
 -.630000E+00 0.813960E+00
 -.610000E+00 0.812238E+00
 -.590000E+00 0.810519E+00
 -.570000E+00 0.808802E+00
 -.550000E+00 0.807089E+00
 -.530000E+00 0.805378E+00
 -.510000E+00 0.803671E+00
 -.490000E+00 0.801966E+00
 -.470000E+00 0.800264E+00
 -.450000E+00 0.798565E+00
 -.430000E+00 0.796869E+00
 -.410000E+00 0.795175E+00
 -.390000E+00 0.793485E+00
 -.370000E+00 0.791797E+00
 -.350000E+00 0.790112E+00
 -.330000E+00 0.788430E+00
 -.310000E+00 0.786750E+00
 -.290000E+00 0.785074E+00
 -.270000E+00 0.783400E+00
 -.250000E+00 0.781729E+00
 -.230000E+00 0.780060E+00
 -.210000E+00 0.778395E+00
 -.190000E+00 0.776732E+00
 -.170000E+00 0.775071E+00
 -.150000E+00 0.773414E+00
 -.130000E+00 0.771759E+00
 -.110000E+00 0.770107E+00
 -.900000E-01 0.768458E+00
 -.700000E-01 0.766811E+00
 -.500000E-01 0.765167E+00
 -.300000E-01 0.763525E+00
 -.100000E-01 0.761886E+00
 0.100000E-01 0.760250E+00
 0.300000E-01 0.758616E+00
 0.500000E-01 0.756985E+00
 0.700000E-01 0.755357E+00
 0.900000E-01 0.753731E+00
 0.110000E+00 0.752108E+00
 0.130000E+00 0.750487E+00
 0.150000E+00 0.748869E+00
 0.170000E+00 0.747253E+00
 0.190000E+00 0.745640E+00
 0.210000E+00 0.744029E+00
 0.230000E+00 0.742421E+00
 0.250000E+00 0.740816E+00
 0.270000E+00 0.739213E+00
 0.290000E+00 0.737612E+00
 0.310000E+00 0.736014E+00
 0.330000E+00 0.734419E+00
 0.350000E+00 0.732825E+00
 0.370000E+00 0.731235E+00
 0.390000E+00 0.729647E+00
 0.410000E+00 0.728061E+00
 0.430000E+00 0.726477E+00
 0.450000E+00 0.724896E+00
 0.470000E+00 0.723318E+00
 0.490000E+00 0.721742E+00
 0.510000E+00 0.720168E+00
 0.530000E+00 0.718597E+00
 0.550000E+00 0.717028E+00
 0.570000E+00 0.715461E+00
 0.590000E+00 0.713897E+00
 0.610000E+00 0.712335E+00
 0.630000E+00 0.710776E+00
 0.650000E+00 0.709219E+00
 0.670000E+00 0.707664E+00
 0.690000E+00 0.706111E+00
 0.710000E+00 0.704561E+00
 0.730000E+00 0.703013E+00
 0.750000E+00 0.701467E+00
 0.770000E+00 0.699924E+00
 0.790000E+00 0.698383E+00
 0.810000E+00 0.696844E+00
 0.830000E+00 0.695308E+00
 0.850000E+00 0.693773E+00
 0.870000E+00 0.692241E+00
 0.890000E+00 0.690711E+00
 0.910000E+00 0.687713E+00
 0.930000E+00 0.683232E+00
 0.950000E+00 0.678741E+00
 0.970000E+00 0.674238E+00
 0.990000E+00 0.669724E+00




































































































 -.990000E+00 0.896953E+00
 -.970000E+00 0.896949E+00
 -.950000E+00 0.896936E+00
 -.930000E+00 0.896915E+00
 -.910000E+00 0.896885E+00
 -.890000E+00 0.896243E+00
 -.870000E+00 0.894993E+00
 -.850000E+00 0.893742E+00
 -.830000E+00 0.892490E+00
 -.810000E+00 0.891237E+00
 -.790000E+00 0.889983E+00
 -.770000E+00 0.888727E+00
 -.750000E+00 0.887470E+00
 -.730000E+00 0.886212E+00
 -.710000E+00 0.884953E+00
 -.690000E+00 0.883693E+00
 -.670000E+00 0.882432E+00
 -.650000E+00 0.881169E+00
 -.630000E+00 0.879905E+00
 -.610000E+00 0.878640E+00
 -.590000E+00 0.877374E+00
 -.570000E+00 0.876107E+00
 -.550000E+00 0.874838E+00
 -.530000E+00 0.873569E+00
 -.510000E+00 0.872298E+00
 -.490000E+00 0.871026E+00
 -.470000E+00 0.869753E+00
 -.450000E+00 0.868478E+00
 -.430000E+00 0.867203E+00
 -.410000E+00 0.865926E+00
 -.390000E+00 0.864648E+00
 -.370000E+00 0.863369E+00
 -.350000E+00 0.862089E+00
 -.330000E+00 0.860808E+00
 -.310000E+00 0.859525E+00
 -.290000E+00 0.858241E+00
 -.270000E+00 0.856956E+00
 -.250000E+00 0.855670E+00
 -.230000E+00 0.854383E+00
 -.210000E+00 0.853094E+00
 -.190000E+00 0.851804E+00
 -.170000E+00 0.850513E+00
 -.150000E+00 0.849221E+00
 -.130000E+00 0.847928E+00
 -.110000E+00 0.846633E+00
 -.900000E-01 0.845337E+00
 -.700000E-01 0.844040E+00
 -.500000E-01 0.842742E+00
 -.300000E-01 0.841443E+00
 -.100000E-01 0.840142E+00
 0.100000E-01 0.838840E+00
 0.300000E-01 0.837537E+00
 0.500000E-01 0.836232E+00
 0.700000E-01 0.834927E+00
 0.900000E-01 0.833620E+00
 0.110000E+00 0.832312E+00
 0.130000E+00 0.831003E+00
 0.150000E+00 0.829692E+00
 0.170000E+00 0.828380E+00
 0.190000E+00 0.827067E+00
 0.210000E+00 0.825753E+00
 0.230000E+00 0.824437E+00
 0.250000E+00 0.823121E+00
 0.270000E+00 0.821803E+00
 0.290000E+00 0.820483E+00
 0.310000E+00 0.819163E+00
 0.330000E+00 0.817841E+00
 0.350000E+00 0.816518E+00
 0.370000E+00 0.815193E+00
 0.390000E+00 0.813867E+00
 0.410000E+00 0.812540E+00
 0.430000E+00 0.811212E+00
 0.450000E+00 0.809882E+00
 0.470000E+00 0.808552E+00
 0.490000E+00 0.807219E+00
 0.510000E+00 0.805886E+00
 0.530000E+00 0.804551E+00
 0.550000E+00 0.803215E+00
 0.570000E+00 0.801877E+00
 0.590000E+00 0.800539E+00
 0.610000E+00 0.799199E+00
 0.630000E+00 0.797857E+00
 0.650000E+00 0.796514E+00
 0.670000E+00 0.795170E+00
 0.690000E+00 0.793825E+00
 0.710000E+00 0.792478E+00
 0.730000E+00 0.791130E+00
 0.750000E+00 0.789780E+00
 0.770000E+00 0.788429E+00
 0.790000E+00 0.787077E+00
 0.810000E+00 0.785724E+00
 0.830000E+00 0.784369E+00
 0.850000E+00 0.783012E+00
 0.870000E+00 0.781654E+00
 0.890000E+00 0.780295E+00
 0.910000E+00 0.777656E+00
 0.930000E+00 0.773704E+00
 0.950000E+00 0.769711E+00
 0.970000E+00 0.765675E+00
 0.990000E+00 0.761595E+00




































































































 -.990000E+00 0.773435E+00
 -.970000E+00 0.773437E+00
 -.950000E+00 0.773441E+00
 -.930000E+00 0.773448E+00
 -.910000E+00 0.773457E+00
 -.890000E+00 0.771208E+00
 -.870000E+00 0.766668E+00
 -.850000E+00 0.762088E+00
 -.830000E+00 0.757469E+00
 -.810000E+00 0.752810E+00
 -.790000E+00 0.748112E+00
 -.770000E+00 0.743375E+00
 -.750000E+00 0.738599E+00
 -.730000E+00 0.733785E+00
 -.710000E+00 0.728932E+00
 -.690000E+00 0.724040E+00
 -.670000E+00 0.719110E+00
 -.650000E+00 0.714142E+00
 -.630000E+00 0.709137E+00
 -.610000E+00 0.704093E+00
 -.590000E+00 0.699012E+00
 -.570000E+00 0.693894E+00
 -.550000E+00 0.688739E+00
 -.530000E+00 0.683546E+00
 -.510000E+00 0.678317E+00
 -.490000E+00 0.673051E+00
 -.470000E+00 0.667749E+00
 -.450000E+00 0.662411E+00
 -.430000E+00 0.657036E+00
 -.410000E+00 0.651626E+00
 -.390000E+00 0.646180E+00
 -.370000E+00 0.640699E+00
 -.350000E+00 0.635182E+00
 -.330000E+00 0.629630E+00
 -.310000E+00 0.624043E+00
 -.290000E+00 0.618422E+00
 -.270000E+00 0.612766E+00
 -.250000E+00 0.607076E+00
 -.230000E+00 0.601352E+00
 -.210000E+00 0.595595E+00
 -.190000E+00 0.589803E+00
 -.170000E+00 0.583978E+00
 -.150000E+00 0.578120E+00
 -.130000E+00 0.572229E+00
 -.110000E+00 0.566306E+00
 -.900000E-01 0.560349E+00
 -.700000E-01 0.554361E+00
 -.500000E-01 0.548340E+00
 -.300000E-01 0.542288E+00
 -.100000E-01 0.536204E+00
 0.100000E-01 0.530089E+00
 0.300000E-01 0.523943E+00
 0.500000E-01 0.517765E+00
 0.700000E-01 0.511558E+00
 0.900000E-01 0.505319E+00
 0.110000E+00 0.499051E+00
 0.130000E+00 0.492753E+00
 0.150000E+00 0.486425E+00
 0.170000E+00 0.480068E+00
 0.190000E+00 0.473682E+00
 0.210000E+00 0.467267E+00
 0.230000E+00 0.460823E+00
 0.250000E+00 0.454351E+00
 0.270000E+00 0.447852E+00
 0.290000E+00 0.441324E+00
 0.310000E+00 0.434769E+00
 0.330000E+00 0.428187E+00
 0.350000E+00 0.421578E+00
 0.370000E+00 0.414942E+00
 0.390000E+00 0.408280E+00
 0.410000E+00 0.401592E+00
 0.430000E+00 0.394878E+00
 0.450000E+00 0.388139E+00
 0.470000E+00 0.381375E+00
 0.490000E+00 0.374586E+00
 0.510000E+00 0.367772E+00
 0.530000E+00 0.360934E+00
 0.550000E+00 0.354073E+00
 0.570000E+00 0.347188E+00
 0.590000E+00 0.340279E+00
 0.610000E+00 0.333348E+00
 0.630000E+00 0.326394E+00
 0.650000E+00 0.319418E+00
 0.670000E+00 0.312420E+00
 0.690000E+00 0.305401E+00
 0.710000E+00 0.298360E+00
 0.730000E+00 0.291298E+00
 0.750000E+00 0.284216E+00
 0.770000E+00 0.277114E+00
 0.790000E+00 0.269992E+00
 0.810000E+00 0.262850E+00
 0.830000E+00 0.255689E+00
 0.850000E+00 0.248510E+00
 0.870000E+00 0.241312E+00
 0.890000E+00 0.234096E+00
 0.910000E+00 0.221530E+00
 0.930000E+00 0.203530E+00
 0.950000E+00 0.185408E+00
 0.970000E+00 0.167172E+00
 0.990000E+00 0.148832E+00




































































































 -.990000E+00 0.159075E-01
 -.970000E+00 0.159070E-01
 -.950000E+00 0.159055E-01
 -.930000E+00 0.159029E-01
 -.910000E+00 0.158992E-01
 -.890000E+00 0.124052E-01
 -.870000E+00 0.542150E-02
 -.850000E+00 -.156168E-02
 -.830000E+00 -.854292E-02
 -.810000E+00 -.155208E-01
 -.790000E+00 -.224938E-01
 -.770000E+00 -.294606E-01
 -.750000E+00 -.364197E-01
 -.730000E+00 -.433697E-01
 -.710000E+00 -.503091E-01
 -.690000E+00 -.572365E-01
 -.670000E+00 -.641504E-01
 -.650000E+00 -.710495E-01
 -.630000E+00 -.779322E-01
 -.610000E+00 -.847972E-01
 -.590000E+00 -.916430E-01
 -.570000E+00 -.984681E-01
 -.550000E+00 -.105271E+00
 -.530000E+00 -.112051E+00
 -.510000E+00 -.118805E+00
 -.490000E+00 -.125534E+00
 -.470000E+00 -.132234E+00
 -.450000E+00 -.138906E+00
 -.430000E+00 -.145546E+00
 -.410000E+00 -.152155E+00
 -.390000E+00 -.158730E+00
 -.370000E+00 -.165271E+00
 -.350000E+00 -.171775E+00
 -.330000E+00 -.178242E+00
 -.310000E+00 -.184670E+00
 -.290000E+00 -.191057E+00
 -.270000E+00 -.197403E+00
 -.250000E+00 -.203706E+00
 -.230000E+00 -.209964E+00
 -.210000E+00 -.216177E+00
 -.190000E+00 -.222342E+00
 -.170000E+00 -.228459E+00
 -.150000E+00 -.234526E+00
 -.130000E+00 -.240543E+00
 -.110000E+00 -.246507E+00
 -.900000E-01 -.252417E+00
 -.700000E-01 -.258273E+00
 -.500000E-01 -.264072E+00
 -.300000E-01 -.269814E+00
 -.100000E-01 -.275498E+00
 0.100000E-01 -.281121E+00
 0.300000E-01 -.286684E+00
 0.500000E-01 -.292185E+00
 0.700000E-01 -.297622E+00
 0.900000E-01 -.302994E+00
 0.110000E+00 -.308301E+00
 0.130000E+00 -.313541E+00
 0.150000E+00 -.318713E+00
 0.170000E+00 -.323815E+00
 0.190000E+00 -.328848E+00
 0.210000E+00 -.333809E+00
 0.230000E+00 -.338699E+00
 0.250000E+00 -.343514E+00
 0.270000E+00 -.348256E+00
 0.290000E+00 -.352922E+00
 0.310000E+00 -.357512E+00
 0.330000E+00 -.362024E+00
 0.350000E+00 -.366458E+00
 0.370000E+00 -.370813E+00
 0.390000E+00 -.375088E+00
 0.410000E+00 -.379282E+00
 0.430000E+00 -.383394E+00
 0.450000E+00 -.387423E+00
 0.470000E+00 -.391369E+00
 0.490000E+00 -.395230E+00
 0.510000E+00 -.399007E+00
 0.530000E+00 -.402697E+00
 0.550000E+00 -.406301E+00
 0.570000E+00 -.409817E+00
 0.590000E+00 -.413245E+00
 0.610000E+00 -.416585E+00
 0.630000E+00 -.419835E+00
 0.650000E+00 -.422995E+00
 0.670000E+00 -.426064E+00
 0.690000E+00 -.429042E+00
 0.710000E+00 -.431928E+00
 0.730000E+00 -.434721E+00
 0.750000E+00 -.437422E+00
 0.770000E+00 -.440029E+00
 0.790000E+00 -.442542E+00
 0.810000E+00 -.444961E+00
 0.830000E+00 -.447285E+00
 0.850000E+00 -.449514E+00
 0.870000E+00 -.451647E+00
 0.890000E+00 -.453684E+00
 0.910000E+00 -.457901E+00
 0.930000E+00 -.464254E+00
 0.950000E+00 -.470451E+00
 0.970000E+00 -.476494E+00
 0.990000E+00 -.482382E+00




































































































 -.990000E+00 0.233891E-03
 -.970000E+00 0.233860E-03
 -.950000E+00 0.233772E-03
 -.930000E+00 0.233625E-03
 -.910000E+00 0.233421E-03
 -.890000E+00 -.267207E-02
 -.870000E+00 -.847754E-02
 -.850000E+00 -.142713E-01
 -.830000E+00 -.200476E-01
 -.810000E+00 -.258009E-01
 -.790000E+00 -.315256E-01
 -.770000E+00 -.372161E-01
 -.750000E+00 -.428669E-01
 -.730000E+00 -.484723E-01
 -.710000E+00 -.540271E-01
 -.690000E+00 -.595258E-01
 -.670000E+00 -.649630E-01
 -.650000E+00 -.703335E-01
 -.630000E+00 -.756320E-01
 -.610000E+00 -.808534E-01
 -.590000E+00 -.859926E-01
 -.570000E+00 -.910447E-01
 -.550000E+00 -.960047E-01
 -.530000E+00 -.100868E+00
 -.510000E+00 -.105629E+00
 -.490000E+00 -.110285E+00
 -.470000E+00 -.114830E+00
 -.450000E+00 -.119259E+00
 -.430000E+00 -.123570E+00
 -.410000E+00 -.127757E+00
 -.390000E+00 -.131816E+00
 -.370000E+00 -.135744E+00
 -.350000E+00 -.139537E+00
 -.330000E+00 -.143191E+00
 -.310000E+00 -.146703E+00
 -.290000E+00 -.150070E+00
 -.270000E+00 -.153287E+00
 -.250000E+00 -.156353E+00
 -.230000E+00 -.159263E+00
 -.210000E+00 -.162017E+00
 -.190000E+00 -.164610E+00
 -.170000E+00 -.167041E+00
 -.150000E+00 -.169307E+00
 -.130000E+00 -.171406E+00
 -.110000E+00 -.173336E+00
 -.900000E-01 -.175096E+00
 -.700000E-01 -.176683E+00
 -.500000E-01 -.178097E+00
 -.300000E-01 -.179336E+00
 -.100000E-01 -.180399E+00
 0.100000E-01 -.181285E+00
 0.300000E-01 -.181994E+00
 0.500000E-01 -.182524E+00
 0.700000E-01 -.182876E+00
 0.900000E-01 -.183049E+00
 0.110000E+00 -.183044E+00
 0.130000E+00 -.182860E+00
 0.150000E+00 -.182497E+00
 0.170000E+00 -.181957E+00
 0.190000E+00 -.181239E+00
 0.210000E+00 -.180345E+00
 0.230000E+00 -.179276E+00
 0.250000E+00 -.178032E+00
 0.270000E+00 -.176616E+00
 0.290000E+00 -.175029E+00
 0.310000E+00 -.173271E+00
 0.330000E+00 -.171346E+00
 0.350000E+00 -.169256E+00
 0.370000E+00 -.167001E+00
 0.390000E+00 -.164585E+00
 0.410000E+00 -.162010E+00
 0.430000E+00 -.159279E+00
 0.450000E+00 -.156395E+00
 0.470000E+00 -.153360E+00
 0.490000E+00 -.150177E+00
 0.510000E+00 -.146850E+00
 0.530000E+00 -.143382E+00
 0.550000E+00 -.139777E+00
 0.570000E+00 -.136037E+00
 0.590000E+00 -.132168E+00
 0.610000E+00 -.128172E+00
 0.630000E+00 -.124054E+00
 0.650000E+00 -.119817E+00
 0.670000E+00 -.115466E+00
 0.690000E+00 -.111005E+00
 0.710000E+00 -.106439E+00
 0.730000E+00 -.101773E+00
 0.750000E+00 -.970093E-01
 0.770000E+00 -.921545E-01
 0.790000E+00 -.872128E-01
 0.810000E+00 -.821892E-01
 0.830000E+00 -.770885E-01
 0.850000E+00 -.719157E-01
 0.870000E+00 -.666760E-01
 0.890000E+00 -.613745E-01
 0.910000E+00 -.588971E-01
 0.930000E+00 -.592486E-01
 0.950000E+00 -.595491E-01
 0.970000E+00 -.597983E-01
 0.990000E+00 -.599963E-01




































































































 -.990000E+00 -.260465E-06
 -.970000E+00 -.221331E-06
 -.950000E+00 0.360716E-07
 -.930000E+00 0.399834E-06
 -.910000E+00 0.711918E-06
 -.890000E+00 -.275462E-02
 -.870000E+00 -.707017E-02
 -.850000E+00 -.832179E-02
 -.830000E+00 -.596938E-02
 -.810000E+00 -.103371E-02
 -.790000E+00 0.434656E-02
 -.770000E+00 0.784155E-02
 -.750000E+00 0.793910E-02
 -.730000E+00 0.459903E-02
 -.710000E+00 -.730365E-03
 -.690000E+00 -.574029E-02
 -.670000E+00 -.826168E-02
 -.650000E+00 -.720431E-02
 -.630000E+00 -.302818E-02
 -.610000E+00 0.245661E-02
 -.590000E+00 0.687438E-02
 -.570000E+00 0.831293E-02
 -.550000E+00 0.615118E-02
 -.530000E+00 0.132733E-02
 -.510000E+00 -.406832E-02
 -.490000E+00 -.769916E-02
 -.470000E+00 -.799413E-02
 -.450000E+00 -.482753E-02
 -.430000E+00 0.427429E-03
 -.410000E+00 0.549413E-02
 -.390000E+00 0.817886E-02
 -.370000E+00 0.732058E-02
 -.350000E+00 0.329307E-02
 -.330000E+00 -.215787E-02
 -.310000E+00 -.667117E-02
 -.290000E+00 -.829318E-02
 -.270000E+00 -.632333E-02
 -.250000E+00 -.161673E-02
 -.230000E+00 0.378706E-02
 -.210000E+00 0.754781E-02
 -.190000E+00 0.803814E-02
 -.170000E+00 0.504774E-02
 -.150000E+00 -.126487E-03
 -.130000E+00 -.524281E-02
 -.110000E+00 -.808595E-02
 -.900000E-01 -.742621E-02
 -.700000E-01 -.355139E-02
 -.500000E-01 0.185880E-02
 -.300000E-01 0.646088E-02
 -.100000E-01 0.826266E-02
 0.100000E-01 0.648569E-02
 0.300000E-01 0.190155E-02
 0.500000E-01 -.350317E-02
 0.700000E-01 -.738778E-02
 0.900000E-01 -.807119E-02
 0.110000E+00 -.525943E-02
 0.130000E+00 -.172081E-03
 0.150000E+00 0.498670E-02
 0.170000E+00 0.798315E-02
 0.190000E+00 0.752116E-02
 0.210000E+00 0.380285E-02
 0.230000E+00 -.155981E-02
 0.250000E+00 -.624384E-02
 0.270000E+00 -.822150E-02
 0.290000E+00 -.663813E-02
 0.310000E+00 -.218146E-02
 0.330000E+00 0.321707E-02
 0.350000E+00 0.721936E-02
 0.370000E+00 0.809331E-02
 0.390000E+00 0.546239E-02
 0.410000E+00 0.467901E-03
 0.430000E+00 -.472617E-02
 0.450000E+00 -.787070E-02
 0.470000E+00 -.760538E-02
 0.490000E+00 -.404716E-02
 0.510000E+00 0.126129E-02
 0.530000E+00 0.602040E-02
 0.550000E+00 0.816985E-02
 0.570000E+00 0.678052E-02
 0.590000E+00 0.245612E-02
 0.610000E+00 -.292914E-02
 0.630000E+00 -.704284E-02
 0.650000E+00 -.810457E-02
 0.670000E+00 -.565644E-02
 0.690000E+00 -.760607E-03
 0.710000E+00 0.446160E-02
 0.730000E+00 0.774881E-02
 0.750000E+00 0.767886E-02
 0.770000E+00 0.428408E-02
 0.790000E+00 -.963626E-03
 0.810000E+00 -.579091E-02
 0.830000E+00 -.810786E-02
 0.850000E+00 -.691277E-02
 0.870000E+00 -.272523E-02
 0.890000E+00 0.263977E-02
 0.910000E+00 0.410326E-02
 0.930000E+00 0.103475E-02
 0.950000E+00 -.248004E-02
 0.970000E+00 -.491906E-02
 0.990000E+00 -.522718E-02




































































































