 0.10000000E-01 0.37734737E-03 0.37734737E-03 0.37734737E-03 0.37734737E-03
 0.12000000E-01 0.36860741E-03 0.36860741E-03 0.36860741E-03 0.36860741E-03
 0.14000000E-01 0.35837479E-03 0.35837479E-03 0.35837479E-03 0.35837479E-03
 0.16000000E-01 0.35127810E-03 0.35127810E-03 0.35127810E-03 0.35127810E-03
 0.18000000E-01 0.34540049E-03 0.34540049E-03 0.34540049E-03 0.34540049E-03
 0.20000000E-01 0.34622008E-03 0.34622008E-03 0.34622008E-03 0.34622008E-03
 0.22000000E-01 0.35598163E-03 0.35598163E-03 0.35598163E-03 0.35598163E-03
 0.24000000E-01 0.36404712E-03 0.36404712E-03 0.36404712E-03 0.36404712E-03
 0.26000000E-01 0.36316425E-03 0.36316425E-03 0.36316425E-03 0.36316425E-03
 0.28000000E-01 0.35853931E-03 0.35853931E-03 0.35853931E-03 0.35853931E-03
 0.30000000E-01 0.35476347E-03 0.35476347E-03 0.35476347E-03 0.35476347E-03
 0.32000000E-01 0.35116535E-03 0.35116535E-03 0.35116535E-03 0.35116535E-03
 0.34000000E-01 0.34968592E-03 0.34968592E-03 0.34968592E-03 0.34968592E-03
 0.36000000E-01 0.35385534E-03 0.35385534E-03 0.35385534E-03 0.35385534E-03
 0.38000000E-01 0.35999550E-03 0.35999550E-03 0.35999550E-03 0.35999550E-03
 0.40000000E-01 0.36136203E-03 0.36136203E-03 0.36136203E-03 0.36136203E-03
 0.42000000E-01 0.35877756E-03 0.35877756E-03 0.35877756E-03 0.35877756E-03
 0.44000000E-01 0.35610681E-03 0.35610681E-03 0.35610681E-03 0.35610681E-03
 0.46000000E-01 0.35366511E-03 0.35366511E-03 0.35366511E-03 0.35366511E-03
 0.48000000E-01 0.35176166E-03 0.35176166E-03 0.35176166E-03 0.35176166E-03
 0.50000000E-01 0.35327503E-03 0.35327503E-03 0.35327503E-03 0.35327503E-03
 0.52000000E-01 0.35782727E-03 0.35782727E-03 0.35782727E-03 0.35782727E-03
 0.54000000E-01 0.36027101E-03 0.36027101E-03 0.36027101E-03 0.36027101E-03
 0.56000000E-01 0.35903587E-03 0.35903587E-03 0.35903587E-03 0.35903587E-03
 0.58000000E-01 0.35693894E-03 0.35693894E-03 0.35693894E-03 0.35693894E-03
 0.60000000E-01 0.35513651E-03 0.35513651E-03 0.35513651E-03 0.35513651E-03
 0.62000000E-01 0.35334393E-03 0.35334393E-03 0.35334393E-03 0.35334393E-03
 0.64000000E-01 0.35340269E-03 0.35340269E-03 0.35340269E-03 0.35340269E-03
 0.66000000E-01 0.35650899E-03 0.35650899E-03 0.35650899E-03 0.35650899E-03
 0.68000000E-01 0.35941247E-03 0.35941247E-03 0.35941247E-03 0.35941247E-03
 0.70000000E-01 0.35927237E-03 0.35927237E-03 0.35927237E-03 0.35927237E-03
 0.72000000E-01 0.35762545E-03 0.35762545E-03 0.35762545E-03 0.35762545E-03
 0.74000000E-01 0.35616726E-03 0.35616726E-03 0.35616726E-03 0.35616726E-03
 0.76000000E-01 0.35466342E-03 0.35466342E-03 0.35466342E-03 0.35466342E-03
 0.78000000E-01 0.35396478E-03 0.35396478E-03 0.35396478E-03 0.35396478E-03
 0.80000000E-01 0.35577832E-03 0.35577832E-03 0.35577832E-03 0.35577832E-03
 0.82000000E-01 0.35865794E-03 0.35865794E-03 0.35865794E-03 0.35865794E-03
 0.84000000E-01 0.35942870E-03 0.35942870E-03 0.35942870E-03 0.35942870E-03
 0.86000000E-01 0.35827244E-03 0.35827244E-03 0.35827244E-03 0.35827244E-03
 0.88000000E-01 0.35699868E-03 0.35699868E-03 0.35699868E-03 0.35699868E-03
 0.90000000E-01 0.35578332E-03 0.35578332E-03 0.35578332E-03 0.35578332E-03
 0.92000000E-01 0.35477462E-03 0.35477462E-03 0.35477462E-03 0.35477462E-03
 0.94000000E-01 0.35553417E-03 0.35553417E-03 0.35553417E-03 0.35553417E-03
 0.96000000E-01 0.35802698E-03 0.35802698E-03 0.35802698E-03 0.35802698E-03
 0.98000000E-01 0.35949238E-03 0.35949238E-03 0.35949238E-03 0.35949238E-03
 0.10000000E+00 0.35890325E-03 0.35890325E-03 0.35890325E-03 0.35890325E-03
 0.11000000E+00 0.35757363E-03 0.35757363E-03 0.35757363E-03 0.35757363E-03
 0.12000000E+00 0.35672755E-03 0.35672755E-03 0.35672755E-03 0.35672755E-03
 0.13000000E+00 0.35931489E-03 0.35931489E-03 0.35931489E-03 0.35931489E-03
 0.14000000E+00 0.35921197E-03 0.35921197E-03 0.35921197E-03 0.35921197E-03
 0.15000000E+00 0.35798478E-03 0.35798478E-03 0.35798478E-03 0.35798478E-03
 0.16000000E+00 0.36026054E-03 0.36026054E-03 0.36026054E-03 0.36026054E-03
 0.17000000E+00 0.36088266E-03 0.36088266E-03 0.36088266E-03 0.36088266E-03
 0.18000000E+00 0.35955961E-03 0.35955961E-03 0.35955961E-03 0.35955961E-03
 0.19000000E+00 0.36164107E-03 0.36164107E-03 0.36164107E-03 0.36164107E-03
 0.20000000E+00 0.36269331E-03 0.36269331E-03 0.36269331E-03 0.36269331E-03
 0.21000000E+00 0.36144914E-03 0.36144914E-03 0.36144914E-03 0.36144914E-03
 0.22000000E+00 0.36341059E-03 0.36341059E-03 0.36341059E-03 0.36341059E-03
 0.23000000E+00 0.36471966E-03 0.36471966E-03 0.36471966E-03 0.36471966E-03
 0.24000000E+00 0.36364949E-03 0.36364949E-03 0.36364949E-03 0.36364949E-03
 0.25000000E+00 0.36555041E-03 0.36555041E-03 0.36555041E-03 0.36555041E-03
 0.26000000E+00 0.36701647E-03 0.36701647E-03 0.36701647E-03 0.36701647E-03
 0.27000000E+00 0.36616215E-03 0.36616215E-03 0.36616215E-03 0.36616215E-03
 0.28000000E+00 0.36805818E-03 0.36805818E-03 0.36805818E-03 0.36805818E-03
 0.29000000E+00 0.36962195E-03 0.36962195E-03 0.36962195E-03 0.36962195E-03
 0.30000000E+00 0.36899844E-03 0.36899844E-03 0.36899844E-03 0.36899844E-03
 0.31000000E+00 0.37094213E-03 0.37094213E-03 0.37094213E-03 0.37094213E-03
 0.32000000E+00 0.37256097E-03 0.37256097E-03 0.37256097E-03 0.37256097E-03
 0.33000000E+00 0.37218202E-03 0.37218202E-03 0.37218202E-03 0.37218202E-03
 0.34000000E+00 0.37421836E-03 0.37421836E-03 0.37421836E-03 0.37421836E-03
 0.35000000E+00 0.37584701E-03 0.37584701E-03 0.37584701E-03 0.37584701E-03
 0.36000000E+00 0.37574964E-03 0.37574964E-03 0.37574964E-03 0.37574964E-03
 0.37000000E+00 0.37791047E-03 0.37791047E-03 0.37791047E-03 0.37791047E-03
 0.38000000E+00 0.37948382E-03 0.37948382E-03 0.37948382E-03 0.37948382E-03
 0.39000000E+00 0.37974891E-03 0.37974891E-03 0.37974891E-03 0.37974891E-03
 0.40000000E+00 0.38205083E-03 0.38205083E-03 0.38205083E-03 0.38205083E-03
 0.41000000E+00 0.38347185E-03 0.38347185E-03 0.38347185E-03 0.38347185E-03
 0.42000000E+00 0.38422975E-03 0.38422975E-03 0.38422975E-03 0.38422975E-03
 0.43000000E+00 0.38667870E-03 0.38667870E-03 0.38667870E-03 0.38667870E-03
 0.44000000E+00 0.38783217E-03 0.38783217E-03 0.38783217E-03 0.38783217E-03
 0.45000000E+00 0.38922907E-03 0.38922907E-03 0.38922907E-03 0.38922907E-03
 0.46000000E+00 0.39182357E-03 0.39182357E-03 0.39182357E-03 0.39182357E-03
 0.47000000E+00 0.39265720E-03 0.39265720E-03 0.39265720E-03 0.39265720E-03
 0.48000000E+00 0.39476230E-03 0.39476230E-03 0.39476230E-03 0.39476230E-03
 0.49000000E+00 0.39746099E-03 0.39746099E-03 0.39746099E-03 0.39746099E-03
 0.50000000E+00 0.39814783E-03 0.39814783E-03 0.39814783E-03 0.39814783E-03
 0.51000000E+00 0.40085825E-03 0.40085825E-03 0.40085825E-03 0.40085825E-03
 0.52000000E+00 0.40347015E-03 0.40347015E-03 0.40347015E-03 0.40347015E-03
 0.53000000E+00 0.40452370E-03 0.40452370E-03 0.40452370E-03 0.40452370E-03
 0.54000000E+00 0.40763120E-03 0.40763120E-03 0.40763120E-03 0.40763120E-03
 0.55000000E+00 0.40975327E-03 0.40975327E-03 0.40975327E-03 0.40975327E-03
 0.56000000E+00 0.41181679E-03 0.41181679E-03 0.41181679E-03 0.41181679E-03
 0.57000000E+00 0.41518740E-03 0.41518740E-03 0.41518740E-03 0.41518740E-03
 0.58000000E+00 0.41666740E-03 0.41666740E-03 0.41666740E-03 0.41666740E-03
 0.59000000E+00 0.41988292E-03 0.41988292E-03 0.41988292E-03 0.41988292E-03
 0.60000000E+00 0.42327314E-03 0.42327314E-03 0.42327314E-03 0.42327314E-03
 0.61000000E+00 0.42496073E-03 0.42496073E-03 0.42496073E-03 0.42496073E-03
 0.62000000E+00 0.42885411E-03 0.42885411E-03 0.42885411E-03 0.42885411E-03
 0.63000000E+00 0.43152546E-03 0.43152546E-03 0.43152546E-03 0.43152546E-03
 0.64000000E+00 0.43467199E-03 0.43467199E-03 0.43467199E-03 0.43467199E-03
 0.65000000E+00 0.43888889E-03 0.43888889E-03 0.43888889E-03 0.43888889E-03
 0.66000000E+00 0.44097254E-03 0.44097254E-03 0.44097254E-03 0.44097254E-03
 0.67000000E+00 0.44543630E-03 0.44543630E-03 0.44543630E-03 0.44543630E-03
 0.68000000E+00 0.44915903E-03 0.44915903E-03 0.44915903E-03 0.44915903E-03
 0.69000000E+00 0.45262583E-03 0.45262583E-03 0.45262583E-03 0.45262583E-03
 0.70000000E+00 0.45766159E-03 0.45766159E-03 0.45766159E-03 0.45766159E-03
 0.71000000E+00 0.46044616E-03 0.46044616E-03 0.46044616E-03 0.46044616E-03
 0.72000000E+00 0.46577440E-03 0.46577440E-03 0.46577440E-03 0.46577440E-03
 0.73000000E+00 0.47032038E-03 0.47032038E-03 0.47032038E-03 0.47032038E-03
 0.74000000E+00 0.47477776E-03 0.47477776E-03 0.47477776E-03 0.47477776E-03
 0.75000000E+00 0.48086491E-03 0.48086491E-03 0.48086491E-03 0.48086491E-03
 0.76000000E+00 0.48454379E-03 0.48454379E-03 0.48454379E-03 0.48454379E-03
 0.77000000E+00 0.49118902E-03 0.49118902E-03 0.49118902E-03 0.49118902E-03
 0.78000000E+00 0.49633466E-03 0.49633466E-03 0.49633466E-03 0.49633466E-03
 0.79000000E+00 0.50271324E-03 0.50271324E-03 0.50271324E-03 0.50271324E-03
 0.80000000E+00 0.51001335E-03 0.51001335E-03 0.51001335E-03 0.51001335E-03
 0.81000000E+00 0.51542583E-03 0.51542583E-03 0.51542583E-03 0.51542583E-03
 0.82000000E+00 0.52402657E-03 0.52402657E-03 0.52402657E-03 0.52402657E-03
 0.83000000E+00 0.52989456E-03 0.52989456E-03 0.52989456E-03 0.52989456E-03
 0.84000000E+00 0.53923354E-03 0.53923354E-03 0.53923354E-03 0.53923354E-03
 0.85000000E+00 0.54745586E-03 0.54745586E-03 0.54745586E-03 0.54745586E-03
 0.86000000E+00 0.55682854E-03 0.55682854E-03 0.55682854E-03 0.55682854E-03
 0.87000000E+00 0.56790113E-03 0.56790113E-03 0.56790113E-03 0.56790113E-03
 0.88000000E+00 0.57702190E-03 0.57702190E-03 0.57702190E-03 0.57702190E-03
 0.89000000E+00 0.59061255E-03 0.59061255E-03 0.59061255E-03 0.59061255E-03
 0.90000000E+00 0.60082575E-03 0.60082575E-03 0.60082575E-03 0.60082575E-03
 0.91000000E+00 0.61693589E-03 0.61693589E-03 0.61693589E-03 0.61693589E-03
 0.92000000E+00 0.63053954E-03 0.63053954E-03 0.63053954E-03 0.63053954E-03
 0.93000000E+00 0.64973903E-03 0.64973903E-03 0.64973903E-03 0.64973903E-03
 0.94000000E+00 0.66964432E-03 0.66964432E-03 0.66964432E-03 0.66964432E-03
 0.95000000E+00 0.69338593E-03 0.69338593E-03 0.69338593E-03 0.69338593E-03
 0.96000000E+00 0.72459582E-03 0.72459582E-03 0.72459582E-03 0.72459582E-03
 0.97000000E+00 0.76117131E-03 0.76117131E-03 0.76117131E-03 0.76117131E-03
 0.98000000E+00 0.83777452E-03 0.83777452E-03 0.83777452E-03 0.83777452E-03
 0.99000000E+00 0.95309213E-03 0.95309213E-03 0.95309213E-03 0.95309213E-03
 0.10000000E+01 0.10598526E-02 0.10598526E-02 0.10598526E-02 0.10598526E-02
 0.10100000E+01 0.11231625E-02 0.11231625E-02 0.11231625E-02 0.11231625E-02
 0.10200000E+01 0.11761965E-02 0.11761965E-02 0.11761965E-02 0.11761965E-02
 0.10300000E+01 0.12028316E-02 0.12028316E-02 0.12028316E-02 0.12028316E-02
 0.10400000E+01 0.12241699E-02 0.12241699E-02 0.12241699E-02 0.12241699E-02
 0.10500000E+01 0.12302054E-02 0.12302054E-02 0.12302054E-02 0.12302054E-02
 0.10600000E+01 0.12364073E-02 0.12364073E-02 0.12364073E-02 0.12364073E-02
 0.10700000E+01 0.12342351E-02 0.12342351E-02 0.12342351E-02 0.12342351E-02
 0.10800000E+01 0.12325266E-02 0.12325266E-02 0.12325266E-02 0.12325266E-02
 0.10900000E+01 0.12258345E-02 0.12258345E-02 0.12258345E-02 0.12258345E-02
 0.11000000E+01 0.12195478E-02 0.12195478E-02 0.12195478E-02 0.12195478E-02
 0.11100000E+01 0.12103672E-02 0.12103672E-02 0.12103672E-02 0.12103672E-02
 0.11200000E+01 0.12009615E-02 0.12009615E-02 0.12009615E-02 0.12009615E-02
 0.11300000E+01 0.11897409E-02 0.11897409E-02 0.11897409E-02 0.11897409E-02
 0.11400000E+01 0.11789233E-02 0.11789233E-02 0.11789233E-02 0.11789233E-02
 0.11500000E+01 0.11664877E-02 0.11664877E-02 0.11664877E-02 0.11664877E-02
 0.11600000E+01 0.11546041E-02 0.11546041E-02 0.11546041E-02 0.11546041E-02
 0.11700000E+01 0.11414426E-02 0.11414426E-02 0.11414426E-02 0.11414426E-02
 0.11800000E+01 0.11290754E-02 0.11290754E-02 0.11290754E-02 0.11290754E-02
 0.11900000E+01 0.11153011E-02 0.11153011E-02 0.11153011E-02 0.11153011E-02
 0.12000000E+01 0.11025900E-02 0.11025900E-02 0.11025900E-02 0.11025900E-02
 0.12100000E+01 0.10887127E-02 0.10887127E-02 0.10887127E-02 0.10887127E-02
 0.12200000E+01 0.10758973E-02 0.10758973E-02 0.10758973E-02 0.10758973E-02
 0.12300000E+01 0.10619141E-02 0.10619141E-02 0.10619141E-02 0.10619141E-02
 0.12400000E+01 0.10492216E-02 0.10492216E-02 0.10492216E-02 0.10492216E-02
 0.12500000E+01 0.10352603E-02 0.10352603E-02 0.10352603E-02 0.10352603E-02
 0.12600000E+01 0.10227179E-02 0.10227179E-02 0.10227179E-02 0.10227179E-02
 0.12700000E+01 0.10089627E-02 0.10089627E-02 0.10089627E-02 0.10089627E-02
 0.12800000E+01 0.99674234E-03 0.99674234E-03 0.99674234E-03 0.99674234E-03
 0.12900000E+01 0.98310473E-03 0.98310473E-03 0.98310473E-03 0.98310473E-03
 0.13000000E+01 0.97078625E-03 0.97078625E-03 0.97078625E-03 0.97078625E-03
 0.13100000E+01 0.95775702E-03 0.95775702E-03 0.95775702E-03 0.95775702E-03
 0.13200000E+01 0.94541216E-03 0.94541216E-03 0.94541216E-03 0.94541216E-03
 0.13300000E+01 0.93292078E-03 0.93292078E-03 0.93292078E-03 0.93292078E-03
 0.13400000E+01 0.92052386E-03 0.92052386E-03 0.92052386E-03 0.92052386E-03
 0.13500000E+01 0.90854777E-03 0.90854777E-03 0.90854777E-03 0.90854777E-03
 0.13600000E+01 0.89634749E-03 0.89634749E-03 0.89634749E-03 0.89634749E-03
 0.13700000E+01 0.88500412E-03 0.88500412E-03 0.88500412E-03 0.88500412E-03
 0.13800000E+01 0.87308248E-03 0.87308248E-03 0.87308248E-03 0.87308248E-03
 0.13900000E+01 0.86213058E-03 0.86213058E-03 0.86213058E-03 0.86213058E-03
 0.14000000E+01 0.85060135E-03 0.85060135E-03 0.85060135E-03 0.85060135E-03
 0.14100000E+01 0.84001571E-03 0.84001571E-03 0.84001571E-03 0.84001571E-03
 0.14200000E+01 0.82871045E-03 0.82871045E-03 0.82871045E-03 0.82871045E-03
 0.14300000E+01 0.81789658E-03 0.81789658E-03 0.81789658E-03 0.81789658E-03
 0.14400000E+01 0.80753428E-03 0.80753428E-03 0.80753428E-03 0.80753428E-03
 0.14500000E+01 0.79684575E-03 0.79684575E-03 0.79684575E-03 0.79684575E-03
 0.14600000E+01 0.78700457E-03 0.78700457E-03 0.78700457E-03 0.78700457E-03
 0.14700000E+01 0.77724876E-03 0.77724876E-03 0.77724876E-03 0.77724876E-03
 0.14800000E+01 0.76709270E-03 0.76709270E-03 0.76709270E-03 0.76709270E-03
 0.14900000E+01 0.75722145E-03 0.75722145E-03 0.75722145E-03 0.75722145E-03
 0.15000000E+01 0.74757013E-03 0.74757013E-03 0.74757013E-03 0.74757013E-03
 0.15100000E+01 0.73832043E-03 0.73832043E-03 0.73832043E-03 0.73832043E-03
 0.15200000E+01 0.72891720E-03 0.72891720E-03 0.72891720E-03 0.72891720E-03
 0.15300000E+01 0.72016629E-03 0.72016629E-03 0.72016629E-03 0.72016629E-03
 0.15400000E+01 0.71107388E-03 0.71107388E-03 0.71107388E-03 0.71107388E-03
 0.15500000E+01 0.70234825E-03 0.70234825E-03 0.70234825E-03 0.70234825E-03
 0.15600000E+01 0.69373862E-03 0.69373862E-03 0.69373862E-03 0.69373862E-03
 0.15700000E+01 0.68512528E-03 0.68512528E-03 0.68512528E-03 0.68512528E-03
 0.15800000E+01 0.67711687E-03 0.67711687E-03 0.67711687E-03 0.67711687E-03
 0.15900000E+01 0.66882182E-03 0.66882182E-03 0.66882182E-03 0.66882182E-03
 0.16000000E+01 0.66082560E-03 0.66082560E-03 0.66082560E-03 0.66082560E-03
 0.16100000E+01 0.65297068E-03 0.65297068E-03 0.65297068E-03 0.65297068E-03
 0.16200000E+01 0.64512762E-03 0.64512762E-03 0.64512762E-03 0.64512762E-03
 0.16300000E+01 0.63779198E-03 0.63779198E-03 0.63779198E-03 0.63779198E-03
 0.16400000E+01 0.63025280E-03 0.63025280E-03 0.63025280E-03 0.63025280E-03
 0.16500000E+01 0.62290298E-03 0.62290298E-03 0.62290298E-03 0.62290298E-03
 0.16600000E+01 0.61581869E-03 0.61581869E-03 0.61581869E-03 0.61581869E-03
 0.16700000E+01 0.60872334E-03 0.60872334E-03 0.60872334E-03 0.60872334E-03
 0.16800000E+01 0.60203098E-03 0.60203098E-03 0.60203098E-03 0.60203098E-03
 0.16900000E+01 0.59517774E-03 0.59517774E-03 0.59517774E-03 0.59517774E-03
 0.17000000E+01 0.58847305E-03 0.58847305E-03 0.58847305E-03 0.58847305E-03
 0.17100000E+01 0.58221031E-03 0.58221031E-03 0.58221031E-03 0.58221031E-03
 0.17200000E+01 0.57579941E-03 0.57579941E-03 0.57579941E-03 0.57579941E-03
 0.17300000E+01 0.56970504E-03 0.56970504E-03 0.56970504E-03 0.56970504E-03
 0.17400000E+01 0.56361450E-03 0.56361450E-03 0.56361450E-03 0.56361450E-03
 0.17500000E+01 0.55764924E-03 0.55764924E-03 0.55764924E-03 0.55764924E-03
 0.17600000E+01 0.55210046E-03 0.55210046E-03 0.55210046E-03 0.55210046E-03
 0.17700000E+01 0.54638812E-03 0.54638812E-03 0.54638812E-03 0.54638812E-03
 0.17800000E+01 0.54086517E-03 0.54086517E-03 0.54086517E-03 0.54086517E-03
 0.17900000E+01 0.53581893E-03 0.53581893E-03 0.53581893E-03 0.53581893E-03
 0.18000000E+01 0.53064400E-03 0.53064400E-03 0.53064400E-03 0.53064400E-03
 0.18100000E+01 0.52564242E-03 0.52564242E-03 0.52564242E-03 0.52564242E-03
 0.18140000E+01 0.52386875E-03 0.52386875E-03 0.52386875E-03 0.52386875E-03
 0.18180000E+01 0.52206582E-03 0.52206582E-03 0.52206582E-03 0.52206582E-03
 0.18220000E+01 0.52016906E-03 0.52016906E-03 0.52016906E-03 0.52016906E-03
 0.18260000E+01 0.51834788E-03 0.51834788E-03 0.51834788E-03 0.51834788E-03
 0.18300000E+01 0.51661563E-03 0.51661563E-03 0.51661563E-03 0.51661563E-03
 0.18340000E+01 0.51495774E-03 0.51495774E-03 0.51495774E-03 0.51495774E-03
 0.18380000E+01 0.51312370E-03 0.51312370E-03 0.51312370E-03 0.51312370E-03
 0.18420000E+01 0.51161168E-03 0.51161168E-03 0.51161168E-03 0.51161168E-03
 0.18460000E+01 0.51010026E-03 0.51010026E-03 0.51010026E-03 0.51010026E-03
 0.18500000E+01 0.50851397E-03 0.50851397E-03 0.50851397E-03 0.50851397E-03
 0.18540000E+01 0.50700720E-03 0.50700720E-03 0.50700720E-03 0.50700720E-03
 0.18580000E+01 0.50561323E-03 0.50561323E-03 0.50561323E-03 0.50561323E-03
 0.18620000E+01 0.50426160E-03 0.50426160E-03 0.50426160E-03 0.50426160E-03
 0.18660000E+01 0.50287029E-03 0.50287029E-03 0.50287029E-03 0.50287029E-03
 0.18700000E+01 0.50173314E-03 0.50173314E-03 0.50173314E-03 0.50173314E-03
 0.18740000E+01 0.50069963E-03 0.50069963E-03 0.50069963E-03 0.50069963E-03
 0.18780000E+01 0.49964438E-03 0.49964438E-03 0.49964438E-03 0.49964438E-03
 0.18820000E+01 0.49862670E-03 0.49862670E-03 0.49862670E-03 0.49862670E-03
 0.18860000E+01 0.49781244E-03 0.49781244E-03 0.49781244E-03 0.49781244E-03
 0.18900000E+01 0.49709630E-03 0.49709630E-03 0.49709630E-03 0.49709630E-03
 0.18940000E+01 0.49642289E-03 0.49642289E-03 0.49642289E-03 0.49642289E-03
 0.18980000E+01 0.49602103E-03 0.49602103E-03 0.49602103E-03 0.49602103E-03
 0.19020000E+01 0.49589055E-03 0.49589055E-03 0.49589055E-03 0.49589055E-03
 0.19060000E+01 0.49586161E-03 0.49586161E-03 0.49586161E-03 0.49586161E-03
 0.19100000E+01 0.49600746E-03 0.49600746E-03 0.49600746E-03 0.49600746E-03
 0.19140000E+01 0.49650336E-03 0.49650336E-03 0.49650336E-03 0.49650336E-03
 0.19180000E+01 0.49736275E-03 0.49736275E-03 0.49736275E-03 0.49736275E-03
 0.19220000E+01 0.49873152E-03 0.49873152E-03 0.49873152E-03 0.49873152E-03
 0.19260000E+01 0.50034641E-03 0.50034641E-03 0.50034641E-03 0.50034641E-03
 0.19300000E+01 0.50295622E-03 0.50295622E-03 0.50295622E-03 0.50295622E-03
 0.19340000E+01 0.50644470E-03 0.50644470E-03 0.50644470E-03 0.50644470E-03
 0.19380000E+01 0.51111499E-03 0.51111499E-03 0.51111499E-03 0.51111499E-03
 0.19420000E+01 0.51772722E-03 0.51772722E-03 0.51772722E-03 0.51772722E-03
 0.19460000E+01 0.52759842E-03 0.52759842E-03 0.52759842E-03 0.52759842E-03
 0.19500000E+01 0.54414998E-03 0.54414998E-03 0.54414998E-03 0.54414998E-03
 0.19540000E+01 0.19317134E-02 0.19317134E-02 0.19317134E-02 0.19317134E-02
 0.19580000E+01 0.19115805E-01 0.19115805E-01 0.19115805E-01 0.19115805E-01
 0.19620000E+01 0.53767558E-01 0.53767558E-01 0.53767558E-01 0.53767558E-01
 0.19660000E+01 0.10297326E+00 0.10297326E+00 0.10297326E+00 0.10297326E+00
 0.19700000E+01 0.16374628E+00 0.16374628E+00 0.16374628E+00 0.16374628E+00
 0.19740000E+01 0.23305098E+00 0.23305098E+00 0.23305098E+00 0.23305098E+00
 0.19780000E+01 0.30783991E+00 0.30783991E+00 0.30783991E+00 0.30783991E+00
 0.19820000E+01 0.38512562E+00 0.38512562E+00 0.38512562E+00 0.38512562E+00
 0.19860000E+01 0.46209089E+00 0.46209089E+00 0.46209089E+00 0.46209089E+00
 0.19900000E+01 0.53624667E+00 0.53624667E+00 0.53624667E+00 0.53624667E+00
 0.19940000E+01 0.60560145E+00 0.60560145E+00 0.60560145E+00 0.60560145E+00
 0.19980000E+01 0.66877799E+00 0.66877799E+00 0.66877799E+00 0.66877799E+00
 0.20020000E+01 0.72500866E+00 0.72500866E+00 0.72500866E+00 0.72500866E+00
 0.20060000E+01 0.77405857E+00 0.77405857E+00 0.77405857E+00 0.77405857E+00
 0.20100000E+01 0.81612474E+00 0.81612474E+00 0.81612474E+00 0.81612474E+00
 0.20140000E+01 0.85166466E+00 0.85166466E+00 0.85166466E+00 0.85166466E+00
 0.20180000E+01 0.88130046E+00 0.88130046E+00 0.88130046E+00 0.88130046E+00
 0.20220000E+01 0.90572717E+00 0.90572717E+00 0.90572717E+00 0.90572717E+00
 0.20260000E+01 0.92565429E+00 0.92565429E+00 0.92565429E+00 0.92565429E+00
 0.20300000E+01 0.94175261E+00 0.94175261E+00 0.94175261E+00 0.94175261E+00
 0.20340000E+01 0.95462597E+00 0.95462597E+00 0.95462597E+00 0.95462597E+00
 0.20380000E+01 0.96482032E+00 0.96482032E+00 0.96482032E+00 0.96482032E+00
 0.20420000E+01 0.97279259E+00 0.97279259E+00 0.97279259E+00 0.97279259E+00
 0.20460000E+01 0.97894603E+00 0.97894603E+00 0.97894603E+00 0.97894603E+00
 0.20500000E+01 0.98353944E+00 0.98353944E+00 0.98353944E+00 0.98353944E+00
 0.20540000E+01 0.98689846E+00 0.98689846E+00 0.98689846E+00 0.98689846E+00
 0.20580000E+01 0.98921803E+00 0.98921803E+00 0.98921803E+00 0.98921803E+00
 0.20620000E+01 0.99067195E+00 0.99067195E+00 0.99067195E+00 0.99067195E+00
 0.20660000E+01 0.99140128E+00 0.99140128E+00 0.99140128E+00 0.99140128E+00
 0.20700000E+01 0.99152880E+00 0.99152880E+00 0.99152880E+00 0.99152880E+00
 0.20740000E+01 0.99114691E+00 0.99114691E+00 0.99114691E+00 0.99114691E+00
 0.20780000E+01 0.99033291E+00 0.99033291E+00 0.99033291E+00 0.99033291E+00
 0.20820000E+01 0.98915115E+00 0.98915115E+00 0.98915115E+00 0.98915115E+00
 0.20860000E+01 0.98765926E+00 0.98765926E+00 0.98765926E+00 0.98765926E+00
 0.20900000E+01 0.98589900E+00 0.98589900E+00 0.98589900E+00 0.98589900E+00
 0.20940000E+01 0.98390687E+00 0.98390687E+00 0.98390687E+00 0.98390687E+00
 0.20980000E+01 0.98171901E+00 0.98171901E+00 0.98171901E+00 0.98171901E+00
 0.21020000E+01 0.97936025E+00 0.97936025E+00 0.97936025E+00 0.97936025E+00
 0.21060000E+01 0.97685305E+00 0.97685305E+00 0.97685305E+00 0.97685305E+00
 0.21100000E+01 0.97421586E+00 0.97421586E+00 0.97421586E+00 0.97421586E+00
 0.21140000E+01 0.97147039E+00 0.97147039E+00 0.97147039E+00 0.97147039E+00
 0.21180000E+01 0.96862296E+00 0.96862296E+00 0.96862296E+00 0.96862296E+00
 0.21220000E+01 0.96569061E+00 0.96569061E+00 0.96569061E+00 0.96569061E+00
 0.21260000E+01 0.96268642E+00 0.96268642E+00 0.96268642E+00 0.96268642E+00
 0.21300000E+01 0.95961896E+00 0.95961896E+00 0.95961896E+00 0.95961896E+00
 0.21340000E+01 0.95649476E+00 0.95649476E+00 0.95649476E+00 0.95649476E+00
 0.21380000E+01 0.95332242E+00 0.95332242E+00 0.95332242E+00 0.95332242E+00
 0.21420000E+01 0.95010647E+00 0.95010647E+00 0.95010647E+00 0.95010647E+00
 0.21460000E+01 0.94685529E+00 0.94685529E+00 0.94685529E+00 0.94685529E+00
 0.21500000E+01 0.94357263E+00 0.94357263E+00 0.94357263E+00 0.94357263E+00
 0.21540000E+01 0.94026102E+00 0.94026102E+00 0.94026102E+00 0.94026102E+00
 0.21580000E+01 0.93693126E+00 0.93693126E+00 0.93693126E+00 0.93693126E+00
 0.21620000E+01 0.93357902E+00 0.93357902E+00 0.93357902E+00 0.93357902E+00
 0.21660000E+01 0.93021215E+00 0.93021215E+00 0.93021215E+00 0.93021215E+00
 0.21700000E+01 0.92683054E+00 0.92683054E+00 0.92683054E+00 0.92683054E+00
 0.21740000E+01 0.92343987E+00 0.92343987E+00 0.92343987E+00 0.92343987E+00
 0.21780000E+01 0.92004054E+00 0.92004054E+00 0.92004054E+00 0.92004054E+00
 0.21820000E+01 0.91663437E+00 0.91663437E+00 0.91663437E+00 0.91663437E+00
 0.21860000E+01 0.91322580E+00 0.91322580E+00 0.91322580E+00 0.91322580E+00
 0.21900000E+01 0.90981463E+00 0.90981463E+00 0.90981463E+00 0.90981463E+00
 0.21940000E+01 0.90640212E+00 0.90640212E+00 0.90640212E+00 0.90640212E+00
 0.21980000E+01 0.90299069E+00 0.90299069E+00 0.90299069E+00 0.90299069E+00
 0.22020000E+01 0.89958083E+00 0.89958083E+00 0.89958083E+00 0.89958083E+00
 0.22220000E+01 0.88259715E+00 0.88259715E+00 0.88259715E+00 0.88259715E+00
 0.22420000E+01 0.86579832E+00 0.86579832E+00 0.86579832E+00 0.86579832E+00
 0.22620000E+01 0.84925707E+00 0.84925707E+00 0.84925707E+00 0.84925707E+00
 0.22820000E+01 0.83301692E+00 0.83301692E+00 0.83301692E+00 0.83301692E+00
 0.23020000E+01 0.81710637E+00 0.81710637E+00 0.81710637E+00 0.81710637E+00
 0.23220000E+01 0.80154409E+00 0.80154409E+00 0.80154409E+00 0.80154409E+00
 0.23420000E+01 0.78633683E+00 0.78633683E+00 0.78633683E+00 0.78633683E+00
 0.23620000E+01 0.77148775E+00 0.77148775E+00 0.77148775E+00 0.77148775E+00
 0.23820000E+01 0.75699894E+00 0.75699894E+00 0.75699894E+00 0.75699894E+00
 0.24020000E+01 0.74286550E+00 0.74286550E+00 0.74286550E+00 0.74286550E+00
 0.24220000E+01 0.72908305E+00 0.72908305E+00 0.72908305E+00 0.72908305E+00
 0.24420000E+01 0.71564490E+00 0.71564490E+00 0.71564490E+00 0.71564490E+00
 0.24620000E+01 0.70270688E+00 0.70270688E+00 0.70270688E+00 0.70270688E+00
 0.24820000E+01 0.68977551E+00 0.68977551E+00 0.68977551E+00 0.68977551E+00
 0.25020000E+01 0.67738037E+00 0.67738037E+00 0.67738037E+00 0.67738037E+00
 0.25220000E+01 0.66519186E+00 0.66519186E+00 0.66519186E+00 0.66519186E+00
 0.25420000E+01 0.65341523E+00 0.65341523E+00 0.65341523E+00 0.65341523E+00
 0.25620000E+01 0.64183288E+00 0.64183288E+00 0.64183288E+00 0.64183288E+00
 0.25820000E+01 0.63058893E+00 0.63058893E+00 0.63058893E+00 0.63058893E+00
 0.26020000E+01 0.61962626E+00 0.61962626E+00 0.61962626E+00 0.61962626E+00
 0.26220000E+01 0.60893571E+00 0.60893571E+00 0.60893571E+00 0.60893571E+00
 0.26420000E+01 0.59850892E+00 0.59850892E+00 0.59850892E+00 0.59850892E+00
 0.26620000E+01 0.58833830E+00 0.58833830E+00 0.58833830E+00 0.58833830E+00
 0.26820000E+01 0.57841651E+00 0.57841651E+00 0.57841651E+00 0.57841651E+00
 0.27020000E+01 0.56873633E+00 0.56873633E+00 0.56873633E+00 0.56873633E+00
 0.27220000E+01 0.55928962E+00 0.55928962E+00 0.55928962E+00 0.55928962E+00
 0.27420000E+01 0.55007052E+00 0.55007052E+00 0.55007052E+00 0.55007052E+00
 0.27620000E+01 0.54107151E+00 0.54107151E+00 0.54107151E+00 0.54107151E+00
 0.27820000E+01 0.53229038E+00 0.53229038E+00 0.53229038E+00 0.53229038E+00
 0.28020000E+01 0.52381607E+00 0.52381607E+00 0.52381607E+00 0.52381607E+00
 0.28220000E+01 0.51533157E+00 0.51533157E+00 0.51533157E+00 0.51533157E+00
 0.28420000E+01 0.50715032E+00 0.50715032E+00 0.50715032E+00 0.50715032E+00
 0.28620000E+01 0.49915881E+00 0.49915881E+00 0.49915881E+00 0.49915881E+00
 0.28820000E+01 0.49135064E+00 0.49135064E+00 0.49135064E+00 0.49135064E+00
 0.29020000E+01 0.48372160E+00 0.48372160E+00 0.48372160E+00 0.48372160E+00
 0.29220000E+01 0.47626509E+00 0.47626509E+00 0.47626509E+00 0.47626509E+00
 0.29420000E+01 0.46897736E+00 0.46897736E+00 0.46897736E+00 0.46897736E+00
 0.29620000E+01 0.46185334E+00 0.46185334E+00 0.46185334E+00 0.46185334E+00
 0.29820000E+01 0.45488738E+00 0.45488738E+00 0.45488738E+00 0.45488738E+00
 0.30020000E+01 0.44807559E+00 0.44807559E+00 0.44807559E+00 0.44807559E+00
 0.31020000E+01 0.41618227E+00 0.41618227E+00 0.41618227E+00 0.41618227E+00
 0.32020000E+01 0.38754299E+00 0.38754299E+00 0.38754299E+00 0.38754299E+00
 0.33020000E+01 0.36173737E+00 0.36173737E+00 0.36173737E+00 0.36173737E+00
 0.34020000E+01 0.33840910E+00 0.33840910E+00 0.33840910E+00 0.33840910E+00
 0.35020000E+01 0.31725450E+00 0.31725450E+00 0.31725450E+00 0.31725450E+00
 0.36020000E+01 0.29801428E+00 0.29801428E+00 0.29801428E+00 0.29801428E+00
 0.37020000E+01 0.28046663E+00 0.28046663E+00 0.28046663E+00 0.28046663E+00
 0.38020000E+01 0.26442013E+00 0.26442013E+00 0.26442013E+00 0.26442013E+00
 0.39020000E+01 0.24970853E+00 0.24970853E+00 0.24970853E+00 0.24970853E+00
 0.40020000E+01 0.23619174E+00 0.23619174E+00 0.23619174E+00 0.23619174E+00
 0.41020000E+01 0.22374150E+00 0.22374150E+00 0.22374150E+00 0.22374150E+00
 0.42020000E+01 0.21225006E+00 0.21225006E+00 0.21225006E+00 0.21225006E+00
 0.43020000E+01 0.20162177E+00 0.20162177E+00 0.20162177E+00 0.20162177E+00
 0.44020000E+01 0.19177246E+00 0.19177246E+00 0.19177246E+00 0.19177246E+00
 0.45020000E+01 0.18262829E+00 0.18262829E+00 0.18262829E+00 0.18262829E+00
 0.46020000E+01 0.17412380E+00 0.17412380E+00 0.17412380E+00 0.17412380E+00
 0.47020000E+01 0.16620045E+00 0.16620045E+00 0.16620045E+00 0.16620045E+00
 0.48020000E+01 0.15880690E+00 0.15880690E+00 0.15880690E+00 0.15880690E+00
 0.49020000E+01 0.15189696E+00 0.15189696E+00 0.15189696E+00 0.15189696E+00
 0.50020000E+01 0.14542934E+00 0.14542934E+00 0.14542934E+00 0.14542934E+00
 0.51020000E+01 0.13936707E+00 0.13936707E+00 0.13936707E+00 0.13936707E+00
 0.52020000E+01 0.13367691E+00 0.13367691E+00 0.13367691E+00 0.13367691E+00
 0.53020000E+01 0.12832998E+00 0.12832998E+00 0.12832998E+00 0.12832998E+00
 0.54020000E+01 0.12329810E+00 0.12329810E+00 0.12329810E+00 0.12329810E+00
 0.55020000E+01 0.11855382E+00 0.11855382E+00 0.11855382E+00 0.11855382E+00
 0.56020000E+01 0.11408569E+00 0.11408569E+00 0.11408569E+00 0.11408569E+00
 0.57020000E+01 0.10986319E+00 0.10986319E+00 0.10986319E+00 0.10986319E+00
 0.58020000E+01 0.10587170E+00 0.10587170E+00 0.10587170E+00 0.10587170E+00
 0.59020000E+01 0.10209451E+00 0.10209451E+00 0.10209451E+00 0.10209451E+00
 0.60020000E+01 0.98517406E-01 0.98517406E-01 0.98517406E-01 0.98517406E-01
 0.61020000E+01 0.95124468E-01 0.95124468E-01 0.95124468E-01 0.95124468E-01
 0.62020000E+01 0.91905005E-01 0.91905005E-01 0.91905005E-01 0.91905005E-01
 0.63020000E+01 0.88847028E-01 0.88847028E-01 0.88847028E-01 0.88847028E-01
 0.64020000E+01 0.85939693E-01 0.85939693E-01 0.85939693E-01 0.85939693E-01
 0.65020000E+01 0.83173376E-01 0.83173376E-01 0.83173376E-01 0.83173376E-01
 0.66020000E+01 0.80538940E-01 0.80538940E-01 0.80538940E-01 0.80538940E-01
 0.67020000E+01 0.78028272E-01 0.78028272E-01 0.78028272E-01 0.78028272E-01
 0.68020000E+01 0.75633602E-01 0.75633602E-01 0.75633602E-01 0.75633602E-01
 0.69020000E+01 0.73348135E-01 0.73348135E-01 0.73348135E-01 0.73348135E-01
 0.70020000E+01 0.71165015E-01 0.71165015E-01 0.71165015E-01 0.71165015E-01
 0.71020000E+01 0.69078422E-01 0.69078422E-01 0.69078422E-01 0.69078422E-01
 0.72020000E+01 0.67082555E-01 0.67082555E-01 0.67082555E-01 0.67082555E-01
 0.73020000E+01 0.65172315E-01 0.65172315E-01 0.65172315E-01 0.65172315E-01
 0.74020000E+01 0.63342371E-01 0.63342371E-01 0.63342371E-01 0.63342371E-01
 0.75020000E+01 0.61589798E-01 0.61589798E-01 0.61589798E-01 0.61589798E-01
 0.76020000E+01 0.59908757E-01 0.59908757E-01 0.59908757E-01 0.59908757E-01
 0.77020000E+01 0.58295860E-01 0.58295860E-01 0.58295860E-01 0.58295860E-01
 0.78020000E+01 0.56747595E-01 0.56747595E-01 0.56747595E-01 0.56747595E-01
 0.79020000E+01 0.55260340E-01 0.55260340E-01 0.55260340E-01 0.55260340E-01
 0.80020000E+01 0.53831120E-01 0.53831120E-01 0.53831120E-01 0.53831120E-01
 0.81020000E+01 0.52456863E-01 0.52456863E-01 0.52456863E-01 0.52456863E-01
 0.82020000E+01 0.51134754E-01 0.51134754E-01 0.51134754E-01 0.51134754E-01
 0.83020000E+01 0.49862292E-01 0.49862292E-01 0.49862292E-01 0.49862292E-01
 0.84020000E+01 0.48636857E-01 0.48636857E-01 0.48636857E-01 0.48636857E-01
 0.85020000E+01 0.47456324E-01 0.47456324E-01 0.47456324E-01 0.47456324E-01
 0.86020000E+01 0.46318374E-01 0.46318374E-01 0.46318374E-01 0.46318374E-01
 0.87020000E+01 0.45221060E-01 0.45221060E-01 0.45221060E-01 0.45221060E-01
 0.88020000E+01 0.44162373E-01 0.44162373E-01 0.44162373E-01 0.44162373E-01
 0.89020000E+01 0.43140661E-01 0.43140661E-01 0.43140661E-01 0.43140661E-01
 0.90020000E+01 0.42154088E-01 0.42154088E-01 0.42154088E-01 0.42154088E-01
 0.91020000E+01 0.41201183E-01 0.41201183E-01 0.41201183E-01 0.41201183E-01
 0.92020000E+01 0.40280305E-01 0.40280305E-01 0.40280305E-01 0.40280305E-01
 0.93020000E+01 0.39390108E-01 0.39390108E-01 0.39390108E-01 0.39390108E-01
 0.94020000E+01 0.38529154E-01 0.38529154E-01 0.38529154E-01 0.38529154E-01
 0.95020000E+01 0.37696361E-01 0.37696361E-01 0.37696361E-01 0.37696361E-01
 0.96020000E+01 0.36890319E-01 0.36890319E-01 0.36890319E-01 0.36890319E-01
 0.97020000E+01 0.36109931E-01 0.36109931E-01 0.36109931E-01 0.36109931E-01
 0.98020000E+01 0.35354180E-01 0.35354180E-01 0.35354180E-01 0.35354180E-01
 0.99020000E+01 0.34621981E-01 0.34621981E-01 0.34621981E-01 0.34621981E-01
 0.10002000E+02 0.33912422E-01 0.33912422E-01 0.33912422E-01 0.33912422E-01
 0.10102000E+02 0.33224498E-01 0.33224498E-01 0.33224498E-01 0.33224498E-01
 0.10202000E+02 0.32557382E-01 0.32557382E-01 0.32557382E-01 0.32557382E-01
 0.10302000E+02 0.31910255E-01 0.31910255E-01 0.31910255E-01 0.31910255E-01
 0.10402000E+02 0.31282277E-01 0.31282277E-01 0.31282277E-01 0.31282277E-01
 0.10502000E+02 0.30672737E-01 0.30672737E-01 0.30672737E-01 0.30672737E-01
 0.10602000E+02 0.30080934E-01 0.30080934E-01 0.30080934E-01 0.30080934E-01
 0.10702000E+02 0.29506131E-01 0.29506131E-01 0.29506131E-01 0.29506131E-01
 0.10802000E+02 0.28947743E-01 0.28947743E-01 0.28947743E-01 0.28947743E-01
 0.10902000E+02 0.28405039E-01 0.28405039E-01 0.28405039E-01 0.28405039E-01
 0.11002000E+02 0.27877562E-01 0.27877562E-01 0.27877562E-01 0.27877562E-01
 0.11102000E+02 0.27364699E-01 0.27364699E-01 0.27364699E-01 0.27364699E-01
 0.11202000E+02 0.26865893E-01 0.26865893E-01 0.26865893E-01 0.26865893E-01
 0.11302000E+02 0.26380681E-01 0.26380681E-01 0.26380681E-01 0.26380681E-01
 0.11402000E+02 0.25908518E-01 0.25908518E-01 0.25908518E-01 0.25908518E-01
 0.11502000E+02 0.25448970E-01 0.25448970E-01 0.25448970E-01 0.25448970E-01
 0.11602000E+02 0.25001571E-01 0.25001571E-01 0.25001571E-01 0.25001571E-01
 0.11702000E+02 0.24565930E-01 0.24565930E-01 0.24565930E-01 0.24565930E-01
 0.11802000E+02 0.24141602E-01 0.24141602E-01 0.24141602E-01 0.24141602E-01
 0.11902000E+02 0.23728225E-01 0.23728225E-01 0.23728225E-01 0.23728225E-01
 0.12002000E+02 0.23325386E-01 0.23325386E-01 0.23325386E-01 0.23325386E-01
 0.12102000E+02 0.22932790E-01 0.22932790E-01 0.22932790E-01 0.22932790E-01
 0.12202000E+02 0.22550033E-01 0.22550033E-01 0.22550033E-01 0.22550033E-01
 0.12302000E+02 0.22176815E-01 0.22176815E-01 0.22176815E-01 0.22176815E-01
 0.12402000E+02 0.21812812E-01 0.21812812E-01 0.21812812E-01 0.21812812E-01
 0.12502000E+02 0.21457736E-01 0.21457736E-01 0.21457736E-01 0.21457736E-01
 0.12602000E+02 0.21111290E-01 0.21111290E-01 0.21111290E-01 0.21111290E-01
 0.12702000E+02 0.20773184E-01 0.20773184E-01 0.20773184E-01 0.20773184E-01
 0.12802000E+02 0.20443166E-01 0.20443166E-01 0.20443166E-01 0.20443166E-01
 0.12902000E+02 0.20120976E-01 0.20120976E-01 0.20120976E-01 0.20120976E-01
 0.13002000E+02 0.19806383E-01 0.19806383E-01 0.19806383E-01 0.19806383E-01
 0.13102000E+02 0.19499131E-01 0.19499131E-01 0.19499131E-01 0.19499131E-01
 0.13202000E+02 0.19198973E-01 0.19198973E-01 0.19198973E-01 0.19198973E-01
 0.13302000E+02 0.18905726E-01 0.18905726E-01 0.18905726E-01 0.18905726E-01
 0.13402000E+02 0.18619179E-01 0.18619179E-01 0.18619179E-01 0.18619179E-01
 0.13502000E+02 0.18339090E-01 0.18339090E-01 0.18339090E-01 0.18339090E-01
 0.13602000E+02 0.18065315E-01 0.18065315E-01 0.18065315E-01 0.18065315E-01
 0.13702000E+02 0.17797638E-01 0.17797638E-01 0.17797638E-01 0.17797638E-01
 0.13802000E+02 0.17535886E-01 0.17535886E-01 0.17535886E-01 0.17535886E-01
 0.13902000E+02 0.17279885E-01 0.17279885E-01 0.17279885E-01 0.17279885E-01
 0.14002000E+02 0.17029459E-01 0.17029459E-01 0.17029459E-01 0.17029459E-01
 0.14102000E+02 0.16784469E-01 0.16784469E-01 0.16784469E-01 0.16784469E-01
 0.14202000E+02 0.16544731E-01 0.16544731E-01 0.16544731E-01 0.16544731E-01
 0.14302000E+02 0.16310229E-01 0.16310229E-01 0.16310229E-01 0.16310229E-01
 0.14402000E+02 0.16080457E-01 0.16080457E-01 0.16080457E-01 0.16080457E-01
 0.14502000E+02 0.15855636E-01 0.15855636E-01 0.15855636E-01 0.15855636E-01
 0.14602000E+02 0.15635512E-01 0.15635512E-01 0.15635512E-01 0.15635512E-01
 0.14702000E+02 0.15419949E-01 0.15419949E-01 0.15419949E-01 0.15419949E-01
 0.14802000E+02 0.15208837E-01 0.15208837E-01 0.15208837E-01 0.15208837E-01
 0.14902000E+02 0.15002016E-01 0.15002016E-01 0.15002016E-01 0.15002016E-01
 0.15002000E+02 0.14799428E-01 0.14799428E-01 0.14799428E-01 0.14799428E-01
 0.15102000E+02 0.14600914E-01 0.14600914E-01 0.14600914E-01 0.14600914E-01
 0.15202000E+02 0.14406382E-01 0.14406382E-01 0.14406382E-01 0.14406382E-01
 0.15302000E+02 0.14215719E-01 0.14215719E-01 0.14215719E-01 0.14215719E-01
 0.15402000E+02 0.14028837E-01 0.14028837E-01 0.14028837E-01 0.14028837E-01
 0.15502000E+02 0.13845604E-01 0.13845604E-01 0.13845604E-01 0.13845604E-01
 0.15602000E+02 0.13665971E-01 0.13665971E-01 0.13665971E-01 0.13665971E-01
 0.15702000E+02 0.13489814E-01 0.13489814E-01 0.13489814E-01 0.13489814E-01
 0.15802000E+02 0.13317040E-01 0.13317040E-01 0.13317040E-01 0.13317040E-01
 0.15902000E+02 0.13147578E-01 0.13147578E-01 0.13147578E-01 0.13147578E-01
 0.16002000E+02 0.12981339E-01 0.12981339E-01 0.12981339E-01 0.12981339E-01
 0.16102000E+02 0.12818240E-01 0.12818240E-01 0.12818240E-01 0.12818240E-01
 0.16202000E+02 0.12658201E-01 0.12658201E-01 0.12658201E-01 0.12658201E-01
 0.16302000E+02 0.12501150E-01 0.12501150E-01 0.12501150E-01 0.12501150E-01
 0.16402000E+02 0.12347017E-01 0.12347017E-01 0.12347017E-01 0.12347017E-01
 0.16502000E+02 0.12195720E-01 0.12195720E-01 0.12195720E-01 0.12195720E-01
 0.16602000E+02 0.12047192E-01 0.12047192E-01 0.12047192E-01 0.12047192E-01
 0.16702000E+02 0.11901370E-01 0.11901370E-01 0.11901370E-01 0.11901370E-01
 0.16802000E+02 0.11758186E-01 0.11758186E-01 0.11758186E-01 0.11758186E-01
 0.16902000E+02 0.11617576E-01 0.11617576E-01 0.11617576E-01 0.11617576E-01
 0.17002000E+02 0.11479488E-01 0.11479488E-01 0.11479488E-01 0.11479488E-01
 0.17102000E+02 0.11343844E-01 0.11343844E-01 0.11343844E-01 0.11343844E-01
 0.17202000E+02 0.11210594E-01 0.11210594E-01 0.11210594E-01 0.11210594E-01
 0.17302000E+02 0.11079688E-01 0.11079688E-01 0.11079688E-01 0.11079688E-01
 0.17402000E+02 0.10951068E-01 0.10951068E-01 0.10951068E-01 0.10951068E-01
 0.17502000E+02 0.10824676E-01 0.10824676E-01 0.10824676E-01 0.10824676E-01
 0.17602000E+02 0.10700464E-01 0.10700464E-01 0.10700464E-01 0.10700464E-01
 0.17702000E+02 0.10578383E-01 0.10578383E-01 0.10578383E-01 0.10578383E-01
 0.17802000E+02 0.10458387E-01 0.10458387E-01 0.10458387E-01 0.10458387E-01
 0.17902000E+02 0.10340423E-01 0.10340423E-01 0.10340423E-01 0.10340423E-01
 0.18002000E+02 0.10224450E-01 0.10224450E-01 0.10224450E-01 0.10224450E-01
 0.18102000E+02 0.10110420E-01 0.10110420E-01 0.10110420E-01 0.10110420E-01
 0.18202000E+02 0.99982915E-02 0.99982915E-02 0.99982915E-02 0.99982915E-02
 0.18302000E+02 0.98880273E-02 0.98880273E-02 0.98880273E-02 0.98880273E-02
 0.18402000E+02 0.97795760E-02 0.97795760E-02 0.97795760E-02 0.97795760E-02
 0.18502000E+02 0.96729049E-02 0.96729049E-02 0.96729049E-02 0.96729049E-02
 0.18602000E+02 0.95679734E-02 0.95679734E-02 0.95679734E-02 0.95679734E-02
 0.18702000E+02 0.94647419E-02 0.94647419E-02 0.94647419E-02 0.94647419E-02
 0.18802000E+02 0.93631765E-02 0.93631765E-02 0.93631765E-02 0.93631765E-02
 0.18902000E+02 0.92632546E-02 0.92632546E-02 0.92632546E-02 0.92632546E-02
 0.19002000E+02 0.91649015E-02 0.91649015E-02 0.91649015E-02 0.91649015E-02
 0.19102000E+02 0.90681308E-02 0.90681308E-02 0.90681308E-02 0.90681308E-02
 0.19202000E+02 0.89728763E-02 0.89728763E-02 0.89728763E-02 0.89728763E-02
 0.19302000E+02 0.88791191E-02 0.88791191E-02 0.88791191E-02 0.88791191E-02
 0.19402000E+02 0.87868276E-02 0.87868276E-02 0.87868276E-02 0.87868276E-02
 0.19502000E+02 0.86959716E-02 0.86959716E-02 0.86959716E-02 0.86959716E-02
 0.19602000E+02 0.86065199E-02 0.86065199E-02 0.86065199E-02 0.86065199E-02
 0.19702000E+02 0.85184479E-02 0.85184479E-02 0.85184479E-02 0.85184479E-02
 0.19802000E+02 0.84317199E-02 0.84317199E-02 0.84317199E-02 0.84317199E-02
 0.19902000E+02 0.83463099E-02 0.83463099E-02 0.83463099E-02 0.83463099E-02
 0.20002000E+02 0.82621953E-02 0.82621953E-02 0.82621953E-02 0.82621953E-02
 0.20102000E+02 0.81793502E-02 0.81793502E-02 0.81793502E-02 0.81793502E-02
 0.20202000E+02 0.80977462E-02 0.80977462E-02 0.80977462E-02 0.80977462E-02
 0.20302000E+02 0.80173607E-02 0.80173607E-02 0.80173607E-02 0.80173607E-02
 0.20402000E+02 0.79381667E-02 0.79381667E-02 0.79381667E-02 0.79381667E-02
 0.20502000E+02 0.78601444E-02 0.78601444E-02 0.78601444E-02 0.78601444E-02
 0.20602000E+02 0.77832695E-02 0.77832695E-02 0.77832695E-02 0.77832695E-02
 0.20702000E+02 0.77075171E-02 0.77075171E-02 0.77075171E-02 0.77075171E-02
 0.20802000E+02 0.76328701E-02 0.76328701E-02 0.76328701E-02 0.76328701E-02
 0.20902000E+02 0.75593016E-02 0.75593016E-02 0.75593016E-02 0.75593016E-02
 0.21002000E+02 0.74867945E-02 0.74867945E-02 0.74867945E-02 0.74867945E-02
 0.21102000E+02 0.74153284E-02 0.74153284E-02 0.74153284E-02 0.74153284E-02
 0.21202000E+02 0.73448820E-02 0.73448820E-02 0.73448820E-02 0.73448820E-02
 0.21302000E+02 0.72754369E-02 0.72754369E-02 0.72754369E-02 0.72754369E-02
 0.21402000E+02 0.72069717E-02 0.72069717E-02 0.72069717E-02 0.72069717E-02
 0.21502000E+02 0.71394713E-02 0.71394713E-02 0.71394713E-02 0.71394713E-02
 0.21602000E+02 0.70729165E-02 0.70729165E-02 0.70729165E-02 0.70729165E-02
 0.21702000E+02 0.70072838E-02 0.70072838E-02 0.70072838E-02 0.70072838E-02
 0.21802000E+02 0.69425819E-02 0.69425819E-02 0.69425819E-02 0.69425819E-02
 0.21902000E+02 0.68787605E-02 0.68787605E-02 0.68787605E-02 0.68787605E-02
 0.22002000E+02 0.68158159E-02 0.68158159E-02 0.68158159E-02 0.68158159E-02
 0.22102000E+02 0.67537316E-02 0.67537316E-02 0.67537316E-02 0.67537316E-02
 0.22202000E+02 0.66924939E-02 0.66924939E-02 0.66924939E-02 0.66924939E-02
 0.22302000E+02 0.66320885E-02 0.66320885E-02 0.66320885E-02 0.66320885E-02
 0.22402000E+02 0.65724853E-02 0.65724853E-02 0.65724853E-02 0.65724853E-02
 0.22502000E+02 0.65137072E-02 0.65137072E-02 0.65137072E-02 0.65137072E-02
 0.22602000E+02 0.64557035E-02 0.64557035E-02 0.64557035E-02 0.64557035E-02
 0.22702000E+02 0.63984760E-02 0.63984760E-02 0.63984760E-02 0.63984760E-02
 0.22802000E+02 0.63420047E-02 0.63420047E-02 0.63420047E-02 0.63420047E-02
 0.22902000E+02 0.62862775E-02 0.62862775E-02 0.62862775E-02 0.62862775E-02
 0.23002000E+02 0.62312840E-02 0.62312840E-02 0.62312840E-02 0.62312840E-02
 0.23102000E+02 0.61770015E-02 0.61770015E-02 0.61770015E-02 0.61770015E-02
 0.23202000E+02 0.61234421E-02 0.61234421E-02 0.61234421E-02 0.61234421E-02
 0.23302000E+02 0.60705715E-02 0.60705715E-02 0.60705715E-02 0.60705715E-02
 0.23402000E+02 0.60183820E-02 0.60183820E-02 0.60183820E-02 0.60183820E-02
 0.23502000E+02 0.59668639E-02 0.59668639E-02 0.59668639E-02 0.59668639E-02
 0.23602000E+02 0.59160060E-02 0.59160060E-02 0.59160060E-02 0.59160060E-02
 0.23702000E+02 0.58657972E-02 0.58657972E-02 0.58657972E-02 0.58657972E-02
 0.23802000E+02 0.58162249E-02 0.58162249E-02 0.58162249E-02 0.58162249E-02
 0.23902000E+02 0.57672804E-02 0.57672804E-02 0.57672804E-02 0.57672804E-02
 0.24002000E+02 0.57189513E-02 0.57189513E-02 0.57189513E-02 0.57189513E-02
 0.24102000E+02 0.56712303E-02 0.56712303E-02 0.56712303E-02 0.56712303E-02
 0.24202000E+02 0.56241038E-02 0.56241038E-02 0.56241038E-02 0.56241038E-02
 0.24302000E+02 0.55775611E-02 0.55775611E-02 0.55775611E-02 0.55775611E-02
 0.24402000E+02 0.55315956E-02 0.55315956E-02 0.55315956E-02 0.55315956E-02
 0.24502000E+02 0.54861968E-02 0.54861968E-02 0.54861968E-02 0.54861968E-02
 0.24602000E+02 0.54413564E-02 0.54413564E-02 0.54413564E-02 0.54413564E-02
 0.24702000E+02 0.53970640E-02 0.53970640E-02 0.53970640E-02 0.53970640E-02
 0.24802000E+02 0.53533114E-02 0.53533114E-02 0.53533114E-02 0.53533114E-02
 0.24902000E+02 0.53100885E-02 0.53100885E-02 0.53100885E-02 0.53100885E-02
 0.25002000E+02 0.52673884E-02 0.52673884E-02 0.52673884E-02 0.52673884E-02
 0.25102000E+02 0.52252015E-02 0.52252015E-02 0.52252015E-02 0.52252015E-02
 0.25202000E+02 0.51835204E-02 0.51835204E-02 0.51835204E-02 0.51835204E-02
 0.25302000E+02 0.51423371E-02 0.51423371E-02 0.51423371E-02 0.51423371E-02
 0.25402000E+02 0.51016482E-02 0.51016482E-02 0.51016482E-02 0.51016482E-02
 0.25502000E+02 0.50614349E-02 0.50614349E-02 0.50614349E-02 0.50614349E-02
 0.25602000E+02 0.50216967E-02 0.50216967E-02 0.50216967E-02 0.50216967E-02
 0.25702000E+02 0.49824257E-02 0.49824257E-02 0.49824257E-02 0.49824257E-02
 0.25802000E+02 0.49436146E-02 0.49436146E-02 0.49436146E-02 0.49436146E-02
 0.25902000E+02 0.49052553E-02 0.49052553E-02 0.49052553E-02 0.49052553E-02
 0.26002000E+02 0.48673409E-02 0.48673409E-02 0.48673409E-02 0.48673409E-02
 0.26102000E+02 0.48298650E-02 0.48298650E-02 0.48298650E-02 0.48298650E-02
 0.26202000E+02 0.47928211E-02 0.47928211E-02 0.47928211E-02 0.47928211E-02
 0.26302000E+02 0.47562022E-02 0.47562022E-02 0.47562022E-02 0.47562022E-02
 0.26402000E+02 0.47200022E-02 0.47200022E-02 0.47200022E-02 0.47200022E-02
 0.26502000E+02 0.46842145E-02 0.46842145E-02 0.46842145E-02 0.46842145E-02
 0.26602000E+02 0.46488331E-02 0.46488331E-02 0.46488331E-02 0.46488331E-02
 0.26702000E+02 0.46138523E-02 0.46138523E-02 0.46138523E-02 0.46138523E-02
 0.26802000E+02 0.45792652E-02 0.45792652E-02 0.45792652E-02 0.45792652E-02
 0.26902000E+02 0.45450663E-02 0.45450663E-02 0.45450663E-02 0.45450663E-02
 0.27002000E+02 0.45112483E-02 0.45112483E-02 0.45112483E-02 0.45112483E-02
 0.27102000E+02 0.44778072E-02 0.44778072E-02 0.44778072E-02 0.44778072E-02
 0.27202000E+02 0.44447373E-02 0.44447373E-02 0.44447373E-02 0.44447373E-02
 0.27302000E+02 0.44120323E-02 0.44120323E-02 0.44120323E-02 0.44120323E-02
 0.27402000E+02 0.43796877E-02 0.43796877E-02 0.43796877E-02 0.43796877E-02
 0.27502000E+02 0.43476981E-02 0.43476981E-02 0.43476981E-02 0.43476981E-02
 0.27602000E+02 0.43160605E-02 0.43160605E-02 0.43160605E-02 0.43160605E-02
 0.27702000E+02 0.42847634E-02 0.42847634E-02 0.42847634E-02 0.42847634E-02
 0.27802000E+02 0.42538071E-02 0.42538071E-02 0.42538071E-02 0.42538071E-02
 0.27902000E+02 0.42231857E-02 0.42231857E-02 0.42231857E-02 0.42231857E-02
 0.28002000E+02 0.41928944E-02 0.41928944E-02 0.41928944E-02 0.41928944E-02
 0.28102000E+02 0.41629284E-02 0.41629284E-02 0.41629284E-02 0.41629284E-02
 0.28202000E+02 0.41332826E-02 0.41332826E-02 0.41332826E-02 0.41332826E-02
 0.28302000E+02 0.41039537E-02 0.41039537E-02 0.41039537E-02 0.41039537E-02
 0.28402000E+02 0.40749350E-02 0.40749350E-02 0.40749350E-02 0.40749350E-02
 0.28502000E+02 0.40462241E-02 0.40462241E-02 0.40462241E-02 0.40462241E-02
 0.28602000E+02 0.40178154E-02 0.40178154E-02 0.40178154E-02 0.40178154E-02
 0.28702000E+02 0.39897060E-02 0.39897060E-02 0.39897060E-02 0.39897060E-02
 0.28802000E+02 0.39618923E-02 0.39618923E-02 0.39618923E-02 0.39618923E-02
 0.28902000E+02 0.39343669E-02 0.39343669E-02 0.39343669E-02 0.39343669E-02
 0.29002000E+02 0.39071288E-02 0.39071288E-02 0.39071288E-02 0.39071288E-02
 0.29102000E+02 0.38801712E-02 0.38801712E-02 0.38801712E-02 0.38801712E-02
 0.29202000E+02 0.38534919E-02 0.38534919E-02 0.38534919E-02 0.38534919E-02
 0.29302000E+02 0.38270884E-02 0.38270884E-02 0.38270884E-02 0.38270884E-02
 0.29402000E+02 0.38009543E-02 0.38009543E-02 0.38009543E-02 0.38009543E-02
 0.29502000E+02 0.37750880E-02 0.37750880E-02 0.37750880E-02 0.37750880E-02
 0.29602000E+02 0.37494854E-02 0.37494854E-02 0.37494854E-02 0.37494854E-02
 0.29702000E+02 0.37241424E-02 0.37241424E-02 0.37241424E-02 0.37241424E-02
 0.29802000E+02 0.36990565E-02 0.36990565E-02 0.36990565E-02 0.36990565E-02
 0.29902000E+02 0.36742228E-02 0.36742228E-02 0.36742228E-02 0.36742228E-02
