 0.10000000E-01 0.24798737E+00 0.24798737E+00 0.24798737E+00 0.24798737E+00
 0.12000000E-01 0.24798767E+00 0.24798767E+00 0.24798767E+00 0.24798767E+00
 0.14000000E-01 0.24798727E+00 0.24798727E+00 0.24798727E+00 0.24798727E+00
 0.16000000E-01 0.24798741E+00 0.24798741E+00 0.24798741E+00 0.24798741E+00
 0.18000000E-01 0.24798740E+00 0.24798740E+00 0.24798740E+00 0.24798740E+00
 0.20000000E-01 0.24798742E+00 0.24798742E+00 0.24798742E+00 0.24798742E+00
 0.22000000E-01 0.24798745E+00 0.24798745E+00 0.24798745E+00 0.24798745E+00
 0.24000000E-01 0.24798725E+00 0.24798725E+00 0.24798725E+00 0.24798725E+00
 0.26000000E-01 0.24798727E+00 0.24798727E+00 0.24798727E+00 0.24798727E+00
 0.28000000E-01 0.24798730E+00 0.24798730E+00 0.24798730E+00 0.24798730E+00
 0.30000000E-01 0.24798723E+00 0.24798723E+00 0.24798723E+00 0.24798723E+00
 0.32000000E-01 0.24798722E+00 0.24798722E+00 0.24798722E+00 0.24798722E+00
 0.34000000E-01 0.24798718E+00 0.24798718E+00 0.24798718E+00 0.24798718E+00
 0.36000000E-01 0.24798715E+00 0.24798715E+00 0.24798715E+00 0.24798715E+00
 0.38000000E-01 0.24798712E+00 0.24798712E+00 0.24798712E+00 0.24798712E+00
 0.40000000E-01 0.24798710E+00 0.24798710E+00 0.24798710E+00 0.24798710E+00
 0.42000000E-01 0.24798708E+00 0.24798708E+00 0.24798708E+00 0.24798708E+00
 0.44000000E-01 0.24798706E+00 0.24798706E+00 0.24798706E+00 0.24798706E+00
 0.46000000E-01 0.24798710E+00 0.24798710E+00 0.24798710E+00 0.24798710E+00
 0.48000000E-01 0.24798717E+00 0.24798717E+00 0.24798717E+00 0.24798717E+00
 0.50000000E-01 0.24798697E+00 0.24798697E+00 0.24798697E+00 0.24798697E+00
 0.52000000E-01 0.24798689E+00 0.24798689E+00 0.24798689E+00 0.24798689E+00
 0.54000000E-01 0.24798686E+00 0.24798686E+00 0.24798686E+00 0.24798686E+00
 0.56000000E-01 0.24798683E+00 0.24798683E+00 0.24798683E+00 0.24798683E+00
 0.58000000E-01 0.24798680E+00 0.24798680E+00 0.24798680E+00 0.24798680E+00
 0.60000000E-01 0.24798678E+00 0.24798678E+00 0.24798678E+00 0.24798678E+00
 0.62000000E-01 0.24798670E+00 0.24798670E+00 0.24798670E+00 0.24798670E+00
 0.64000000E-01 0.24798666E+00 0.24798666E+00 0.24798666E+00 0.24798666E+00
 0.66000000E-01 0.24798655E+00 0.24798655E+00 0.24798655E+00 0.24798655E+00
 0.68000000E-01 0.24798651E+00 0.24798651E+00 0.24798651E+00 0.24798651E+00
 0.70000000E-01 0.24798644E+00 0.24798644E+00 0.24798644E+00 0.24798644E+00
 0.72000000E-01 0.24798638E+00 0.24798638E+00 0.24798638E+00 0.24798638E+00
 0.74000000E-01 0.24798637E+00 0.24798637E+00 0.24798637E+00 0.24798637E+00
 0.76000000E-01 0.24798633E+00 0.24798633E+00 0.24798633E+00 0.24798633E+00
 0.78000000E-01 0.24798637E+00 0.24798637E+00 0.24798637E+00 0.24798637E+00
 0.80000000E-01 0.24798640E+00 0.24798640E+00 0.24798640E+00 0.24798640E+00
 0.82000000E-01 0.24798620E+00 0.24798620E+00 0.24798620E+00 0.24798620E+00
 0.84000000E-01 0.24798622E+00 0.24798622E+00 0.24798622E+00 0.24798622E+00
 0.86000000E-01 0.24798621E+00 0.24798621E+00 0.24798621E+00 0.24798621E+00
 0.88000000E-01 0.24798624E+00 0.24798624E+00 0.24798624E+00 0.24798624E+00
 0.90000000E-01 0.24798591E+00 0.24798591E+00 0.24798591E+00 0.24798591E+00
 0.92000000E-01 0.24798579E+00 0.24798579E+00 0.24798579E+00 0.24798579E+00
 0.94000000E-01 0.24798571E+00 0.24798571E+00 0.24798571E+00 0.24798571E+00
 0.96000000E-01 0.24798569E+00 0.24798569E+00 0.24798569E+00 0.24798569E+00
 0.98000000E-01 0.24798543E+00 0.24798543E+00 0.24798543E+00 0.24798543E+00
 0.10000000E+00 0.24798552E+00 0.24798552E+00 0.24798552E+00 0.24798552E+00
 0.11000000E+00 0.24798517E+00 0.24798517E+00 0.24798517E+00 0.24798517E+00
 0.12000000E+00 0.24798478E+00 0.24798478E+00 0.24798478E+00 0.24798478E+00
 0.13000000E+00 0.24798426E+00 0.24798426E+00 0.24798426E+00 0.24798426E+00
 0.14000000E+00 0.24798382E+00 0.24798382E+00 0.24798382E+00 0.24798382E+00
 0.15000000E+00 0.24798322E+00 0.24798322E+00 0.24798322E+00 0.24798322E+00
 0.16000000E+00 0.24798266E+00 0.24798266E+00 0.24798266E+00 0.24798266E+00
 0.17000000E+00 0.24798207E+00 0.24798207E+00 0.24798207E+00 0.24798207E+00
 0.18000000E+00 0.24798139E+00 0.24798139E+00 0.24798139E+00 0.24798139E+00
 0.19000000E+00 0.24798072E+00 0.24798072E+00 0.24798072E+00 0.24798072E+00
 0.20000000E+00 0.24798005E+00 0.24798005E+00 0.24798005E+00 0.24798005E+00
 0.21000000E+00 0.24797954E+00 0.24797954E+00 0.24797954E+00 0.24797954E+00
 0.22000000E+00 0.24797856E+00 0.24797856E+00 0.24797856E+00 0.24797856E+00
 0.23000000E+00 0.24797759E+00 0.24797759E+00 0.24797759E+00 0.24797759E+00
 0.24000000E+00 0.24797659E+00 0.24797659E+00 0.24797659E+00 0.24797659E+00
 0.25000000E+00 0.24797633E+00 0.24797633E+00 0.24797633E+00 0.24797633E+00
 0.26000000E+00 0.24797459E+00 0.24797459E+00 0.24797459E+00 0.24797459E+00
 0.27000000E+00 0.24797375E+00 0.24797375E+00 0.24797375E+00 0.24797375E+00
 0.28000000E+00 0.24797309E+00 0.24797309E+00 0.24797309E+00 0.24797309E+00
 0.29000000E+00 0.24797174E+00 0.24797174E+00 0.24797174E+00 0.24797174E+00
 0.30000000E+00 0.24797066E+00 0.24797066E+00 0.24797066E+00 0.24797066E+00
 0.31000000E+00 0.24796960E+00 0.24796960E+00 0.24796960E+00 0.24796960E+00
 0.32000000E+00 0.24796803E+00 0.24796803E+00 0.24796803E+00 0.24796803E+00
 0.33000000E+00 0.24796692E+00 0.24796692E+00 0.24796692E+00 0.24796692E+00
 0.34000000E+00 0.24796570E+00 0.24796570E+00 0.24796570E+00 0.24796570E+00
 0.35000000E+00 0.24796435E+00 0.24796435E+00 0.24796435E+00 0.24796435E+00
 0.36000000E+00 0.24796302E+00 0.24796302E+00 0.24796302E+00 0.24796302E+00
 0.37000000E+00 0.24796133E+00 0.24796133E+00 0.24796133E+00 0.24796133E+00
 0.38000000E+00 0.24796011E+00 0.24796011E+00 0.24796011E+00 0.24796011E+00
 0.39000000E+00 0.24795879E+00 0.24795879E+00 0.24795879E+00 0.24795879E+00
 0.40000000E+00 0.24795730E+00 0.24795730E+00 0.24795730E+00 0.24795730E+00
 0.41000000E+00 0.24795545E+00 0.24795545E+00 0.24795545E+00 0.24795545E+00
 0.42000000E+00 0.24795377E+00 0.24795377E+00 0.24795377E+00 0.24795377E+00
 0.43000000E+00 0.24795214E+00 0.24795214E+00 0.24795214E+00 0.24795214E+00
 0.44000000E+00 0.24795032E+00 0.24795032E+00 0.24795032E+00 0.24795032E+00
 0.45000000E+00 0.24794849E+00 0.24794849E+00 0.24794849E+00 0.24794849E+00
 0.46000000E+00 0.24794702E+00 0.24794702E+00 0.24794702E+00 0.24794702E+00
 0.47000000E+00 0.24794470E+00 0.24794470E+00 0.24794470E+00 0.24794470E+00
 0.48000000E+00 0.24794315E+00 0.24794315E+00 0.24794315E+00 0.24794315E+00
 0.49000000E+00 0.24794115E+00 0.24794115E+00 0.24794115E+00 0.24794115E+00
 0.50000000E+00 0.24793899E+00 0.24793899E+00 0.24793899E+00 0.24793899E+00
 0.51000000E+00 0.24793707E+00 0.24793707E+00 0.24793707E+00 0.24793707E+00
 0.52000000E+00 0.24793539E+00 0.24793539E+00 0.24793539E+00 0.24793539E+00
 0.53000000E+00 0.24793291E+00 0.24793291E+00 0.24793291E+00 0.24793291E+00
 0.54000000E+00 0.24793060E+00 0.24793060E+00 0.24793060E+00 0.24793060E+00
 0.55000000E+00 0.24792889E+00 0.24792889E+00 0.24792889E+00 0.24792889E+00
 0.56000000E+00 0.24792660E+00 0.24792660E+00 0.24792660E+00 0.24792660E+00
 0.57000000E+00 0.24792368E+00 0.24792368E+00 0.24792368E+00 0.24792368E+00
 0.58000000E+00 0.24792131E+00 0.24792131E+00 0.24792131E+00 0.24792131E+00
 0.59000000E+00 0.24791884E+00 0.24791884E+00 0.24791884E+00 0.24791884E+00
 0.60000000E+00 0.24791655E+00 0.24791655E+00 0.24791655E+00 0.24791655E+00
 0.61000000E+00 0.24791369E+00 0.24791369E+00 0.24791369E+00 0.24791369E+00
 0.62000000E+00 0.24791126E+00 0.24791126E+00 0.24791126E+00 0.24791126E+00
 0.63000000E+00 0.24790871E+00 0.24790871E+00 0.24790871E+00 0.24790871E+00
 0.64000000E+00 0.24790602E+00 0.24790602E+00 0.24790602E+00 0.24790602E+00
 0.65000000E+00 0.24790321E+00 0.24790321E+00 0.24790321E+00 0.24790321E+00
 0.66000000E+00 0.24789893E+00 0.24789893E+00 0.24789893E+00 0.24789893E+00
 0.67000000E+00 0.24789735E+00 0.24789735E+00 0.24789735E+00 0.24789735E+00
 0.68000000E+00 0.24789484E+00 0.24789484E+00 0.24789484E+00 0.24789484E+00
 0.69000000E+00 0.24789213E+00 0.24789213E+00 0.24789213E+00 0.24789213E+00
 0.70000000E+00 0.24788833E+00 0.24788833E+00 0.24788833E+00 0.24788833E+00
 0.71000000E+00 0.24788565E+00 0.24788565E+00 0.24788565E+00 0.24788565E+00
 0.72000000E+00 0.24788175E+00 0.24788175E+00 0.24788175E+00 0.24788175E+00
 0.73000000E+00 0.24787908E+00 0.24787908E+00 0.24787908E+00 0.24787908E+00
 0.74000000E+00 0.24787574E+00 0.24787574E+00 0.24787574E+00 0.24787574E+00
 0.75000000E+00 0.24787239E+00 0.24787239E+00 0.24787239E+00 0.24787239E+00
 0.76000000E+00 0.24786898E+00 0.24786898E+00 0.24786898E+00 0.24786898E+00
 0.77000000E+00 0.24786658E+00 0.24786658E+00 0.24786658E+00 0.24786658E+00
 0.78000000E+00 0.24786198E+00 0.24786198E+00 0.24786198E+00 0.24786198E+00
 0.79000000E+00 0.24785846E+00 0.24785846E+00 0.24785846E+00 0.24785846E+00
 0.80000000E+00 0.24785464E+00 0.24785464E+00 0.24785464E+00 0.24785464E+00
 0.81000000E+00 0.24785145E+00 0.24785145E+00 0.24785145E+00 0.24785145E+00
 0.82000000E+00 0.24784720E+00 0.24784720E+00 0.24784720E+00 0.24784720E+00
 0.83000000E+00 0.24784336E+00 0.24784336E+00 0.24784336E+00 0.24784336E+00
 0.84000000E+00 0.24783909E+00 0.24783909E+00 0.24783909E+00 0.24783909E+00
 0.85000000E+00 0.24783584E+00 0.24783584E+00 0.24783584E+00 0.24783584E+00
 0.86000000E+00 0.24783122E+00 0.24783122E+00 0.24783122E+00 0.24783122E+00
 0.87000000E+00 0.24782727E+00 0.24782727E+00 0.24782727E+00 0.24782727E+00
 0.88000000E+00 0.24782261E+00 0.24782261E+00 0.24782261E+00 0.24782261E+00
 0.89000000E+00 0.24781859E+00 0.24781859E+00 0.24781859E+00 0.24781859E+00
 0.90000000E+00 0.24781419E+00 0.24781419E+00 0.24781419E+00 0.24781419E+00
 0.91000000E+00 0.24780955E+00 0.24780955E+00 0.24780955E+00 0.24780955E+00
 0.92000000E+00 0.24780492E+00 0.24780492E+00 0.24780492E+00 0.24780492E+00
 0.93000000E+00 0.24780033E+00 0.24780033E+00 0.24780033E+00 0.24780033E+00
 0.94000000E+00 0.24779554E+00 0.24779554E+00 0.24779554E+00 0.24779554E+00
 0.95000000E+00 0.24779061E+00 0.24779061E+00 0.24779061E+00 0.24779061E+00
 0.96000000E+00 0.24778570E+00 0.24778570E+00 0.24778570E+00 0.24778570E+00
 0.97000000E+00 0.24778889E+00 0.24778889E+00 0.24778889E+00 0.24778889E+00
 0.98000000E+00 0.24777554E+00 0.24777554E+00 0.24777554E+00 0.24777554E+00
 0.99000000E+00 0.24777044E+00 0.24777044E+00 0.24777044E+00 0.24777044E+00
 0.10000000E+01 0.24776534E+00 0.24776534E+00 0.24776534E+00 0.24776534E+00
 0.10100000E+01 0.24776002E+00 0.24776002E+00 0.24776002E+00 0.24776002E+00
 0.10200000E+01 0.24775485E+00 0.24775485E+00 0.24775485E+00 0.24775485E+00
 0.10300000E+01 0.24774926E+00 0.24774926E+00 0.24774926E+00 0.24774926E+00
 0.10400000E+01 0.24774368E+00 0.24774368E+00 0.24774368E+00 0.24774368E+00
 0.10500000E+01 0.24773794E+00 0.24773794E+00 0.24773794E+00 0.24773794E+00
 0.10600000E+01 0.24773229E+00 0.24773229E+00 0.24773229E+00 0.24773229E+00
 0.10700000E+01 0.24772635E+00 0.24772635E+00 0.24772635E+00 0.24772635E+00
 0.10800000E+01 0.24772035E+00 0.24772035E+00 0.24772035E+00 0.24772035E+00
 0.10900000E+01 0.24771427E+00 0.24771427E+00 0.24771427E+00 0.24771427E+00
 0.11000000E+01 0.24770808E+00 0.24770808E+00 0.24770808E+00 0.24770808E+00
 0.11100000E+01 0.24770215E+00 0.24770215E+00 0.24770215E+00 0.24770215E+00
 0.11200000E+01 0.24769523E+00 0.24769523E+00 0.24769523E+00 0.24769523E+00
 0.11300000E+01 0.24768851E+00 0.24768851E+00 0.24768851E+00 0.24768851E+00
 0.11400000E+01 0.24768179E+00 0.24768179E+00 0.24768179E+00 0.24768179E+00
 0.11500000E+01 0.24767505E+00 0.24767505E+00 0.24767505E+00 0.24767505E+00
 0.11600000E+01 0.24766792E+00 0.24766792E+00 0.24766792E+00 0.24766792E+00
 0.11700000E+01 0.24766085E+00 0.24766085E+00 0.24766085E+00 0.24766085E+00
 0.11800000E+01 0.24765383E+00 0.24765383E+00 0.24765383E+00 0.24765383E+00
 0.11900000E+01 0.24764624E+00 0.24764624E+00 0.24764624E+00 0.24764624E+00
 0.12000000E+01 0.24763844E+00 0.24763844E+00 0.24763844E+00 0.24763844E+00
 0.12100000E+01 0.24763069E+00 0.24763069E+00 0.24763069E+00 0.24763069E+00
 0.12200000E+01 0.24762294E+00 0.24762294E+00 0.24762294E+00 0.24762294E+00
 0.12300000E+01 0.24761507E+00 0.24761507E+00 0.24761507E+00 0.24761507E+00
 0.12400000E+01 0.24760665E+00 0.24760665E+00 0.24760665E+00 0.24760665E+00
 0.12500000E+01 0.24759829E+00 0.24759829E+00 0.24759829E+00 0.24759829E+00
 0.12600000E+01 0.24758969E+00 0.24758969E+00 0.24758969E+00 0.24758969E+00
 0.12700000E+01 0.24758084E+00 0.24758084E+00 0.24758084E+00 0.24758084E+00
 0.12800000E+01 0.24757212E+00 0.24757212E+00 0.24757212E+00 0.24757212E+00
 0.12900000E+01 0.24756292E+00 0.24756292E+00 0.24756292E+00 0.24756292E+00
 0.13000000E+01 0.24755342E+00 0.24755342E+00 0.24755342E+00 0.24755342E+00
 0.13100000E+01 0.24754406E+00 0.24754406E+00 0.24754406E+00 0.24754406E+00
 0.13200000E+01 0.24753435E+00 0.24753435E+00 0.24753435E+00 0.24753435E+00
 0.13300000E+01 0.24752463E+00 0.24752463E+00 0.24752463E+00 0.24752463E+00
 0.13400000E+01 0.24751424E+00 0.24751424E+00 0.24751424E+00 0.24751424E+00
 0.13500000E+01 0.24750391E+00 0.24750391E+00 0.24750391E+00 0.24750391E+00
 0.13600000E+01 0.24749331E+00 0.24749331E+00 0.24749331E+00 0.24749331E+00
 0.13700000E+01 0.24748226E+00 0.24748226E+00 0.24748226E+00 0.24748226E+00
 0.13800000E+01 0.24747118E+00 0.24747118E+00 0.24747118E+00 0.24747118E+00
 0.13900000E+01 0.24745990E+00 0.24745990E+00 0.24745990E+00 0.24745990E+00
 0.14000000E+01 0.24744806E+00 0.24744806E+00 0.24744806E+00 0.24744806E+00
 0.14100000E+01 0.24743669E+00 0.24743669E+00 0.24743669E+00 0.24743669E+00
 0.14200000E+01 0.24742491E+00 0.24742491E+00 0.24742491E+00 0.24742491E+00
 0.14300000E+01 0.24741155E+00 0.24741155E+00 0.24741155E+00 0.24741155E+00
 0.14400000E+01 0.24739871E+00 0.24739871E+00 0.24739871E+00 0.24739871E+00
 0.14500000E+01 0.24738561E+00 0.24738561E+00 0.24738561E+00 0.24738561E+00
 0.14600000E+01 0.24737196E+00 0.24737196E+00 0.24737196E+00 0.24737196E+00
 0.14700000E+01 0.24760321E+00 0.24760321E+00 0.24760321E+00 0.24760321E+00
 0.14800000E+01 0.24734415E+00 0.24734415E+00 0.24734415E+00 0.24734415E+00
 0.14900000E+01 0.24732951E+00 0.24732951E+00 0.24732951E+00 0.24732951E+00
 0.15000000E+01 0.24731444E+00 0.24731444E+00 0.24731444E+00 0.24731444E+00
 0.15100000E+01 0.24729920E+00 0.24729920E+00 0.24729920E+00 0.24729920E+00
 0.15200000E+01 0.24728330E+00 0.24728330E+00 0.24728330E+00 0.24728330E+00
 0.15300000E+01 0.24726701E+00 0.24726701E+00 0.24726701E+00 0.24726701E+00
 0.15400000E+01 0.24725045E+00 0.24725045E+00 0.24725045E+00 0.24725045E+00
 0.15500000E+01 0.24723332E+00 0.24723332E+00 0.24723332E+00 0.24723332E+00
 0.15600000E+01 0.24721177E+00 0.24721177E+00 0.24721177E+00 0.24721177E+00
 0.15700000E+01 0.24719724E+00 0.24719724E+00 0.24719724E+00 0.24719724E+00
 0.15800000E+01 0.24717831E+00 0.24717831E+00 0.24717831E+00 0.24717831E+00
 0.15900000E+01 0.24715889E+00 0.24715889E+00 0.24715889E+00 0.24715889E+00
 0.16000000E+01 0.24713899E+00 0.24713899E+00 0.24713899E+00 0.24713899E+00
 0.16100000E+01 0.24711821E+00 0.24711821E+00 0.24711821E+00 0.24711821E+00
 0.16200000E+01 0.24709688E+00 0.24709688E+00 0.24709688E+00 0.24709688E+00
 0.16300000E+01 0.24707460E+00 0.24707460E+00 0.24707460E+00 0.24707460E+00
 0.16400000E+01 0.24705169E+00 0.24705169E+00 0.24705169E+00 0.24705169E+00
 0.16500000E+01 0.24702795E+00 0.24702795E+00 0.24702795E+00 0.24702795E+00
 0.16600000E+01 0.24700331E+00 0.24700331E+00 0.24700331E+00 0.24700331E+00
 0.16700000E+01 0.24697771E+00 0.24697771E+00 0.24697771E+00 0.24697771E+00
 0.16800000E+01 0.24695126E+00 0.24695126E+00 0.24695126E+00 0.24695126E+00
 0.16900000E+01 0.24692355E+00 0.24692355E+00 0.24692355E+00 0.24692355E+00
 0.17000000E+01 0.24689490E+00 0.24689490E+00 0.24689490E+00 0.24689490E+00
 0.17100000E+01 0.24686464E+00 0.24686464E+00 0.24686464E+00 0.24686464E+00
 0.17200000E+01 0.24683323E+00 0.24683323E+00 0.24683323E+00 0.24683323E+00
 0.17300000E+01 0.24686701E+00 0.24686701E+00 0.24686701E+00 0.24686701E+00
 0.17400000E+01 0.24676641E+00 0.24676641E+00 0.24676641E+00 0.24676641E+00
 0.17500000E+01 0.24673026E+00 0.24673026E+00 0.24673026E+00 0.24673026E+00
 0.17600000E+01 0.24669111E+00 0.24669111E+00 0.24669111E+00 0.24669111E+00
 0.17700000E+01 0.24665294E+00 0.24665294E+00 0.24665294E+00 0.24665294E+00
 0.17800000E+01 0.24661051E+00 0.24661051E+00 0.24661051E+00 0.24661051E+00
 0.17900000E+01 0.24656607E+00 0.24656607E+00 0.24656607E+00 0.24656607E+00
 0.18000000E+01 0.24651888E+00 0.24651888E+00 0.24651888E+00 0.24651888E+00
 0.18100000E+01 0.24646885E+00 0.24646885E+00 0.24646885E+00 0.24646885E+00
 0.18140000E+01 0.24644790E+00 0.24644790E+00 0.24644790E+00 0.24644790E+00
 0.18180000E+01 0.24642655E+00 0.24642655E+00 0.24642655E+00 0.24642655E+00
 0.18220000E+01 0.24640446E+00 0.24640446E+00 0.24640446E+00 0.24640446E+00
 0.18260000E+01 0.24638169E+00 0.24638169E+00 0.24638169E+00 0.24638169E+00
 0.18300000E+01 0.24635825E+00 0.24635825E+00 0.24635825E+00 0.24635825E+00
 0.18340000E+01 0.24633446E+00 0.24633446E+00 0.24633446E+00 0.24633446E+00
 0.18380000E+01 0.24630947E+00 0.24630947E+00 0.24630947E+00 0.24630947E+00
 0.18420000E+01 0.24628418E+00 0.24628418E+00 0.24628418E+00 0.24628418E+00
 0.18460000E+01 0.24625825E+00 0.24625825E+00 0.24625825E+00 0.24625825E+00
 0.18500000E+01 0.24623036E+00 0.24623036E+00 0.24623036E+00 0.24623036E+00
 0.18540000E+01 0.24620233E+00 0.24620233E+00 0.24620233E+00 0.24620233E+00
 0.18580000E+01 0.24617308E+00 0.24617308E+00 0.24617308E+00 0.24617308E+00
 0.18620000E+01 0.24614300E+00 0.24614300E+00 0.24614300E+00 0.24614300E+00
 0.18660000E+01 0.24611184E+00 0.24611184E+00 0.24611184E+00 0.24611184E+00
 0.18700000E+01 0.24607958E+00 0.24607958E+00 0.24607958E+00 0.24607958E+00
 0.18740000E+01 0.24604586E+00 0.24604586E+00 0.24604586E+00 0.24604586E+00
 0.18780000E+01 0.24601093E+00 0.24601093E+00 0.24601093E+00 0.24601093E+00
 0.18820000E+01 0.24597438E+00 0.24597438E+00 0.24597438E+00 0.24597438E+00
 0.18860000E+01 0.24593632E+00 0.24593632E+00 0.24593632E+00 0.24593632E+00
 0.18900000E+01 0.24589647E+00 0.24589647E+00 0.24589647E+00 0.24589647E+00
 0.18940000E+01 0.24585479E+00 0.24585479E+00 0.24585479E+00 0.24585479E+00
 0.18980000E+01 0.24581109E+00 0.24581109E+00 0.24581109E+00 0.24581109E+00
 0.19020000E+01 0.24576501E+00 0.24576501E+00 0.24576501E+00 0.24576501E+00
 0.19060000E+01 0.24571646E+00 0.24571646E+00 0.24571646E+00 0.24571646E+00
 0.19100000E+01 0.24566506E+00 0.24566506E+00 0.24566506E+00 0.24566506E+00
 0.19140000E+01 0.24561050E+00 0.24561050E+00 0.24561050E+00 0.24561050E+00
 0.19180000E+01 0.24555222E+00 0.24555222E+00 0.24555222E+00 0.24555222E+00
 0.19220000E+01 0.24549007E+00 0.24549007E+00 0.24549007E+00 0.24549007E+00
 0.19260000E+01 0.24542369E+00 0.24542369E+00 0.24542369E+00 0.24542369E+00
 0.19300000E+01 0.24535048E+00 0.24535048E+00 0.24535048E+00 0.24535048E+00
 0.19340000E+01 0.24527134E+00 0.24527134E+00 0.24527134E+00 0.24527134E+00
 0.19380000E+01 0.24518400E+00 0.24518400E+00 0.24518400E+00 0.24518400E+00
 0.19420000E+01 0.24508653E+00 0.24508653E+00 0.24508653E+00 0.24508653E+00
 0.19460000E+01 0.24497535E+00 0.24497535E+00 0.24497535E+00 0.24497535E+00
 0.19500000E+01 0.24484454E+00 0.24484454E+00 0.24484454E+00 0.24484454E+00
 0.19540000E+01 0.24467431E+00 0.24467431E+00 0.24467431E+00 0.24467431E+00
 0.19580000E+01 0.24446462E+00 0.24446462E+00 0.24446462E+00 0.24446462E+00
 0.19620000E+01 0.24425479E+00 0.24425479E+00 0.24425479E+00 0.24425479E+00
 0.19660000E+01 0.24406276E+00 0.24406276E+00 0.24406276E+00 0.24406276E+00
 0.19700000E+01 0.24389883E+00 0.24389883E+00 0.24389883E+00 0.24389883E+00
 0.19740000E+01 0.24377014E+00 0.24377014E+00 0.24377014E+00 0.24377014E+00
 0.19780000E+01 0.24368090E+00 0.24368090E+00 0.24368090E+00 0.24368090E+00
 0.19820000E+01 0.24363269E+00 0.24363269E+00 0.24363269E+00 0.24363269E+00
 0.19860000E+01 0.24362446E+00 0.24362446E+00 0.24362446E+00 0.24362446E+00
 0.19900000E+01 0.24365318E+00 0.24365318E+00 0.24365318E+00 0.24365318E+00
 0.19940000E+01 0.24371394E+00 0.24371394E+00 0.24371394E+00 0.24371394E+00
 0.19980000E+01 0.24380118E+00 0.24380118E+00 0.24380118E+00 0.24380118E+00
 0.20020000E+01 0.24390816E+00 0.24390816E+00 0.24390816E+00 0.24390816E+00
 0.20060000E+01 0.24402906E+00 0.24402906E+00 0.24402906E+00 0.24402906E+00
 0.20100000E+01 0.24415865E+00 0.24415865E+00 0.24415865E+00 0.24415865E+00
 0.20140000E+01 0.24429263E+00 0.24429263E+00 0.24429263E+00 0.24429263E+00
 0.20180000E+01 0.24442725E+00 0.24442725E+00 0.24442725E+00 0.24442725E+00
 0.20220000E+01 0.24456028E+00 0.24456028E+00 0.24456028E+00 0.24456028E+00
 0.20260000E+01 0.24468990E+00 0.24468990E+00 0.24468990E+00 0.24468990E+00
 0.20300000E+01 0.24481479E+00 0.24481479E+00 0.24481479E+00 0.24481479E+00
 0.20340000E+01 0.24493422E+00 0.24493422E+00 0.24493422E+00 0.24493422E+00
 0.20380000E+01 0.24504820E+00 0.24504820E+00 0.24504820E+00 0.24504820E+00
 0.20420000E+01 0.24515660E+00 0.24515660E+00 0.24515660E+00 0.24515660E+00
 0.20460000E+01 0.24525996E+00 0.24525996E+00 0.24525996E+00 0.24525996E+00
 0.20500000E+01 0.24535678E+00 0.24535678E+00 0.24535678E+00 0.24535678E+00
 0.20540000E+01 0.24544906E+00 0.24544906E+00 0.24544906E+00 0.24544906E+00
 0.20580000E+01 0.24553697E+00 0.24553697E+00 0.24553697E+00 0.24553697E+00
 0.20620000E+01 0.24562048E+00 0.24562048E+00 0.24562048E+00 0.24562048E+00
 0.20660000E+01 0.24569959E+00 0.24569959E+00 0.24569959E+00 0.24569959E+00
 0.20700000E+01 0.24577550E+00 0.24577550E+00 0.24577550E+00 0.24577550E+00
 0.20740000E+01 0.24584778E+00 0.24584778E+00 0.24584778E+00 0.24584778E+00
 0.20780000E+01 0.24591682E+00 0.24591682E+00 0.24591682E+00 0.24591682E+00
 0.20820000E+01 0.24598284E+00 0.24598284E+00 0.24598284E+00 0.24598284E+00
 0.20860000E+01 0.24604624E+00 0.24604624E+00 0.24604624E+00 0.24604624E+00
 0.20900000E+01 0.24610705E+00 0.24610705E+00 0.24610705E+00 0.24610705E+00
 0.20940000E+01 0.24616537E+00 0.24616537E+00 0.24616537E+00 0.24616537E+00
 0.20980000E+01 0.24622176E+00 0.24622176E+00 0.24622176E+00 0.24622176E+00
 0.21020000E+01 0.24627610E+00 0.24627610E+00 0.24627610E+00 0.24627610E+00
 0.21060000E+01 0.24632839E+00 0.24632839E+00 0.24632839E+00 0.24632839E+00
 0.21100000E+01 0.24637897E+00 0.24637897E+00 0.24637897E+00 0.24637897E+00
 0.21140000E+01 0.24642783E+00 0.24642783E+00 0.24642783E+00 0.24642783E+00
 0.21180000E+01 0.24647512E+00 0.24647512E+00 0.24647512E+00 0.24647512E+00
 0.21220000E+01 0.24652078E+00 0.24652078E+00 0.24652078E+00 0.24652078E+00
 0.21260000E+01 0.24656521E+00 0.24656521E+00 0.24656521E+00 0.24656521E+00
 0.21300000E+01 0.24660850E+00 0.24660850E+00 0.24660850E+00 0.24660850E+00
 0.21340000E+01 0.24665030E+00 0.24665030E+00 0.24665030E+00 0.24665030E+00
 0.21380000E+01 0.24669095E+00 0.24669095E+00 0.24669095E+00 0.24669095E+00
 0.21420000E+01 0.24673036E+00 0.24673036E+00 0.24673036E+00 0.24673036E+00
 0.21460000E+01 0.24676899E+00 0.24676899E+00 0.24676899E+00 0.24676899E+00
 0.21500000E+01 0.24680639E+00 0.24680639E+00 0.24680639E+00 0.24680639E+00
 0.21540000E+01 0.24684283E+00 0.24684283E+00 0.24684283E+00 0.24684283E+00
 0.21580000E+01 0.24687830E+00 0.24687830E+00 0.24687830E+00 0.24687830E+00
 0.21620000E+01 0.24691316E+00 0.24691316E+00 0.24691316E+00 0.24691316E+00
 0.21660000E+01 0.24694710E+00 0.24694710E+00 0.24694710E+00 0.24694710E+00
 0.21700000E+01 0.24698004E+00 0.24698004E+00 0.24698004E+00 0.24698004E+00
 0.21740000E+01 0.24701238E+00 0.24701238E+00 0.24701238E+00 0.24701238E+00
 0.21780000E+01 0.24704391E+00 0.24704391E+00 0.24704391E+00 0.24704391E+00
 0.21820000E+01 0.24707475E+00 0.24707475E+00 0.24707475E+00 0.24707475E+00
 0.21860000E+01 0.24710466E+00 0.24710466E+00 0.24710466E+00 0.24710466E+00
 0.21900000E+01 0.24713453E+00 0.24713453E+00 0.24713453E+00 0.24713453E+00
 0.21940000E+01 0.24716342E+00 0.24716342E+00 0.24716342E+00 0.24716342E+00
 0.21980000E+01 0.24719181E+00 0.24719181E+00 0.24719181E+00 0.24719181E+00
 0.22020000E+01 0.24721946E+00 0.24721946E+00 0.24721946E+00 0.24721946E+00
 0.22220000E+01 0.24735026E+00 0.24735026E+00 0.24735026E+00 0.24735026E+00
 0.22420000E+01 0.24746931E+00 0.24746931E+00 0.24746931E+00 0.24746931E+00
 0.22620000E+01 0.24757839E+00 0.24757839E+00 0.24757839E+00 0.24757839E+00
 0.22820000E+01 0.24767904E+00 0.24767904E+00 0.24767904E+00 0.24767904E+00
 0.23020000E+01 0.24777202E+00 0.24777202E+00 0.24777202E+00 0.24777202E+00
 0.23220000E+01 0.24785844E+00 0.24785844E+00 0.24785844E+00 0.24785844E+00
 0.23420000E+01 0.24793905E+00 0.24793905E+00 0.24793905E+00 0.24793905E+00
 0.23620000E+01 0.24801430E+00 0.24801430E+00 0.24801430E+00 0.24801430E+00
 0.23820000E+01 0.24808512E+00 0.24808512E+00 0.24808512E+00 0.24808512E+00
 0.24020000E+01 0.24815162E+00 0.24815162E+00 0.24815162E+00 0.24815162E+00
 0.24220000E+01 0.24821446E+00 0.24821446E+00 0.24821446E+00 0.24821446E+00
 0.24420000E+01 0.24827368E+00 0.24827368E+00 0.24827368E+00 0.24827368E+00
 0.24620000E+01 0.24834962E+00 0.24834962E+00 0.24834962E+00 0.24834962E+00
 0.24820000E+01 0.24838307E+00 0.24838307E+00 0.24838307E+00 0.24838307E+00
 0.25020000E+01 0.24843966E+00 0.24843966E+00 0.24843966E+00 0.24843966E+00
 0.25220000E+01 0.24848134E+00 0.24848134E+00 0.24848134E+00 0.24848134E+00
 0.25420000E+01 0.24853321E+00 0.24853321E+00 0.24853321E+00 0.24853321E+00
 0.25620000E+01 0.24857033E+00 0.24857033E+00 0.24857033E+00 0.24857033E+00
 0.25820000E+01 0.24861179E+00 0.24861179E+00 0.24861179E+00 0.24861179E+00
 0.26020000E+01 0.24865158E+00 0.24865158E+00 0.24865158E+00 0.24865158E+00
 0.26220000E+01 0.24868996E+00 0.24868996E+00 0.24868996E+00 0.24868996E+00
 0.26420000E+01 0.24872587E+00 0.24872587E+00 0.24872587E+00 0.24872587E+00
 0.26620000E+01 0.24876071E+00 0.24876071E+00 0.24876071E+00 0.24876071E+00
 0.26820000E+01 0.24879410E+00 0.24879410E+00 0.24879410E+00 0.24879410E+00
 0.27020000E+01 0.24882607E+00 0.24882607E+00 0.24882607E+00 0.24882607E+00
 0.27220000E+01 0.24885663E+00 0.24885663E+00 0.24885663E+00 0.24885663E+00
 0.27420000E+01 0.24888629E+00 0.24888629E+00 0.24888629E+00 0.24888629E+00
 0.27620000E+01 0.24891476E+00 0.24891476E+00 0.24891476E+00 0.24891476E+00
 0.27820000E+01 0.24894273E+00 0.24894273E+00 0.24894273E+00 0.24894273E+00
 0.28020000E+01 0.24898729E+00 0.24898729E+00 0.24898729E+00 0.24898729E+00
 0.28220000E+01 0.24899361E+00 0.24899361E+00 0.24899361E+00 0.24899361E+00
 0.28420000E+01 0.24901820E+00 0.24901820E+00 0.24901820E+00 0.24901820E+00
 0.28620000E+01 0.24904177E+00 0.24904177E+00 0.24904177E+00 0.24904177E+00
 0.28820000E+01 0.24906459E+00 0.24906459E+00 0.24906459E+00 0.24906459E+00
 0.29020000E+01 0.24908676E+00 0.24908676E+00 0.24908676E+00 0.24908676E+00
 0.29220000E+01 0.24910789E+00 0.24910789E+00 0.24910789E+00 0.24910789E+00
 0.29420000E+01 0.24912840E+00 0.24912840E+00 0.24912840E+00 0.24912840E+00
 0.29620000E+01 0.24914828E+00 0.24914828E+00 0.24914828E+00 0.24914828E+00
 0.29820000E+01 0.24916744E+00 0.24916744E+00 0.24916744E+00 0.24916744E+00
 0.30020000E+01 0.24918596E+00 0.24918596E+00 0.24918596E+00 0.24918596E+00
 0.31020000E+01 0.24927076E+00 0.24927076E+00 0.24927076E+00 0.24927076E+00
 0.32020000E+01 0.24934329E+00 0.24934329E+00 0.24934329E+00 0.24934329E+00
 0.33020000E+01 0.24940598E+00 0.24940598E+00 0.24940598E+00 0.24940598E+00
 0.34020000E+01 0.24946120E+00 0.24946120E+00 0.24946120E+00 0.24946120E+00
 0.35020000E+01 0.24950932E+00 0.24950932E+00 0.24950932E+00 0.24950932E+00
 0.36020000E+01 0.24955179E+00 0.24955179E+00 0.24955179E+00 0.24955179E+00
 0.37020000E+01 0.24958940E+00 0.24958940E+00 0.24958940E+00 0.24958940E+00
 0.38020000E+01 0.24962286E+00 0.24962286E+00 0.24962286E+00 0.24962286E+00
 0.39020000E+01 0.24965246E+00 0.24965246E+00 0.24965246E+00 0.24965246E+00
 0.40020000E+01 0.24968000E+00 0.24968000E+00 0.24968000E+00 0.24968000E+00
 0.41020000E+01 0.24970419E+00 0.24970419E+00 0.24970419E+00 0.24970419E+00
 0.42020000E+01 0.24972609E+00 0.24972609E+00 0.24972609E+00 0.24972609E+00
 0.43020000E+01 0.24974624E+00 0.24974624E+00 0.24974624E+00 0.24974624E+00
 0.44020000E+01 0.24976411E+00 0.24976411E+00 0.24976411E+00 0.24976411E+00
 0.45020000E+01 0.24978068E+00 0.24978068E+00 0.24978068E+00 0.24978068E+00
 0.46020000E+01 0.24978860E+00 0.24978860E+00 0.24978860E+00 0.24978860E+00
 0.47020000E+01 0.24980972E+00 0.24980972E+00 0.24980972E+00 0.24980972E+00
 0.48020000E+01 0.24982238E+00 0.24982238E+00 0.24982238E+00 0.24982238E+00
 0.49020000E+01 0.24983407E+00 0.24983407E+00 0.24983407E+00 0.24983407E+00
 0.50020000E+01 0.24984485E+00 0.24984485E+00 0.24984485E+00 0.24984485E+00
 0.51020000E+01 0.24985489E+00 0.24985489E+00 0.24985489E+00 0.24985489E+00
 0.52020000E+01 0.24986379E+00 0.24986379E+00 0.24986379E+00 0.24986379E+00
 0.53020000E+01 0.24987283E+00 0.24987283E+00 0.24987283E+00 0.24987283E+00
 0.54020000E+01 0.24988070E+00 0.24988070E+00 0.24988070E+00 0.24988070E+00
 0.55020000E+01 0.24988590E+00 0.24988590E+00 0.24988590E+00 0.24988590E+00
 0.56020000E+01 0.24989527E+00 0.24989527E+00 0.24989527E+00 0.24989527E+00
 0.57020000E+01 0.24990162E+00 0.24990162E+00 0.24990162E+00 0.24990162E+00
 0.58020000E+01 0.24990768E+00 0.24990768E+00 0.24990768E+00 0.24990768E+00
 0.59020000E+01 0.24991322E+00 0.24991322E+00 0.24991322E+00 0.24991322E+00
 0.60020000E+01 0.24991853E+00 0.24991853E+00 0.24991853E+00 0.24991853E+00
 0.61020000E+01 0.24992386E+00 0.24992386E+00 0.24992386E+00 0.24992386E+00
 0.62020000E+01 0.24992826E+00 0.24992826E+00 0.24992826E+00 0.24992826E+00
 0.63020000E+01 0.24993281E+00 0.24993281E+00 0.24993281E+00 0.24993281E+00
 0.64020000E+01 0.24993677E+00 0.24993677E+00 0.24993677E+00 0.24993677E+00
 0.65020000E+01 0.24994062E+00 0.24994062E+00 0.24994062E+00 0.24994062E+00
 0.66020000E+01 0.24994447E+00 0.24994447E+00 0.24994447E+00 0.24994447E+00
 0.67020000E+01 0.24994794E+00 0.24994794E+00 0.24994794E+00 0.24994794E+00
 0.68020000E+01 0.24995104E+00 0.24995104E+00 0.24995104E+00 0.24995104E+00
 0.69020000E+01 0.24995426E+00 0.24995426E+00 0.24995426E+00 0.24995426E+00
 0.70020000E+01 0.24995723E+00 0.24995723E+00 0.24995723E+00 0.24995723E+00
 0.71020000E+01 0.24996007E+00 0.24996007E+00 0.24996007E+00 0.24996007E+00
 0.72020000E+01 0.24996260E+00 0.24996260E+00 0.24996260E+00 0.24996260E+00
 0.73020000E+01 0.24996556E+00 0.24996556E+00 0.24996556E+00 0.24996556E+00
 0.74020000E+01 0.24996668E+00 0.24996668E+00 0.24996668E+00 0.24996668E+00
 0.75020000E+01 0.24996954E+00 0.24996954E+00 0.24996954E+00 0.24996954E+00
 0.76020000E+01 0.24997211E+00 0.24997211E+00 0.24997211E+00 0.24997211E+00
 0.77020000E+01 0.24997426E+00 0.24997426E+00 0.24997426E+00 0.24997426E+00
 0.78020000E+01 0.24997563E+00 0.24997563E+00 0.24997563E+00 0.24997563E+00
 0.79020000E+01 0.24997785E+00 0.24997785E+00 0.24997785E+00 0.24997785E+00
 0.80020000E+01 0.24997978E+00 0.24997978E+00 0.24997978E+00 0.24997978E+00
 0.81020000E+01 0.24998168E+00 0.24998168E+00 0.24998168E+00 0.24998168E+00
 0.82020000E+01 0.24998312E+00 0.24998312E+00 0.24998312E+00 0.24998312E+00
 0.83020000E+01 0.24998473E+00 0.24998473E+00 0.24998473E+00 0.24998473E+00
 0.84020000E+01 0.24998611E+00 0.24998611E+00 0.24998611E+00 0.24998611E+00
 0.85020000E+01 0.24998735E+00 0.24998735E+00 0.24998735E+00 0.24998735E+00
 0.86020000E+01 0.24998901E+00 0.24998901E+00 0.24998901E+00 0.24998901E+00
 0.87020000E+01 0.24999016E+00 0.24999016E+00 0.24999016E+00 0.24999016E+00
 0.88020000E+01 0.24999141E+00 0.24999141E+00 0.24999141E+00 0.24999141E+00
 0.89020000E+01 0.24999264E+00 0.24999264E+00 0.24999264E+00 0.24999264E+00
 0.90020000E+01 0.24999401E+00 0.24999401E+00 0.24999401E+00 0.24999401E+00
 0.91020000E+01 0.24999521E+00 0.24999521E+00 0.24999521E+00 0.24999521E+00
 0.92020000E+01 0.24999613E+00 0.24999613E+00 0.24999613E+00 0.24999613E+00
 0.93020000E+01 0.24999704E+00 0.24999704E+00 0.24999704E+00 0.24999704E+00
 0.94020000E+01 0.24999797E+00 0.24999797E+00 0.24999797E+00 0.24999797E+00
 0.95020000E+01 0.24999912E+00 0.24999912E+00 0.24999912E+00 0.24999912E+00
 0.96020000E+01 0.25000000E+00 0.25000000E+00 0.25000000E+00 0.25000000E+00
 0.97020000E+01 0.25000082E+00 0.25000082E+00 0.25000082E+00 0.25000082E+00
 0.98020000E+01 0.25000168E+00 0.25000168E+00 0.25000168E+00 0.25000168E+00
 0.99020000E+01 0.25000258E+00 0.25000258E+00 0.25000258E+00 0.25000258E+00
 0.10002000E+02 0.25000348E+00 0.25000348E+00 0.25000348E+00 0.25000348E+00
 0.10102000E+02 0.25000438E+00 0.25000438E+00 0.25000438E+00 0.25000438E+00
 0.10202000E+02 0.25000508E+00 0.25000508E+00 0.25000508E+00 0.25000508E+00
 0.10302000E+02 0.25000566E+00 0.25000566E+00 0.25000566E+00 0.25000566E+00
 0.10402000E+02 0.25000608E+00 0.25000608E+00 0.25000608E+00 0.25000608E+00
 0.10502000E+02 0.25000693E+00 0.25000693E+00 0.25000693E+00 0.25000693E+00
 0.10602000E+02 0.25000765E+00 0.25000765E+00 0.25000765E+00 0.25000765E+00
 0.10702000E+02 0.25000823E+00 0.25000823E+00 0.25000823E+00 0.25000823E+00
 0.10802000E+02 0.25000888E+00 0.25000888E+00 0.25000888E+00 0.25000888E+00
 0.10902000E+02 0.25000933E+00 0.25000933E+00 0.25000933E+00 0.25000933E+00
 0.11002000E+02 0.25000983E+00 0.25000983E+00 0.25000983E+00 0.25000983E+00
 0.11102000E+02 0.25001003E+00 0.25001003E+00 0.25001003E+00 0.25001003E+00
 0.11202000E+02 0.25001106E+00 0.25001106E+00 0.25001106E+00 0.25001106E+00
 0.11302000E+02 0.25001167E+00 0.25001167E+00 0.25001167E+00 0.25001167E+00
 0.11402000E+02 0.25001213E+00 0.25001213E+00 0.25001213E+00 0.25001213E+00
 0.11502000E+02 0.25001260E+00 0.25001260E+00 0.25001260E+00 0.25001260E+00
 0.11602000E+02 0.25001315E+00 0.25001315E+00 0.25001315E+00 0.25001315E+00
 0.11702000E+02 0.25001352E+00 0.25001352E+00 0.25001352E+00 0.25001352E+00
 0.11802000E+02 0.25001383E+00 0.25001383E+00 0.25001383E+00 0.25001383E+00
 0.11902000E+02 0.25001422E+00 0.25001422E+00 0.25001422E+00 0.25001422E+00
 0.12002000E+02 0.25001470E+00 0.25001470E+00 0.25001470E+00 0.25001470E+00
 0.12102000E+02 0.25001520E+00 0.25001520E+00 0.25001520E+00 0.25001520E+00
 0.12202000E+02 0.25001554E+00 0.25001554E+00 0.25001554E+00 0.25001554E+00
 0.12302000E+02 0.25001591E+00 0.25001591E+00 0.25001591E+00 0.25001591E+00
 0.12402000E+02 0.25001625E+00 0.25001625E+00 0.25001625E+00 0.25001625E+00
 0.12502000E+02 0.25001658E+00 0.25001658E+00 0.25001658E+00 0.25001658E+00
 0.12602000E+02 0.25001712E+00 0.25001712E+00 0.25001712E+00 0.25001712E+00
 0.12702000E+02 0.25001730E+00 0.25001730E+00 0.25001730E+00 0.25001730E+00
 0.12802000E+02 0.25001768E+00 0.25001768E+00 0.25001768E+00 0.25001768E+00
 0.12902000E+02 0.25001802E+00 0.25001802E+00 0.25001802E+00 0.25001802E+00
 0.13002000E+02 0.25001841E+00 0.25001841E+00 0.25001841E+00 0.25001841E+00
 0.13102000E+02 0.25001876E+00 0.25001876E+00 0.25001876E+00 0.25001876E+00
 0.13202000E+02 0.25001911E+00 0.25001911E+00 0.25001911E+00 0.25001911E+00
 0.13302000E+02 0.25001941E+00 0.25001941E+00 0.25001941E+00 0.25001941E+00
 0.13402000E+02 0.25001955E+00 0.25001955E+00 0.25001955E+00 0.25001955E+00
 0.13502000E+02 0.25001980E+00 0.25001980E+00 0.25001980E+00 0.25001980E+00
 0.13602000E+02 0.25002005E+00 0.25002005E+00 0.25002005E+00 0.25002005E+00
 0.13702000E+02 0.25002030E+00 0.25002030E+00 0.25002030E+00 0.25002030E+00
 0.13802000E+02 0.25002044E+00 0.25002044E+00 0.25002044E+00 0.25002044E+00
 0.13902000E+02 0.25002071E+00 0.25002071E+00 0.25002071E+00 0.25002071E+00
 0.14002000E+02 0.25002104E+00 0.25002104E+00 0.25002104E+00 0.25002104E+00
 0.14102000E+02 0.25002131E+00 0.25002131E+00 0.25002131E+00 0.25002131E+00
 0.14202000E+02 0.25002155E+00 0.25002155E+00 0.25002155E+00 0.25002155E+00
 0.14302000E+02 0.25002227E+00 0.25002227E+00 0.25002227E+00 0.25002227E+00
 0.14402000E+02 0.25002205E+00 0.25002205E+00 0.25002205E+00 0.25002205E+00
 0.14502000E+02 0.25002227E+00 0.25002227E+00 0.25002227E+00 0.25002227E+00
 0.14602000E+02 0.25002229E+00 0.25002229E+00 0.25002229E+00 0.25002229E+00
 0.14702000E+02 0.25002268E+00 0.25002268E+00 0.25002268E+00 0.25002268E+00
 0.14802000E+02 0.25002290E+00 0.25002290E+00 0.25002290E+00 0.25002290E+00
 0.14902000E+02 0.25002294E+00 0.25002294E+00 0.25002294E+00 0.25002294E+00
 0.15002000E+02 0.25002311E+00 0.25002311E+00 0.25002311E+00 0.25002311E+00
 0.15102000E+02 0.25002335E+00 0.25002335E+00 0.25002335E+00 0.25002335E+00
 0.15202000E+02 0.25002329E+00 0.25002329E+00 0.25002329E+00 0.25002329E+00
 0.15302000E+02 0.25002381E+00 0.25002381E+00 0.25002381E+00 0.25002381E+00
 0.15402000E+02 0.25002452E+00 0.25002452E+00 0.25002452E+00 0.25002452E+00
 0.15502000E+02 0.25002430E+00 0.25002430E+00 0.25002430E+00 0.25002430E+00
 0.15602000E+02 0.25002450E+00 0.25002450E+00 0.25002450E+00 0.25002450E+00
 0.15702000E+02 0.25002461E+00 0.25002461E+00 0.25002461E+00 0.25002461E+00
 0.15802000E+02 0.25002473E+00 0.25002473E+00 0.25002473E+00 0.25002473E+00
 0.15902000E+02 0.25002485E+00 0.25002485E+00 0.25002485E+00 0.25002485E+00
 0.16002000E+02 0.25002496E+00 0.25002496E+00 0.25002496E+00 0.25002496E+00
 0.16102000E+02 0.25002510E+00 0.25002510E+00 0.25002510E+00 0.25002510E+00
 0.16202000E+02 0.25002538E+00 0.25002538E+00 0.25002538E+00 0.25002538E+00
 0.16302000E+02 0.25002547E+00 0.25002547E+00 0.25002547E+00 0.25002547E+00
 0.16402000E+02 0.25002580E+00 0.25002580E+00 0.25002580E+00 0.25002580E+00
 0.16502000E+02 0.25002590E+00 0.25002590E+00 0.25002590E+00 0.25002590E+00
 0.16602000E+02 0.25002599E+00 0.25002599E+00 0.25002599E+00 0.25002599E+00
 0.16702000E+02 0.25002610E+00 0.25002610E+00 0.25002610E+00 0.25002610E+00
 0.16802000E+02 0.25002616E+00 0.25002616E+00 0.25002616E+00 0.25002616E+00
 0.16902000E+02 0.25002640E+00 0.25002640E+00 0.25002640E+00 0.25002640E+00
 0.17002000E+02 0.25002654E+00 0.25002654E+00 0.25002654E+00 0.25002654E+00
 0.17102000E+02 0.25002685E+00 0.25002685E+00 0.25002685E+00 0.25002685E+00
 0.17202000E+02 0.25002691E+00 0.25002691E+00 0.25002691E+00 0.25002691E+00
 0.17302000E+02 0.25002703E+00 0.25002703E+00 0.25002703E+00 0.25002703E+00
 0.17402000E+02 0.25002718E+00 0.25002718E+00 0.25002718E+00 0.25002718E+00
 0.17502000E+02 0.25002727E+00 0.25002727E+00 0.25002727E+00 0.25002727E+00
 0.17602000E+02 0.25002744E+00 0.25002744E+00 0.25002744E+00 0.25002744E+00
 0.17702000E+02 0.25002751E+00 0.25002751E+00 0.25002751E+00 0.25002751E+00
 0.17802000E+02 0.25002759E+00 0.25002759E+00 0.25002759E+00 0.25002759E+00
 0.17902000E+02 0.25002768E+00 0.25002768E+00 0.25002768E+00 0.25002768E+00
 0.18002000E+02 0.25002770E+00 0.25002770E+00 0.25002770E+00 0.25002770E+00
 0.18102000E+02 0.25002791E+00 0.25002791E+00 0.25002791E+00 0.25002791E+00
 0.18202000E+02 0.25002808E+00 0.25002808E+00 0.25002808E+00 0.25002808E+00
 0.18302000E+02 0.25002864E+00 0.25002864E+00 0.25002864E+00 0.25002864E+00
 0.18402000E+02 0.25002844E+00 0.25002844E+00 0.25002844E+00 0.25002844E+00
 0.18502000E+02 0.25002845E+00 0.25002845E+00 0.25002845E+00 0.25002845E+00
 0.18602000E+02 0.25002837E+00 0.25002837E+00 0.25002837E+00 0.25002837E+00
 0.18702000E+02 0.25002854E+00 0.25002854E+00 0.25002854E+00 0.25002854E+00
 0.18802000E+02 0.25002852E+00 0.25002852E+00 0.25002852E+00 0.25002852E+00
 0.18902000E+02 0.25002854E+00 0.25002854E+00 0.25002854E+00 0.25002854E+00
 0.19002000E+02 0.25002836E+00 0.25002836E+00 0.25002836E+00 0.25002836E+00
 0.19102000E+02 0.25002893E+00 0.25002893E+00 0.25002893E+00 0.25002893E+00
 0.19202000E+02 0.25002907E+00 0.25002907E+00 0.25002907E+00 0.25002907E+00
 0.19302000E+02 0.25002911E+00 0.25002911E+00 0.25002911E+00 0.25002911E+00
 0.19402000E+02 0.25002916E+00 0.25002916E+00 0.25002916E+00 0.25002916E+00
 0.19502000E+02 0.25002922E+00 0.25002922E+00 0.25002922E+00 0.25002922E+00
 0.19602000E+02 0.25002934E+00 0.25002934E+00 0.25002934E+00 0.25002934E+00
 0.19702000E+02 0.25002945E+00 0.25002945E+00 0.25002945E+00 0.25002945E+00
 0.19802000E+02 0.25002949E+00 0.25002949E+00 0.25002949E+00 0.25002949E+00
 0.19902000E+02 0.25002958E+00 0.25002958E+00 0.25002958E+00 0.25002958E+00
 0.20002000E+02 0.25002963E+00 0.25002963E+00 0.25002963E+00 0.25002963E+00
 0.20102000E+02 0.25002969E+00 0.25002969E+00 0.25002969E+00 0.25002969E+00
 0.20202000E+02 0.25002976E+00 0.25002976E+00 0.25002976E+00 0.25002976E+00
 0.20302000E+02 0.25003005E+00 0.25003005E+00 0.25003005E+00 0.25003005E+00
 0.20402000E+02 0.25002993E+00 0.25002993E+00 0.25002993E+00 0.25002993E+00
 0.20502000E+02 0.25002986E+00 0.25002986E+00 0.25002986E+00 0.25002986E+00
 0.20602000E+02 0.25002998E+00 0.25002998E+00 0.25002998E+00 0.25002998E+00
 0.20702000E+02 0.25003011E+00 0.25003011E+00 0.25003011E+00 0.25003011E+00
 0.20802000E+02 0.25003025E+00 0.25003025E+00 0.25003025E+00 0.25003025E+00
 0.20902000E+02 0.25003029E+00 0.25003029E+00 0.25003029E+00 0.25003029E+00
 0.21002000E+02 0.25003034E+00 0.25003034E+00 0.25003034E+00 0.25003034E+00
 0.21102000E+02 0.25003048E+00 0.25003048E+00 0.25003048E+00 0.25003048E+00
 0.21202000E+02 0.25003055E+00 0.25003055E+00 0.25003055E+00 0.25003055E+00
 0.21302000E+02 0.24942767E+00 0.24942767E+00 0.24942767E+00 0.24942767E+00
 0.21402000E+02 0.25003068E+00 0.25003068E+00 0.25003068E+00 0.25003068E+00
 0.21502000E+02 0.25003071E+00 0.25003071E+00 0.25003071E+00 0.25003071E+00
 0.21602000E+02 0.25003074E+00 0.25003074E+00 0.25003074E+00 0.25003074E+00
 0.21702000E+02 0.25003071E+00 0.25003071E+00 0.25003071E+00 0.25003071E+00
 0.21802000E+02 0.25003096E+00 0.25003096E+00 0.25003096E+00 0.25003096E+00
 0.21902000E+02 0.25003093E+00 0.25003093E+00 0.25003093E+00 0.25003093E+00
 0.22002000E+02 0.25003101E+00 0.25003101E+00 0.25003101E+00 0.25003101E+00
 0.22102000E+02 0.25003115E+00 0.25003115E+00 0.25003115E+00 0.25003115E+00
 0.22202000E+02 0.25003118E+00 0.25003118E+00 0.25003118E+00 0.25003118E+00
 0.22302000E+02 0.25003147E+00 0.25003147E+00 0.25003147E+00 0.25003147E+00
 0.22402000E+02 0.25003116E+00 0.25003116E+00 0.25003116E+00 0.25003116E+00
 0.22502000E+02 0.25003136E+00 0.25003136E+00 0.25003136E+00 0.25003136E+00
 0.22602000E+02 0.25003141E+00 0.25003141E+00 0.25003141E+00 0.25003141E+00
 0.22702000E+02 0.25003154E+00 0.25003154E+00 0.25003154E+00 0.25003154E+00
 0.22802000E+02 0.25003155E+00 0.25003155E+00 0.25003155E+00 0.25003155E+00
 0.22902000E+02 0.25003158E+00 0.25003158E+00 0.25003158E+00 0.25003158E+00
 0.23002000E+02 0.25003156E+00 0.25003156E+00 0.25003156E+00 0.25003156E+00
 0.23102000E+02 0.25003153E+00 0.25003153E+00 0.25003153E+00 0.25003153E+00
 0.23202000E+02 0.25003172E+00 0.25003172E+00 0.25003172E+00 0.25003172E+00
 0.23302000E+02 0.25003177E+00 0.25003177E+00 0.25003177E+00 0.25003177E+00
 0.23402000E+02 0.25003181E+00 0.25003181E+00 0.25003181E+00 0.25003181E+00
 0.23502000E+02 0.25003182E+00 0.25003182E+00 0.25003182E+00 0.25003182E+00
 0.23602000E+02 0.25003187E+00 0.25003187E+00 0.25003187E+00 0.25003187E+00
 0.23702000E+02 0.25003192E+00 0.25003192E+00 0.25003192E+00 0.25003192E+00
 0.23802000E+02 0.25003195E+00 0.25003195E+00 0.25003195E+00 0.25003195E+00
 0.23902000E+02 0.25003195E+00 0.25003195E+00 0.25003195E+00 0.25003195E+00
 0.24002000E+02 0.25003204E+00 0.25003204E+00 0.25003204E+00 0.25003204E+00
 0.24102000E+02 0.25003220E+00 0.25003220E+00 0.25003220E+00 0.25003220E+00
 0.24202000E+02 0.25003223E+00 0.25003223E+00 0.25003223E+00 0.25003223E+00
 0.24302000E+02 0.25003226E+00 0.25003226E+00 0.25003226E+00 0.25003226E+00
 0.24402000E+02 0.25003231E+00 0.25003231E+00 0.25003231E+00 0.25003231E+00
 0.24502000E+02 0.25003233E+00 0.25003233E+00 0.25003233E+00 0.25003233E+00
 0.24602000E+02 0.25003241E+00 0.25003241E+00 0.25003241E+00 0.25003241E+00
 0.24702000E+02 0.25003243E+00 0.25003243E+00 0.25003243E+00 0.25003243E+00
 0.24802000E+02 0.25003248E+00 0.25003248E+00 0.25003248E+00 0.25003248E+00
 0.24902000E+02 0.25003251E+00 0.25003251E+00 0.25003251E+00 0.25003251E+00
 0.25002000E+02 0.25003250E+00 0.25003250E+00 0.25003250E+00 0.25003250E+00
 0.25102000E+02 0.25003258E+00 0.25003258E+00 0.25003258E+00 0.25003258E+00
 0.25202000E+02 0.25003262E+00 0.25003262E+00 0.25003262E+00 0.25003262E+00
 0.25302000E+02 0.25003270E+00 0.25003270E+00 0.25003270E+00 0.25003270E+00
 0.25402000E+02 0.25003308E+00 0.25003308E+00 0.25003308E+00 0.25003308E+00
 0.25502000E+02 0.25003297E+00 0.25003297E+00 0.25003297E+00 0.25003297E+00
 0.25602000E+02 0.25003295E+00 0.25003295E+00 0.25003295E+00 0.25003295E+00
 0.25702000E+02 0.25003294E+00 0.25003294E+00 0.25003294E+00 0.25003294E+00
 0.25802000E+02 0.25003293E+00 0.25003293E+00 0.25003293E+00 0.25003293E+00
 0.25902000E+02 0.25003285E+00 0.25003285E+00 0.25003285E+00 0.25003285E+00
 0.26002000E+02 0.25003295E+00 0.25003295E+00 0.25003295E+00 0.25003295E+00
 0.26102000E+02 0.25003312E+00 0.25003312E+00 0.25003312E+00 0.25003312E+00
 0.26202000E+02 0.25003320E+00 0.25003320E+00 0.25003320E+00 0.25003320E+00
 0.26302000E+02 0.25003322E+00 0.25003322E+00 0.25003322E+00 0.25003322E+00
 0.26402000E+02 0.25003324E+00 0.25003324E+00 0.25003324E+00 0.25003324E+00
 0.26502000E+02 0.25003333E+00 0.25003333E+00 0.25003333E+00 0.25003333E+00
 0.26602000E+02 0.25003336E+00 0.25003336E+00 0.25003336E+00 0.25003336E+00
 0.26702000E+02 0.25003344E+00 0.25003344E+00 0.25003344E+00 0.25003344E+00
 0.26802000E+02 0.25003347E+00 0.25003347E+00 0.25003347E+00 0.25003347E+00
 0.26902000E+02 0.25003360E+00 0.25003360E+00 0.25003360E+00 0.25003360E+00
 0.27002000E+02 0.25003360E+00 0.25003360E+00 0.25003360E+00 0.25003360E+00
 0.27102000E+02 0.25003363E+00 0.25003363E+00 0.25003363E+00 0.25003363E+00
 0.27202000E+02 0.25003364E+00 0.25003364E+00 0.25003364E+00 0.25003364E+00
 0.27302000E+02 0.25003367E+00 0.25003367E+00 0.25003367E+00 0.25003367E+00
 0.27402000E+02 0.25003368E+00 0.25003368E+00 0.25003368E+00 0.25003368E+00
 0.27502000E+02 0.25003369E+00 0.25003369E+00 0.25003369E+00 0.25003369E+00
 0.27602000E+02 0.25003380E+00 0.25003380E+00 0.25003380E+00 0.25003380E+00
 0.27702000E+02 0.25003385E+00 0.25003385E+00 0.25003385E+00 0.25003385E+00
 0.27802000E+02 0.25003387E+00 0.25003387E+00 0.25003387E+00 0.25003387E+00
 0.27902000E+02 0.25003389E+00 0.25003389E+00 0.25003389E+00 0.25003389E+00
 0.28002000E+02 0.25003392E+00 0.25003392E+00 0.25003392E+00 0.25003392E+00
 0.28102000E+02 0.25003395E+00 0.25003395E+00 0.25003395E+00 0.25003395E+00
 0.28202000E+02 0.25003397E+00 0.25003397E+00 0.25003397E+00 0.25003397E+00
 0.28302000E+02 0.25003402E+00 0.25003402E+00 0.25003402E+00 0.25003402E+00
 0.28402000E+02 0.25003423E+00 0.25003423E+00 0.25003423E+00 0.25003423E+00
 0.28502000E+02 0.25003417E+00 0.25003417E+00 0.25003417E+00 0.25003417E+00
 0.28602000E+02 0.25003414E+00 0.25003414E+00 0.25003414E+00 0.25003414E+00
 0.28702000E+02 0.25003414E+00 0.25003414E+00 0.25003414E+00 0.25003414E+00
 0.28802000E+02 0.25003419E+00 0.25003419E+00 0.25003419E+00 0.25003419E+00
 0.28902000E+02 0.25003415E+00 0.25003415E+00 0.25003415E+00 0.25003415E+00
 0.29002000E+02 0.25003401E+00 0.25003401E+00 0.25003401E+00 0.25003401E+00
 0.29102000E+02 0.25003432E+00 0.25003432E+00 0.25003432E+00 0.25003432E+00
 0.29202000E+02 0.25003435E+00 0.25003435E+00 0.25003435E+00 0.25003435E+00
 0.29302000E+02 0.25003440E+00 0.25003440E+00 0.25003440E+00 0.25003440E+00
 0.29402000E+02 0.25003442E+00 0.25003442E+00 0.25003442E+00 0.25003442E+00
 0.29502000E+02 0.25003444E+00 0.25003444E+00 0.25003444E+00 0.25003444E+00
 0.29602000E+02 0.25003451E+00 0.25003451E+00 0.25003451E+00 0.25003451E+00
 0.29702000E+02 0.25003452E+00 0.25003452E+00 0.25003452E+00 0.25003452E+00
 0.29802000E+02 0.25003453E+00 0.25003453E+00 0.25003453E+00 0.25003453E+00
 0.29902000E+02 0.25003459E+00 0.25003459E+00 0.25003459E+00 0.25003459E+00
