 0.99999998E-03 0.64139673E-03 0.64139673E-03 0.64139673E-03
 0.29999999E-02 0.66277490E-03 0.66277490E-03 0.66277490E-03
 0.49999999E-02 0.68748189E-03 0.68748189E-03 0.68748189E-03
 0.69999998E-02 0.69070817E-03 0.69070817E-03 0.69070817E-03
 0.89999998E-02 0.68106520E-03 0.68106520E-03 0.68106520E-03
 0.11000000E-01 0.67596528E-03 0.67596528E-03 0.67596528E-03
 0.13000000E-01 0.68097399E-03 0.68097399E-03 0.68097399E-03
 0.15000000E-01 0.68614521E-03 0.68614521E-03 0.68614521E-03
 0.17000000E-01 0.68357517E-03 0.68357517E-03 0.68357517E-03
 0.19000000E-01 0.67926291E-03 0.67926291E-03 0.67926291E-03
 0.21000000E-01 0.67971199E-03 0.67971199E-03 0.67971199E-03
 0.22999999E-01 0.68383978E-03 0.68383978E-03 0.68383978E-03
 0.24999999E-01 0.68424817E-03 0.68424817E-03 0.68424817E-03
 0.26999999E-01 0.68126526E-03 0.68126526E-03 0.68126526E-03
 0.28999999E-01 0.67985436E-03 0.67985436E-03 0.67985436E-03
 0.30999999E-01 0.68227079E-03 0.68227079E-03 0.68227079E-03
 0.32999999E-01 0.68415678E-03 0.68415678E-03 0.68415678E-03
 0.34999999E-01 0.68260974E-03 0.68260974E-03 0.68260974E-03
 0.36999999E-01 0.68063819E-03 0.68063819E-03 0.68063819E-03
 0.38999999E-01 0.68137771E-03 0.68137771E-03 0.68137771E-03
 0.40999999E-01 0.68363250E-03 0.68363250E-03 0.68363250E-03
 0.42999999E-01 0.68346091E-03 0.68346091E-03 0.68346091E-03
 0.44999999E-01 0.68166421E-03 0.68166421E-03 0.68166421E-03
 0.46999999E-01 0.68117521E-03 0.68117521E-03 0.68117521E-03
 0.48999999E-01 0.68294432E-03 0.68294432E-03 0.68294432E-03
 0.50999999E-01 0.68386103E-03 0.68386103E-03 0.68386103E-03
 0.52999999E-01 0.68266375E-03 0.68266375E-03 0.68266375E-03
 0.54999999E-01 0.68153645E-03 0.68153645E-03 0.68153645E-03
 0.56999999E-01 0.68239158E-03 0.68239158E-03 0.68239158E-03
 0.58999999E-01 0.68387744E-03 0.68387744E-03 0.68387744E-03
 0.60999999E-01 0.68350456E-03 0.68350456E-03 0.68350456E-03
 0.62999999E-01 0.68225944E-03 0.68225944E-03 0.68225944E-03
 0.64999999E-01 0.68220345E-03 0.68220345E-03 0.68220345E-03
 0.66999999E-01 0.68362878E-03 0.68362878E-03 0.68362878E-03
 0.68999998E-01 0.68408967E-03 0.68408967E-03 0.68408967E-03
 0.70999998E-01 0.68311463E-03 0.68311463E-03 0.68311463E-03
 0.72999998E-01 0.68244553E-03 0.68244553E-03 0.68244553E-03
 0.74999998E-01 0.68333762E-03 0.68333762E-03 0.68333762E-03
 0.76999998E-01 0.68438979E-03 0.68438979E-03 0.68438979E-03
 0.78999998E-01 0.68395172E-03 0.68395172E-03 0.68395172E-03
 0.80999998E-01 0.68304781E-03 0.68304781E-03 0.68304781E-03
 0.82999998E-01 0.68323675E-03 0.68323675E-03 0.68323675E-03
 0.84999998E-01 0.68442809E-03 0.68442809E-03 0.68442809E-03
 0.86999998E-01 0.68464543E-03 0.68464543E-03 0.68464543E-03
 0.88999998E-01 0.68384234E-03 0.68384234E-03 0.68384234E-03
 0.90999998E-01 0.68346335E-03 0.68346335E-03 0.68346335E-03
 0.92999998E-01 0.68435073E-03 0.68435073E-03 0.68435073E-03
 0.94999998E-01 0.68513124E-03 0.68513124E-03 0.68513124E-03
 0.96999998E-01 0.68469241E-03 0.68469241E-03 0.68469241E-03
 0.98999998E-01 0.68402610E-03 0.68402610E-03 0.68402610E-03
 0.10100000E+00 0.68436004E-03 0.68436004E-03 0.68436004E-03
 0.11100000E+00 0.68548246E-03 0.68548246E-03 0.68548246E-03
 0.12100000E+00 0.68650406E-03 0.68650406E-03 0.68650406E-03
 0.13100000E+00 0.68726827E-03 0.68726827E-03 0.68726827E-03
 0.14100000E+00 0.68783143E-03 0.68783143E-03 0.68783143E-03
 0.15100000E+00 0.68836438E-03 0.68836438E-03 0.68836438E-03
 0.16100000E+00 0.68898988E-03 0.68898988E-03 0.68898988E-03
 0.17100000E+00 0.68981526E-03 0.68981526E-03 0.68981526E-03
 0.18100000E+00 0.69087680E-03 0.69087680E-03 0.69087680E-03
 0.19100000E+00 0.69216447E-03 0.69216447E-03 0.69216447E-03
 0.20100000E+00 0.69357397E-03 0.69357397E-03 0.69357397E-03
 0.21100000E+00 0.69499284E-03 0.69499284E-03 0.69499284E-03
 0.22100000E+00 0.69635932E-03 0.69635932E-03 0.69635932E-03
 0.23099999E+00 0.69766457E-03 0.69766457E-03 0.69766457E-03
 0.24099999E+00 0.69896440E-03 0.69896440E-03 0.69896440E-03
 0.25099999E+00 0.70029317E-03 0.70029317E-03 0.70029317E-03
 0.26099999E+00 0.70170162E-03 0.70170162E-03 0.70170162E-03
 0.27099999E+00 0.70320093E-03 0.70320093E-03 0.70320093E-03
 0.28099999E+00 0.70482161E-03 0.70482161E-03 0.70482161E-03
 0.29099999E+00 0.70655684E-03 0.70655684E-03 0.70655684E-03
 0.30099999E+00 0.70842181E-03 0.70842181E-03 0.70842181E-03
 0.31099999E+00 0.71039319E-03 0.71039319E-03 0.71039319E-03
 0.32099999E+00 0.71247056E-03 0.71247056E-03 0.71247056E-03
 0.33099999E+00 0.71463041E-03 0.71463041E-03 0.71463041E-03
 0.34099999E+00 0.71686826E-03 0.71686826E-03 0.71686826E-03
 0.35099999E+00 0.71917643E-03 0.71917643E-03 0.71917643E-03
 0.36099999E+00 0.72155159E-03 0.72155159E-03 0.72155159E-03
 0.37099999E+00 0.72400144E-03 0.72400144E-03 0.72400144E-03
 0.38099999E+00 0.72652142E-03 0.72652142E-03 0.72652142E-03
 0.39099999E+00 0.72912738E-03 0.72912738E-03 0.72912738E-03
 0.40099999E+00 0.73181099E-03 0.73181099E-03 0.73181099E-03
 0.41099999E+00 0.73459052E-03 0.73459052E-03 0.73459052E-03
 0.42099999E+00 0.73745393E-03 0.73745393E-03 0.73745393E-03
 0.43099999E+00 0.74041885E-03 0.74041885E-03 0.74041885E-03
 0.44099999E+00 0.74347068E-03 0.74347068E-03 0.74347068E-03
 0.45099999E+00 0.74662414E-03 0.74662414E-03 0.74662414E-03
 0.46099999E+00 0.74986491E-03 0.74986491E-03 0.74986491E-03
 0.47099999E+00 0.75320393E-03 0.75320393E-03 0.75320393E-03
 0.48099999E+00 0.75663551E-03 0.75663551E-03 0.75663551E-03
 0.49099999E+00 0.76016970E-03 0.76016970E-03 0.76016970E-03
 0.50099999E+00 0.76382578E-03 0.76382578E-03 0.76382578E-03
 0.51099999E+00 0.76761795E-03 0.76761795E-03 0.76761795E-03
 0.52099999E+00 0.77159522E-03 0.77159522E-03 0.77159522E-03
 0.53099999E+00 0.77576039E-03 0.77576039E-03 0.77576039E-03
 0.54099999E+00 0.78015169E-03 0.78015169E-03 0.78015169E-03
 0.55099999E+00 0.78473653E-03 0.78473653E-03 0.78473653E-03
 0.56099999E+00 0.78952085E-03 0.78952085E-03 0.78952085E-03
 0.57099999E+00 0.79446711E-03 0.79446711E-03 0.79446711E-03
 0.58099999E+00 0.79955923E-03 0.79955923E-03 0.79955923E-03
 0.59099999E+00 0.80468669E-03 0.80468669E-03 0.80468669E-03
 0.60099999E+00 0.80979371E-03 0.80979371E-03 0.80979371E-03
 0.61099999E+00 0.81493083E-03 0.81493083E-03 0.81493083E-03
 0.62099999E+00 0.82036725E-03 0.82036725E-03 0.82036725E-03
 0.63099999E+00 0.82632888E-03 0.82632888E-03 0.82632888E-03
 0.64099999E+00 0.83271024E-03 0.83271024E-03 0.83271024E-03
 0.65099999E+00 0.83939388E-03 0.83939388E-03 0.83939388E-03
 0.66099999E+00 0.84622367E-03 0.84622367E-03 0.84622367E-03
 0.67099999E+00 0.85291121E-03 0.85291121E-03 0.85291121E-03
 0.68099998E+00 0.85945352E-03 0.85945352E-03 0.85945352E-03
 0.69099998E+00 0.86662691E-03 0.86662691E-03 0.86662691E-03
 0.70099998E+00 0.87468204E-03 0.87468204E-03 0.87468204E-03
 0.71099998E+00 0.88318129E-03 0.88318129E-03 0.88318129E-03
 0.72099998E+00 0.89184573E-03 0.89184573E-03 0.89184573E-03
 0.73099998E+00 0.89999154E-03 0.89999154E-03 0.89999154E-03
 0.74099998E+00 0.90851361E-03 0.90851361E-03 0.90851361E-03
 0.75099998E+00 0.91846159E-03 0.91846159E-03 0.91846159E-03
 0.76099998E+00 0.92908175E-03 0.92908175E-03 0.92908175E-03
 0.77099998E+00 0.93978108E-03 0.93978108E-03 0.93978108E-03
 0.78099998E+00 0.94970176E-03 0.94970176E-03 0.94970176E-03
 0.79099998E+00 0.96116075E-03 0.96116075E-03 0.96116075E-03
 0.80099998E+00 0.97413501E-03 0.97413501E-03 0.97413501E-03
 0.81099998E+00 0.98754279E-03 0.98754279E-03 0.98754279E-03
 0.82099998E+00 0.99983765E-03 0.99983765E-03 0.99983765E-03
 0.83099998E+00 0.10140840E-02 0.10140840E-02 0.10140840E-02
 0.84099998E+00 0.10303741E-02 0.10303741E-02 0.10303741E-02
 0.85099998E+00 0.10471041E-02 0.10471041E-02 0.10471041E-02
 0.86099998E+00 0.10626359E-02 0.10626359E-02 0.10626359E-02
 0.87099998E+00 0.10820117E-02 0.10820117E-02 0.10820117E-02
 0.88099998E+00 0.11034562E-02 0.11034562E-02 0.11034562E-02
 0.89099998E+00 0.11237416E-02 0.11237416E-02 0.11237416E-02
 0.90099998E+00 0.11467824E-02 0.11467824E-02 0.11467824E-02
 0.91099998E+00 0.11744717E-02 0.11744717E-02 0.11744717E-02
 0.92099998E+00 0.12027363E-02 0.12027363E-02 0.12027363E-02
 0.93099998E+00 0.12325891E-02 0.12325891E-02 0.12325891E-02
 0.94099998E+00 0.12710600E-02 0.12710600E-02 0.12710600E-02
 0.95099998E+00 0.13128172E-02 0.13128172E-02 0.13128172E-02
 0.96099998E+00 0.13584113E-02 0.13584113E-02 0.13584113E-02
 0.97099998E+00 0.14218622E-02 0.14218622E-02 0.14218622E-02
 0.98099998E+00 0.14989403E-02 0.14989403E-02 0.14989403E-02
 0.99099998E+00 0.16119416E-02 0.16119416E-02 0.16119416E-02
 0.10010000E+01 0.19954566E-02 0.19954566E-02 0.19954566E-02
 0.10110000E+01 0.22470627E-02 0.22470627E-02 0.22470627E-02
 0.10210000E+01 0.23260433E-02 0.23260433E-02 0.23260433E-02
 0.10310000E+01 0.23679922E-02 0.23679922E-02 0.23679922E-02
 0.10410000E+01 0.23904399E-02 0.23904399E-02 0.23904399E-02
 0.10510000E+01 0.24010537E-02 0.24010537E-02 0.24010537E-02
 0.10610000E+01 0.24017226E-02 0.24017226E-02 0.24017226E-02
 0.10710000E+01 0.23958744E-02 0.23958744E-02 0.23958744E-02
 0.10810000E+01 0.23883102E-02 0.23883102E-02 0.23883102E-02
 0.10910000E+01 0.23717205E-02 0.23717205E-02 0.23717205E-02
 0.11010000E+01 0.23572186E-02 0.23572186E-02 0.23572186E-02
 0.11110000E+01 0.23376038E-02 0.23376038E-02 0.23376038E-02
 0.11210000E+01 0.23176735E-02 0.23176735E-02 0.23176735E-02
 0.11310000E+01 0.22964708E-02 0.22964708E-02 0.22964708E-02
 0.11410000E+01 0.22724844E-02 0.22724844E-02 0.22724844E-02
 0.11510000E+01 0.22498770E-02 0.22498770E-02 0.22498770E-02
 0.11610000E+01 0.22229129E-02 0.22229129E-02 0.22229129E-02
 0.11710000E+01 0.21991900E-02 0.21991900E-02 0.21991900E-02
 0.11810000E+01 0.21735728E-02 0.21735728E-02 0.21735728E-02
 0.11910000E+01 0.21473719E-02 0.21473719E-02 0.21473719E-02
 0.12010000E+01 0.21207540E-02 0.21207540E-02 0.21207540E-02
 0.12110000E+01 0.20950141E-02 0.20950141E-02 0.20950141E-02
 0.12210000E+01 0.20690111E-02 0.20690111E-02 0.20690111E-02
 0.12310000E+01 0.20430088E-02 0.20430088E-02 0.20430088E-02
 0.12410000E+01 0.20168966E-02 0.20168966E-02 0.20168966E-02
 0.12510000E+01 0.19907164E-02 0.19907164E-02 0.19907164E-02
 0.12610000E+01 0.19653819E-02 0.19653819E-02 0.19653819E-02
 0.12710000E+01 0.19394690E-02 0.19394690E-02 0.19394690E-02
 0.12810000E+01 0.19146038E-02 0.19146038E-02 0.19146038E-02
 0.12910000E+01 0.18889755E-02 0.18889755E-02 0.18889755E-02
 0.13010000E+01 0.18643977E-02 0.18643977E-02 0.18643977E-02
 0.13110000E+01 0.18396067E-02 0.18396067E-02 0.18396067E-02
 0.13210000E+01 0.18155772E-02 0.18155772E-02 0.18155772E-02
 0.13310000E+01 0.17918552E-02 0.17918552E-02 0.17918552E-02
 0.13410000E+01 0.17675589E-02 0.17675589E-02 0.17675589E-02
 0.13510000E+01 0.17446381E-02 0.17446381E-02 0.17446381E-02
 0.13610000E+01 0.17210457E-02 0.17210457E-02 0.17210457E-02
 0.13710000E+01 0.16990107E-02 0.16990107E-02 0.16990107E-02
 0.13810000E+01 0.16761440E-02 0.16761440E-02 0.16761440E-02
 0.13910000E+01 0.16550019E-02 0.16550019E-02 0.16550019E-02
 0.14010000E+01 0.16330848E-02 0.16330848E-02 0.16330848E-02
 0.14110000E+01 0.16120104E-02 0.16120104E-02 0.16120104E-02
 0.14210000E+01 0.15907011E-02 0.15907011E-02 0.15907011E-02
 0.14310000E+01 0.15700705E-02 0.15700705E-02 0.15700705E-02
 0.14410000E+01 0.15496779E-02 0.15496779E-02 0.15496779E-02
 0.14510000E+01 0.15292397E-02 0.15292397E-02 0.15292397E-02
 0.14610000E+01 0.15101444E-02 0.15101444E-02 0.15101444E-02
 0.14710000E+01 0.14903484E-02 0.14903484E-02 0.14903484E-02
 0.14810000E+01 0.14720182E-02 0.14720182E-02 0.14720182E-02
 0.14910000E+01 0.14533460E-02 0.14533460E-02 0.14533460E-02
 0.15010000E+01 0.14347300E-02 0.14347300E-02 0.14347300E-02
 0.15110000E+01 0.14174420E-02 0.14174420E-02 0.14174420E-02
 0.15210000E+01 0.13985551E-02 0.13985551E-02 0.13985551E-02
 0.15310000E+01 0.13821472E-02 0.13821472E-02 0.13821472E-02
 0.15410000E+01 0.13642462E-02 0.13642462E-02 0.13642462E-02
 0.15510000E+01 0.13476758E-02 0.13476758E-02 0.13476758E-02
 0.15610000E+01 0.13308396E-02 0.13308396E-02 0.13308396E-02
 0.15710000E+01 0.13145941E-02 0.13145941E-02 0.13145941E-02
 0.15810000E+01 0.12989317E-02 0.12989317E-02 0.12989317E-02
 0.15910000E+01 0.12831982E-02 0.12831982E-02 0.12831982E-02
 0.16010000E+01 0.12673002E-02 0.12673002E-02 0.12673002E-02
 0.16110000E+01 0.12528220E-02 0.12528220E-02 0.12528220E-02
 0.16210000E+01 0.12375559E-02 0.12375559E-02 0.12375559E-02
 0.16310000E+01 0.12234745E-02 0.12234745E-02 0.12234745E-02
 0.16410000E+01 0.12087685E-02 0.12087685E-02 0.12087685E-02
 0.16510000E+01 0.11949874E-02 0.11949874E-02 0.11949874E-02
 0.16610000E+01 0.11812928E-02 0.11812928E-02 0.11812928E-02
 0.16710000E+01 0.11683548E-02 0.11683548E-02 0.11683548E-02
 0.16810000E+01 0.11542105E-02 0.11542105E-02 0.11542105E-02
 0.16910000E+01 0.11418894E-02 0.11418894E-02 0.11418894E-02
 0.17010000E+01 0.11286114E-02 0.11286114E-02 0.11286114E-02
 0.17110000E+01 0.11158690E-02 0.11158690E-02 0.11158690E-02
 0.17210000E+01 0.11041899E-02 0.11041899E-02 0.11041899E-02
 0.17310000E+01 0.10920803E-02 0.10920803E-02 0.10920803E-02
 0.17410000E+01 0.10802480E-02 0.10802480E-02 0.10802480E-02
 0.17510000E+01 0.10692331E-02 0.10692331E-02 0.10692331E-02
 0.17610000E+01 0.10581423E-02 0.10581423E-02 0.10581423E-02
 0.17710000E+01 0.10470278E-02 0.10470278E-02 0.10470278E-02
 0.17810000E+01 0.10370945E-02 0.10370945E-02 0.10370945E-02
 0.17910000E+01 0.10265661E-02 0.10265661E-02 0.10265661E-02
 0.18010000E+01 0.10170345E-02 0.10170345E-02 0.10170345E-02
 0.18050000E+01 0.10127833E-02 0.10127833E-02 0.10127833E-02
 0.18090000E+01 0.10092054E-02 0.10092054E-02 0.10092054E-02
 0.18130000E+01 0.10053194E-02 0.10053194E-02 0.10053194E-02
 0.18170000E+01 0.10016345E-02 0.10016345E-02 0.10016345E-02
 0.18210000E+01 0.99790294E-03 0.99790294E-03 0.99790294E-03
 0.18250000E+01 0.99441689E-03 0.99441689E-03 0.99441689E-03
 0.18290000E+01 0.99090626E-03 0.99090626E-03 0.99090626E-03
 0.18330000E+01 0.98728482E-03 0.98728482E-03 0.98728482E-03
 0.18370000E+01 0.98461367E-03 0.98461367E-03 0.98461367E-03
 0.18410000E+01 0.98099525E-03 0.98099525E-03 0.98099525E-03
 0.18450000E+01 0.97768975E-03 0.97768975E-03 0.97768975E-03
 0.18490000E+01 0.97445532E-03 0.97445532E-03 0.97445532E-03
 0.18530000E+01 0.97159715E-03 0.97159715E-03 0.97159715E-03
 0.18570000E+01 0.96844265E-03 0.96844265E-03 0.96844265E-03
 0.18610000E+01 0.96556224E-03 0.96556224E-03 0.96556224E-03
 0.18650000E+01 0.96288347E-03 0.96288347E-03 0.96288347E-03
 0.18690000E+01 0.96022896E-03 0.96022896E-03 0.96022896E-03
 0.18730000E+01 0.95844216E-03 0.95844216E-03 0.95844216E-03
 0.18770000E+01 0.95537055E-03 0.95537055E-03 0.95537055E-03
 0.18810000E+01 0.95292606E-03 0.95292606E-03 0.95292606E-03
 0.18850000E+01 0.95077453E-03 0.95077453E-03 0.95077453E-03
 0.18890000E+01 0.94882527E-03 0.94882527E-03 0.94882527E-03
 0.18930000E+01 0.94673107E-03 0.94673107E-03 0.94673107E-03
 0.18970000E+01 0.94507675E-03 0.94507675E-03 0.94507675E-03
 0.19010000E+01 0.94384979E-03 0.94384979E-03 0.94384979E-03
 0.19050000E+01 0.94266026E-03 0.94266026E-03 0.94266026E-03
 0.19090000E+01 0.94251748E-03 0.94251748E-03 0.94251748E-03
 0.19130000E+01 0.94070274E-03 0.94070274E-03 0.94070274E-03
 0.19170000E+01 0.94031531E-03 0.94031531E-03 0.94031531E-03
 0.19210000E+01 0.94029173E-03 0.94029173E-03 0.94029173E-03
 0.19250000E+01 0.94088784E-03 0.94088784E-03 0.94088784E-03
 0.19290000E+01 0.94142347E-03 0.94142347E-03 0.94142347E-03
 0.19330000E+01 0.94285479E-03 0.94285479E-03 0.94285479E-03
 0.19370000E+01 0.94531005E-03 0.94531005E-03 0.94531005E-03
 0.19410000E+01 0.94840553E-03 0.94840553E-03 0.94840553E-03
 0.19450000E+01 0.95400517E-03 0.95400517E-03 0.95400517E-03
 0.19490000E+01 0.95708616E-03 0.95708616E-03 0.95708616E-03
 0.19530000E+01 0.96380763E-03 0.96380763E-03 0.96380763E-03
 0.19570000E+01 0.97222975E-03 0.97222975E-03 0.97222975E-03
 0.19610000E+01 0.98347419E-03 0.98347419E-03 0.98347419E-03
 0.19650000E+01 0.99701900E-03 0.99701900E-03 0.99701900E-03
 0.19690000E+01 0.10156867E-02 0.10156867E-02 0.10156867E-02
 0.19730000E+01 0.10408447E-02 0.10408447E-02 0.10408447E-02
 0.19770000E+01 0.10758626E-02 0.10758626E-02 0.10758626E-02
 0.19810000E+01 0.11267079E-02 0.11267079E-02 0.11267079E-02
 0.19850000E+01 0.12032053E-02 0.12032053E-02 0.12032053E-02
 0.19890000E+01 0.13368580E-02 0.13368580E-02 0.13368580E-02
 0.19930000E+01 0.16152188E-02 0.16152188E-02 0.16152188E-02
 0.19970000E+01 0.25568947E-02 0.25568947E-02 0.25568947E-02
 0.20010000E+01 0.78011861E+01 0.78011861E+01 0.78011861E+01
 0.20050000E+01 0.95655031E+01 0.95655031E+01 0.95655031E+01
 0.20090000E+01 0.99101925E+01 0.99101925E+01 0.99101925E+01
 0.20130000E+01 0.10055248E+02 0.10055248E+02 0.10055248E+02
 0.20170000E+01 0.10126510E+02 0.10126510E+02 0.10126510E+02
 0.20210000E+01 0.10161100E+02 0.10161100E+02 0.10161100E+02
 0.20250000E+01 0.10174405E+02 0.10174405E+02 0.10174405E+02
 0.20290000E+01 0.10174117E+02 0.10174117E+02 0.10174117E+02
 0.20330000E+01 0.10164545E+02 0.10164545E+02 0.10164545E+02
 0.20370000E+01 0.10148372E+02 0.10148372E+02 0.10148372E+02
 0.20410000E+01 0.10127330E+02 0.10127330E+02 0.10127330E+02
 0.20450000E+01 0.10102561E+02 0.10102561E+02 0.10102561E+02
 0.20490000E+01 0.10074924E+02 0.10074924E+02 0.10074924E+02
 0.20530000E+01 0.10045030E+02 0.10045030E+02 0.10045030E+02
 0.20570000E+01 0.10013317E+02 0.10013317E+02 0.10013317E+02
 0.20610000E+01 0.99801636E+01 0.99801636E+01 0.99801636E+01
 0.20650000E+01 0.99458046E+01 0.99458046E+01 0.99458046E+01
 0.20690000E+01 0.99105015E+01 0.99105015E+01 0.99105015E+01
 0.20730000E+01 0.98744040E+01 0.98744040E+01 0.98744040E+01
 0.20770000E+01 0.98376713E+01 0.98376713E+01 0.98376713E+01
 0.20810000E+01 0.98004150E+01 0.98004150E+01 0.98004150E+01
 0.20850000E+01 0.97627211E+01 0.97627211E+01 0.97627211E+01
 0.20890000E+01 0.97246723E+01 0.97246723E+01 0.97246723E+01
 0.20930000E+01 0.96863470E+01 0.96863470E+01 0.96863470E+01
 0.20970000E+01 0.96478214E+01 0.96478214E+01 0.96478214E+01
 0.21010000E+01 0.96091022E+01 0.96091022E+01 0.96091022E+01
 0.21050000E+01 0.95702591E+01 0.95702591E+01 0.95702591E+01
 0.21090000E+01 0.95313272E+01 0.95313272E+01 0.95313272E+01
 0.21130000E+01 0.94923449E+01 0.94923449E+01 0.94923449E+01
 0.21170000E+01 0.94533377E+01 0.94533377E+01 0.94533377E+01
 0.21210000E+01 0.94143190E+01 0.94143190E+01 0.94143190E+01
 0.21250000E+01 0.93753119E+01 0.93753119E+01 0.93753119E+01
 0.21290000E+01 0.93363609E+01 0.93363609E+01 0.93363609E+01
 0.21330000E+01 0.92974596E+01 0.92974596E+01 0.92974596E+01
 0.21370000E+01 0.92586098E+01 0.92586098E+01 0.92586098E+01
 0.21410000E+01 0.92198486E+01 0.92198486E+01 0.92198486E+01
 0.21450000E+01 0.91811752E+01 0.91811752E+01 0.91811752E+01
 0.21490000E+01 0.91426144E+01 0.91426144E+01 0.91426144E+01
 0.21530000E+01 0.91041670E+01 0.91041670E+01 0.91041670E+01
 0.21570000E+01 0.90658407E+01 0.90658407E+01 0.90658407E+01
 0.21610000E+01 0.90276356E+01 0.90276356E+01 0.90276356E+01
 0.21650000E+01 0.89895706E+01 0.89895706E+01 0.89895706E+01
 0.21690000E+01 0.89516592E+01 0.89516592E+01 0.89516592E+01
 0.21730000E+01 0.89138775E+01 0.89138775E+01 0.89138775E+01
 0.21770000E+01 0.88762541E+01 0.88762541E+01 0.88762541E+01
 0.21810000E+01 0.88387814E+01 0.88387814E+01 0.88387814E+01
 0.21850000E+01 0.88014746E+01 0.88014746E+01 0.88014746E+01
 0.21890000E+01 0.87643309E+01 0.87643309E+01 0.87643309E+01
 0.21930000E+01 0.87273512E+01 0.87273512E+01 0.87273512E+01
 0.21970000E+01 0.86905336E+01 0.86905336E+01 0.86905336E+01
 0.22010000E+01 0.86538897E+01 0.86538897E+01 0.86538897E+01
 0.22210000E+01 0.84732971E+01 0.84732971E+01 0.84732971E+01
 0.22409999E+01 0.82971802E+01 0.82971802E+01 0.82971802E+01
 0.22609999E+01 0.81255865E+01 0.81255865E+01 0.81255865E+01
 0.22809999E+01 0.79585319E+01 0.79585319E+01 0.79585319E+01
 0.23009999E+01 0.77960420E+01 0.77960420E+01 0.77960420E+01
 0.23209999E+01 0.76378922E+01 0.76378922E+01 0.76378922E+01
 0.23409999E+01 0.74840779E+01 0.74840779E+01 0.74840779E+01
 0.23609999E+01 0.73344989E+01 0.73344989E+01 0.73344989E+01
 0.23809999E+01 0.71890383E+01 0.71890383E+01 0.71890383E+01
 0.24009999E+01 0.70475850E+01 0.70475850E+01 0.70475850E+01
 0.24209999E+01 0.69100213E+01 0.69100213E+01 0.69100213E+01
 0.24409999E+01 0.67762294E+01 0.67762294E+01 0.67762294E+01
 0.24609999E+01 0.66460934E+01 0.66460934E+01 0.66460934E+01
 0.24809999E+01 0.65194945E+01 0.65194945E+01 0.65194945E+01
 0.25009999E+01 0.63963275E+01 0.63963275E+01 0.63963275E+01
 0.25209999E+01 0.62764773E+01 0.62764773E+01 0.62764773E+01
 0.25409999E+01 0.61598339E+01 0.61598339E+01 0.61598339E+01
 0.25609999E+01 0.60463009E+01 0.60463009E+01 0.60463009E+01
 0.25809999E+01 0.59357700E+01 0.59357700E+01 0.59357700E+01
 0.26009999E+01 0.58281417E+01 0.58281417E+01 0.58281417E+01
 0.26209999E+01 0.57233272E+01 0.57233272E+01 0.57233272E+01
 0.26409999E+01 0.56212363E+01 0.56212363E+01 0.56212363E+01
 0.26609999E+01 0.55217786E+01 0.55217786E+01 0.55217786E+01
 0.26809999E+01 0.54248667E+01 0.54248667E+01 0.54248667E+01
 0.27009999E+01 0.53304210E+01 0.53304210E+01 0.53304210E+01
 0.27209999E+01 0.52383585E+01 0.52383585E+01 0.52383585E+01
 0.27409999E+01 0.51486082E+01 0.51486082E+01 0.51486082E+01
 0.27609999E+01 0.50610929E+01 0.50610929E+01 0.50610929E+01
 0.27809999E+01 0.49757438E+01 0.49757438E+01 0.49757438E+01
 0.28009999E+01 0.48924918E+01 0.48924918E+01 0.48924918E+01
 0.28209999E+01 0.48112664E+01 0.48112664E+01 0.48112664E+01
 0.28409999E+01 0.47320132E+01 0.47320132E+01 0.47320132E+01
 0.28609999E+01 0.46546655E+01 0.46546655E+01 0.46546655E+01
 0.28809999E+01 0.45791678E+01 0.45791678E+01 0.45791678E+01
 0.29009999E+01 0.45054555E+01 0.45054555E+01 0.45054555E+01
 0.29209999E+01 0.44334841E+01 0.44334841E+01 0.44334841E+01
 0.29409999E+01 0.43631949E+01 0.43631949E+01 0.43631949E+01
 0.29609999E+01 0.42945356E+01 0.42945356E+01 0.42945356E+01
 0.29809999E+01 0.42274647E+01 0.42274647E+01 0.42274647E+01
 0.30009999E+01 0.41619291E+01 0.41619291E+01 0.41619291E+01
 0.31009999E+01 0.38557591E+01 0.38557591E+01 0.38557591E+01
 0.32009999E+01 0.35818160E+01 0.35818160E+01 0.35818160E+01
 0.33009999E+01 0.33358057E+01 0.33358057E+01 0.33358057E+01
 0.34009999E+01 0.31141007E+01 0.31141007E+01 0.31141007E+01
 0.35009999E+01 0.29136453E+01 0.29136453E+01 0.29136453E+01
 0.36009999E+01 0.27318361E+01 0.27318361E+01 0.27318361E+01
 0.37009999E+01 0.25664518E+01 0.25664518E+01 0.25664518E+01
 0.38009999E+01 0.24155889E+01 0.24155889E+01 0.24155889E+01
 0.39009999E+01 0.22776096E+01 0.22776096E+01 0.22776096E+01
 0.40009999E+01 0.21510997E+01 0.21510997E+01 0.21510997E+01
 0.41009999E+01 0.20348270E+01 0.20348270E+01 0.20348270E+01
 0.42010000E+01 0.19277245E+01 0.19277245E+01 0.19277245E+01
 0.43010000E+01 0.18288586E+01 0.18288586E+01 0.18288586E+01
 0.44010000E+01 0.17374090E+01 0.17374090E+01 0.17374090E+01
 0.45010000E+01 0.16526525E+01 0.16526525E+01 0.16526525E+01
 0.46010000E+01 0.15739561E+01 0.15739561E+01 0.15739561E+01
 0.47010000E+01 0.15007579E+01 0.15007579E+01 0.15007579E+01
 0.48010000E+01 0.14325587E+01 0.14325587E+01 0.14325587E+01
 0.49010000E+01 0.13689142E+01 0.13689142E+01 0.13689142E+01
 0.50010000E+01 0.13094283E+01 0.13094283E+01 0.13094283E+01
 0.51010000E+01 0.12537467E+01 0.12537467E+01 0.12537467E+01
 0.52010000E+01 0.12015533E+01 0.12015533E+01 0.12015533E+01
 0.53010000E+01 0.11525629E+01 0.11525629E+01 0.11525629E+01
 0.54010000E+01 0.11065177E+01 0.11065177E+01 0.11065177E+01
 0.55010000E+01 0.10631877E+01 0.10631877E+01 0.10631877E+01
 0.56010000E+01 0.10223628E+01 0.10223628E+01 0.10223628E+01
 0.57010000E+01 0.98385447E+00 0.98385447E+00 0.98385447E+00
 0.58010000E+01 0.94748986E+00 0.94748986E+00 0.94748986E+00
 0.59010000E+01 0.91311342E+00 0.91311342E+00 0.91311342E+00
 0.60010000E+01 0.88058186E+00 0.88058186E+00 0.88058186E+00
 0.61010000E+01 0.84976667E+00 0.84976667E+00 0.84976667E+00
 0.62010000E+01 0.82054752E+00 0.82054752E+00 0.82054752E+00
 0.63010000E+01 0.79281676E+00 0.79281676E+00 0.79281676E+00
 0.64010000E+01 0.76647550E+00 0.76647550E+00 0.76647550E+00
 0.65010000E+01 0.74143130E+00 0.74143130E+00 0.74143130E+00
 0.66010000E+01 0.71760052E+00 0.71760052E+00 0.71760052E+00
 0.67010000E+01 0.69490689E+00 0.69490689E+00 0.69490689E+00
 0.68010000E+01 0.67327750E+00 0.67327750E+00 0.67327750E+00
 0.69010000E+01 0.65264744E+00 0.65264744E+00 0.65264744E+00
 0.70010000E+01 0.63295656E+00 0.63295656E+00 0.63295656E+00
 0.71010000E+01 0.61414742E+00 0.61414742E+00 0.61414742E+00
 0.72010000E+01 0.59616888E+00 0.59616888E+00 0.59616888E+00
 0.73010000E+01 0.57897240E+00 0.57897240E+00 0.57897240E+00
 0.74010000E+01 0.56251359E+00 0.56251359E+00 0.56251359E+00
 0.75010000E+01 0.54674989E+00 0.54674989E+00 0.54674989E+00
 0.76010000E+01 0.53164327E+00 0.53164327E+00 0.53164327E+00
 0.77010000E+01 0.51715726E+00 0.51715726E+00 0.51715726E+00
 0.78010000E+01 0.50325859E+00 0.50325859E+00 0.50325859E+00
 0.79010000E+01 0.48991585E+00 0.48991585E+00 0.48991585E+00
 0.80010000E+01 0.47709924E+00 0.47709924E+00 0.47709924E+00
 0.81010000E+01 0.46478182E+00 0.46478182E+00 0.46478182E+00
 0.82010000E+01 0.45293808E+00 0.45293808E+00 0.45293808E+00
 0.83010000E+01 0.44154310E+00 0.44154310E+00 0.44154310E+00
 0.84010000E+01 0.43057549E+00 0.43057549E+00 0.43057549E+00
 0.85010000E+01 0.42001337E+00 0.42001337E+00 0.42001337E+00
 0.86010000E+01 0.40983731E+00 0.40983731E+00 0.40983731E+00
 0.87010000E+01 0.40002844E+00 0.40002844E+00 0.40002844E+00
 0.88010000E+01 0.39056945E+00 0.39056945E+00 0.39056945E+00
 0.89010000E+01 0.38144365E+00 0.38144365E+00 0.38144365E+00
 0.90010000E+01 0.37263593E+00 0.37263593E+00 0.37263593E+00
 0.91010000E+01 0.36413109E+00 0.36413109E+00 0.36413109E+00
 0.92010000E+01 0.35591558E+00 0.35591558E+00 0.35591558E+00
 0.93010000E+01 0.34797657E+00 0.34797657E+00 0.34797657E+00
 0.94010000E+01 0.34030139E+00 0.34030139E+00 0.34030139E+00
 0.95010000E+01 0.33287883E+00 0.33287883E+00 0.33287883E+00
 0.96010000E+01 0.32569760E+00 0.32569760E+00 0.32569760E+00
 0.97010000E+01 0.31874761E+00 0.31874761E+00 0.31874761E+00
 0.98010000E+01 0.31201869E+00 0.31201869E+00 0.31201869E+00
 0.99010000E+01 0.30550167E+00 0.30550167E+00 0.30550167E+00
