 0.99999998E-03 0.39693973E+01 0.39693973E+01 0.39693973E+01
 0.29999999E-02 0.39693959E+01 0.39693959E+01 0.39693959E+01
 0.49999999E-02 0.39693959E+01 0.39693959E+01 0.39693959E+01
 0.69999998E-02 0.39693961E+01 0.39693961E+01 0.39693961E+01
 0.89999998E-02 0.39693964E+01 0.39693964E+01 0.39693964E+01
 0.11000000E-01 0.39693961E+01 0.39693961E+01 0.39693961E+01
 0.13000000E-01 0.39693944E+01 0.39693944E+01 0.39693944E+01
 0.15000000E-01 0.39693942E+01 0.39693942E+01 0.39693942E+01
 0.17000000E-01 0.39693940E+01 0.39693940E+01 0.39693940E+01
 0.19000000E-01 0.39693937E+01 0.39693937E+01 0.39693937E+01
 0.21000000E-01 0.39693935E+01 0.39693935E+01 0.39693935E+01
 0.22999999E-01 0.39693935E+01 0.39693935E+01 0.39693935E+01
 0.24999999E-01 0.39693933E+01 0.39693933E+01 0.39693933E+01
 0.26999999E-01 0.39693923E+01 0.39693923E+01 0.39693923E+01
 0.28999999E-01 0.39693918E+01 0.39693918E+01 0.39693918E+01
 0.30999999E-01 0.39693918E+01 0.39693918E+01 0.39693918E+01
 0.32999999E-01 0.39693916E+01 0.39693916E+01 0.39693916E+01
 0.34999999E-01 0.39693909E+01 0.39693909E+01 0.39693909E+01
 0.36999999E-01 0.39693906E+01 0.39693906E+01 0.39693906E+01
 0.38999999E-01 0.39693902E+01 0.39693902E+01 0.39693902E+01
 0.40999999E-01 0.39693894E+01 0.39693894E+01 0.39693894E+01
 0.42999999E-01 0.39693894E+01 0.39693894E+01 0.39693894E+01
 0.44999999E-01 0.39693892E+01 0.39693892E+01 0.39693892E+01
 0.46999999E-01 0.39693885E+01 0.39693885E+01 0.39693885E+01
 0.48999999E-01 0.39693880E+01 0.39693880E+01 0.39693880E+01
 0.50999999E-01 0.39693873E+01 0.39693873E+01 0.39693873E+01
 0.52999999E-01 0.39693866E+01 0.39693866E+01 0.39693866E+01
 0.54999999E-01 0.39693863E+01 0.39693863E+01 0.39693863E+01
 0.56999999E-01 0.39693859E+01 0.39693859E+01 0.39693859E+01
 0.58999999E-01 0.39693851E+01 0.39693851E+01 0.39693851E+01
 0.60999999E-01 0.39693847E+01 0.39693847E+01 0.39693847E+01
 0.62999999E-01 0.39693840E+01 0.39693840E+01 0.39693840E+01
 0.64999999E-01 0.39693837E+01 0.39693837E+01 0.39693837E+01
 0.66999999E-01 0.39693820E+01 0.39693820E+01 0.39693820E+01
 0.68999998E-01 0.39693813E+01 0.39693813E+01 0.39693813E+01
 0.70999998E-01 0.39693804E+01 0.39693804E+01 0.39693804E+01
 0.72999998E-01 0.39693797E+01 0.39693797E+01 0.39693797E+01
 0.74999998E-01 0.39693787E+01 0.39693787E+01 0.39693787E+01
 0.76999998E-01 0.39693780E+01 0.39693780E+01 0.39693780E+01
 0.78999998E-01 0.39693773E+01 0.39693773E+01 0.39693773E+01
 0.80999998E-01 0.39693763E+01 0.39693763E+01 0.39693763E+01
 0.82999998E-01 0.39693754E+01 0.39693754E+01 0.39693754E+01
 0.84999998E-01 0.39693747E+01 0.39693747E+01 0.39693747E+01
 0.86999998E-01 0.39693739E+01 0.39693739E+01 0.39693739E+01
 0.88999998E-01 0.39693727E+01 0.39693727E+01 0.39693727E+01
 0.90999998E-01 0.39693723E+01 0.39693723E+01 0.39693723E+01
 0.92999998E-01 0.39693716E+01 0.39693716E+01 0.39693716E+01
 0.94999998E-01 0.39693711E+01 0.39693711E+01 0.39693711E+01
 0.96999998E-01 0.39693708E+01 0.39693708E+01 0.39693708E+01
 0.98999998E-01 0.39693673E+01 0.39693673E+01 0.39693673E+01
 0.10100000E+00 0.39693663E+01 0.39693663E+01 0.39693663E+01
 0.11100000E+00 0.39693592E+01 0.39693592E+01 0.39693592E+01
 0.12100000E+00 0.39693525E+01 0.39693525E+01 0.39693525E+01
 0.13100000E+00 0.39693456E+01 0.39693456E+01 0.39693456E+01
 0.14100000E+00 0.39693377E+01 0.39693377E+01 0.39693377E+01
 0.15100000E+00 0.39693298E+01 0.39693298E+01 0.39693298E+01
 0.16100000E+00 0.39693213E+01 0.39693213E+01 0.39693213E+01
 0.17100000E+00 0.39693115E+01 0.39693115E+01 0.39693115E+01
 0.18100000E+00 0.39693017E+01 0.39693017E+01 0.39693017E+01
 0.19100000E+00 0.39692903E+01 0.39692903E+01 0.39692903E+01
 0.20100000E+00 0.39692800E+01 0.39692800E+01 0.39692800E+01
 0.21100000E+00 0.39692669E+01 0.39692669E+01 0.39692669E+01
 0.22100000E+00 0.39692540E+01 0.39692540E+01 0.39692540E+01
 0.23099999E+00 0.39692409E+01 0.39692409E+01 0.39692409E+01
 0.24099999E+00 0.39692280E+01 0.39692280E+01 0.39692280E+01
 0.25099999E+00 0.39692128E+01 0.39692128E+01 0.39692128E+01
 0.26099999E+00 0.39691982E+01 0.39691982E+01 0.39691982E+01
 0.27099999E+00 0.39691823E+01 0.39691823E+01 0.39691823E+01
 0.28099999E+00 0.39691677E+01 0.39691677E+01 0.39691677E+01
 0.29099999E+00 0.39691498E+01 0.39691498E+01 0.39691498E+01
 0.30099999E+00 0.39691322E+01 0.39691322E+01 0.39691322E+01
 0.31099999E+00 0.39691145E+01 0.39691145E+01 0.39691145E+01
 0.32099999E+00 0.39690969E+01 0.39690969E+01 0.39690969E+01
 0.33099999E+00 0.39690750E+01 0.39690750E+01 0.39690750E+01
 0.34099999E+00 0.39690549E+01 0.39690549E+01 0.39690549E+01
 0.35099999E+00 0.39690340E+01 0.39690340E+01 0.39690340E+01
 0.36099999E+00 0.39690142E+01 0.39690142E+01 0.39690142E+01
 0.37099999E+00 0.39689915E+01 0.39689915E+01 0.39689915E+01
 0.38099999E+00 0.39689677E+01 0.39689677E+01 0.39689677E+01
 0.39099999E+00 0.39689450E+01 0.39689450E+01 0.39689450E+01
 0.40099999E+00 0.39689224E+01 0.39689224E+01 0.39689224E+01
 0.41099999E+00 0.39688959E+01 0.39688959E+01 0.39688959E+01
 0.42099999E+00 0.39688704E+01 0.39688704E+01 0.39688704E+01
 0.43099999E+00 0.39688442E+01 0.39688442E+01 0.39688442E+01
 0.44099999E+00 0.39688172E+01 0.39688172E+01 0.39688172E+01
 0.45099999E+00 0.39687927E+01 0.39687927E+01 0.39687927E+01
 0.46099999E+00 0.39687626E+01 0.39687626E+01 0.39687626E+01
 0.47099999E+00 0.39687331E+01 0.39687331E+01 0.39687331E+01
 0.48099999E+00 0.39687028E+01 0.39687028E+01 0.39687028E+01
 0.49099999E+00 0.39686720E+01 0.39686720E+01 0.39686720E+01
 0.50099999E+00 0.39686432E+01 0.39686432E+01 0.39686432E+01
 0.51099999E+00 0.39686100E+01 0.39686100E+01 0.39686100E+01
 0.52099999E+00 0.39685767E+01 0.39685767E+01 0.39685767E+01
 0.53099999E+00 0.39685433E+01 0.39685433E+01 0.39685433E+01
 0.54099999E+00 0.39685121E+01 0.39685121E+01 0.39685121E+01
 0.55099999E+00 0.39684792E+01 0.39684792E+01 0.39684792E+01
 0.56099999E+00 0.39684408E+01 0.39684408E+01 0.39684408E+01
 0.57099999E+00 0.39684036E+01 0.39684036E+01 0.39684036E+01
 0.58099999E+00 0.39683659E+01 0.39683659E+01 0.39683659E+01
 0.59099999E+00 0.39683287E+01 0.39683287E+01 0.39683287E+01
 0.60099999E+00 0.39682896E+01 0.39682896E+01 0.39682896E+01
 0.61099999E+00 0.39682503E+01 0.39682503E+01 0.39682503E+01
 0.62099999E+00 0.39682114E+01 0.39682114E+01 0.39682114E+01
 0.63099999E+00 0.39681687E+01 0.39681687E+01 0.39681687E+01
 0.64099999E+00 0.39681289E+01 0.39681289E+01 0.39681289E+01
 0.65099999E+00 0.39680836E+01 0.39680836E+01 0.39680836E+01
 0.66099999E+00 0.39680395E+01 0.39680395E+01 0.39680395E+01
 0.67099999E+00 0.39679961E+01 0.39679961E+01 0.39679961E+01
 0.68099998E+00 0.39679520E+01 0.39679520E+01 0.39679520E+01
 0.69099998E+00 0.39679036E+01 0.39679036E+01 0.39679036E+01
 0.70099998E+00 0.39678564E+01 0.39678564E+01 0.39678564E+01
 0.71099998E+00 0.39678082E+01 0.39678082E+01 0.39678082E+01
 0.72099998E+00 0.39677596E+01 0.39677596E+01 0.39677596E+01
 0.73099998E+00 0.39677081E+01 0.39677081E+01 0.39677081E+01
 0.74099998E+00 0.39676580E+01 0.39676580E+01 0.39676580E+01
 0.75099998E+00 0.39676058E+01 0.39676058E+01 0.39676058E+01
 0.76099998E+00 0.39675543E+01 0.39675543E+01 0.39675543E+01
 0.77099998E+00 0.39674988E+01 0.39674988E+01 0.39674988E+01
 0.78099998E+00 0.39674444E+01 0.39674444E+01 0.39674444E+01
 0.79099998E+00 0.39673877E+01 0.39673877E+01 0.39673877E+01
 0.80099998E+00 0.39673331E+01 0.39673331E+01 0.39673331E+01
 0.81099998E+00 0.39672728E+01 0.39672728E+01 0.39672728E+01
 0.82099998E+00 0.39672148E+01 0.39672148E+01 0.39672148E+01
 0.83099998E+00 0.39671540E+01 0.39671540E+01 0.39671540E+01
 0.84099998E+00 0.39670920E+01 0.39670920E+01 0.39670920E+01
 0.85099998E+00 0.39670305E+01 0.39670305E+01 0.39670305E+01
 0.86099998E+00 0.39669662E+01 0.39669662E+01 0.39669662E+01
 0.87099998E+00 0.39669018E+01 0.39669018E+01 0.39669018E+01
 0.88099998E+00 0.39668357E+01 0.39668357E+01 0.39668357E+01
 0.89099998E+00 0.39667690E+01 0.39667690E+01 0.39667690E+01
 0.90099998E+00 0.39667003E+01 0.39667003E+01 0.39667003E+01
 0.91099998E+00 0.39666305E+01 0.39666305E+01 0.39666305E+01
 0.92099998E+00 0.39665594E+01 0.39665594E+01 0.39665594E+01
 0.93099998E+00 0.39664862E+01 0.39664862E+01 0.39664862E+01
 0.94099998E+00 0.39664140E+01 0.39664140E+01 0.39664140E+01
 0.95099998E+00 0.39663391E+01 0.39663391E+01 0.39663391E+01
 0.96099998E+00 0.39662628E+01 0.39662628E+01 0.39662628E+01
 0.97099998E+00 0.39661849E+01 0.39661849E+01 0.39661849E+01
 0.98099998E+00 0.39661059E+01 0.39661059E+01 0.39661059E+01
 0.99099998E+00 0.39660251E+01 0.39660251E+01 0.39660251E+01
 0.10010000E+01 0.39659426E+01 0.39659426E+01 0.39659426E+01
 0.10110000E+01 0.39658606E+01 0.39658606E+01 0.39658606E+01
 0.10210000E+01 0.39657762E+01 0.39657762E+01 0.39657762E+01
 0.10310000E+01 0.39656901E+01 0.39656901E+01 0.39656901E+01
 0.10410000E+01 0.39656014E+01 0.39656014E+01 0.39656014E+01
 0.10510000E+01 0.39655132E+01 0.39655132E+01 0.39655132E+01
 0.10610000E+01 0.39654217E+01 0.39654217E+01 0.39654217E+01
 0.10710000E+01 0.39653289E+01 0.39653289E+01 0.39653289E+01
 0.10810000E+01 0.39652338E+01 0.39652338E+01 0.39652338E+01
 0.10910000E+01 0.39651384E+01 0.39651384E+01 0.39651384E+01
 0.11010000E+01 0.39650409E+01 0.39650409E+01 0.39650409E+01
 0.11110000E+01 0.39649410E+01 0.39649410E+01 0.39649410E+01
 0.11210000E+01 0.39648392E+01 0.39648392E+01 0.39648392E+01
 0.11310000E+01 0.39647355E+01 0.39647355E+01 0.39647355E+01
 0.11410000E+01 0.39646304E+01 0.39646304E+01 0.39646304E+01
 0.11510000E+01 0.39645226E+01 0.39645226E+01 0.39645226E+01
 0.11610000E+01 0.39644127E+01 0.39644127E+01 0.39644127E+01
 0.11710000E+01 0.39642994E+01 0.39642994E+01 0.39642994E+01
 0.11810000E+01 0.39641886E+01 0.39641886E+01 0.39641886E+01
 0.11910000E+01 0.39640687E+01 0.39640687E+01 0.39640687E+01
 0.12010000E+01 0.39639461E+01 0.39639461E+01 0.39639461E+01
 0.12110000E+01 0.39638288E+01 0.39638288E+01 0.39638288E+01
 0.12210000E+01 0.39637053E+01 0.39637053E+01 0.39637053E+01
 0.12310000E+01 0.39635785E+01 0.39635785E+01 0.39635785E+01
 0.12410000E+01 0.39634500E+01 0.39634500E+01 0.39634500E+01
 0.12510000E+01 0.39633183E+01 0.39633183E+01 0.39633183E+01
 0.12610000E+01 0.39631865E+01 0.39631865E+01 0.39631865E+01
 0.12710000E+01 0.39630489E+01 0.39630489E+01 0.39630489E+01
 0.12810000E+01 0.39629095E+01 0.39629095E+01 0.39629095E+01
 0.12910000E+01 0.39627669E+01 0.39627669E+01 0.39627669E+01
 0.13010000E+01 0.39626212E+01 0.39626212E+01 0.39626212E+01
 0.13110000E+01 0.39624732E+01 0.39624732E+01 0.39624732E+01
 0.13210000E+01 0.39623213E+01 0.39623213E+01 0.39623213E+01
 0.13310000E+01 0.39621673E+01 0.39621673E+01 0.39621673E+01
 0.13410000E+01 0.39620070E+01 0.39620070E+01 0.39620070E+01
 0.13510000E+01 0.39618444E+01 0.39618444E+01 0.39618444E+01
 0.13610000E+01 0.39616795E+01 0.39616795E+01 0.39616795E+01
 0.13710000E+01 0.39615092E+01 0.39615092E+01 0.39615092E+01
 0.13810000E+01 0.39613361E+01 0.39613361E+01 0.39613361E+01
 0.13910000E+01 0.39611578E+01 0.39611578E+01 0.39611578E+01
 0.14010000E+01 0.39609771E+01 0.39609771E+01 0.39609771E+01
 0.14110000E+01 0.39607894E+01 0.39607894E+01 0.39607894E+01
 0.14210000E+01 0.39606004E+01 0.39606004E+01 0.39606004E+01
 0.14310000E+01 0.39604037E+01 0.39604037E+01 0.39604037E+01
 0.14410000E+01 0.39602048E+01 0.39602048E+01 0.39602048E+01
 0.14510000E+01 0.39600010E+01 0.39600010E+01 0.39600010E+01
 0.14610000E+01 0.39597902E+01 0.39597902E+01 0.39597902E+01
 0.14710000E+01 0.39595752E+01 0.39595752E+01 0.39595752E+01
 0.14810000E+01 0.39593549E+01 0.39593549E+01 0.39593549E+01
 0.14910000E+01 0.39591296E+01 0.39591296E+01 0.39591296E+01
 0.15010000E+01 0.39588943E+01 0.39588943E+01 0.39588943E+01
 0.15110000E+01 0.39586575E+01 0.39586575E+01 0.39586575E+01
 0.15210000E+01 0.39584088E+01 0.39584088E+01 0.39584088E+01
 0.15310000E+01 0.39581573E+01 0.39581573E+01 0.39581573E+01
 0.15410000E+01 0.39578958E+01 0.39578958E+01 0.39578958E+01
 0.15510000E+01 0.39576290E+01 0.39576290E+01 0.39576290E+01
 0.15610000E+01 0.39573522E+01 0.39573522E+01 0.39573522E+01
 0.15710000E+01 0.39570692E+01 0.39570692E+01 0.39570692E+01
 0.15810000E+01 0.39567752E+01 0.39567752E+01 0.39567752E+01
 0.15910000E+01 0.39564743E+01 0.39564743E+01 0.39564743E+01
 0.16010000E+01 0.39561617E+01 0.39561617E+01 0.39561617E+01
 0.16110000E+01 0.39558411E+01 0.39558411E+01 0.39558411E+01
 0.16210000E+01 0.39555073E+01 0.39555073E+01 0.39555073E+01
 0.16310000E+01 0.39551668E+01 0.39551668E+01 0.39551668E+01
 0.16410000E+01 0.39548101E+01 0.39548101E+01 0.39548101E+01
 0.16510000E+01 0.39544432E+01 0.39544432E+01 0.39544432E+01
 0.16610000E+01 0.39540601E+01 0.39540601E+01 0.39540601E+01
 0.16710000E+01 0.39536684E+01 0.39536684E+01 0.39536684E+01
 0.16810000E+01 0.39532545E+01 0.39532545E+01 0.39532545E+01
 0.16910000E+01 0.39528279E+01 0.39528279E+01 0.39528279E+01
 0.17010000E+01 0.39523807E+01 0.39523807E+01 0.39523807E+01
 0.17110000E+01 0.39519179E+01 0.39519179E+01 0.39519179E+01
 0.17210000E+01 0.39514341E+01 0.39514341E+01 0.39514341E+01
 0.17310000E+01 0.39509294E+01 0.39509294E+01 0.39509294E+01
 0.17410000E+01 0.39504025E+01 0.39504025E+01 0.39504025E+01
 0.17510000E+01 0.39498487E+01 0.39498487E+01 0.39498487E+01
 0.17610000E+01 0.39492693E+01 0.39492693E+01 0.39492693E+01
 0.17710000E+01 0.39486585E+01 0.39486585E+01 0.39486585E+01
 0.17810000E+01 0.39480171E+01 0.39480171E+01 0.39480171E+01
 0.17910000E+01 0.39473352E+01 0.39473352E+01 0.39473352E+01
 0.18010000E+01 0.39466245E+01 0.39466245E+01 0.39466245E+01
 0.18050000E+01 0.39463239E+01 0.39463239E+01 0.39463239E+01
 0.18090000E+01 0.39460182E+01 0.39460182E+01 0.39460182E+01
 0.18130000E+01 0.39457066E+01 0.39457066E+01 0.39457066E+01
 0.18170000E+01 0.39453850E+01 0.39453850E+01 0.39453850E+01
 0.18210000E+01 0.39450552E+01 0.39450552E+01 0.39450552E+01
 0.18250000E+01 0.39447174E+01 0.39447174E+01 0.39447174E+01
 0.18290000E+01 0.39443712E+01 0.39443712E+01 0.39443712E+01
 0.18330000E+01 0.39440148E+01 0.39440148E+01 0.39440148E+01
 0.18370000E+01 0.39436505E+01 0.39436505E+01 0.39436505E+01
 0.18410000E+01 0.39432738E+01 0.39432738E+01 0.39432738E+01
 0.18450000E+01 0.39428859E+01 0.39428859E+01 0.39428859E+01
 0.18490000E+01 0.39424884E+01 0.39424884E+01 0.39424884E+01
 0.18530000E+01 0.39420769E+01 0.39420769E+01 0.39420769E+01
 0.18570000E+01 0.39416525E+01 0.39416525E+01 0.39416525E+01
 0.18610000E+01 0.39412150E+01 0.39412150E+01 0.39412150E+01
 0.18650000E+01 0.39407640E+01 0.39407640E+01 0.39407640E+01
 0.18690000E+01 0.39402964E+01 0.39402964E+01 0.39402964E+01
 0.18730000E+01 0.39398165E+01 0.39398165E+01 0.39398165E+01
 0.18770000E+01 0.39393139E+01 0.39393139E+01 0.39393139E+01
 0.18810000E+01 0.39387944E+01 0.39387944E+01 0.39387944E+01
 0.18850000E+01 0.39382565E+01 0.39382565E+01 0.39382565E+01
 0.18890000E+01 0.39376962E+01 0.39376962E+01 0.39376962E+01
 0.18930000E+01 0.39371133E+01 0.39371133E+01 0.39371133E+01
 0.18970000E+01 0.39365060E+01 0.39365060E+01 0.39365060E+01
 0.19010000E+01 0.39358735E+01 0.39358735E+01 0.39358735E+01
 0.19050000E+01 0.39352107E+01 0.39352107E+01 0.39352107E+01
 0.19090000E+01 0.39345193E+01 0.39345193E+01 0.39345193E+01
 0.19130000E+01 0.39337902E+01 0.39337902E+01 0.39337902E+01
 0.19170000E+01 0.39330268E+01 0.39330268E+01 0.39330268E+01
 0.19210000E+01 0.39322224E+01 0.39322224E+01 0.39322224E+01
 0.19250000E+01 0.39313726E+01 0.39313726E+01 0.39313726E+01
 0.19290000E+01 0.39304731E+01 0.39304731E+01 0.39304731E+01
 0.19330000E+01 0.39295173E+01 0.39295173E+01 0.39295173E+01
 0.19370000E+01 0.39284997E+01 0.39284997E+01 0.39284997E+01
 0.19410000E+01 0.39274111E+01 0.39274111E+01 0.39274111E+01
 0.19450000E+01 0.39262452E+01 0.39262452E+01 0.39262452E+01
 0.19490000E+01 0.39249787E+01 0.39249787E+01 0.39249787E+01
 0.19530000E+01 0.39236102E+01 0.39236102E+01 0.39236102E+01
 0.19570000E+01 0.39221139E+01 0.39221139E+01 0.39221139E+01
 0.19610000E+01 0.39204667E+01 0.39204667E+01 0.39204667E+01
 0.19650000E+01 0.39186347E+01 0.39186347E+01 0.39186347E+01
 0.19690000E+01 0.39165764E+01 0.39165764E+01 0.39165764E+01
 0.19730000E+01 0.39142311E+01 0.39142311E+01 0.39142311E+01
 0.19770000E+01 0.39115057E+01 0.39115057E+01 0.39115057E+01
 0.19810000E+01 0.39082627E+01 0.39082627E+01 0.39082627E+01
 0.19850000E+01 0.39042585E+01 0.39042585E+01 0.39042585E+01
 0.19890000E+01 0.38990476E+01 0.38990476E+01 0.38990476E+01
 0.19930000E+01 0.38915794E+01 0.38915794E+01 0.38915794E+01
 0.19970000E+01 0.38782160E+01 0.38782160E+01 0.38782160E+01
 0.20010000E+01 0.38500547E+01 0.38500547E+01 0.38500547E+01
 0.20050000E+01 0.38795793E+01 0.38795793E+01 0.38795793E+01
 0.20090000E+01 0.38912499E+01 0.38912499E+01 0.38912499E+01
 0.20130000E+01 0.38987043E+01 0.38987043E+01 0.38987043E+01
 0.20170000E+01 0.39042139E+01 0.39042139E+01 0.39042139E+01
 0.20210000E+01 0.39085963E+01 0.39085963E+01 0.39085963E+01
 0.20250000E+01 0.39122427E+01 0.39122427E+01 0.39122427E+01
 0.20290000E+01 0.39153681E+01 0.39153681E+01 0.39153681E+01
 0.20330000E+01 0.39181054E+01 0.39181054E+01 0.39181054E+01
 0.20370000E+01 0.39205413E+01 0.39205413E+01 0.39205413E+01
 0.20410000E+01 0.39227386E+01 0.39227386E+01 0.39227386E+01
 0.20450000E+01 0.39247403E+01 0.39247403E+01 0.39247403E+01
 0.20490000E+01 0.39265785E+01 0.39265785E+01 0.39265785E+01
 0.20530000E+01 0.39282784E+01 0.39282784E+01 0.39282784E+01
 0.20570000E+01 0.39298596E+01 0.39298596E+01 0.39298596E+01
 0.20610000E+01 0.39313402E+01 0.39313402E+01 0.39313402E+01
 0.20650000E+01 0.39327283E+01 0.39327283E+01 0.39327283E+01
 0.20690000E+01 0.39340377E+01 0.39340377E+01 0.39340377E+01
 0.20730000E+01 0.39352760E+01 0.39352760E+01 0.39352760E+01
 0.20770000E+01 0.39364505E+01 0.39364505E+01 0.39364505E+01
 0.20810000E+01 0.39375691E+01 0.39375691E+01 0.39375691E+01
 0.20850000E+01 0.39386353E+01 0.39386353E+01 0.39386353E+01
 0.20890000E+01 0.39396527E+01 0.39396527E+01 0.39396527E+01
 0.20930000E+01 0.39406271E+01 0.39406271E+01 0.39406271E+01
 0.20970000E+01 0.39415624E+01 0.39415624E+01 0.39415624E+01
 0.21010000E+01 0.39424610E+01 0.39424610E+01 0.39424610E+01
 0.21050000E+01 0.39433272E+01 0.39433272E+01 0.39433272E+01
 0.21090000E+01 0.39441593E+01 0.39441593E+01 0.39441593E+01
 0.21130000E+01 0.39449627E+01 0.39449627E+01 0.39449627E+01
 0.21170000E+01 0.39457397E+01 0.39457397E+01 0.39457397E+01
 0.21210000E+01 0.39464900E+01 0.39464900E+01 0.39464900E+01
 0.21250000E+01 0.39472158E+01 0.39472158E+01 0.39472158E+01
 0.21290000E+01 0.39479194E+01 0.39479194E+01 0.39479194E+01
 0.21330000E+01 0.39486020E+01 0.39486020E+01 0.39486020E+01
 0.21370000E+01 0.39492645E+01 0.39492645E+01 0.39492645E+01
 0.21410000E+01 0.39499085E+01 0.39499085E+01 0.39499085E+01
 0.21450000E+01 0.39505329E+01 0.39505329E+01 0.39505329E+01
 0.21490000E+01 0.39511418E+01 0.39511418E+01 0.39511418E+01
 0.21530000E+01 0.39517350E+01 0.39517350E+01 0.39517350E+01
 0.21570000E+01 0.39523125E+01 0.39523125E+01 0.39523125E+01
 0.21610000E+01 0.39528742E+01 0.39528742E+01 0.39528742E+01
 0.21650000E+01 0.39534223E+01 0.39534223E+01 0.39534223E+01
 0.21690000E+01 0.39539576E+01 0.39539576E+01 0.39539576E+01
 0.21730000E+01 0.39544804E+01 0.39544804E+01 0.39544804E+01
 0.21770000E+01 0.39549916E+01 0.39549916E+01 0.39549916E+01
 0.21810000E+01 0.39554889E+01 0.39554889E+01 0.39554889E+01
 0.21850000E+01 0.39559765E+01 0.39559765E+01 0.39559765E+01
 0.21890000E+01 0.39564538E+01 0.39564538E+01 0.39564538E+01
 0.21930000E+01 0.39569204E+01 0.39569204E+01 0.39569204E+01
 0.21970000E+01 0.39573767E+01 0.39573767E+01 0.39573767E+01
 0.22010000E+01 0.39578233E+01 0.39578233E+01 0.39578233E+01
 0.22210000E+01 0.39599259E+01 0.39599259E+01 0.39599259E+01
 0.22409999E+01 0.39618378E+01 0.39618378E+01 0.39618378E+01
 0.22609999E+01 0.39635839E+01 0.39635839E+01 0.39635839E+01
 0.22809999E+01 0.39651892E+01 0.39651892E+01 0.39651892E+01
 0.23009999E+01 0.39666755E+01 0.39666755E+01 0.39666755E+01
 0.23209999E+01 0.39680531E+01 0.39680531E+01 0.39680531E+01
 0.23409999E+01 0.39693351E+01 0.39693351E+01 0.39693351E+01
 0.23609999E+01 0.39705362E+01 0.39705362E+01 0.39705362E+01
 0.23809999E+01 0.39716568E+01 0.39716568E+01 0.39716568E+01
 0.24009999E+01 0.39727097E+01 0.39727097E+01 0.39727097E+01
 0.24209999E+01 0.39737003E+01 0.39737003E+01 0.39737003E+01
 0.24409999E+01 0.39746349E+01 0.39746349E+01 0.39746349E+01
 0.24609999E+01 0.39755180E+01 0.39755180E+01 0.39755180E+01
 0.24809999E+01 0.39763539E+01 0.39763539E+01 0.39763539E+01
 0.25009999E+01 0.39771464E+01 0.39771464E+01 0.39771464E+01
 0.25209999E+01 0.39778969E+01 0.39778969E+01 0.39778969E+01
 0.25409999E+01 0.39786124E+01 0.39786124E+01 0.39786124E+01
 0.25609999E+01 0.39792933E+01 0.39792933E+01 0.39792933E+01
 0.25809999E+01 0.39799414E+01 0.39799414E+01 0.39799414E+01
 0.26009999E+01 0.39805589E+01 0.39805589E+01 0.39805589E+01
 0.26209999E+01 0.39811509E+01 0.39811509E+01 0.39811509E+01
 0.26409999E+01 0.39817150E+01 0.39817150E+01 0.39817150E+01
 0.26609999E+01 0.39822571E+01 0.39822571E+01 0.39822571E+01
 0.26809999E+01 0.39827733E+01 0.39827733E+01 0.39827733E+01
 0.27009999E+01 0.39832678E+01 0.39832678E+01 0.39832678E+01
 0.27209999E+01 0.39837422E+01 0.39837422E+01 0.39837422E+01
 0.27409999E+01 0.39841979E+01 0.39841979E+01 0.39841979E+01
 0.27609999E+01 0.39846361E+01 0.39846361E+01 0.39846361E+01
 0.27809999E+01 0.39850578E+01 0.39850578E+01 0.39850578E+01
 0.28009999E+01 0.39854620E+01 0.39854620E+01 0.39854620E+01
 0.28209999E+01 0.39858499E+01 0.39858499E+01 0.39858499E+01
 0.28409999E+01 0.39862254E+01 0.39862254E+01 0.39862254E+01
 0.28609999E+01 0.39865842E+01 0.39865842E+01 0.39865842E+01
 0.28809999E+01 0.39869339E+01 0.39869339E+01 0.39869339E+01
 0.29009999E+01 0.39872684E+01 0.39872684E+01 0.39872684E+01
 0.29209999E+01 0.39875922E+01 0.39875922E+01 0.39875922E+01
 0.29409999E+01 0.39879065E+01 0.39879065E+01 0.39879065E+01
 0.29609999E+01 0.39882066E+01 0.39882066E+01 0.39882066E+01
 0.29809999E+01 0.39884982E+01 0.39884982E+01 0.39884982E+01
 0.30009999E+01 0.39887817E+01 0.39887817E+01 0.39887817E+01
 0.31009999E+01 0.39900575E+01 0.39900575E+01 0.39900575E+01
 0.32009999E+01 0.39911442E+01 0.39911442E+01 0.39911442E+01
 0.33009999E+01 0.39920805E+01 0.39920805E+01 0.39920805E+01
 0.34009999E+01 0.39928913E+01 0.39928913E+01 0.39928913E+01
 0.35009999E+01 0.39935956E+01 0.39935956E+01 0.39935956E+01
 0.36009999E+01 0.39942143E+01 0.39942143E+01 0.39942143E+01
 0.37009999E+01 0.39947600E+01 0.39947600E+01 0.39947600E+01
 0.38009999E+01 0.39952424E+01 0.39952424E+01 0.39952424E+01
 0.39009999E+01 0.39956703E+01 0.39956703E+01 0.39956703E+01
 0.40009999E+01 0.39960523E+01 0.39960523E+01 0.39960523E+01
 0.41009999E+01 0.39963956E+01 0.39963956E+01 0.39963956E+01
 0.42010000E+01 0.39967034E+01 0.39967034E+01 0.39967034E+01
 0.43010000E+01 0.39969804E+01 0.39969804E+01 0.39969804E+01
 0.44010000E+01 0.39972332E+01 0.39972332E+01 0.39972332E+01
 0.45010000E+01 0.39974592E+01 0.39974592E+01 0.39974592E+01
 0.46010000E+01 0.39976654E+01 0.39976654E+01 0.39976654E+01
 0.47010000E+01 0.39978542E+01 0.39978542E+01 0.39978542E+01
 0.48010000E+01 0.39980266E+01 0.39980266E+01 0.39980266E+01
 0.49010000E+01 0.39981840E+01 0.39981840E+01 0.39981840E+01
 0.50010000E+01 0.39983287E+01 0.39983287E+01 0.39983287E+01
 0.51010000E+01 0.39984615E+01 0.39984615E+01 0.39984615E+01
 0.52010000E+01 0.39985838E+01 0.39985838E+01 0.39985838E+01
 0.53010000E+01 0.39986973E+01 0.39986973E+01 0.39986973E+01
 0.54010000E+01 0.39988005E+01 0.39988005E+01 0.39988005E+01
 0.55010000E+01 0.39988964E+01 0.39988964E+01 0.39988964E+01
 0.56010000E+01 0.39989884E+01 0.39989884E+01 0.39989884E+01
 0.57010000E+01 0.39990716E+01 0.39990716E+01 0.39990716E+01
 0.58010000E+01 0.39991488E+01 0.39991488E+01 0.39991488E+01
 0.59010000E+01 0.39992204E+01 0.39992204E+01 0.39992204E+01
 0.60010000E+01 0.39992876E+01 0.39992876E+01 0.39992876E+01
 0.61010000E+01 0.39993505E+01 0.39993505E+01 0.39993505E+01
 0.62010000E+01 0.39994071E+01 0.39994071E+01 0.39994071E+01
 0.63010000E+01 0.39994626E+01 0.39994626E+01 0.39994626E+01
 0.64010000E+01 0.39995141E+01 0.39995141E+01 0.39995141E+01
 0.65010000E+01 0.39995620E+01 0.39995620E+01 0.39995620E+01
 0.66010000E+01 0.39996080E+01 0.39996080E+01 0.39996080E+01
 0.67010000E+01 0.39996505E+01 0.39996505E+01 0.39996505E+01
 0.68010000E+01 0.39996877E+01 0.39996877E+01 0.39996877E+01
 0.69010000E+01 0.39997272E+01 0.39997272E+01 0.39997272E+01
 0.70010000E+01 0.39997628E+01 0.39997628E+01 0.39997628E+01
 0.71010000E+01 0.39997962E+01 0.39997962E+01 0.39997962E+01
 0.72010000E+01 0.39998274E+01 0.39998274E+01 0.39998274E+01
 0.73010000E+01 0.39998572E+01 0.39998572E+01 0.39998572E+01
 0.74010000E+01 0.39998853E+01 0.39998853E+01 0.39998853E+01
 0.75010000E+01 0.39999113E+01 0.39999113E+01 0.39999113E+01
 0.76010000E+01 0.39999366E+01 0.39999366E+01 0.39999366E+01
 0.77010000E+01 0.39999633E+01 0.39999633E+01 0.39999633E+01
 0.78010000E+01 0.39999840E+01 0.39999840E+01 0.39999840E+01
 0.79010000E+01 0.40000057E+01 0.40000057E+01 0.40000057E+01
 0.80010000E+01 0.40000253E+01 0.40000253E+01 0.40000253E+01
 0.81010000E+01 0.40000448E+01 0.40000448E+01 0.40000448E+01
 0.82010000E+01 0.40000644E+01 0.40000644E+01 0.40000644E+01
 0.83010000E+01 0.40000811E+01 0.40000811E+01 0.40000811E+01
 0.84010000E+01 0.40000992E+01 0.40000992E+01 0.40000992E+01
 0.85010000E+01 0.40001149E+01 0.40001149E+01 0.40001149E+01
 0.86010000E+01 0.40001292E+01 0.40001292E+01 0.40001292E+01
 0.87010000E+01 0.40001445E+01 0.40001445E+01 0.40001445E+01
 0.88010000E+01 0.40001578E+01 0.40001578E+01 0.40001578E+01
 0.89010000E+01 0.40001707E+01 0.40001707E+01 0.40001707E+01
 0.90010000E+01 0.40001845E+01 0.40001845E+01 0.40001845E+01
 0.91010000E+01 0.40001974E+01 0.40001974E+01 0.40001974E+01
 0.92010000E+01 0.40002093E+01 0.40002093E+01 0.40002093E+01
 0.93010000E+01 0.40002184E+01 0.40002184E+01 0.40002184E+01
 0.94010000E+01 0.40002303E+01 0.40002303E+01 0.40002303E+01
 0.95010000E+01 0.40002408E+01 0.40002408E+01 0.40002408E+01
 0.96010000E+01 0.40002508E+01 0.40002508E+01 0.40002508E+01
 0.97010000E+01 0.40002604E+01 0.40002604E+01 0.40002604E+01
 0.98010000E+01 0.40002689E+01 0.40002689E+01 0.40002689E+01
 0.99010000E+01 0.40002775E+01 0.40002775E+01 0.40002775E+01
