 -.375000E-01 0.309033E-02
 -.125000E-01 0.309033E-02
 0.125000E-01 0.309033E-02
 0.375000E-01 0.309033E-02




 -.375000E-01 0.311815E-02
 -.125000E-01 0.311815E-02
 0.125000E-01 0.311815E-02
 0.375000E-01 0.311815E-02




 -.375000E-01 0.322130E-02
 -.125000E-01 0.322130E-02
 0.125000E-01 0.322130E-02
 0.375000E-01 0.322130E-02




 -.375000E-01 0.359674E-02
 -.125000E-01 0.359674E-02
 0.125000E-01 0.359674E-02
 0.375000E-01 0.359674E-02




 -.375000E-01 0.322954E-01
 -.125000E-01 0.322954E-01
 0.125000E-01 0.322954E-01
 0.375000E-01 0.322954E-01




 -.375000E-01 0.209054E+00
 -.125000E-01 0.209054E+00
 0.125000E-01 0.209054E+00
 0.375000E-01 0.209054E+00




 -.375000E-01 0.254772E+00
 -.125000E-01 0.254772E+00
 0.125000E-01 0.254772E+00
 0.375000E-01 0.254772E+00




 -.375000E-01 0.275127E+00
 -.125000E-01 0.275127E+00
 0.125000E-01 0.275127E+00
 0.375000E-01 0.275127E+00




 -.375000E-01 0.282842E+00
 -.125000E-01 0.282842E+00
 0.125000E-01 0.282842E+00
 0.375000E-01 0.282842E+00




 -.375000E-01 0.281364E+00
 -.125000E-01 0.281364E+00
 0.125000E-01 0.281364E+00
 0.375000E-01 0.281364E+00




 -.375000E-01 0.270079E+00
 -.125000E-01 0.270079E+00
 0.125000E-01 0.270079E+00
 0.375000E-01 0.270079E+00




 -.375000E-01 0.243542E+00
 -.125000E-01 0.243542E+00
 0.125000E-01 0.243542E+00
 0.375000E-01 0.243542E+00




 -.375000E-01 0.181303E+00
 -.125000E-01 0.181303E+00
 0.125000E-01 0.181303E+00
 0.375000E-01 0.181303E+00




 -.375000E-01 0.531619E-02
 -.125000E-01 0.531619E-02
 0.125000E-01 0.531619E-02
 0.375000E-01 0.531619E-02




 -.375000E-01 0.340348E-02
 -.125000E-01 0.340348E-02
 0.125000E-01 0.340348E-02
 0.375000E-01 0.340348E-02




 -.375000E-01 0.317368E-02
 -.125000E-01 0.317368E-02
 0.125000E-01 0.317368E-02
 0.375000E-01 0.317368E-02




 -.375000E-01 0.310306E-02
 -.125000E-01 0.310306E-02
 0.125000E-01 0.310306E-02
 0.375000E-01 0.310306E-02




