 -.375000E-01 0.280800E+00
 -.125000E-01 0.280800E+00
 0.125000E-01 0.280800E+00
 0.375000E-01 0.280800E+00




 -.375000E-01 0.280800E+00
 -.125000E-01 0.280800E+00
 0.125000E-01 0.280800E+00
 0.375000E-01 0.280800E+00




 -.375000E-01 0.280801E+00
 -.125000E-01 0.280801E+00
 0.125000E-01 0.280801E+00
 0.375000E-01 0.280801E+00




 -.375000E-01 0.280809E+00
 -.125000E-01 0.280809E+00
 0.125000E-01 0.280809E+00
 0.375000E-01 0.280809E+00




 -.375000E-01 0.294883E+00
 -.125000E-01 0.294883E+00
 0.125000E-01 0.294883E+00
 0.375000E-01 0.294883E+00




 -.375000E-01 0.284236E+00
 -.125000E-01 0.284236E+00
 0.125000E-01 0.284236E+00
 0.375000E-01 0.284236E+00




 -.375000E-01 0.283613E+00
 -.125000E-01 0.283613E+00
 0.125000E-01 0.283613E+00
 0.375000E-01 0.283613E+00




 -.375000E-01 0.283403E+00
 -.125000E-01 0.283403E+00
 0.125000E-01 0.283403E+00
 0.375000E-01 0.283403E+00




 -.375000E-01 0.283332E+00
 -.125000E-01 0.283332E+00
 0.125000E-01 0.283332E+00
 0.375000E-01 0.283332E+00




 -.375000E-01 0.283345E+00
 -.125000E-01 0.283345E+00
 0.125000E-01 0.283345E+00
 0.375000E-01 0.283345E+00




 -.375000E-01 0.283452E+00
 -.125000E-01 0.283452E+00
 0.125000E-01 0.283452E+00
 0.375000E-01 0.283452E+00




 -.375000E-01 0.283744E+00
 -.125000E-01 0.283744E+00
 0.125000E-01 0.283744E+00
 0.375000E-01 0.283744E+00




 -.375000E-01 0.284769E+00
 -.125000E-01 0.284769E+00
 0.125000E-01 0.284769E+00
 0.375000E-01 0.284769E+00




 -.375000E-01 0.280899E+00
 -.125000E-01 0.280899E+00
 0.125000E-01 0.280899E+00
 0.375000E-01 0.280899E+00




 -.375000E-01 0.280804E+00
 -.125000E-01 0.280804E+00
 0.125000E-01 0.280804E+00
 0.375000E-01 0.280804E+00




 -.375000E-01 0.280801E+00
 -.125000E-01 0.280801E+00
 0.125000E-01 0.280801E+00
 0.375000E-01 0.280801E+00




 -.375000E-01 0.280800E+00
 -.125000E-01 0.280800E+00
 0.125000E-01 0.280800E+00
 0.375000E-01 0.280800E+00




