 -.375000E-01 -.188149E-04
 -.125000E-01 -.188149E-04
 0.125000E-01 -.188149E-04
 0.375000E-01 -.188149E-04




 -.375000E-01 -.250545E-03
 -.125000E-01 -.250545E-03
 0.125000E-01 -.250545E-03
 0.375000E-01 -.250545E-03




 -.375000E-01 -.542429E-03
 -.125000E-01 -.542429E-03
 0.125000E-01 -.542429E-03
 0.375000E-01 -.542429E-03




 -.375000E-01 -.106620E-02
 -.125000E-01 -.106620E-02
 0.125000E-01 -.106620E-02
 0.375000E-01 -.106620E-02




 -.375000E-01 -.520951E-02
 -.125000E-01 -.520951E-02
 0.125000E-01 -.520951E-02
 0.375000E-01 -.520951E-02




 -.375000E-01 -.938652E-08
 -.125000E-01 -.938652E-08
 0.125000E-01 -.938652E-08
 0.375000E-01 -.938652E-08




 -.375000E-01 -.333336E-08
 -.125000E-01 -.333336E-08
 0.125000E-01 -.333336E-08
 0.375000E-01 -.333336E-08




 -.375000E-01 -.144119E-08
 -.125000E-01 -.144119E-08
 0.125000E-01 -.144119E-08
 0.375000E-01 -.144119E-08




 -.375000E-01 -.324535E-09
 -.125000E-01 -.324535E-09
 0.125000E-01 -.324535E-09
 0.375000E-01 -.324535E-09




 -.375000E-01 0.662454E-09
 -.125000E-01 0.662454E-09
 0.125000E-01 0.662454E-09
 0.375000E-01 0.662454E-09




 -.375000E-01 0.192894E-08
 -.125000E-01 0.192894E-08
 0.125000E-01 0.192894E-08
 0.375000E-01 0.192894E-08




 -.375000E-01 0.446459E-08
 -.125000E-01 0.446459E-08
 0.125000E-01 0.446459E-08
 0.375000E-01 0.446459E-08




 -.375000E-01 0.165158E-07
 -.125000E-01 0.165158E-07
 0.125000E-01 0.165158E-07
 0.375000E-01 0.165158E-07




 -.375000E-01 0.223499E-02
 -.125000E-01 0.223499E-02
 0.125000E-01 0.223499E-02
 0.375000E-01 0.223499E-02




 -.375000E-01 0.838485E-03
 -.125000E-01 0.838485E-03
 0.125000E-01 0.838485E-03
 0.375000E-01 0.838485E-03




 -.375000E-01 0.432879E-03
 -.125000E-01 0.432879E-03
 0.125000E-01 0.432879E-03
 0.375000E-01 0.432879E-03




 -.375000E-01 0.170082E-03
 -.125000E-01 0.170082E-03
 0.125000E-01 0.170082E-03
 0.375000E-01 0.170082E-03




