 -.375000E-01 0.168633E-02
 -.125000E-01 0.168633E-02
 0.125000E-01 0.168633E-02
 0.375000E-01 0.168633E-02




 -.375000E-01 0.171415E-02
 -.125000E-01 0.171415E-02
 0.125000E-01 0.171415E-02
 0.375000E-01 0.171415E-02




 -.375000E-01 0.181730E-02
 -.125000E-01 0.181730E-02
 0.125000E-01 0.181730E-02
 0.375000E-01 0.181730E-02




 -.375000E-01 0.219274E-02
 -.125000E-01 0.219274E-02
 0.125000E-01 0.219274E-02
 0.375000E-01 0.219274E-02




 -.375000E-01 0.308914E-01
 -.125000E-01 0.308914E-01
 0.125000E-01 0.308914E-01
 0.375000E-01 0.308914E-01




 -.375000E-01 0.207650E+00
 -.125000E-01 0.207650E+00
 0.125000E-01 0.207650E+00
 0.375000E-01 0.207650E+00




 -.375000E-01 0.253368E+00
 -.125000E-01 0.253368E+00
 0.125000E-01 0.253368E+00
 0.375000E-01 0.253368E+00




 -.375000E-01 0.273723E+00
 -.125000E-01 0.273723E+00
 0.125000E-01 0.273723E+00
 0.375000E-01 0.273723E+00




 -.375000E-01 0.281438E+00
 -.125000E-01 0.281438E+00
 0.125000E-01 0.281438E+00
 0.375000E-01 0.281438E+00




 -.375000E-01 0.279960E+00
 -.125000E-01 0.279960E+00
 0.125000E-01 0.279960E+00
 0.375000E-01 0.279960E+00




 -.375000E-01 0.268675E+00
 -.125000E-01 0.268675E+00
 0.125000E-01 0.268675E+00
 0.375000E-01 0.268675E+00




 -.375000E-01 0.242138E+00
 -.125000E-01 0.242138E+00
 0.125000E-01 0.242138E+00
 0.375000E-01 0.242138E+00




 -.375000E-01 0.179899E+00
 -.125000E-01 0.179899E+00
 0.125000E-01 0.179899E+00
 0.375000E-01 0.179899E+00




 -.375000E-01 0.391219E-02
 -.125000E-01 0.391219E-02
 0.125000E-01 0.391219E-02
 0.375000E-01 0.391219E-02




 -.375000E-01 0.199948E-02
 -.125000E-01 0.199948E-02
 0.125000E-01 0.199948E-02
 0.375000E-01 0.199948E-02




 -.375000E-01 0.176968E-02
 -.125000E-01 0.176968E-02
 0.125000E-01 0.176968E-02
 0.375000E-01 0.176968E-02




 -.375000E-01 0.169906E-02
 -.125000E-01 0.169906E-02
 0.125000E-01 0.169906E-02
 0.375000E-01 0.169906E-02




