 0.99999998E-03 0.12955898E-02 0.12955898E-02 0.12955898E-02
 0.29999999E-02 0.13387721E-02 0.13387721E-02 0.13387721E-02
 0.49999999E-02 0.13886790E-02 0.13886790E-02 0.13886790E-02
 0.69999998E-02 0.13951961E-02 0.13951961E-02 0.13951961E-02
 0.89999998E-02 0.13757178E-02 0.13757178E-02 0.13757178E-02
 0.11000000E-01 0.13654165E-02 0.13654165E-02 0.13654165E-02
 0.13000000E-01 0.13755339E-02 0.13755339E-02 0.13755339E-02
 0.15000000E-01 0.13859796E-02 0.13859796E-02 0.13859796E-02
 0.17000000E-01 0.13807884E-02 0.13807884E-02 0.13807884E-02
 0.19000000E-01 0.13720780E-02 0.13720780E-02 0.13720780E-02
 0.21000000E-01 0.13729853E-02 0.13729853E-02 0.13729853E-02
 0.22999999E-01 0.13813234E-02 0.13813234E-02 0.13813234E-02
 0.24999999E-01 0.13821485E-02 0.13821485E-02 0.13821485E-02
 0.26999999E-01 0.13761235E-02 0.13761235E-02 0.13761235E-02
 0.28999999E-01 0.13732737E-02 0.13732737E-02 0.13732737E-02
 0.30999999E-01 0.13781551E-02 0.13781551E-02 0.13781551E-02
 0.32999999E-01 0.13819649E-02 0.13819649E-02 0.13819649E-02
 0.34999999E-01 0.13788403E-02 0.13788403E-02 0.13788403E-02
 0.36999999E-01 0.13748582E-02 0.13748582E-02 0.13748582E-02
 0.38999999E-01 0.13763524E-02 0.13763524E-02 0.13763524E-02
 0.40999999E-01 0.13809074E-02 0.13809074E-02 0.13809074E-02
 0.42999999E-01 0.13805610E-02 0.13805610E-02 0.13805610E-02
 0.44999999E-01 0.13769321E-02 0.13769321E-02 0.13769321E-02
 0.46999999E-01 0.13759449E-02 0.13759449E-02 0.13759449E-02
 0.48999999E-01 0.13795189E-02 0.13795189E-02 0.13795189E-02
 0.50999999E-01 0.13813711E-02 0.13813711E-02 0.13813711E-02
 0.52999999E-01 0.13789530E-02 0.13789530E-02 0.13789530E-02
 0.54999999E-01 0.13766764E-02 0.13766764E-02 0.13766764E-02
 0.56999999E-01 0.13784042E-02 0.13784042E-02 0.13784042E-02
 0.58999999E-01 0.13814061E-02 0.13814061E-02 0.13814061E-02
 0.60999999E-01 0.13806535E-02 0.13806535E-02 0.13806535E-02
 0.62999999E-01 0.13781390E-02 0.13781390E-02 0.13781390E-02
 0.64999999E-01 0.13780264E-02 0.13780264E-02 0.13780264E-02
 0.66999999E-01 0.13809062E-02 0.13809062E-02 0.13809062E-02
 0.68999998E-01 0.13818378E-02 0.13818378E-02 0.13818378E-02
 0.70999998E-01 0.13798688E-02 0.13798688E-02 0.13798688E-02
 0.72999998E-01 0.13785179E-02 0.13785179E-02 0.13785179E-02
 0.74999998E-01 0.13803206E-02 0.13803206E-02 0.13803206E-02
 0.76999998E-01 0.13824467E-02 0.13824467E-02 0.13824467E-02
 0.78999998E-01 0.13815624E-02 0.13815624E-02 0.13815624E-02
 0.80999998E-01 0.13797374E-02 0.13797374E-02 0.13797374E-02
 0.82999998E-01 0.13801197E-02 0.13801197E-02 0.13801197E-02
 0.84999998E-01 0.13825269E-02 0.13825269E-02 0.13825269E-02
 0.86999998E-01 0.13829668E-02 0.13829668E-02 0.13829668E-02
 0.88999998E-01 0.13813454E-02 0.13813454E-02 0.13813454E-02
 0.90999998E-01 0.13805806E-02 0.13805806E-02 0.13805806E-02
 0.92999998E-01 0.13823740E-02 0.13823740E-02 0.13823740E-02
 0.94999998E-01 0.13839515E-02 0.13839515E-02 0.13839515E-02
 0.96999998E-01 0.13830659E-02 0.13830659E-02 0.13830659E-02
 0.98999998E-01 0.13817209E-02 0.13817209E-02 0.13817209E-02
 0.10100000E+00 0.13823963E-02 0.13823963E-02 0.13823963E-02
 0.11100000E+00 0.13846685E-02 0.13846685E-02 0.13846685E-02
 0.12100000E+00 0.13867373E-02 0.13867373E-02 0.13867373E-02
 0.13100000E+00 0.13882869E-02 0.13882869E-02 0.13882869E-02
 0.14100000E+00 0.13894308E-02 0.13894308E-02 0.13894308E-02
 0.15100000E+00 0.13905141E-02 0.13905141E-02 0.13905141E-02
 0.16100000E+00 0.13917850E-02 0.13917850E-02 0.13917850E-02
 0.17100000E+00 0.13934599E-02 0.13934599E-02 0.13934599E-02
 0.18100000E+00 0.13956126E-02 0.13956126E-02 0.13956126E-02
 0.19100000E+00 0.13982224E-02 0.13982224E-02 0.13982224E-02
 0.20100000E+00 0.14010791E-02 0.14010791E-02 0.14010791E-02
 0.21100000E+00 0.14039552E-02 0.14039552E-02 0.14039552E-02
 0.22100000E+00 0.14067258E-02 0.14067258E-02 0.14067258E-02
 0.23099999E+00 0.14093736E-02 0.14093736E-02 0.14093736E-02
 0.24099999E+00 0.14120106E-02 0.14120106E-02 0.14120106E-02
 0.25099999E+00 0.14147069E-02 0.14147069E-02 0.14147069E-02
 0.26099999E+00 0.14175648E-02 0.14175648E-02 0.14175648E-02
 0.27099999E+00 0.14206066E-02 0.14206066E-02 0.14206066E-02
 0.28099999E+00 0.14238944E-02 0.14238944E-02 0.14238944E-02
 0.29099999E+00 0.14274141E-02 0.14274141E-02 0.14274141E-02
 0.30099999E+00 0.14311968E-02 0.14311968E-02 0.14311968E-02
 0.31099999E+00 0.14351949E-02 0.14351949E-02 0.14351949E-02
 0.32099999E+00 0.14394078E-02 0.14394078E-02 0.14394078E-02
 0.33099999E+00 0.14437883E-02 0.14437883E-02 0.14437883E-02
 0.34099999E+00 0.14483269E-02 0.14483269E-02 0.14483269E-02
 0.35099999E+00 0.14530083E-02 0.14530083E-02 0.14530083E-02
 0.36099999E+00 0.14578257E-02 0.14578257E-02 0.14578257E-02
 0.37099999E+00 0.14627950E-02 0.14627950E-02 0.14627950E-02
 0.38099999E+00 0.14679065E-02 0.14679065E-02 0.14679065E-02
 0.39099999E+00 0.14731927E-02 0.14731927E-02 0.14731927E-02
 0.40099999E+00 0.14786366E-02 0.14786366E-02 0.14786366E-02
 0.41099999E+00 0.14842752E-02 0.14842752E-02 0.14842752E-02
 0.42099999E+00 0.14900842E-02 0.14900842E-02 0.14900842E-02
 0.43099999E+00 0.14960992E-02 0.14960992E-02 0.14960992E-02
 0.44099999E+00 0.15022906E-02 0.15022906E-02 0.15022906E-02
 0.45099999E+00 0.15086884E-02 0.15086884E-02 0.15086884E-02
 0.46099999E+00 0.15152637E-02 0.15152637E-02 0.15152637E-02
 0.47099999E+00 0.15220386E-02 0.15220386E-02 0.15220386E-02
 0.48099999E+00 0.15290015E-02 0.15290015E-02 0.15290015E-02
 0.49099999E+00 0.15361730E-02 0.15361730E-02 0.15361730E-02
 0.50099999E+00 0.15435920E-02 0.15435920E-02 0.15435920E-02
 0.51099999E+00 0.15512871E-02 0.15512871E-02 0.15512871E-02
 0.52099999E+00 0.15593576E-02 0.15593576E-02 0.15593576E-02
 0.53099999E+00 0.15678093E-02 0.15678093E-02 0.15678093E-02
 0.54099999E+00 0.15767192E-02 0.15767192E-02 0.15767192E-02
 0.55099999E+00 0.15860220E-02 0.15860220E-02 0.15860220E-02
 0.56099999E+00 0.15957294E-02 0.15957294E-02 0.15957294E-02
 0.57099999E+00 0.16057657E-02 0.16057657E-02 0.16057657E-02
 0.58099999E+00 0.16160985E-02 0.16160985E-02 0.16160985E-02
 0.59099999E+00 0.16265042E-02 0.16265042E-02 0.16265042E-02
 0.60099999E+00 0.16368704E-02 0.16368704E-02 0.16368704E-02
 0.61099999E+00 0.16472992E-02 0.16472992E-02 0.16472992E-02
 0.62099999E+00 0.16583349E-02 0.16583349E-02 0.16583349E-02
 0.63099999E+00 0.16704346E-02 0.16704346E-02 0.16704346E-02
 0.64099999E+00 0.16833853E-02 0.16833853E-02 0.16833853E-02
 0.65099999E+00 0.16969496E-02 0.16969496E-02 0.16969496E-02
 0.66099999E+00 0.17108117E-02 0.17108117E-02 0.17108117E-02
 0.67099999E+00 0.17243885E-02 0.17243885E-02 0.17243885E-02
 0.68099998E+00 0.17376738E-02 0.17376738E-02 0.17376738E-02
 0.69099998E+00 0.17522383E-02 0.17522383E-02 0.17522383E-02
 0.70099998E+00 0.17685894E-02 0.17685894E-02 0.17685894E-02
 0.71099998E+00 0.17858421E-02 0.17858421E-02 0.17858421E-02
 0.72099998E+00 0.18034322E-02 0.18034322E-02 0.18034322E-02
 0.73099998E+00 0.18199763E-02 0.18199763E-02 0.18199763E-02
 0.74099998E+00 0.18372848E-02 0.18372848E-02 0.18372848E-02
 0.75099998E+00 0.18574831E-02 0.18574831E-02 0.18574831E-02
 0.76099998E+00 0.18790459E-02 0.18790459E-02 0.18790459E-02
 0.77099998E+00 0.19007733E-02 0.19007733E-02 0.19007733E-02
 0.78099998E+00 0.19209289E-02 0.19209289E-02 0.19209289E-02
 0.79099998E+00 0.19442037E-02 0.19442037E-02 0.19442037E-02
 0.80099998E+00 0.19705519E-02 0.19705519E-02 0.19705519E-02
 0.81099998E+00 0.19977840E-02 0.19977840E-02 0.19977840E-02
 0.82099998E+00 0.20227686E-02 0.20227686E-02 0.20227686E-02
 0.83099998E+00 0.20517118E-02 0.20517118E-02 0.20517118E-02
 0.84099998E+00 0.20848031E-02 0.20848031E-02 0.20848031E-02
 0.85099998E+00 0.21187942E-02 0.21187942E-02 0.21187942E-02
 0.86099998E+00 0.21503663E-02 0.21503663E-02 0.21503663E-02
 0.87099998E+00 0.21897377E-02 0.21897377E-02 0.21897377E-02
 0.88099998E+00 0.22333143E-02 0.22333143E-02 0.22333143E-02
 0.89099998E+00 0.22745547E-02 0.22745547E-02 0.22745547E-02
 0.90099998E+00 0.23213951E-02 0.23213951E-02 0.23213951E-02
 0.91099998E+00 0.23776796E-02 0.23776796E-02 0.23776796E-02
 0.92099998E+00 0.24351522E-02 0.24351522E-02 0.24351522E-02
 0.93099998E+00 0.24958693E-02 0.24958693E-02 0.24958693E-02
 0.94099998E+00 0.25741037E-02 0.25741037E-02 0.25741037E-02
 0.95099998E+00 0.26590482E-02 0.26590482E-02 0.26590482E-02
 0.96099998E+00 0.27518275E-02 0.27518275E-02 0.27518275E-02
 0.97099998E+00 0.28809449E-02 0.28809449E-02 0.28809449E-02
 0.98099998E+00 0.30378620E-02 0.30378620E-02 0.30378620E-02
 0.99099998E+00 0.32680058E-02 0.32680058E-02 0.32680058E-02
 0.10010000E+01 0.40475731E-02 0.40475731E-02 0.40475731E-02
 0.10110000E+01 0.45544184E-02 0.45544184E-02 0.45544184E-02
 0.10210000E+01 0.47120284E-02 0.47120284E-02 0.47120284E-02
 0.10310000E+01 0.47949054E-02 0.47949054E-02 0.47949054E-02
 0.10410000E+01 0.48384545E-02 0.48384545E-02 0.48384545E-02
 0.10510000E+01 0.48581762E-02 0.48581762E-02 0.48581762E-02
 0.10610000E+01 0.48579159E-02 0.48579159E-02 0.48579159E-02
 0.10710000E+01 0.48445757E-02 0.48445757E-02 0.48445757E-02
 0.10810000E+01 0.48277481E-02 0.48277481E-02 0.48277481E-02
 0.10910000E+01 0.47929604E-02 0.47929604E-02 0.47929604E-02
 0.11010000E+01 0.47622458E-02 0.47622458E-02 0.47622458E-02
 0.11110000E+01 0.47214055E-02 0.47214055E-02 0.47214055E-02
 0.11210000E+01 0.46799239E-02 0.46799239E-02 0.46799239E-02
 0.11310000E+01 0.46358989E-02 0.46358989E-02 0.46358989E-02
 0.11410000E+01 0.45864522E-02 0.45864522E-02 0.45864522E-02
 0.11510000E+01 0.45396639E-02 0.45396639E-02 0.45396639E-02
 0.11610000E+01 0.44843191E-02 0.44843191E-02 0.44843191E-02
 0.11710000E+01 0.44353874E-02 0.44353874E-02 0.44353874E-02
 0.11810000E+01 0.43828646E-02 0.43828646E-02 0.43828646E-02
 0.11910000E+01 0.43290141E-02 0.43290141E-02 0.43290141E-02
 0.12010000E+01 0.42744828E-02 0.42744828E-02 0.42744828E-02
 0.12110000E+01 0.42216885E-02 0.42216885E-02 0.42216885E-02
 0.12210000E+01 0.41684476E-02 0.41684476E-02 0.41684476E-02
 0.12310000E+01 0.41152393E-02 0.41152393E-02 0.41152393E-02
 0.12410000E+01 0.40618032E-02 0.40618032E-02 0.40618032E-02
 0.12510000E+01 0.40083248E-02 0.40083248E-02 0.40083248E-02
 0.12610000E+01 0.39565177E-02 0.39565177E-02 0.39565177E-02
 0.12710000E+01 0.39036400E-02 0.39036400E-02 0.39036400E-02
 0.12810000E+01 0.38528417E-02 0.38528417E-02 0.38528417E-02
 0.12910000E+01 0.38005814E-02 0.38005814E-02 0.38005814E-02
 0.13010000E+01 0.37504134E-02 0.37504134E-02 0.37504134E-02
 0.13110000E+01 0.36998792E-02 0.36998792E-02 0.36998792E-02
 0.13210000E+01 0.36508783E-02 0.36508783E-02 0.36508783E-02
 0.13310000E+01 0.36025206E-02 0.36025206E-02 0.36025206E-02
 0.13410000E+01 0.35530431E-02 0.35530431E-02 0.35530431E-02
 0.13510000E+01 0.35063103E-02 0.35063103E-02 0.35063103E-02
 0.13610000E+01 0.34583027E-02 0.34583027E-02 0.34583027E-02
 0.13710000E+01 0.34133643E-02 0.34133643E-02 0.34133643E-02
 0.13810000E+01 0.33668661E-02 0.33668661E-02 0.33668661E-02
 0.13910000E+01 0.33237319E-02 0.33237319E-02 0.33237319E-02
 0.14010000E+01 0.32791763E-02 0.32791763E-02 0.32791763E-02
 0.14110000E+01 0.32361890E-02 0.32361890E-02 0.32361890E-02
 0.14210000E+01 0.31928557E-02 0.31928557E-02 0.31928557E-02
 0.14310000E+01 0.31508442E-02 0.31508442E-02 0.31508442E-02
 0.14410000E+01 0.31093510E-02 0.31093510E-02 0.31093510E-02
 0.14510000E+01 0.30678031E-02 0.30678031E-02 0.30678031E-02
 0.14610000E+01 0.30288608E-02 0.30288608E-02 0.30288608E-02
 0.14710000E+01 0.29886309E-02 0.29886309E-02 0.29886309E-02
 0.14810000E+01 0.29512097E-02 0.29512097E-02 0.29512097E-02
 0.14910000E+01 0.29132422E-02 0.29132422E-02 0.29132422E-02
 0.15010000E+01 0.28753381E-02 0.28753381E-02 0.28753381E-02
 0.15110000E+01 0.28401248E-02 0.28401248E-02 0.28401248E-02
 0.15210000E+01 0.28016663E-02 0.28016663E-02 0.28016663E-02
 0.15310000E+01 0.27681694E-02 0.27681694E-02 0.27681694E-02
 0.15410000E+01 0.27317135E-02 0.27317135E-02 0.27317135E-02
 0.15510000E+01 0.26979505E-02 0.26979505E-02 0.26979505E-02
 0.15610000E+01 0.26636396E-02 0.26636396E-02 0.26636396E-02
 0.15710000E+01 0.26305132E-02 0.26305132E-02 0.26305132E-02
 0.15810000E+01 0.25984603E-02 0.25984603E-02 0.25984603E-02
 0.15910000E+01 0.25663911E-02 0.25663911E-02 0.25663911E-02
 0.16010000E+01 0.25339434E-02 0.25339434E-02 0.25339434E-02
 0.16110000E+01 0.25042801E-02 0.25042801E-02 0.25042801E-02
 0.16210000E+01 0.24730524E-02 0.24730524E-02 0.24730524E-02
 0.16310000E+01 0.24441960E-02 0.24441960E-02 0.24441960E-02
 0.16410000E+01 0.24140731E-02 0.24140731E-02 0.24140731E-02
 0.16510000E+01 0.23858272E-02 0.23858272E-02 0.23858272E-02
 0.16610000E+01 0.23576068E-02 0.23576068E-02 0.23576068E-02
 0.16710000E+01 0.23310254E-02 0.23310254E-02 0.23310254E-02
 0.16810000E+01 0.23019137E-02 0.23019137E-02 0.23019137E-02
 0.16910000E+01 0.22764078E-02 0.22764078E-02 0.22764078E-02
 0.17010000E+01 0.22489994E-02 0.22489994E-02 0.22489994E-02
 0.17110000E+01 0.22226435E-02 0.22226435E-02 0.22226435E-02
 0.17210000E+01 0.21982675E-02 0.21982675E-02 0.21982675E-02
 0.17310000E+01 0.21730824E-02 0.21730824E-02 0.21730824E-02
 0.17410000E+01 0.21484029E-02 0.21484029E-02 0.21484029E-02
 0.17510000E+01 0.21252022E-02 0.21252022E-02 0.21252022E-02
 0.17610000E+01 0.21018491E-02 0.21018491E-02 0.21018491E-02
 0.17710000E+01 0.20783329E-02 0.20783329E-02 0.20783329E-02
 0.17810000E+01 0.20570725E-02 0.20570725E-02 0.20570725E-02
 0.17910000E+01 0.20345794E-02 0.20345794E-02 0.20345794E-02
 0.18010000E+01 0.20140100E-02 0.20140100E-02 0.20140100E-02
 0.18050000E+01 0.20047289E-02 0.20047289E-02 0.20047289E-02
 0.18090000E+01 0.19968536E-02 0.19968536E-02 0.19968536E-02
 0.18130000E+01 0.19883988E-02 0.19883988E-02 0.19883988E-02
 0.18170000E+01 0.19803003E-02 0.19803003E-02 0.19803003E-02
 0.18210000E+01 0.19720162E-02 0.19720162E-02 0.19720162E-02
 0.18250000E+01 0.19641761E-02 0.19641761E-02 0.19641761E-02
 0.18290000E+01 0.19563588E-02 0.19563588E-02 0.19563588E-02
 0.18330000E+01 0.19481839E-02 0.19481839E-02 0.19481839E-02
 0.18370000E+01 0.19419530E-02 0.19419530E-02 0.19419530E-02
 0.18410000E+01 0.19336309E-02 0.19336309E-02 0.19336309E-02
 0.18450000E+01 0.19260376E-02 0.19260376E-02 0.19260376E-02
 0.18490000E+01 0.19184694E-02 0.19184694E-02 0.19184694E-02
 0.18530000E+01 0.19115825E-02 0.19115825E-02 0.19115825E-02
 0.18570000E+01 0.19041218E-02 0.19041218E-02 0.19041218E-02
 0.18610000E+01 0.18970673E-02 0.18970673E-02 0.18970673E-02
 0.18650000E+01 0.18904156E-02 0.18904156E-02 0.18904156E-02
 0.18690000E+01 0.18836654E-02 0.18836654E-02 0.18836654E-02
 0.18730000E+01 0.18786563E-02 0.18786563E-02 0.18786563E-02
 0.18770000E+01 0.18708429E-02 0.18708429E-02 0.18708429E-02
 0.18810000E+01 0.18643921E-02 0.18643921E-02 0.18643921E-02
 0.18850000E+01 0.18583288E-02 0.18583288E-02 0.18583288E-02
 0.18890000E+01 0.18527396E-02 0.18527396E-02 0.18527396E-02
 0.18930000E+01 0.18464965E-02 0.18464965E-02 0.18464965E-02
 0.18970000E+01 0.18410535E-02 0.18410535E-02 0.18410535E-02
 0.19010000E+01 0.18365027E-02 0.18365027E-02 0.18365027E-02
 0.19050000E+01 0.18315413E-02 0.18315413E-02 0.18315413E-02
 0.19090000E+01 0.18286102E-02 0.18286102E-02 0.18286102E-02
 0.19130000E+01 0.18219082E-02 0.18219082E-02 0.18219082E-02
 0.19170000E+01 0.18178272E-02 0.18178272E-02 0.18178272E-02
 0.19210000E+01 0.18140570E-02 0.18140570E-02 0.18140570E-02
 0.19250000E+01 0.18114336E-02 0.18114336E-02 0.18114336E-02
 0.19290000E+01 0.18079333E-02 0.18079333E-02 0.18079333E-02
 0.19330000E+01 0.18057722E-02 0.18057722E-02 0.18057722E-02
 0.19370000E+01 0.18050720E-02 0.18050720E-02 0.18050720E-02
 0.19410000E+01 0.18050440E-02 0.18050440E-02 0.18050440E-02
 0.19450000E+01 0.18091263E-02 0.18091263E-02 0.18091263E-02
 0.19490000E+01 0.18068569E-02 0.18068569E-02 0.18068569E-02
 0.19530000E+01 0.18106410E-02 0.18106410E-02 0.18106410E-02
 0.19570000E+01 0.18160589E-02 0.18160589E-02 0.18160589E-02
 0.19610000E+01 0.18251075E-02 0.18251075E-02 0.18251075E-02
 0.19650000E+01 0.18354437E-02 0.18354437E-02 0.18354437E-02
 0.19690000E+01 0.18519923E-02 0.18519923E-02 0.18519923E-02
 0.19730000E+01 0.18758237E-02 0.18758237E-02 0.18758237E-02
 0.19770000E+01 0.19106463E-02 0.19106463E-02 0.19106463E-02
 0.19810000E+01 0.19633716E-02 0.19633716E-02 0.19633716E-02
 0.19850000E+01 0.20423927E-02 0.20423927E-02 0.20423927E-02
 0.19890000E+01 0.21870292E-02 0.21870292E-02 0.21870292E-02
 0.19930000E+01 0.24966493E-02 0.24966493E-02 0.24966493E-02
 0.19970000E+01 0.35999375E-02 0.35999375E-02 0.35999375E-02
 0.20010000E+01 0.94235191E+01 0.94235191E+01 0.94235191E+01
 0.20050000E+01 0.10335508E+02 0.10335508E+02 0.10335508E+02
 0.20090000E+01 0.10483907E+02 0.10483907E+02 0.10483907E+02
 0.20130000E+01 0.10530156E+02 0.10530156E+02 0.10530156E+02
 0.20170000E+01 0.10539088E+02 0.10539088E+02 0.10539088E+02
 0.20210000E+01 0.10529648E+02 0.10529648E+02 0.10529648E+02
 0.20250000E+01 0.10509652E+02 0.10509652E+02 0.10509652E+02
 0.20290000E+01 0.10482996E+02 0.10482996E+02 0.10482996E+02
 0.20330000E+01 0.10463357E+02 0.10463357E+02 0.10463357E+02
 0.20370000E+01 0.10427241E+02 0.10427241E+02 0.10427241E+02
 0.20410000E+01 0.10381050E+02 0.10381050E+02 0.10381050E+02
 0.20450000E+01 0.10342809E+02 0.10342809E+02 0.10342809E+02
 0.20490000E+01 0.10303324E+02 0.10303324E+02 0.10303324E+02
 0.20530000E+01 0.10262882E+02 0.10262882E+02 0.10262882E+02
 0.20570000E+01 0.10221710E+02 0.10221710E+02 0.10221710E+02
 0.20610000E+01 0.10180007E+02 0.10180007E+02 0.10180007E+02
 0.20650000E+01 0.10137854E+02 0.10137854E+02 0.10137854E+02
 0.20690000E+01 0.10095408E+02 0.10095408E+02 0.10095408E+02
 0.20730000E+01 0.10052736E+02 0.10052736E+02 0.10052736E+02
 0.20770000E+01 0.10009921E+02 0.10009921E+02 0.10009921E+02
 0.20810000E+01 0.99670200E+01 0.99670200E+01 0.99670200E+01
 0.20850000E+01 0.99240580E+01 0.99240580E+01 0.99240580E+01
 0.20890000E+01 0.98810835E+01 0.98810835E+01 0.98810835E+01
 0.20930000E+01 0.98381405E+01 0.98381405E+01 0.98381405E+01
 0.20970000E+01 0.97952690E+01 0.97952690E+01 0.97952690E+01
 0.21010000E+01 0.97524729E+01 0.97524729E+01 0.97524729E+01
 0.21050000E+01 0.97097521E+01 0.97097521E+01 0.97097521E+01
 0.21090000E+01 0.96671495E+01 0.96671495E+01 0.96671495E+01
 0.21130000E+01 0.96309156E+01 0.96309156E+01 0.96309156E+01
 0.21170000E+01 0.95883055E+01 0.95883055E+01 0.95883055E+01
 0.21210000E+01 0.95458622E+01 0.95458622E+01 0.95458622E+01
 0.21250000E+01 0.95035925E+01 0.95035925E+01 0.95035925E+01
 0.21290000E+01 0.94615059E+01 0.94615059E+01 0.94615059E+01
 0.21330000E+01 0.94196281E+01 0.94196281E+01 0.94196281E+01
 0.21370000E+01 0.93779287E+01 0.93779287E+01 0.93779287E+01
 0.21410000E+01 0.93364363E+01 0.93364363E+01 0.93364363E+01
 0.21450000E+01 0.92951460E+01 0.92951460E+01 0.92951460E+01
 0.21490000E+01 0.92540731E+01 0.92540731E+01 0.92540731E+01
 0.21530000E+01 0.92132130E+01 0.92132130E+01 0.92132130E+01
 0.21570000E+01 0.91725597E+01 0.91725597E+01 0.91725597E+01
 0.21610000E+01 0.91321192E+01 0.91321192E+01 0.91321192E+01
 0.21650000E+01 0.90919008E+01 0.90919008E+01 0.90919008E+01
 0.21690000E+01 0.90519123E+01 0.90519123E+01 0.90519123E+01
 0.21730000E+01 0.90121279E+01 0.90121279E+01 0.90121279E+01
 0.21770000E+01 0.89725685E+01 0.89725685E+01 0.89725685E+01
 0.21810000E+01 0.89332256E+01 0.89332256E+01 0.89332256E+01
 0.21850000E+01 0.88941097E+01 0.88941097E+01 0.88941097E+01
 0.21890000E+01 0.88552170E+01 0.88552170E+01 0.88552170E+01
 0.21930000E+01 0.88165426E+01 0.88165426E+01 0.88165426E+01
 0.21970000E+01 0.87780914E+01 0.87780914E+01 0.87780914E+01
 0.22010000E+01 0.87398510E+01 0.87398510E+01 0.87398510E+01
 0.22210000E+01 0.85519924E+01 0.85519924E+01 0.85519924E+01
 0.22409999E+01 0.83695545E+01 0.83695545E+01 0.83695545E+01
 0.22609999E+01 0.81924257E+01 0.81924257E+01 0.81924257E+01
 0.22809999E+01 0.80204763E+01 0.80204763E+01 0.80204763E+01
 0.23009999E+01 0.78535585E+01 0.78535585E+01 0.78535585E+01
 0.23209999E+01 0.76915140E+01 0.76915140E+01 0.76915140E+01
 0.23409999E+01 0.75341873E+01 0.75341873E+01 0.75341873E+01
 0.23609999E+01 0.73814273E+01 0.73814273E+01 0.73814273E+01
 0.23809999E+01 0.72330704E+01 0.72330704E+01 0.72330704E+01
 0.24009999E+01 0.70889740E+01 0.70889740E+01 0.70889740E+01
 0.24209999E+01 0.69489865E+01 0.69489865E+01 0.69489865E+01
 0.24409999E+01 0.68129668E+01 0.68129668E+01 0.68129668E+01
 0.24609999E+01 0.66807780E+01 0.66807780E+01 0.66807780E+01
 0.24809999E+01 0.65522828E+01 0.65522828E+01 0.65522828E+01
 0.25009999E+01 0.64273582E+01 0.64273582E+01 0.64273582E+01
 0.25209999E+01 0.63058753E+01 0.63058753E+01 0.63058753E+01
 0.25409999E+01 0.61877189E+01 0.61877189E+01 0.61877189E+01
 0.25609999E+01 0.60729742E+01 0.60729742E+01 0.60729742E+01
 0.25809999E+01 0.59609246E+01 0.59609246E+01 0.59609246E+01
 0.26009999E+01 0.58520651E+01 0.58520651E+01 0.58520651E+01
 0.26209999E+01 0.57460990E+01 0.57460990E+01 0.57460990E+01
 0.26409999E+01 0.56429276E+01 0.56429276E+01 0.56429276E+01
 0.26609999E+01 0.55424571E+01 0.55424571E+01 0.55424571E+01
 0.26809999E+01 0.54445934E+01 0.54445934E+01 0.54445934E+01
 0.27009999E+01 0.53492513E+01 0.53492513E+01 0.53492513E+01
 0.27209999E+01 0.52563486E+01 0.52563486E+01 0.52563486E+01
 0.27409999E+01 0.51657987E+01 0.51657987E+01 0.51657987E+01
 0.27609999E+01 0.50775361E+01 0.50775361E+01 0.50775361E+01
 0.27809999E+01 0.49914784E+01 0.49914784E+01 0.49914784E+01
 0.28009999E+01 0.49075575E+01 0.49075575E+01 0.49075575E+01
 0.28209999E+01 0.48256989E+01 0.48256989E+01 0.48256989E+01
 0.28409999E+01 0.47458458E+01 0.47458458E+01 0.47458458E+01
 0.28609999E+01 0.46679316E+01 0.46679316E+01 0.46679316E+01
 0.28809999E+01 0.45918937E+01 0.45918937E+01 0.45918937E+01
 0.29009999E+01 0.45176692E+01 0.45176692E+01 0.45176692E+01
 0.29209999E+01 0.44452133E+01 0.44452133E+01 0.44452133E+01
 0.29409999E+01 0.43744640E+01 0.43744640E+01 0.43744640E+01
 0.29609999E+01 0.43053727E+01 0.43053727E+01 0.43053727E+01
 0.29809999E+01 0.42378778E+01 0.42378778E+01 0.42378778E+01
 0.30009999E+01 0.41719446E+01 0.41719446E+01 0.41719446E+01
 0.31009999E+01 0.38640523E+01 0.38640523E+01 0.38640523E+01
 0.32009999E+01 0.35887418E+01 0.35887418E+01 0.35887418E+01
 0.33009999E+01 0.33416328E+01 0.33416328E+01 0.33416328E+01
 0.34009999E+01 0.31190398E+01 0.31190398E+01 0.31190398E+01
 0.35009999E+01 0.29178536E+01 0.29178536E+01 0.29178536E+01
 0.36009999E+01 0.27354436E+01 0.27354436E+01 0.27354436E+01
 0.37009999E+01 0.25695605E+01 0.25695605E+01 0.25695605E+01
 0.38009999E+01 0.24182816E+01 0.24182816E+01 0.24182816E+01
 0.39009999E+01 0.22799523E+01 0.22799523E+01 0.22799523E+01
 0.40009999E+01 0.21531444E+01 0.21531444E+01 0.21531444E+01
 0.41009999E+01 0.20366211E+01 0.20366211E+01 0.20366211E+01
 0.42010000E+01 0.19293032E+01 0.19293032E+01 0.19293032E+01
 0.43010000E+01 0.18302518E+01 0.18302518E+01 0.18302518E+01
 0.44010000E+01 0.17386428E+01 0.17386428E+01 0.17386428E+01
 0.45010000E+01 0.16537499E+01 0.16537499E+01 0.16537499E+01
 0.46010000E+01 0.15749341E+01 0.15749341E+01 0.15749341E+01
 0.47010000E+01 0.15016320E+01 0.15016320E+01 0.15016320E+01
 0.48010000E+01 0.14333416E+01 0.14333416E+01 0.14333416E+01
 0.49010000E+01 0.13696176E+01 0.13696176E+01 0.13696176E+01
 0.50010000E+01 0.13100615E+01 0.13100615E+01 0.13100615E+01
 0.51010000E+01 0.12543181E+01 0.12543181E+01 0.12543181E+01
 0.52010000E+01 0.12020702E+01 0.12020702E+01 0.12020702E+01
 0.53010000E+01 0.11530311E+01 0.11530311E+01 0.11530311E+01
 0.54010000E+01 0.11069427E+01 0.11069427E+01 0.11069427E+01
 0.55010000E+01 0.10635744E+01 0.10635744E+01 0.10635744E+01
 0.56010000E+01 0.10227153E+01 0.10227153E+01 0.10227153E+01
 0.57010000E+01 0.98417628E+00 0.98417628E+00 0.98417628E+00
 0.58010000E+01 0.94778401E+00 0.94778401E+00 0.94778401E+00
 0.59010000E+01 0.91338289E+00 0.91338289E+00 0.91338289E+00
 0.60010000E+01 0.88082904E+00 0.88082904E+00 0.88082904E+00
 0.61010000E+01 0.84999365E+00 0.84999365E+00 0.84999365E+00
 0.62010000E+01 0.82075649E+00 0.82075649E+00 0.82075649E+00
 0.63010000E+01 0.79300922E+00 0.79300922E+00 0.79300922E+00
 0.64010000E+01 0.76665306E+00 0.76665306E+00 0.76665306E+00
 0.65010000E+01 0.74159539E+00 0.74159539E+00 0.74159539E+00
 0.66010000E+01 0.71775228E+00 0.71775228E+00 0.71775228E+00
 0.67010000E+01 0.69504720E+00 0.69504720E+00 0.69504720E+00
 0.68010000E+01 0.67340791E+00 0.67340791E+00 0.67340791E+00
 0.69010000E+01 0.65276837E+00 0.65276837E+00 0.65276837E+00
 0.70010000E+01 0.63306898E+00 0.63306898E+00 0.63306898E+00
 0.71010000E+01 0.61425203E+00 0.61425203E+00 0.61425203E+00
 0.72010000E+01 0.59626627E+00 0.59626627E+00 0.59626627E+00
 0.73010000E+01 0.57906318E+00 0.57906318E+00 0.57906318E+00
 0.74010000E+01 0.56259829E+00 0.56259829E+00 0.56259829E+00
 0.75010000E+01 0.54682899E+00 0.54682899E+00 0.54682899E+00
 0.76010000E+01 0.53171724E+00 0.53171724E+00 0.53171724E+00
 0.77010000E+01 0.51722652E+00 0.51722652E+00 0.51722652E+00
 0.78010000E+01 0.50332338E+00 0.50332338E+00 0.50332338E+00
 0.79010000E+01 0.48997661E+00 0.48997661E+00 0.48997661E+00
 0.80010000E+01 0.47715622E+00 0.47715622E+00 0.47715622E+00
 0.81010000E+01 0.46483535E+00 0.46483535E+00 0.46483535E+00
 0.82010000E+01 0.45298803E+00 0.45298803E+00 0.45298803E+00
 0.83010000E+01 0.44159043E+00 0.44159043E+00 0.44159043E+00
 0.84010000E+01 0.43061996E+00 0.43061996E+00 0.43061996E+00
 0.85010000E+01 0.42005530E+00 0.42005530E+00 0.42005530E+00
 0.86010000E+01 0.40987679E+00 0.40987679E+00 0.40987679E+00
 0.87010000E+01 0.40006569E+00 0.40006569E+00 0.40006569E+00
 0.88010000E+01 0.39060456E+00 0.39060456E+00 0.39060456E+00
 0.89010000E+01 0.38147703E+00 0.38147703E+00 0.38147703E+00
 0.90010000E+01 0.37266731E+00 0.37266731E+00 0.37266731E+00
 0.91010000E+01 0.36416078E+00 0.36416078E+00 0.36416078E+00
 0.92010000E+01 0.35594365E+00 0.35594365E+00 0.35594365E+00
 0.93010000E+01 0.34800315E+00 0.34800315E+00 0.34800315E+00
 0.94010000E+01 0.34032658E+00 0.34032658E+00 0.34032658E+00
 0.95010000E+01 0.33290267E+00 0.33290267E+00 0.33290267E+00
 0.96010000E+01 0.32572022E+00 0.32572022E+00 0.32572022E+00
 0.97010000E+01 0.31876910E+00 0.31876910E+00 0.31876910E+00
 0.98010000E+01 0.31203908E+00 0.31203908E+00 0.31203908E+00
 0.99010000E+01 0.30552101E+00 0.30552101E+00 0.30552101E+00
