 0.99999998E-03 0.39849072E+01 0.39849072E+01 0.39849072E+01
 0.29999999E-02 0.39849062E+01 0.39849062E+01 0.39849062E+01
 0.49999999E-02 0.39849064E+01 0.39849064E+01 0.39849064E+01
 0.69999998E-02 0.39849067E+01 0.39849067E+01 0.39849067E+01
 0.89999998E-02 0.39849069E+01 0.39849069E+01 0.39849069E+01
 0.11000000E-01 0.39849064E+01 0.39849064E+01 0.39849064E+01
 0.13000000E-01 0.39849043E+01 0.39849043E+01 0.39849043E+01
 0.15000000E-01 0.39849043E+01 0.39849043E+01 0.39849043E+01
 0.17000000E-01 0.39849043E+01 0.39849043E+01 0.39849043E+01
 0.19000000E-01 0.39849041E+01 0.39849041E+01 0.39849041E+01
 0.21000000E-01 0.39849043E+01 0.39849043E+01 0.39849043E+01
 0.22999999E-01 0.39849041E+01 0.39849041E+01 0.39849041E+01
 0.24999999E-01 0.39849041E+01 0.39849041E+01 0.39849041E+01
 0.26999999E-01 0.39849033E+01 0.39849033E+01 0.39849033E+01
 0.28999999E-01 0.39849029E+01 0.39849029E+01 0.39849029E+01
 0.30999999E-01 0.39849031E+01 0.39849031E+01 0.39849031E+01
 0.32999999E-01 0.39849029E+01 0.39849029E+01 0.39849029E+01
 0.34999999E-01 0.39849024E+01 0.39849024E+01 0.39849024E+01
 0.36999999E-01 0.39849024E+01 0.39849024E+01 0.39849024E+01
 0.38999999E-01 0.39849019E+01 0.39849019E+01 0.39849019E+01
 0.40999999E-01 0.39849017E+01 0.39849017E+01 0.39849017E+01
 0.42999999E-01 0.39849019E+01 0.39849019E+01 0.39849019E+01
 0.44999999E-01 0.39849019E+01 0.39849019E+01 0.39849019E+01
 0.46999999E-01 0.39849017E+01 0.39849017E+01 0.39849017E+01
 0.48999999E-01 0.39849012E+01 0.39849012E+01 0.39849012E+01
 0.50999999E-01 0.39849012E+01 0.39849012E+01 0.39849012E+01
 0.52999999E-01 0.39849007E+01 0.39849007E+01 0.39849007E+01
 0.54999999E-01 0.39849005E+01 0.39849005E+01 0.39849005E+01
 0.56999999E-01 0.39849002E+01 0.39849002E+01 0.39849002E+01
 0.58999999E-01 0.39849000E+01 0.39849000E+01 0.39849000E+01
 0.60999999E-01 0.39849000E+01 0.39849000E+01 0.39849000E+01
 0.62999999E-01 0.39848998E+01 0.39848998E+01 0.39848998E+01
 0.64999999E-01 0.39848995E+01 0.39848995E+01 0.39848995E+01
 0.66999999E-01 0.39848986E+01 0.39848986E+01 0.39848986E+01
 0.68999998E-01 0.39848983E+01 0.39848983E+01 0.39848983E+01
 0.70999998E-01 0.39848976E+01 0.39848976E+01 0.39848976E+01
 0.72999998E-01 0.39848971E+01 0.39848971E+01 0.39848971E+01
 0.74999998E-01 0.39848967E+01 0.39848967E+01 0.39848967E+01
 0.76999998E-01 0.39848964E+01 0.39848964E+01 0.39848964E+01
 0.78999998E-01 0.39848962E+01 0.39848962E+01 0.39848962E+01
 0.80999998E-01 0.39848957E+01 0.39848957E+01 0.39848957E+01
 0.82999998E-01 0.39848955E+01 0.39848955E+01 0.39848955E+01
 0.84999998E-01 0.39848952E+01 0.39848952E+01 0.39848952E+01
 0.86999998E-01 0.39848950E+01 0.39848950E+01 0.39848950E+01
 0.88999998E-01 0.39848943E+01 0.39848943E+01 0.39848943E+01
 0.90999998E-01 0.39848943E+01 0.39848943E+01 0.39848943E+01
 0.92999998E-01 0.39848938E+01 0.39848938E+01 0.39848938E+01
 0.94999998E-01 0.39848940E+01 0.39848940E+01 0.39848940E+01
 0.96999998E-01 0.39848940E+01 0.39848940E+01 0.39848940E+01
 0.98999998E-01 0.39848912E+01 0.39848912E+01 0.39848912E+01
 0.10100000E+00 0.39848909E+01 0.39848909E+01 0.39848909E+01
 0.11100000E+00 0.39848869E+01 0.39848869E+01 0.39848869E+01
 0.12100000E+00 0.39848835E+01 0.39848835E+01 0.39848835E+01
 0.13100000E+00 0.39848802E+01 0.39848802E+01 0.39848802E+01
 0.14100000E+00 0.39848764E+01 0.39848764E+01 0.39848764E+01
 0.15100000E+00 0.39848726E+01 0.39848726E+01 0.39848726E+01
 0.16100000E+00 0.39848688E+01 0.39848688E+01 0.39848688E+01
 0.17100000E+00 0.39848633E+01 0.39848633E+01 0.39848633E+01
 0.18100000E+00 0.39848585E+01 0.39848585E+01 0.39848585E+01
 0.19100000E+00 0.39848530E+01 0.39848530E+01 0.39848530E+01
 0.20100000E+00 0.39848485E+01 0.39848485E+01 0.39848485E+01
 0.21100000E+00 0.39848413E+01 0.39848413E+01 0.39848413E+01
 0.22100000E+00 0.39848344E+01 0.39848344E+01 0.39848344E+01
 0.23099999E+00 0.39848294E+01 0.39848294E+01 0.39848294E+01
 0.24099999E+00 0.39848216E+01 0.39848216E+01 0.39848216E+01
 0.25099999E+00 0.39848137E+01 0.39848137E+01 0.39848137E+01
 0.26099999E+00 0.39848065E+01 0.39848065E+01 0.39848065E+01
 0.27099999E+00 0.39847999E+01 0.39847999E+01 0.39847999E+01
 0.28099999E+00 0.39847913E+01 0.39847913E+01 0.39847913E+01
 0.29099999E+00 0.39847822E+01 0.39847822E+01 0.39847822E+01
 0.30099999E+00 0.39847734E+01 0.39847734E+01 0.39847734E+01
 0.31099999E+00 0.39847646E+01 0.39847646E+01 0.39847646E+01
 0.32099999E+00 0.39847565E+01 0.39847565E+01 0.39847565E+01
 0.33099999E+00 0.39847445E+01 0.39847445E+01 0.39847445E+01
 0.34099999E+00 0.39847362E+01 0.39847362E+01 0.39847362E+01
 0.35099999E+00 0.39847245E+01 0.39847245E+01 0.39847245E+01
 0.36099999E+00 0.39847145E+01 0.39847145E+01 0.39847145E+01
 0.37099999E+00 0.39847026E+01 0.39847026E+01 0.39847026E+01
 0.38099999E+00 0.39846900E+01 0.39846900E+01 0.39846900E+01
 0.39099999E+00 0.39846790E+01 0.39846790E+01 0.39846790E+01
 0.40099999E+00 0.39846692E+01 0.39846692E+01 0.39846692E+01
 0.41099999E+00 0.39846544E+01 0.39846544E+01 0.39846544E+01
 0.42099999E+00 0.39846413E+01 0.39846413E+01 0.39846413E+01
 0.43099999E+00 0.39846292E+01 0.39846292E+01 0.39846292E+01
 0.44099999E+00 0.39846151E+01 0.39846151E+01 0.39846151E+01
 0.45099999E+00 0.39846025E+01 0.39846025E+01 0.39846025E+01
 0.46099999E+00 0.39845872E+01 0.39845872E+01 0.39845872E+01
 0.47099999E+00 0.39845719E+01 0.39845719E+01 0.39845719E+01
 0.48099999E+00 0.39845567E+01 0.39845567E+01 0.39845567E+01
 0.49099999E+00 0.39845409E+01 0.39845409E+01 0.39845409E+01
 0.50099999E+00 0.39845273E+01 0.39845273E+01 0.39845273E+01
 0.51099999E+00 0.39845099E+01 0.39845099E+01 0.39845099E+01
 0.52099999E+00 0.39844925E+01 0.39844925E+01 0.39844925E+01
 0.53099999E+00 0.39844768E+01 0.39844768E+01 0.39844768E+01
 0.54099999E+00 0.39844608E+01 0.39844608E+01 0.39844608E+01
 0.55099999E+00 0.39844460E+01 0.39844460E+01 0.39844460E+01
 0.56099999E+00 0.39844248E+01 0.39844248E+01 0.39844248E+01
 0.57099999E+00 0.39844055E+01 0.39844055E+01 0.39844055E+01
 0.58099999E+00 0.39843867E+01 0.39843867E+01 0.39843867E+01
 0.59099999E+00 0.39843681E+01 0.39843681E+01 0.39843681E+01
 0.60099999E+00 0.39843483E+01 0.39843483E+01 0.39843483E+01
 0.61099999E+00 0.39843280E+01 0.39843280E+01 0.39843280E+01
 0.62099999E+00 0.39843094E+01 0.39843094E+01 0.39843094E+01
 0.63099999E+00 0.39842882E+01 0.39842882E+01 0.39842882E+01
 0.64099999E+00 0.39842689E+01 0.39842689E+01 0.39842689E+01
 0.65099999E+00 0.39842432E+01 0.39842432E+01 0.39842432E+01
 0.66099999E+00 0.39842219E+01 0.39842219E+01 0.39842219E+01
 0.67099999E+00 0.39842000E+01 0.39842000E+01 0.39842000E+01
 0.68099998E+00 0.39841783E+01 0.39841783E+01 0.39841783E+01
 0.69099998E+00 0.39841530E+01 0.39841530E+01 0.39841530E+01
 0.70099998E+00 0.39841294E+01 0.39841294E+01 0.39841294E+01
 0.71099998E+00 0.39841051E+01 0.39841051E+01 0.39841051E+01
 0.72099998E+00 0.39840810E+01 0.39840810E+01 0.39840810E+01
 0.73099998E+00 0.39840541E+01 0.39840541E+01 0.39840541E+01
 0.74099998E+00 0.39840302E+01 0.39840302E+01 0.39840302E+01
 0.75099998E+00 0.39840035E+01 0.39840035E+01 0.39840035E+01
 0.76099998E+00 0.39839771E+01 0.39839771E+01 0.39839771E+01
 0.77099998E+00 0.39839480E+01 0.39839480E+01 0.39839480E+01
 0.78099998E+00 0.39839215E+01 0.39839215E+01 0.39839215E+01
 0.79099998E+00 0.39838922E+01 0.39838922E+01 0.39838922E+01
 0.80099998E+00 0.39838655E+01 0.39838655E+01 0.39838655E+01
 0.81099998E+00 0.39838343E+01 0.39838343E+01 0.39838343E+01
 0.82099998E+00 0.39838057E+01 0.39838057E+01 0.39838057E+01
 0.83099998E+00 0.39837747E+01 0.39837747E+01 0.39837747E+01
 0.84099998E+00 0.39837434E+01 0.39837434E+01 0.39837434E+01
 0.85099998E+00 0.39837124E+01 0.39837124E+01 0.39837124E+01
 0.86099998E+00 0.39836807E+01 0.39836807E+01 0.39836807E+01
 0.87099998E+00 0.39836481E+01 0.39836481E+01 0.39836481E+01
 0.88099998E+00 0.39836130E+01 0.39836130E+01 0.39836130E+01
 0.89099998E+00 0.39835799E+01 0.39835799E+01 0.39835799E+01
 0.90099998E+00 0.39835458E+01 0.39835458E+01 0.39835458E+01
 0.91099998E+00 0.39835093E+01 0.39835093E+01 0.39835093E+01
 0.92099998E+00 0.39834738E+01 0.39834738E+01 0.39834738E+01
 0.93099998E+00 0.39834361E+01 0.39834361E+01 0.39834361E+01
 0.94099998E+00 0.39834006E+01 0.39834006E+01 0.39834006E+01
 0.95099998E+00 0.39833629E+01 0.39833629E+01 0.39833629E+01
 0.96099998E+00 0.39833241E+01 0.39833241E+01 0.39833241E+01
 0.97099998E+00 0.39832847E+01 0.39832847E+01 0.39832847E+01
 0.98099998E+00 0.39832444E+01 0.39832444E+01 0.39832444E+01
 0.99099998E+00 0.39832051E+01 0.39832051E+01 0.39832051E+01
 0.10010000E+01 0.39831622E+01 0.39831622E+01 0.39831622E+01
 0.10110000E+01 0.39831200E+01 0.39831200E+01 0.39831200E+01
 0.10210000E+01 0.39830785E+01 0.39830785E+01 0.39830785E+01
 0.10310000E+01 0.39830348E+01 0.39830348E+01 0.39830348E+01
 0.10410000E+01 0.39829903E+01 0.39829903E+01 0.39829903E+01
 0.10510000E+01 0.39829454E+01 0.39829454E+01 0.39829454E+01
 0.10610000E+01 0.39828997E+01 0.39828997E+01 0.39828997E+01
 0.10710000E+01 0.39828496E+01 0.39828496E+01 0.39828496E+01
 0.10810000E+01 0.39828045E+01 0.39828045E+01 0.39828045E+01
 0.10910000E+01 0.39827571E+01 0.39827571E+01 0.39827571E+01
 0.11010000E+01 0.39827077E+01 0.39827077E+01 0.39827077E+01
 0.11110000E+01 0.39826581E+01 0.39826581E+01 0.39826581E+01
 0.11210000E+01 0.39826062E+01 0.39826062E+01 0.39826062E+01
 0.11310000E+01 0.39825542E+01 0.39825542E+01 0.39825542E+01
 0.11410000E+01 0.39825022E+01 0.39825022E+01 0.39825022E+01
 0.11510000E+01 0.39824460E+01 0.39824460E+01 0.39824460E+01
 0.11610000E+01 0.39823911E+01 0.39823911E+01 0.39823911E+01
 0.11710000E+01 0.39823337E+01 0.39823337E+01 0.39823337E+01
 0.11810000E+01 0.39822793E+01 0.39822793E+01 0.39822793E+01
 0.11910000E+01 0.39822173E+01 0.39822173E+01 0.39822173E+01
 0.12010000E+01 0.39821572E+01 0.39821572E+01 0.39821572E+01
 0.12110000E+01 0.39820960E+01 0.39820960E+01 0.39820960E+01
 0.12210000E+01 0.39820335E+01 0.39820335E+01 0.39820335E+01
 0.12310000E+01 0.39819689E+01 0.39819689E+01 0.39819689E+01
 0.12410000E+01 0.39819043E+01 0.39819043E+01 0.39819043E+01
 0.12510000E+01 0.39818380E+01 0.39818380E+01 0.39818380E+01
 0.12610000E+01 0.39817729E+01 0.39817729E+01 0.39817729E+01
 0.12710000E+01 0.39817026E+01 0.39817026E+01 0.39817026E+01
 0.12810000E+01 0.39816315E+01 0.39816315E+01 0.39816315E+01
 0.12910000E+01 0.39815612E+01 0.39815612E+01 0.39815612E+01
 0.13010000E+01 0.39814868E+01 0.39814868E+01 0.39814868E+01
 0.13110000E+01 0.39814110E+01 0.39814110E+01 0.39814110E+01
 0.13210000E+01 0.39813342E+01 0.39813342E+01 0.39813342E+01
 0.13310000E+01 0.39812574E+01 0.39812574E+01 0.39812574E+01
 0.13410000E+01 0.39811752E+01 0.39811752E+01 0.39811752E+01
 0.13510000E+01 0.39810936E+01 0.39810936E+01 0.39810936E+01
 0.13610000E+01 0.39810097E+01 0.39810097E+01 0.39810097E+01
 0.13710000E+01 0.39809232E+01 0.39809232E+01 0.39809232E+01
 0.13810000E+01 0.39808362E+01 0.39808362E+01 0.39808362E+01
 0.13910000E+01 0.39807456E+01 0.39807456E+01 0.39807456E+01
 0.14010000E+01 0.39806547E+01 0.39806547E+01 0.39806547E+01
 0.14110000E+01 0.39805589E+01 0.39805589E+01 0.39805589E+01
 0.14210000E+01 0.39804637E+01 0.39804637E+01 0.39804637E+01
 0.14310000E+01 0.39803646E+01 0.39803646E+01 0.39803646E+01
 0.14410000E+01 0.39802639E+01 0.39802639E+01 0.39802639E+01
 0.14510000E+01 0.39801607E+01 0.39801607E+01 0.39801607E+01
 0.14610000E+01 0.39800553E+01 0.39800553E+01 0.39800553E+01
 0.14710000E+01 0.39799459E+01 0.39799459E+01 0.39799459E+01
 0.14810000E+01 0.39798331E+01 0.39798331E+01 0.39798331E+01
 0.14910000E+01 0.39797204E+01 0.39797204E+01 0.39797204E+01
 0.15010000E+01 0.39796002E+01 0.39796002E+01 0.39796002E+01
 0.15110000E+01 0.39794817E+01 0.39794817E+01 0.39794817E+01
 0.15210000E+01 0.39793541E+01 0.39793541E+01 0.39793541E+01
 0.15310000E+01 0.39792280E+01 0.39792280E+01 0.39792280E+01
 0.15410000E+01 0.39790940E+01 0.39790940E+01 0.39790940E+01
 0.15510000E+01 0.39789593E+01 0.39789593E+01 0.39789593E+01
 0.15610000E+01 0.39788187E+01 0.39788187E+01 0.39788187E+01
 0.15710000E+01 0.39786756E+01 0.39786756E+01 0.39786756E+01
 0.15810000E+01 0.39785259E+01 0.39785259E+01 0.39785259E+01
 0.15910000E+01 0.39783740E+01 0.39783740E+01 0.39783740E+01
 0.16010000E+01 0.39782152E+01 0.39782152E+01 0.39782152E+01
 0.16110000E+01 0.39780526E+01 0.39780526E+01 0.39780526E+01
 0.16210000E+01 0.39778833E+01 0.39778833E+01 0.39778833E+01
 0.16310000E+01 0.39777110E+01 0.39777110E+01 0.39777110E+01
 0.16410000E+01 0.39775295E+01 0.39775295E+01 0.39775295E+01
 0.16510000E+01 0.39773455E+01 0.39773455E+01 0.39773455E+01
 0.16610000E+01 0.39771497E+01 0.39771497E+01 0.39771497E+01
 0.16710000E+01 0.39769514E+01 0.39769514E+01 0.39769514E+01
 0.16810000E+01 0.39767401E+01 0.39767401E+01 0.39767401E+01
 0.16910000E+01 0.39765239E+01 0.39765239E+01 0.39765239E+01
 0.17010000E+01 0.39762955E+01 0.39762955E+01 0.39762955E+01
 0.17110000E+01 0.39760609E+01 0.39760609E+01 0.39760609E+01
 0.17210000E+01 0.39758148E+01 0.39758148E+01 0.39758148E+01
 0.17310000E+01 0.39755585E+01 0.39755585E+01 0.39755585E+01
 0.17410000E+01 0.39752905E+01 0.39752905E+01 0.39752905E+01
 0.17510000E+01 0.39750082E+01 0.39750082E+01 0.39750082E+01
 0.17610000E+01 0.39747140E+01 0.39747140E+01 0.39747140E+01
 0.17710000E+01 0.39744027E+01 0.39744027E+01 0.39744027E+01
 0.17810000E+01 0.39740763E+01 0.39740763E+01 0.39740763E+01
 0.17910000E+01 0.39737303E+01 0.39737303E+01 0.39737303E+01
 0.18010000E+01 0.39733672E+01 0.39733672E+01 0.39733672E+01
 0.18050000E+01 0.39732130E+01 0.39732130E+01 0.39732130E+01
 0.18090000E+01 0.39730575E+01 0.39730575E+01 0.39730575E+01
 0.18130000E+01 0.39728987E+01 0.39728987E+01 0.39728987E+01
 0.18170000E+01 0.39727345E+01 0.39727345E+01 0.39727345E+01
 0.18210000E+01 0.39725661E+01 0.39725661E+01 0.39725661E+01
 0.18250000E+01 0.39723942E+01 0.39723942E+01 0.39723942E+01
 0.18290000E+01 0.39722180E+01 0.39722180E+01 0.39722180E+01
 0.18330000E+01 0.39720356E+01 0.39720356E+01 0.39720356E+01
 0.18370000E+01 0.39718499E+01 0.39718499E+01 0.39718499E+01
 0.18410000E+01 0.39716573E+01 0.39716573E+01 0.39716573E+01
 0.18450000E+01 0.39714589E+01 0.39714589E+01 0.39714589E+01
 0.18490000E+01 0.39712567E+01 0.39712567E+01 0.39712567E+01
 0.18530000E+01 0.39710479E+01 0.39710479E+01 0.39710479E+01
 0.18570000E+01 0.39708307E+01 0.39708307E+01 0.39708307E+01
 0.18610000E+01 0.39706066E+01 0.39706066E+01 0.39706066E+01
 0.18650000E+01 0.39703765E+01 0.39703765E+01 0.39703765E+01
 0.18690000E+01 0.39701366E+01 0.39701366E+01 0.39701366E+01
 0.18730000E+01 0.39698906E+01 0.39698906E+01 0.39698906E+01
 0.18770000E+01 0.39696324E+01 0.39696324E+01 0.39696324E+01
 0.18810000E+01 0.39693661E+01 0.39693661E+01 0.39693661E+01
 0.18850000E+01 0.39690914E+01 0.39690914E+01 0.39690914E+01
 0.18890000E+01 0.39688039E+01 0.39688039E+01 0.39688039E+01
 0.18930000E+01 0.39685047E+01 0.39685047E+01 0.39685047E+01
 0.18970000E+01 0.39681933E+01 0.39681933E+01 0.39681933E+01
 0.19010000E+01 0.39678690E+01 0.39678690E+01 0.39678690E+01
 0.19050000E+01 0.39675269E+01 0.39675269E+01 0.39675269E+01
 0.19090000E+01 0.39671743E+01 0.39671743E+01 0.39671743E+01
 0.19130000E+01 0.39667985E+01 0.39667985E+01 0.39667985E+01
 0.19170000E+01 0.39664061E+01 0.39664061E+01 0.39664061E+01
 0.19210000E+01 0.39659925E+01 0.39659925E+01 0.39659925E+01
 0.19250000E+01 0.39655550E+01 0.39655550E+01 0.39655550E+01
 0.19290000E+01 0.39650912E+01 0.39650912E+01 0.39650912E+01
 0.19330000E+01 0.39645984E+01 0.39645984E+01 0.39645984E+01
 0.19370000E+01 0.39640734E+01 0.39640734E+01 0.39640734E+01
 0.19410000E+01 0.39635119E+01 0.39635119E+01 0.39635119E+01
 0.19450000E+01 0.39629107E+01 0.39629107E+01 0.39629107E+01
 0.19490000E+01 0.39622526E+01 0.39622526E+01 0.39622526E+01
 0.19530000E+01 0.39615431E+01 0.39615431E+01 0.39615431E+01
 0.19570000E+01 0.39607666E+01 0.39607666E+01 0.39607666E+01
 0.19610000E+01 0.39599099E+01 0.39599099E+01 0.39599099E+01
 0.19650000E+01 0.39589555E+01 0.39589555E+01 0.39589555E+01
 0.19690000E+01 0.39578807E+01 0.39578807E+01 0.39578807E+01
 0.19730000E+01 0.39566534E+01 0.39566534E+01 0.39566534E+01
 0.19770000E+01 0.39552224E+01 0.39552224E+01 0.39552224E+01
 0.19810000E+01 0.39535131E+01 0.39535131E+01 0.39535131E+01
 0.19850000E+01 0.39513888E+01 0.39513888E+01 0.39513888E+01
 0.19890000E+01 0.39486043E+01 0.39486043E+01 0.39486043E+01
 0.19930000E+01 0.39445624E+01 0.39445624E+01 0.39445624E+01
 0.19970000E+01 0.39371321E+01 0.39371321E+01 0.39371321E+01
 0.20010000E+01 0.39241147E+01 0.39241147E+01 0.39241147E+01
 0.20050000E+01 0.39399695E+01 0.39399695E+01 0.39399695E+01
 0.20090000E+01 0.39459331E+01 0.39459331E+01 0.39459331E+01
 0.20130000E+01 0.39497101E+01 0.39497101E+01 0.39497101E+01
 0.20170000E+01 0.39524908E+01 0.39524908E+01 0.39524908E+01
 0.20210000E+01 0.39546969E+01 0.39546969E+01 0.39546969E+01
 0.20250000E+01 0.39565303E+01 0.39565303E+01 0.39565303E+01
 0.20290000E+01 0.39581008E+01 0.39581008E+01 0.39581008E+01
 0.20330000E+01 0.39594755E+01 0.39594755E+01 0.39594755E+01
 0.20370000E+01 0.39606969E+01 0.39606969E+01 0.39606969E+01
 0.20410000E+01 0.39617987E+01 0.39617987E+01 0.39617987E+01
 0.20450000E+01 0.39628019E+01 0.39628019E+01 0.39628019E+01
 0.20490000E+01 0.39637227E+01 0.39637227E+01 0.39637227E+01
 0.20530000E+01 0.39645748E+01 0.39645748E+01 0.39645748E+01
 0.20570000E+01 0.39653656E+01 0.39653656E+01 0.39653656E+01
 0.20610000E+01 0.39661071E+01 0.39661071E+01 0.39661071E+01
 0.20650000E+01 0.39668014E+01 0.39668014E+01 0.39668014E+01
 0.20690000E+01 0.39674566E+01 0.39674566E+01 0.39674566E+01
 0.20730000E+01 0.39680762E+01 0.39680762E+01 0.39680762E+01
 0.20770000E+01 0.39686635E+01 0.39686635E+01 0.39686635E+01
 0.20810000E+01 0.39692237E+01 0.39692237E+01 0.39692237E+01
 0.20850000E+01 0.39697583E+01 0.39697583E+01 0.39697583E+01
 0.20890000E+01 0.39702666E+01 0.39702666E+01 0.39702666E+01
 0.20930000E+01 0.39707527E+01 0.39707527E+01 0.39707527E+01
 0.20970000E+01 0.39712210E+01 0.39712210E+01 0.39712210E+01
 0.21010000E+01 0.39716699E+01 0.39716699E+01 0.39716699E+01
 0.21050000E+01 0.39721014E+01 0.39721014E+01 0.39721014E+01
 0.21090000E+01 0.39725168E+01 0.39725168E+01 0.39725168E+01
 0.21130000E+01 0.39729178E+01 0.39729178E+01 0.39729178E+01
 0.21170000E+01 0.39733047E+01 0.39733047E+01 0.39733047E+01
 0.21210000E+01 0.39736814E+01 0.39736814E+01 0.39736814E+01
 0.21250000E+01 0.39740434E+01 0.39740434E+01 0.39740434E+01
 0.21290000E+01 0.39743938E+01 0.39743938E+01 0.39743938E+01
 0.21330000E+01 0.39747360E+01 0.39747360E+01 0.39747360E+01
 0.21370000E+01 0.39750662E+01 0.39750662E+01 0.39750662E+01
 0.21410000E+01 0.39753878E+01 0.39753878E+01 0.39753878E+01
 0.21450000E+01 0.39756992E+01 0.39756992E+01 0.39756992E+01
 0.21490000E+01 0.39760029E+01 0.39760029E+01 0.39760029E+01
 0.21530000E+01 0.39762981E+01 0.39762981E+01 0.39762981E+01
 0.21570000E+01 0.39765878E+01 0.39765878E+01 0.39765878E+01
 0.21610000E+01 0.39768677E+01 0.39768677E+01 0.39768677E+01
 0.21650000E+01 0.39771409E+01 0.39771409E+01 0.39771409E+01
 0.21690000E+01 0.39774091E+01 0.39774091E+01 0.39774091E+01
 0.21730000E+01 0.39776692E+01 0.39776692E+01 0.39776692E+01
 0.21770000E+01 0.39779243E+01 0.39779243E+01 0.39779243E+01
 0.21810000E+01 0.39781723E+01 0.39781723E+01 0.39781723E+01
 0.21850000E+01 0.39784164E+01 0.39784164E+01 0.39784164E+01
 0.21890000E+01 0.39786534E+01 0.39786534E+01 0.39786534E+01
 0.21930000E+01 0.39788871E+01 0.39788871E+01 0.39788871E+01
 0.21970000E+01 0.39791141E+01 0.39791141E+01 0.39791141E+01
 0.22010000E+01 0.39793363E+01 0.39793363E+01 0.39793363E+01
 0.22210000E+01 0.39803851E+01 0.39803851E+01 0.39803851E+01
 0.22409999E+01 0.39813383E+01 0.39813383E+01 0.39813383E+01
 0.22609999E+01 0.39822083E+01 0.39822083E+01 0.39822083E+01
 0.22809999E+01 0.39830079E+01 0.39830079E+01 0.39830079E+01
 0.23009999E+01 0.39837461E+01 0.39837461E+01 0.39837461E+01
 0.23209999E+01 0.39844322E+01 0.39844322E+01 0.39844322E+01
 0.23409999E+01 0.39850743E+01 0.39850743E+01 0.39850743E+01
 0.23609999E+01 0.39856706E+01 0.39856706E+01 0.39856706E+01
 0.23809999E+01 0.39862280E+01 0.39862280E+01 0.39862280E+01
 0.24009999E+01 0.39867516E+01 0.39867516E+01 0.39867516E+01
 0.24209999E+01 0.39872444E+01 0.39872444E+01 0.39872444E+01
 0.24409999E+01 0.39877098E+01 0.39877098E+01 0.39877098E+01
 0.24609999E+01 0.39881501E+01 0.39881501E+01 0.39881501E+01
 0.24809999E+01 0.39885626E+01 0.39885626E+01 0.39885626E+01
 0.25009999E+01 0.39889572E+01 0.39889572E+01 0.39889572E+01
 0.25209999E+01 0.39893315E+01 0.39893315E+01 0.39893315E+01
 0.25409999E+01 0.39896874E+01 0.39896874E+01 0.39896874E+01
 0.25609999E+01 0.39900372E+01 0.39900372E+01 0.39900372E+01
 0.25809999E+01 0.39903483E+01 0.39903483E+01 0.39903483E+01
 0.26009999E+01 0.39906552E+01 0.39906552E+01 0.39906552E+01
 0.26209999E+01 0.39909484E+01 0.39909484E+01 0.39909484E+01
 0.26409999E+01 0.39912300E+01 0.39912300E+01 0.39912300E+01
 0.26609999E+01 0.39914980E+01 0.39914980E+01 0.39914980E+01
 0.26809999E+01 0.39917536E+01 0.39917536E+01 0.39917536E+01
 0.27009999E+01 0.39920006E+01 0.39920006E+01 0.39920006E+01
 0.27209999E+01 0.39922349E+01 0.39922349E+01 0.39922349E+01
 0.27409999E+01 0.39924622E+01 0.39924622E+01 0.39924622E+01
 0.27609999E+01 0.39926801E+01 0.39926801E+01 0.39926801E+01
 0.27809999E+01 0.39928877E+01 0.39928877E+01 0.39928877E+01
 0.28009999E+01 0.39930894E+01 0.39930894E+01 0.39930894E+01
 0.28209999E+01 0.39932821E+01 0.39932821E+01 0.39932821E+01
 0.28409999E+01 0.39934680E+01 0.39934680E+01 0.39934680E+01
 0.28609999E+01 0.39936461E+01 0.39936461E+01 0.39936461E+01
 0.28809999E+01 0.39938188E+01 0.39938188E+01 0.39938188E+01
 0.29009999E+01 0.39939857E+01 0.39939857E+01 0.39939857E+01
 0.29209999E+01 0.39941454E+01 0.39941454E+01 0.39941454E+01
 0.29409999E+01 0.39943023E+01 0.39943023E+01 0.39943023E+01
 0.29609999E+01 0.39944532E+01 0.39944532E+01 0.39944532E+01
 0.29809999E+01 0.39945953E+01 0.39945953E+01 0.39945953E+01
 0.30009999E+01 0.39947371E+01 0.39947371E+01 0.39947371E+01
 0.31009999E+01 0.39953690E+01 0.39953690E+01 0.39953690E+01
 0.32009999E+01 0.39959073E+01 0.39959073E+01 0.39959073E+01
 0.33009999E+01 0.39963710E+01 0.39963710E+01 0.39963710E+01
 0.34009999E+01 0.39967730E+01 0.39967730E+01 0.39967730E+01
 0.35009999E+01 0.39971216E+01 0.39971216E+01 0.39971216E+01
 0.36009999E+01 0.39974279E+01 0.39974279E+01 0.39974279E+01
 0.37009999E+01 0.39976981E+01 0.39976981E+01 0.39976981E+01
 0.38009999E+01 0.39979360E+01 0.39979360E+01 0.39979360E+01
 0.39009999E+01 0.39981480E+01 0.39981480E+01 0.39981480E+01
 0.40009999E+01 0.39983377E+01 0.39983377E+01 0.39983377E+01
 0.41009999E+01 0.39985061E+01 0.39985061E+01 0.39985061E+01
 0.42010000E+01 0.39986582E+01 0.39986582E+01 0.39986582E+01
 0.43010000E+01 0.39987967E+01 0.39987967E+01 0.39987967E+01
 0.44010000E+01 0.39989197E+01 0.39989197E+01 0.39989197E+01
 0.45010000E+01 0.39990313E+01 0.39990313E+01 0.39990313E+01
 0.46010000E+01 0.39991338E+01 0.39991338E+01 0.39991338E+01
 0.47010000E+01 0.39992266E+01 0.39992266E+01 0.39992266E+01
 0.48010000E+01 0.39993124E+01 0.39993124E+01 0.39993124E+01
 0.49010000E+01 0.39993899E+01 0.39993899E+01 0.39993899E+01
 0.50010000E+01 0.39994617E+01 0.39994617E+01 0.39994617E+01
 0.51010000E+01 0.39995265E+01 0.39995265E+01 0.39995265E+01
 0.52010000E+01 0.39995859E+01 0.39995859E+01 0.39995859E+01
 0.53010000E+01 0.39996431E+01 0.39996431E+01 0.39996431E+01
 0.54010000E+01 0.39996941E+01 0.39996941E+01 0.39996941E+01
 0.55010000E+01 0.39997416E+01 0.39997416E+01 0.39997416E+01
 0.56010000E+01 0.39997902E+01 0.39997902E+01 0.39997902E+01
 0.57010000E+01 0.39998286E+01 0.39998286E+01 0.39998286E+01
 0.58010000E+01 0.39998667E+01 0.39998667E+01 0.39998667E+01
 0.59010000E+01 0.39999022E+01 0.39999022E+01 0.39999022E+01
 0.60010000E+01 0.39999352E+01 0.39999352E+01 0.39999352E+01
 0.61010000E+01 0.39999666E+01 0.39999666E+01 0.39999666E+01
 0.62010000E+01 0.39999948E+01 0.39999948E+01 0.39999948E+01
 0.63010000E+01 0.40000215E+01 0.40000215E+01 0.40000215E+01
 0.64010000E+01 0.40000472E+01 0.40000472E+01 0.40000472E+01
 0.65010000E+01 0.40000706E+01 0.40000706E+01 0.40000706E+01
 0.66010000E+01 0.40000930E+01 0.40000930E+01 0.40000930E+01
 0.67010000E+01 0.40001140E+01 0.40001140E+01 0.40001140E+01
 0.68010000E+01 0.40001326E+01 0.40001326E+01 0.40001326E+01
 0.69010000E+01 0.40001516E+01 0.40001516E+01 0.40001516E+01
 0.70010000E+01 0.40001698E+01 0.40001698E+01 0.40001698E+01
 0.71010000E+01 0.40001860E+01 0.40001860E+01 0.40001860E+01
 0.72010000E+01 0.40002003E+01 0.40002003E+01 0.40002003E+01
 0.73010000E+01 0.40002155E+01 0.40002155E+01 0.40002155E+01
 0.74010000E+01 0.40002298E+01 0.40002298E+01 0.40002298E+01
 0.75010000E+01 0.40002422E+01 0.40002422E+01 0.40002422E+01
 0.76010000E+01 0.40002532E+01 0.40002532E+01 0.40002532E+01
 0.77010000E+01 0.40002675E+01 0.40002675E+01 0.40002675E+01
 0.78010000E+01 0.40002775E+01 0.40002775E+01 0.40002775E+01
 0.79010000E+01 0.40002880E+01 0.40002880E+01 0.40002880E+01
 0.80010000E+01 0.40002980E+01 0.40002980E+01 0.40002980E+01
 0.81010000E+01 0.40003057E+01 0.40003057E+01 0.40003057E+01
 0.82010000E+01 0.40003176E+01 0.40003176E+01 0.40003176E+01
 0.83010000E+01 0.40003257E+01 0.40003257E+01 0.40003257E+01
 0.84010000E+01 0.40003352E+01 0.40003352E+01 0.40003352E+01
 0.85010000E+01 0.40003424E+01 0.40003424E+01 0.40003424E+01
 0.86010000E+01 0.40003490E+01 0.40003490E+01 0.40003490E+01
 0.87010000E+01 0.40003562E+01 0.40003562E+01 0.40003562E+01
 0.88010000E+01 0.40003633E+01 0.40003633E+01 0.40003633E+01
 0.89010000E+01 0.40003695E+01 0.40003695E+01 0.40003695E+01
 0.90010000E+01 0.40003772E+01 0.40003772E+01 0.40003772E+01
 0.91010000E+01 0.40003858E+01 0.40003858E+01 0.40003858E+01
 0.92010000E+01 0.40003881E+01 0.40003881E+01 0.40003881E+01
 0.93010000E+01 0.40003924E+01 0.40003924E+01 0.40003924E+01
 0.94010000E+01 0.40003986E+01 0.40003986E+01 0.40003986E+01
 0.95010000E+01 0.40004044E+01 0.40004044E+01 0.40004044E+01
 0.96010000E+01 0.40004091E+01 0.40004091E+01 0.40004091E+01
 0.97010000E+01 0.40004144E+01 0.40004144E+01 0.40004144E+01
 0.98010000E+01 0.40004182E+01 0.40004182E+01 0.40004182E+01
 0.99010000E+01 0.40004225E+01 0.40004225E+01 0.40004225E+01
