 -.375000E-01 0.280800E+00
 -.125000E-01 0.280800E+00
 0.125000E-01 0.280800E+00
 0.375000E-01 0.280800E+00




 -.375000E-01 0.280800E+00
 -.125000E-01 0.280800E+00
 0.125000E-01 0.280800E+00
 0.375000E-01 0.280800E+00




 -.375000E-01 0.280801E+00
 -.125000E-01 0.280801E+00
 0.125000E-01 0.280801E+00
 0.375000E-01 0.280801E+00




 -.375000E-01 0.280804E+00
 -.125000E-01 0.280804E+00
 0.125000E-01 0.280804E+00
 0.375000E-01 0.280804E+00




 -.375000E-01 0.287059E+00
 -.125000E-01 0.287059E+00
 0.125000E-01 0.287059E+00
 0.375000E-01 0.287059E+00




 -.375000E-01 0.282327E+00
 -.125000E-01 0.282327E+00
 0.125000E-01 0.282327E+00
 0.375000E-01 0.282327E+00




 -.375000E-01 0.282050E+00
 -.125000E-01 0.282050E+00
 0.125000E-01 0.282050E+00
 0.375000E-01 0.282050E+00




 -.375000E-01 0.281957E+00
 -.125000E-01 0.281957E+00
 0.125000E-01 0.281957E+00
 0.375000E-01 0.281957E+00




 -.375000E-01 0.281925E+00
 -.125000E-01 0.281925E+00
 0.125000E-01 0.281925E+00
 0.375000E-01 0.281925E+00




 -.375000E-01 0.281931E+00
 -.125000E-01 0.281931E+00
 0.125000E-01 0.281931E+00
 0.375000E-01 0.281931E+00




 -.375000E-01 0.281979E+00
 -.125000E-01 0.281979E+00
 0.125000E-01 0.281979E+00
 0.375000E-01 0.281979E+00




 -.375000E-01 0.282109E+00
 -.125000E-01 0.282109E+00
 0.125000E-01 0.282109E+00
 0.375000E-01 0.282109E+00




 -.375000E-01 0.282564E+00
 -.125000E-01 0.282564E+00
 0.125000E-01 0.282564E+00
 0.375000E-01 0.282564E+00




 -.375000E-01 0.280844E+00
 -.125000E-01 0.280844E+00
 0.125000E-01 0.280844E+00
 0.375000E-01 0.280844E+00




 -.375000E-01 0.280802E+00
 -.125000E-01 0.280802E+00
 0.125000E-01 0.280802E+00
 0.375000E-01 0.280802E+00




 -.375000E-01 0.280800E+00
 -.125000E-01 0.280800E+00
 0.125000E-01 0.280800E+00
 0.375000E-01 0.280800E+00




 -.375000E-01 0.280800E+00
 -.125000E-01 0.280800E+00
 0.125000E-01 0.280800E+00
 0.375000E-01 0.280800E+00




