 0.10000000E-01 0.63496603E-03 0.24678164E+00
 0.12000000E-01 0.62026198E-03 0.24678161E+00
 0.14000000E-01 0.60304718E-03 0.24678165E+00
 0.16000000E-01 0.59110997E-03 0.24678157E+00
 0.18000000E-01 0.58122495E-03 0.24678153E+00
 0.20000000E-01 0.58261153E-03 0.24678149E+00
 0.22000000E-01 0.59904715E-03 0.24678143E+00
 0.24000000E-01 0.61262831E-03 0.24678139E+00
 0.26000000E-01 0.61114986E-03 0.24678135E+00
 0.28000000E-01 0.60337436E-03 0.24678127E+00
 0.30000000E-01 0.59702871E-03 0.24677469E+00
 0.32000000E-01 0.59098273E-03 0.24678125E+00
 0.34000000E-01 0.58850422E-03 0.24678111E+00
 0.36000000E-01 0.59553572E-03 0.24678101E+00
 0.38000000E-01 0.60588490E-03 0.24678091E+00
 0.40000000E-01 0.60819770E-03 0.24678084E+00
 0.42000000E-01 0.60385951E-03 0.24678080E+00
 0.44000000E-01 0.59937694E-03 0.24678070E+00
 0.46000000E-01 0.59528054E-03 0.24678063E+00
 0.48000000E-01 0.59209145E-03 0.24678051E+00
 0.50000000E-01 0.59465771E-03 0.24678045E+00
 0.52000000E-01 0.60234229E-03 0.24678044E+00
 0.54000000E-01 0.60647551E-03 0.24678036E+00
 0.56000000E-01 0.60441268E-03 0.24678004E+00
 0.58000000E-01 0.60089916E-03 0.24677991E+00
 0.60000000E-01 0.59788234E-03 0.24677981E+00
 0.62000000E-01 0.59488284E-03 0.24677965E+00
 0.64000000E-01 0.59500412E-03 0.24677950E+00
 0.66000000E-01 0.60026172E-03 0.24677932E+00
 0.68000000E-01 0.60517744E-03 0.24677917E+00
 0.70000000E-01 0.60496373E-03 0.24677902E+00
 0.72000000E-01 0.60221114E-03 0.24677890E+00
 0.74000000E-01 0.59977744E-03 0.24677882E+00
 0.76000000E-01 0.59726733E-03 0.24677853E+00
 0.78000000E-01 0.59611613E-03 0.24677831E+00
 0.80000000E-01 0.59920251E-03 0.24677802E+00
 0.82000000E-01 0.60408703E-03 0.24677855E+00
 0.84000000E-01 0.60541453E-03 0.24677797E+00
 0.86000000E-01 0.60349216E-03 0.24677773E+00
 0.88000000E-01 0.60137249E-03 0.24677752E+00
 0.90000000E-01 0.59935187E-03 0.24677736E+00
 0.92000000E-01 0.59768098E-03 0.24677708E+00
 0.94000000E-01 0.59899597E-03 0.24677682E+00
 0.96000000E-01 0.60323734E-03 0.24677671E+00
 0.98000000E-01 0.60574405E-03 0.24677654E+00
 0.10000000E+00 0.60478230E-03 0.24677632E+00
 0.11000000E+00 0.60272002E-03 0.24677522E+00
 0.12000000E+00 0.60148441E-03 0.24677410E+00
 0.13000000E+00 0.60608041E-03 0.24677259E+00
 0.14000000E+00 0.60614622E-03 0.24677106E+00
 0.15000000E+00 0.60431694E-03 0.24676959E+00
 0.16000000E+00 0.60845477E-03 0.24676793E+00
 0.17000000E+00 0.60981144E-03 0.24676615E+00
 0.18000000E+00 0.60787171E-03 0.24676431E+00
 0.19000000E+00 0.61175425E-03 0.24676210E+00
 0.20000000E+00 0.61391251E-03 0.24676034E+00
 0.21000000E+00 0.61216224E-03 0.24675794E+00
 0.22000000E+00 0.61592157E-03 0.24675569E+00
 0.23000000E+00 0.61859737E-03 0.24675314E+00
 0.24000000E+00 0.61720483E-03 0.24675039E+00
 0.25000000E+00 0.62095014E-03 0.24674847E+00
 0.26000000E+00 0.62398434E-03 0.24674523E+00
 0.27000000E+00 0.62303007E-03 0.24674225E+00
 0.28000000E+00 0.62686697E-03 0.24673899E+00
 0.29000000E+00 0.63017027E-03 0.24673632E+00
 0.30000000E+00 0.62969164E-03 0.24673271E+00
 0.31000000E+00 0.63372422E-03 0.24672918E+00
 0.32000000E+00 0.63723691E-03 0.24672580E+00
 0.33000000E+00 0.63727261E-03 0.24672238E+00
 0.34000000E+00 0.64159645E-03 0.24671863E+00
 0.35000000E+00 0.64525523E-03 0.24671447E+00
 0.36000000E+00 0.64588944E-03 0.24671039E+00
 0.37000000E+00 0.65058253E-03 0.24670628E+00
 0.38000000E+00 0.65428941E-03 0.24670190E+00
 0.39000000E+00 0.65569166E-03 0.24669756E+00
 0.40000000E+00 0.66081120E-03 0.24669308E+00
 0.41000000E+00 0.66440995E-03 0.24668824E+00
 0.42000000E+00 0.66685125E-03 0.24668393E+00
 0.43000000E+00 0.67244250E-03 0.24667835E+00
 0.44000000E+00 0.67573996E-03 0.24667327E+00
 0.45000000E+00 0.67953977E-03 0.24666811E+00
 0.46000000E+00 0.68564303E-03 0.24666155E+00
 0.47000000E+00 0.68855688E-03 0.24665791E+00
 0.48000000E+00 0.69391747E-03 0.24665141E+00
 0.49000000E+00 0.70050829E-03 0.24664600E+00
 0.50000000E+00 0.70338238E-03 0.24663982E+00
 0.51000000E+00 0.71020517E-03 0.24663345E+00
 0.52000000E+00 0.71697942E-03 0.24662707E+00
 0.53000000E+00 0.72084470E-03 0.24662065E+00
 0.54000000E+00 0.72884073E-03 0.24661410E+00
 0.55000000E+00 0.73506502E-03 0.24660731E+00
 0.56000000E+00 0.74129927E-03 0.24660159E+00
 0.57000000E+00 0.75033295E-03 0.24659336E+00
 0.58000000E+00 0.75573192E-03 0.24658615E+00
 0.59000000E+00 0.76483840E-03 0.24657876E+00
 0.60000000E+00 0.77456284E-03 0.24657080E+00
 0.61000000E+00 0.78094590E-03 0.24656314E+00
 0.62000000E+00 0.79223512E-03 0.24655493E+00
 0.63000000E+00 0.80122886E-03 0.24654677E+00
 0.64000000E+00 0.81152119E-03 0.24653861E+00
 0.65000000E+00 0.82456578E-03 0.24653043E+00
 0.66000000E+00 0.83321136E-03 0.24652107E+00
 0.67000000E+00 0.84766817E-03 0.24651221E+00
 0.68000000E+00 0.86097101E-03 0.24650309E+00
 0.69000000E+00 0.87415622E-03 0.24649349E+00
 0.70000000E+00 0.89182140E-03 0.24648452E+00
 0.71000000E+00 0.90462754E-03 0.24647440E+00
 0.72000000E+00 0.92465789E-03 0.24646392E+00
 0.73000000E+00 0.94376208E-03 0.24645384E+00
 0.74000000E+00 0.96366646E-03 0.24644308E+00
 0.75000000E+00 0.98965093E-03 0.24643291E+00
 0.76000000E+00 0.10102615E-02 0.24642137E+00
 0.77000000E+00 0.10418834E-02 0.24641032E+00
 0.78000000E+00 0.10716099E-02 0.24639845E+00
 0.79000000E+00 0.11087448E-02 0.24638734E+00
 0.80000000E+00 0.11548059E-02 0.24637459E+00
 0.81000000E+00 0.12021810E-02 0.24636241E+00
 0.82000000E+00 0.12695155E-02 0.24634950E+00
 0.83000000E+00 0.13984134E-02 0.24633689E+00
 0.84000000E+00 0.16030215E-02 0.24632336E+00
 0.85000000E+00 0.18202990E-02 0.24630989E+00
 0.86000000E+00 0.20328317E-02 0.24629638E+00
 0.87000000E+00 0.22476594E-02 0.24628241E+00
 0.88000000E+00 0.24151999E-02 0.24626776E+00
 0.89000000E+00 0.25970060E-02 0.24625330E+00
 0.90000000E+00 0.27135793E-02 0.24623848E+00
 0.91000000E+00 0.28392788E-02 0.24622365E+00
 0.92000000E+00 0.29054716E-02 0.24620799E+00
 0.93000000E+00 0.29572279E-02 0.24619207E+00
 0.94000000E+00 0.29620163E-02 0.24617604E+00
 0.95000000E+00 0.29224385E-02 0.24615953E+00
 0.96000000E+00 0.28272386E-02 0.24614242E+00
 0.97000000E+00 0.26638194E-02 0.24612488E+00
 0.98000000E+00 0.25177792E-02 0.24610668E+00
 0.99000000E+00 0.23930843E-02 0.24608826E+00
 0.10000000E+01 0.22825352E-02 0.24609226E+00
 0.10100000E+01 0.21888132E-02 0.24604980E+00
 0.10200000E+01 0.21073780E-02 0.24603416E+00
 0.10300000E+01 0.20340470E-02 0.24600902E+00
 0.10400000E+01 0.19643172E-02 0.24598801E+00
 0.10500000E+01 0.19005347E-02 0.24596614E+00
 0.10600000E+01 0.18392841E-02 0.24594439E+00
 0.10700000E+01 0.17821935E-02 0.24592129E+00
 0.10800000E+01 0.17273082E-02 0.24589784E+00
 0.10900000E+01 0.16755128E-02 0.24587388E+00
 0.11000000E+01 0.16260687E-02 0.24584912E+00
 0.11100000E+01 0.15790082E-02 0.24582358E+00
 0.11200000E+01 0.15338348E-02 0.24579751E+00
 0.11300000E+01 0.14908389E-02 0.24577077E+00
 0.11400000E+01 0.14494770E-02 0.24574442E+00
 0.11500000E+01 0.14100303E-02 0.24571443E+00
 0.11600000E+01 0.13720340E-02 0.24568537E+00
 0.11700000E+01 0.13360348E-02 0.24565533E+00
 0.11800000E+01 0.13011072E-02 0.24562414E+00
 0.11900000E+01 0.12678379E-02 0.24559201E+00
 0.12000000E+01 0.12359260E-02 0.24555924E+00
 0.12100000E+01 0.12052626E-02 0.24552525E+00
 0.12200000E+01 0.11758833E-02 0.24549005E+00
 0.12300000E+01 0.11478115E-02 0.24547572E+00
 0.12400000E+01 0.11208296E-02 0.24541612E+00
 0.12500000E+01 0.10950670E-02 0.24537739E+00
 0.12600000E+01 0.10702679E-02 0.24533774E+00
 0.12700000E+01 0.10467691E-02 0.24529591E+00
 0.12800000E+01 0.10242013E-02 0.24525309E+00
 0.12900000E+01 0.10026952E-02 0.24520919E+00
 0.13000000E+01 0.98210873E-03 0.24516265E+00
 0.13100000E+01 0.96252652E-03 0.24511477E+00
 0.13200000E+01 0.94392060E-03 0.24506492E+00
 0.13300000E+01 0.92617619E-03 0.24501334E+00
 0.13400000E+01 0.90940670E-03 0.24496429E+00
 0.13500000E+01 0.89351069E-03 0.24490382E+00
 0.13600000E+01 0.87843666E-03 0.24484560E+00
 0.13700000E+01 0.86433027E-03 0.24478476E+00
 0.13800000E+01 0.85107228E-03 0.24472588E+00
 0.13900000E+01 0.83856606E-03 0.24465525E+00
 0.14000000E+01 0.82707687E-03 0.24458587E+00
 0.14100000E+01 0.81639290E-03 0.24451321E+00
 0.14200000E+01 0.80631925E-03 0.24443732E+00
 0.14300000E+01 0.79756194E-03 0.24435928E+00
 0.14400000E+01 0.78947690E-03 0.24427257E+00
 0.14500000E+01 0.78225154E-03 0.24418313E+00
 0.14600000E+01 0.77598210E-03 0.24408949E+00
 0.14700000E+01 0.77065819E-03 0.24399024E+00
 0.14800000E+01 0.76629581E-03 0.24388463E+00
 0.14900000E+01 0.76293118E-03 0.24377292E+00
 0.15000000E+01 0.76069776E-03 0.24365379E+00
 0.15100000E+01 0.75956979E-03 0.24352616E+00
 0.15200000E+01 0.75965926E-03 0.24338982E+00
 0.15300000E+01 0.76114681E-03 0.24324305E+00
 0.15400000E+01 0.76402919E-03 0.24308468E+00
 0.15500000E+01 0.76854737E-03 0.24291382E+00
 0.15600000E+01 0.77497496E-03 0.24272584E+00
 0.15700000E+01 0.78345200E-03 0.24252161E+00
 0.15800000E+01 0.79449449E-03 0.24229597E+00
 0.15900000E+01 0.80864895E-03 0.24204588E+00
 0.16000000E+01 0.82643240E-03 0.24176541E+00
 0.16100000E+01 0.84919612E-03 0.24144771E+00
 0.16200000E+01 0.87880433E-03 0.24108256E+00
 0.16300000E+01 0.91820459E-03 0.24065379E+00
 0.16400000E+01 0.97488484E-03 0.24013415E+00
 0.16500000E+01 0.10809027E-02 0.23946682E+00
 0.16600000E+01 0.64415381E-01 0.23849617E+00
 0.16700000E+01 0.25423379E+00 0.23745852E+00
 0.16800000E+01 0.55389254E+00 0.23649266E+00
 0.16900000E+01 0.94642353E+00 0.23564927E+00
 0.17000000E+01 0.14145741E+01 0.23501547E+00
 0.17100000E+01 0.19406951E+01 0.23462661E+00
 0.17200000E+01 0.25065713E+01 0.23452065E+00
 0.17300000E+01 0.30931247E+01 0.23472874E+00
 0.17400000E+01 0.36800550E+01 0.23527582E+00
 0.17500000E+01 0.42452430E+01 0.23618274E+00
 0.17600000E+01 0.47636461E+01 0.23746657E+00
 0.17700000E+01 0.52051959E+01 0.23914743E+00
 0.17800000E+01 0.55297310E+01 0.24120957E+00
 0.17900000E+01 0.56658275E+01 0.24368148E+00
 0.18000000E+01 0.54899805E+01 0.24612974E+00
 0.18100000E+01 0.51288391E+01 0.24811505E+00
 0.18140000E+01 0.49506350E+01 0.24877029E+00
 0.18180000E+01 0.47578702E+01 0.24934701E+00
 0.18220000E+01 0.45530335E+01 0.24983747E+00
 0.18260000E+01 0.43383698E+01 0.25023437E+00
 0.18300000E+01 0.41170873E+01 0.25051340E+00
 0.18340000E+01 0.39111847E+01 0.25066595E+00
 0.18380000E+01 0.37268459E+01 0.25074564E+00
 0.18420000E+01 0.35621334E+01 0.25077662E+00
 0.18460000E+01 0.34151920E+01 0.25077377E+00
 0.18500000E+01 0.32842854E+01 0.25074677E+00
 0.18540000E+01 0.31677838E+01 0.25070381E+00
 0.18580000E+01 0.30641696E+01 0.25065100E+00
 0.18620000E+01 0.29720474E+01 0.25059234E+00
 0.18660000E+01 0.28901006E+01 0.25053108E+00
 0.18700000E+01 0.28171445E+01 0.25047007E+00
 0.18740000E+01 0.27521201E+01 0.25041141E+00
 0.18780000E+01 0.26940601E+01 0.25035636E+00
 0.18820000E+01 0.26420679E+01 0.25030568E+00
 0.18860000E+01 0.25954307E+01 0.25026019E+00
 0.18900000E+01 0.25534897E+01 0.25022091E+00
 0.18940000E+01 0.25157030E+01 0.25018684E+00
 0.18980000E+01 0.24816516E+01 0.25015882E+00
 0.19020000E+01 0.24510256E+01 0.25013692E+00
 0.19060000E+01 0.24236354E+01 0.25012152E+00
 0.19100000E+01 0.23993719E+01 0.25011285E+00
 0.19140000E+01 0.23782713E+01 0.25011102E+00
 0.19180000E+01 0.23604967E+01 0.25012000E+00
 0.19220000E+01 0.23463094E+01 0.25014049E+00
 0.19260000E+01 0.23361313E+01 0.25017868E+00
 0.19300000E+01 0.23303958E+01 0.25024953E+00
 0.19340000E+01 0.23184249E+01 0.25037505E+00
 0.19380000E+01 0.22925665E+01 0.25052230E+00
 0.19420000E+01 0.22535203E+01 0.25067267E+00
 0.19460000E+01 0.22023339E+01 0.25081346E+00
 0.19500000E+01 0.21403953E+01 0.25093323E+00
 0.19540000E+01 0.20695992E+01 0.25102189E+00
 0.19580000E+01 0.19924684E+01 0.25106977E+00
 0.19620000E+01 0.19125483E+01 0.25106773E+00
 0.19660000E+01 0.18352569E+01 0.25100606E+00
 0.19700000E+01 0.17728024E+01 0.25088232E+00
 0.19740000E+01 0.17312077E+01 0.25075900E+00
 0.19780000E+01 0.16997379E+01 0.25065039E+00
 0.19820000E+01 0.16746485E+01 0.25055543E+00
 0.19860000E+01 0.16539979E+01 0.25047334E+00
 0.19900000E+01 0.16365706E+01 0.25040196E+00
 0.19940000E+01 0.16215490E+01 0.25034080E+00
 0.19980000E+01 0.16083535E+01 0.25028839E+00
 0.20020000E+01 0.15965505E+01 0.25024299E+00
 0.20060000E+01 0.15858346E+01 0.25020777E+00
 0.20100000E+01 0.15754477E+01 0.25018132E+00
 0.20140000E+01 0.15642209E+01 0.25015992E+00
 0.20180000E+01 0.15526362E+01 0.25014128E+00
 0.20220000E+01 0.15409056E+01 0.25012545E+00
 0.20260000E+01 0.15291493E+01 0.25011031E+00
 0.20300000E+01 0.15174200E+01 0.25009713E+00
 0.20340000E+01 0.15057530E+01 0.25008492E+00
 0.20380000E+01 0.14941832E+01 0.25007475E+00
 0.20420000E+01 0.14827255E+01 0.25006518E+00
 0.20460000E+01 0.14713946E+01 0.25005591E+00
 0.20500000E+01 0.14601889E+01 0.25004741E+00
 0.20540000E+01 0.14491221E+01 0.25004072E+00
 0.20580000E+01 0.14381761E+01 0.25003371E+00
 0.20620000E+01 0.14273819E+01 0.25002762E+00
 0.20660000E+01 0.14167161E+01 0.25002263E+00
 0.20700000E+01 0.14062069E+01 0.25001656E+00
 0.20740000E+01 0.13958309E+01 0.25001186E+00
 0.20780000E+01 0.13855943E+01 0.25000698E+00
 0.20820000E+01 0.13754791E+01 0.25000330E+00
 0.20860000E+01 0.13655077E+01 0.24999998E+00
 0.20900000E+01 0.13556693E+01 0.24999642E+00
 0.20940000E+01 0.13459539E+01 0.24999325E+00
 0.20980000E+01 0.13363719E+01 0.24999069E+00
 0.21020000E+01 0.13269189E+01 0.24998814E+00
 0.21060000E+01 0.13175886E+01 0.24998659E+00
 0.21100000E+01 0.13083700E+01 0.24998374E+00
 0.21140000E+01 0.12992763E+01 0.24998169E+00
 0.21180000E+01 0.12903011E+01 0.24998012E+00
 0.21220000E+01 0.12814387E+01 0.24997841E+00
 0.21260000E+01 0.12726716E+01 0.24997719E+00
 0.21300000E+01 0.12640413E+01 0.24997583E+00
 0.21340000E+01 0.12555095E+01 0.24997415E+00
 0.21380000E+01 0.12470838E+01 0.24997363E+00
 0.21420000E+01 0.12387513E+01 0.24997292E+00
 0.21460000E+01 0.12305271E+01 0.24997503E+00
 0.21500000E+01 0.12224060E+01 0.24997162E+00
 0.21540000E+01 0.12143817E+01 0.24997151E+00
 0.21580000E+01 0.12064227E+01 0.24997069E+00
 0.21620000E+01 0.11986104E+01 0.24997036E+00
 0.21660000E+01 0.11908680E+01 0.24996992E+00
 0.21700000E+01 0.11832118E+01 0.24996975E+00
 0.21740000E+01 0.11756454E+01 0.24996967E+00
 0.21780000E+01 0.11681691E+01 0.24996878E+00
 0.21820000E+01 0.11607683E+01 0.24997715E+00
 0.21860000E+01 0.11534683E+01 0.24996995E+00
 0.21900000E+01 0.11462372E+01 0.24996995E+00
 0.21940000E+01 0.11390956E+01 0.24997003E+00
 0.21980000E+01 0.11320327E+01 0.24997020E+00
 0.22020000E+01 0.11250429E+01 0.24997060E+00
 0.22220000E+01 0.10912206E+01 0.24997230E+00
 0.22420000E+01 0.10591644E+01 0.24997526E+00
 0.22620000E+01 0.10287166E+01 0.24997577E+00
 0.22820000E+01 0.99976479E+00 0.24998200E+00
 0.23020000E+01 0.97218433E+00 0.24998869E+00
 0.23220000E+01 0.94588236E+00 0.24998995E+00
 0.23420000E+01 0.92077652E+00 0.24999396E+00
 0.23620000E+01 0.89676908E+00 0.24999823E+00
 0.23820000E+01 0.87380407E+00 0.25000160E+00
 0.24020000E+01 0.85179582E+00 0.24996518E+00
 0.24220000E+01 0.83069898E+00 0.25000967E+00
 0.24420000E+01 0.81046029E+00 0.25001321E+00
 0.24620000E+01 0.79101683E+00 0.25001703E+00
 0.24820000E+01 0.77233334E+00 0.25002107E+00
 0.25020000E+01 0.75436183E+00 0.25002407E+00
 0.25220000E+01 0.73706472E+00 0.25002642E+00
 0.25420000E+01 0.72040064E+00 0.25002928E+00
 0.25620000E+01 0.70434592E+00 0.25003199E+00
 0.25820000E+01 0.68886484E+00 0.25003461E+00
 0.26020000E+01 0.67392801E+00 0.25003678E+00
 0.26220000E+01 0.65950646E+00 0.25003903E+00
 0.26420000E+01 0.64557950E+00 0.25006170E+00
 0.26620000E+01 0.63211642E+00 0.25004320E+00
 0.26820000E+01 0.61910034E+00 0.25004522E+00
 0.27020000E+01 0.60651228E+00 0.25004679E+00
 0.27220000E+01 0.59433129E+00 0.25004822E+00
 0.27420000E+01 0.58253685E+00 0.25004979E+00
 0.27620000E+01 0.57111410E+00 0.25005126E+00
 0.27820000E+01 0.56004700E+00 0.25005258E+00
 0.28020000E+01 0.54931880E+00 0.25005353E+00
 0.28220000E+01 0.53891691E+00 0.25005462E+00
 0.28420000E+01 0.52882726E+00 0.25005551E+00
 0.28620000E+01 0.51903521E+00 0.25005607E+00
 0.28820000E+01 0.50953106E+00 0.25005690E+00
 0.29020000E+01 0.50030228E+00 0.25005807E+00
 0.29220000E+01 0.49133595E+00 0.25005830E+00
 0.29420000E+01 0.48262708E+00 0.25005889E+00
 0.29620000E+01 0.47416037E+00 0.25005933E+00
 0.29820000E+01 0.46593169E+00 0.25005978E+00
 0.30020000E+01 0.45792429E+00 0.25006003E+00
 0.31020000E+01 0.42101901E+00 0.25006080E+00
 0.32020000E+01 0.38865522E+00 0.25006109E+00
 0.33020000E+01 0.36010395E+00 0.25005955E+00
 0.34020000E+01 0.33477533E+00 0.25005824E+00
 0.35020000E+01 0.31219302E+00 0.25005677E+00
 0.36020000E+01 0.29196269E+00 0.25005480E+00
 0.37020000E+01 0.27375163E+00 0.25005305E+00
 0.38020000E+01 0.25729371E+00 0.25005152E+00
 0.39020000E+01 0.24235832E+00 0.25004994E+00
 0.40020000E+01 0.22875317E+00 0.25004670E+00
 0.41020000E+01 0.21631602E+00 0.25004787E+00
 0.42020000E+01 0.20490497E+00 0.25004687E+00
 0.43020000E+01 0.19440122E+00 0.25004642E+00
 0.44020000E+01 0.18470260E+00 0.25004594E+00
 0.45020000E+01 0.17572081E+00 0.25004572E+00
 0.46020000E+01 0.16737954E+00 0.25004553E+00
 0.47020000E+01 0.15961321E+00 0.25004552E+00
 0.48020000E+01 0.15236480E+00 0.25004560E+00
 0.49020000E+01 0.14558502E+00 0.25004577E+00
 0.50020000E+01 0.13923100E+00 0.25004602E+00
 0.51020000E+01 0.13326506E+00 0.25004600E+00
 0.52020000E+01 0.12765458E+00 0.25004609E+00
 0.53020000E+01 0.12237122E+00 0.25004605E+00
 0.54020000E+01 0.11738930E+00 0.25004630E+00
 0.55020000E+01 0.11268736E+00 0.25004581E+00
 0.56020000E+01 0.10824526E+00 0.25004553E+00
 0.57020000E+01 0.10404585E+00 0.25004490E+00
 0.58020000E+01 0.10007345E+00 0.25004430E+00
 0.59020000E+01 0.96313933E-01 0.25004365E+00
 0.60020000E+01 0.92754856E-01 0.25004241E+00
 0.61020000E+01 0.89384386E-01 0.25004139E+00
 0.62020000E+01 0.86191552E-01 0.25003981E+00
 0.63020000E+01 0.83166829E-01 0.25003847E+00
 0.64020000E+01 0.80300682E-01 0.25003690E+00
 0.65020000E+01 0.77584477E-01 0.25003521E+00
 0.66020000E+01 0.75010414E-01 0.25003452E+00
 0.67020000E+01 0.72569368E-01 0.25003171E+00
 0.68020000E+01 0.70255117E-01 0.25002953E+00
 0.69020000E+01 0.68060226E-01 0.25002756E+00
 0.70020000E+01 0.65977735E-01 0.25002566E+00
 0.71020000E+01 0.64001198E-01 0.25002360E+00
 0.72020000E+01 0.62124289E-01 0.25002164E+00
 0.73020000E+01 0.60341061E-01 0.25001929E+00
 0.74020000E+01 0.58645693E-01 0.25001778E+00
 0.75020000E+01 0.57032779E-01 0.25001581E+00
 0.76020000E+01 0.55497058E-01 0.25001401E+00
 0.77020000E+01 0.54033590E-01 0.25001236E+00
 0.78020000E+01 0.52637713E-01 0.25001063E+00
 0.79020000E+01 0.51304881E-01 0.25000915E+00
 0.80020000E+01 0.50031001E-01 0.24986366E+00
 0.81020000E+01 0.48812098E-01 0.25000626E+00
 0.82020000E+01 0.47644531E-01 0.25000520E+00
 0.83020000E+01 0.46524849E-01 0.25000425E+00
 0.84020000E+01 0.45449850E-01 0.25000371E+00
 0.85020000E+01 0.44416573E-01 0.25000223E+00
 0.86020000E+01 0.43422289E-01 0.25000147E+00
 0.87020000E+01 0.42464530E-01 0.25000076E+00
 0.88020000E+01 0.41540889E-01 0.25000017E+00
 0.89020000E+01 0.40649678E-01 0.25000111E+00
 0.90020000E+01 0.39787886E-01 0.24999947E+00
 0.91020000E+01 0.38954651E-01 0.24999892E+00
 0.92020000E+01 0.38148212E-01 0.24999863E+00
 0.93020000E+01 0.37366985E-01 0.24999829E+00
 0.94020000E+01 0.36609701E-01 0.24999835E+00
 0.95020000E+01 0.35875090E-01 0.24999870E+00
 0.96020000E+01 0.35162020E-01 0.24999795E+00
 0.97020000E+01 0.34469564E-01 0.24999780E+00
 0.98020000E+01 0.33796746E-01 0.24999780E+00
 0.99020000E+01 0.33142750E-01 0.24999791E+00
 0.10002000E+02 0.32506868E-01 0.24999783E+00
 0.10102000E+02 0.31888267E-01 0.24999804E+00
 0.10202000E+02 0.31286372E-01 0.24999813E+00
 0.10302000E+02 0.30700564E-01 0.24999806E+00
 0.10402000E+02 0.30130332E-01 0.24999817E+00
 0.10502000E+02 0.29575092E-01 0.24999825E+00
 0.10602000E+02 0.29034391E-01 0.24999839E+00
 0.10702000E+02 0.28507770E-01 0.24999834E+00
 0.10802000E+02 0.27994637E-01 0.24999857E+00
 0.10902000E+02 0.27494733E-01 0.24999863E+00
 0.11002000E+02 0.27007628E-01 0.24999868E+00
 0.11102000E+02 0.26532886E-01 0.24999880E+00
 0.11202000E+02 0.26070134E-01 0.24999887E+00
 0.11302000E+02 0.25619006E-01 0.24999894E+00
 0.11402000E+02 0.25179183E-01 0.24999892E+00
 0.11502000E+02 0.24750313E-01 0.24999887E+00
 0.11602000E+02 0.24331766E-01 0.24999893E+00
 0.11702000E+02 0.23923653E-01 0.24999916E+00
 0.11802000E+02 0.23525454E-01 0.24999927E+00
 0.11902000E+02 0.23136854E-01 0.24999951E+00
 0.12002000E+02 0.22757575E-01 0.24999932E+00
 0.12102000E+02 0.22387262E-01 0.24999938E+00
 0.12202000E+02 0.22025713E-01 0.24999944E+00
 0.12302000E+02 0.21672640E-01 0.24999929E+00
 0.12402000E+02 0.21327738E-01 0.24999938E+00
 0.12502000E+02 0.20990530E-01 0.24999960E+00
 0.12602000E+02 0.20661151E-01 0.24999955E+00
 0.12702000E+02 0.20339212E-01 0.24999969E+00
 0.12802000E+02 0.20024512E-01 0.24999954E+00
 0.12902000E+02 0.19716738E-01 0.24999973E+00
 0.13002000E+02 0.19415774E-01 0.24999965E+00
 0.13102000E+02 0.19121358E-01 0.24999972E+00
 0.13202000E+02 0.18833275E-01 0.24999971E+00
 0.13302000E+02 0.18551452E-01 0.24999955E+00
 0.13402000E+02 0.18275663E-01 0.24999943E+00
 0.13502000E+02 0.18005889E-01 0.24999945E+00
 0.13602000E+02 0.17741411E-01 0.25000017E+00
 0.13702000E+02 0.17482696E-01 0.24999985E+00
 0.13802000E+02 0.17229400E-01 0.24999987E+00
 0.13902000E+02 0.16981327E-01 0.24999977E+00
 0.14002000E+02 0.16738405E-01 0.24999978E+00
 0.14102000E+02 0.16500529E-01 0.24999978E+00
 0.14202000E+02 0.16267558E-01 0.24999975E+00
 0.14302000E+02 0.16039327E-01 0.24999978E+00
 0.14402000E+02 0.15815677E-01 0.24999972E+00
 0.14502000E+02 0.15596674E-01 0.24999941E+00
 0.14602000E+02 0.15382047E-01 0.24999961E+00
 0.14702000E+02 0.15171750E-01 0.24999974E+00
 0.14802000E+02 0.14965778E-01 0.24999958E+00
 0.14902000E+02 0.14763669E-01 0.24999966E+00
 0.15002000E+02 0.14565641E-01 0.24999971E+00
 0.15102000E+02 0.14371550E-01 0.24999977E+00
 0.15202000E+02 0.14181356E-01 0.24999965E+00
 0.15302000E+02 0.13994875E-01 0.24999977E+00
 0.15402000E+02 0.13812020E-01 0.24999981E+00
 0.15502000E+02 0.13632711E-01 0.24999979E+00
 0.15602000E+02 0.13456903E-01 0.24999976E+00
 0.15702000E+02 0.13284469E-01 0.24999988E+00
 0.15802000E+02 0.13115175E-01 0.24999929E+00
 0.15902000E+02 0.12949225E-01 0.24999979E+00
 0.16002000E+02 0.12786433E-01 0.24999995E+00
 0.16102000E+02 0.12626686E-01 0.24999999E+00
 0.16202000E+02 0.12469905E-01 0.25000065E+00
 0.16302000E+02 0.12315994E-01 0.24999996E+00
 0.16402000E+02 0.12164999E-01 0.24999996E+00
 0.16502000E+02 0.12016489E-01 0.25000007E+00
 0.16602000E+02 0.11870772E-01 0.25000010E+00
 0.16702000E+02 0.11727742E-01 0.25000009E+00
 0.16802000E+02 0.11587204E-01 0.25000023E+00
 0.16902000E+02 0.11449229E-01 0.25000023E+00
 0.17002000E+02 0.11313660E-01 0.25000031E+00
 0.17102000E+02 0.11180498E-01 0.25000034E+00
 0.17202000E+02 0.11049647E-01 0.25000052E+00
 0.17302000E+02 0.10921068E-01 0.25000053E+00
 0.17402000E+02 0.10794752E-01 0.25000056E+00
 0.17502000E+02 0.10670535E-01 0.24999955E+00
 0.17602000E+02 0.10548692E-01 0.25000060E+00
 0.17702000E+02 0.10428725E-01 0.25000074E+00
 0.17802000E+02 0.10310827E-01 0.25000082E+00
 0.17902000E+02 0.10195007E-01 0.25000087E+00
 0.18002000E+02 0.10081182E-01 0.25000140E+00
 0.18102000E+02 0.99692243E-02 0.25000107E+00
 0.18202000E+02 0.98592289E-02 0.25000114E+00
 0.18302000E+02 0.97511066E-02 0.25000122E+00
 0.18402000E+02 0.96447205E-02 0.25000146E+00
 0.18502000E+02 0.95401655E-02 0.25000156E+00
 0.18602000E+02 0.94373912E-02 0.25000150E+00
 0.18702000E+02 0.93369959E-02 0.25000126E+00
 0.18802000E+02 0.92368550E-02 0.25000172E+00
 0.18902000E+02 0.91390845E-02 0.25000180E+00
 0.19002000E+02 0.90429478E-02 0.25000188E+00
 0.19102000E+02 0.89483365E-02 0.25000200E+00
 0.19202000E+02 0.88552616E-02 0.25000205E+00
 0.19302000E+02 0.87636978E-02 0.25000212E+00
 0.19402000E+02 0.86736145E-02 0.25000223E+00
 0.19502000E+02 0.85849717E-02 0.25000237E+00
 0.19602000E+02 0.84976368E-02 0.25000256E+00
 0.19702000E+02 0.84117012E-02 0.25000234E+00
 0.19802000E+02 0.83270961E-02 0.25000262E+00
 0.19902000E+02 0.82437766E-02 0.25000274E+00
 0.20002000E+02 0.81616971E-02 0.25000278E+00
 0.20102000E+02 0.80808934E-02 0.25000286E+00
 0.20202000E+02 0.80011766E-02 0.25000306E+00
 0.20302000E+02 0.79226513E-02 0.25000316E+00
 0.20402000E+02 0.78452636E-02 0.25000331E+00
 0.20502000E+02 0.77689686E-02 0.25000340E+00
 0.20602000E+02 0.76937763E-02 0.25000358E+00
 0.20702000E+02 0.76196240E-02 0.25000376E+00
 0.20802000E+02 0.75464921E-02 0.25000377E+00
 0.20902000E+02 0.74743878E-02 0.25000380E+00
 0.21002000E+02 0.74032731E-02 0.25000398E+00
 0.21102000E+02 0.73330890E-02 0.25000404E+00
 0.21202000E+02 0.72638872E-02 0.25000407E+00
 0.21302000E+02 0.71956180E-02 0.25000413E+00
 0.21402000E+02 0.71282741E-02 0.25000415E+00
 0.21502000E+02 0.70618774E-02 0.25000416E+00
 0.21602000E+02 0.69962108E-02 0.25000430E+00
 0.21702000E+02 0.69314761E-02 0.25000512E+00
 0.21802000E+02 0.68676502E-02 0.25000442E+00
 0.21902000E+02 0.68046833E-02 0.25002796E+00
 0.22002000E+02 0.67425745E-02 0.25000455E+00
 0.22102000E+02 0.66812980E-02 0.25000458E+00
 0.22202000E+02 0.66208813E-02 0.25000458E+00
 0.22302000E+02 0.65612293E-02 0.25000462E+00
 0.22402000E+02 0.65024254E-02 0.25000462E+00
 0.22502000E+02 0.64444381E-02 0.25000458E+00
 0.22602000E+02 0.63872403E-02 0.25000422E+00
 0.22702000E+02 0.63308312E-02 0.25000473E+00
 0.22802000E+02 0.62751689E-02 0.25000466E+00
 0.22902000E+02 0.62203185E-02 0.25000460E+00
 0.23002000E+02 0.61662566E-02 0.25000455E+00
 0.23102000E+02 0.61128970E-02 0.25000451E+00
 0.23202000E+02 0.60603306E-02 0.25000503E+00
 0.23302000E+02 0.60084552E-02 0.25000446E+00
 0.23402000E+02 0.59573363E-02 0.25000439E+00
 0.23502000E+02 0.59069708E-02 0.25000430E+00
 0.23602000E+02 0.58573423E-02 0.25000411E+00
 0.23702000E+02 0.58080341E-02 0.25000422E+00
 0.23802000E+02 0.57596197E-02 0.25000421E+00
 0.23902000E+02 0.57118841E-02 0.25000417E+00
 0.24002000E+02 0.56648098E-02 0.25000409E+00
 0.24102000E+02 0.56183364E-02 0.25000404E+00
 0.24202000E+02 0.55725116E-02 0.25000400E+00
 0.24302000E+02 0.55272468E-02 0.25000391E+00
 0.24402000E+02 0.54826058E-02 0.25000382E+00
 0.24502000E+02 0.54385173E-02 0.25000373E+00
 0.24602000E+02 0.53949974E-02 0.25000378E+00
 0.24702000E+02 0.53519924E-02 0.25000413E+00
 0.24802000E+02 0.53095173E-02 0.25000364E+00
 0.24902000E+02 0.52675849E-02 0.25000357E+00
 0.25002000E+02 0.52261499E-02 0.25000348E+00
 0.25102000E+02 0.51851917E-02 0.25000338E+00
 0.25202000E+02 0.51447304E-02 0.25000329E+00
 0.25302000E+02 0.51046964E-02 0.25000325E+00
 0.25402000E+02 0.50651438E-02 0.25000322E+00
 0.25502000E+02 0.50260473E-02 0.25000312E+00
 0.25602000E+02 0.49874109E-02 0.25000300E+00
 0.25702000E+02 0.49490720E-02 0.25000300E+00
 0.25802000E+02 0.49111470E-02 0.25000297E+00
 0.25902000E+02 0.48736790E-02 0.25000287E+00
 0.26002000E+02 0.48365962E-02 0.25000281E+00
 0.26102000E+02 0.47998987E-02 0.25000282E+00
 0.26202000E+02 0.47635571E-02 0.25000273E+00
 0.26302000E+02 0.47276043E-02 0.25000266E+00
 0.26402000E+02 0.46920225E-02 0.25000260E+00
 0.26502000E+02 0.46566427E-02 0.24999965E+00
 0.26602000E+02 0.46218571E-02 0.25000246E+00
 0.26702000E+02 0.45873097E-02 0.25000237E+00
 0.26802000E+02 0.45530992E-02 0.25000238E+00
 0.26902000E+02 0.45192653E-02 0.25000231E+00
 0.27002000E+02 0.44856865E-02 0.25000226E+00
 0.27102000E+02 0.44525363E-02 0.25000218E+00
 0.27202000E+02 0.44195818E-02 0.25000222E+00
 0.27302000E+02 0.43870076E-02 0.25000217E+00
 0.27402000E+02 0.43547178E-02 0.25000207E+00
 0.27502000E+02 0.43227924E-02 0.25000203E+00
 0.27602000E+02 0.42911809E-02 0.25000201E+00
 0.27702000E+02 0.42598711E-02 0.25000197E+00
 0.27802000E+02 0.42288962E-02 0.25000178E+00
 0.27902000E+02 0.41982480E-02 0.25000189E+00
 0.28002000E+02 0.41678918E-02 0.25000185E+00
 0.28102000E+02 0.41378209E-02 0.25000131E+00
 0.28202000E+02 0.41081274E-02 0.25000180E+00
 0.28302000E+02 0.40787212E-02 0.25000177E+00
 0.28402000E+02 0.40496369E-02 0.25000173E+00
 0.28502000E+02 0.40208266E-02 0.25000170E+00
 0.28602000E+02 0.39923927E-02 0.25000165E+00
 0.28702000E+02 0.39641709E-02 0.25000173E+00
 0.28802000E+02 0.39362791E-02 0.25000167E+00
 0.28902000E+02 0.39087113E-02 0.25000162E+00
 0.29002000E+02 0.38814973E-02 0.25000159E+00
 0.29102000E+02 0.38545022E-02 0.25000159E+00
 0.29202000E+02 0.38278338E-02 0.25000159E+00
 0.29302000E+02 0.38014825E-02 0.25000160E+00
 0.29402000E+02 0.37754388E-02 0.25000158E+00
 0.29502000E+02 0.37496704E-02 0.25000159E+00
 0.29602000E+02 0.37241918E-02 0.25000157E+00
 0.29702000E+02 0.36990160E-02 0.25000154E+00
 0.29802000E+02 0.36741273E-02 0.25000156E+00
 0.29902000E+02 0.36495179E-02 0.25000160E+00
 0.30002000E+02 0.36251662E-02 0.25000161E+00
 0.30102000E+02 0.36011345E-02 0.25000163E+00
 0.30202000E+02 0.35772992E-02 0.25000185E+00
 0.30302000E+02 0.35537415E-02 0.25000171E+00
 0.30402000E+02 0.35304613E-02 0.25000173E+00
 0.30502000E+02 0.35074489E-02 0.25000178E+00
