 -.990000E+00 0.882183E-06
 -.970000E+00 0.621329E-06
 -.950000E+00 -.303486E-07
 -.930000E+00 -.790680E-06
 -.910000E+00 -.133045E-05
 -.890000E+00 0.275437E-02
 -.870000E+00 0.707232E-02
 -.850000E+00 0.832668E-02
 -.830000E+00 0.597465E-02
 -.810000E+00 0.103540E-02
 -.790000E+00 -.435153E-02
 -.770000E+00 -.785306E-02
 -.750000E+00 -.795299E-02
 -.730000E+00 -.460854E-02
 -.710000E+00 0.731329E-03
 -.690000E+00 0.575368E-02
 -.670000E+00 0.828342E-02
 -.650000E+00 0.722532E-02
 -.630000E+00 0.303816E-02
 -.610000E+00 -.246418E-02
 -.590000E+00 -.689849E-02
 -.570000E+00 -.834448E-02
 -.550000E+00 -.617634E-02
 -.530000E+00 -.133361E-02
 -.510000E+00 0.408598E-02
 -.490000E+00 0.773517E-02
 -.470000E+00 0.803379E-02
 -.450000E+00 0.485301E-02
 -.430000E+00 -.429092E-03
 -.410000E+00 -.552457E-02
 -.390000E+00 -.822666E-02
 -.370000E+00 -.736546E-02
 -.350000E+00 -.331448E-02
 -.330000E+00 0.217137E-02
 -.310000E+00 0.671601E-02
 -.290000E+00 0.835134E-02
 -.270000E+00 0.636954E-02
 -.250000E+00 0.162945E-02
 -.230000E+00 -.381564E-02
 -.210000E+00 -.760741E-02
 -.190000E+00 -.810392E-02
 -.170000E+00 -.509063E-02
 -.150000E+00 0.126920E-03
 -.130000E+00 0.528873E-02
 -.110000E+00 0.815927E-02
 -.900000E-01 0.749569E-02
 -.700000E-01 0.358590E-02
 -.500000E-01 -.187634E-02
 -.300000E-01 -.652514E-02
 -.100000E-01 -.834728E-02
 0.100000E-01 -.655402E-02
 0.300000E-01 -.192255E-02
 0.500000E-01 0.354088E-02
 0.700000E-01 0.746997E-02
 0.900000E-01 0.816332E-02
 0.110000E+00 0.532110E-02
 0.130000E+00 0.174792E-03
 0.150000E+00 -.504646E-02
 0.170000E+00 -.808136E-02
 0.190000E+00 -.761586E-02
 0.210000E+00 -.385207E-02
 0.230000E+00 0.157946E-02
 0.250000E+00 0.632613E-02
 0.270000E+00 0.833232E-02
 0.290000E+00 0.672956E-02
 0.310000E+00 0.221253E-02
 0.330000E+00 -.326205E-02
 0.350000E+00 -.732307E-02
 0.370000E+00 -.821193E-02
 0.390000E+00 -.554415E-02
 0.410000E+00 -.475651E-03
 0.430000E+00 0.479810E-02
 0.450000E+00 0.799306E-02
 0.470000E+00 0.772583E-02
 0.490000E+00 0.411266E-02
 0.510000E+00 -.128113E-02
 0.530000E+00 -.611928E-02
 0.550000E+00 -.830651E-02
 0.570000E+00 -.689594E-02
 0.590000E+00 -.249902E-02
 0.610000E+00 0.297955E-02
 0.630000E+00 0.716690E-02
 0.650000E+00 0.824971E-02
 0.670000E+00 0.575950E-02
 0.690000E+00 0.775267E-03
 0.710000E+00 -.454399E-02
 0.730000E+00 -.789449E-02
 0.750000E+00 -.782548E-02
 0.770000E+00 -.436733E-02
 0.790000E+00 0.981750E-03
 0.810000E+00 0.590485E-02
 0.830000E+00 0.826990E-02
 0.850000E+00 0.705297E-02
 0.870000E+00 0.278166E-02
 0.890000E+00 -.269373E-02
 0.910000E+00 -.975716E-02
 0.930000E+00 -.153483E-01
 0.950000E+00 -.142923E-01
 0.970000E+00 -.705016E-02
 0.990000E+00 0.324147E-02




































































































 -.990000E+00 -.727270E-03
 -.970000E+00 -.727026E-03
 -.950000E+00 -.726296E-03
 -.930000E+00 -.725080E-03
 -.910000E+00 -.723378E-03
 -.890000E+00 0.218379E-02
 -.870000E+00 0.799317E-02
 -.850000E+00 0.137940E-01
 -.830000E+00 0.195806E-01
 -.810000E+00 0.253474E-01
 -.790000E+00 0.310887E-01
 -.770000E+00 0.367989E-01
 -.750000E+00 0.424725E-01
 -.730000E+00 0.481039E-01
 -.710000E+00 0.536877E-01
 -.690000E+00 0.592183E-01
 -.670000E+00 0.646905E-01
 -.650000E+00 0.700989E-01
 -.630000E+00 0.754381E-01
 -.610000E+00 0.807031E-01
 -.590000E+00 0.858886E-01
 -.570000E+00 0.909897E-01
 -.550000E+00 0.960013E-01
 -.530000E+00 0.100919E+00
 -.510000E+00 0.105737E+00
 -.490000E+00 0.110451E+00
 -.470000E+00 0.115057E+00
 -.450000E+00 0.119551E+00
 -.430000E+00 0.123926E+00
 -.410000E+00 0.128181E+00
 -.390000E+00 0.132310E+00
 -.370000E+00 0.136309E+00
 -.350000E+00 0.140175E+00
 -.330000E+00 0.143903E+00
 -.310000E+00 0.147491E+00
 -.290000E+00 0.150934E+00
 -.270000E+00 0.154229E+00
 -.250000E+00 0.157374E+00
 -.230000E+00 0.160364E+00
 -.210000E+00 0.163198E+00
 -.190000E+00 0.165872E+00
 -.170000E+00 0.168384E+00
 -.150000E+00 0.170732E+00
 -.130000E+00 0.172912E+00
 -.110000E+00 0.174924E+00
 -.900000E-01 0.176764E+00
 -.700000E-01 0.178432E+00
 -.500000E-01 0.179926E+00
 -.300000E-01 0.181244E+00
 -.100000E-01 0.182385E+00
 0.100000E-01 0.183348E+00
 0.300000E-01 0.184132E+00
 0.500000E-01 0.184736E+00
 0.700000E-01 0.185160E+00
 0.900000E-01 0.185404E+00
 0.110000E+00 0.185466E+00
 0.130000E+00 0.185348E+00
 0.150000E+00 0.185049E+00
 0.170000E+00 0.184569E+00
 0.190000E+00 0.183909E+00
 0.210000E+00 0.183071E+00
 0.230000E+00 0.182054E+00
 0.250000E+00 0.180859E+00
 0.270000E+00 0.179488E+00
 0.290000E+00 0.177943E+00
 0.310000E+00 0.176224E+00
 0.330000E+00 0.174333E+00
 0.350000E+00 0.172273E+00
 0.370000E+00 0.170045E+00
 0.390000E+00 0.167652E+00
 0.410000E+00 0.165095E+00
 0.430000E+00 0.162378E+00
 0.450000E+00 0.159503E+00
 0.470000E+00 0.156473E+00
 0.490000E+00 0.153290E+00
 0.510000E+00 0.149959E+00
 0.530000E+00 0.146482E+00
 0.550000E+00 0.142862E+00
 0.570000E+00 0.139104E+00
 0.590000E+00 0.135210E+00
 0.610000E+00 0.131186E+00
 0.630000E+00 0.127033E+00
 0.650000E+00 0.122758E+00
 0.670000E+00 0.118363E+00
 0.690000E+00 0.113854E+00
 0.710000E+00 0.109234E+00
 0.730000E+00 0.104509E+00
 0.750000E+00 0.996816E-01
 0.770000E+00 0.947581E-01
 0.790000E+00 0.897429E-01
 0.810000E+00 0.846408E-01
 0.830000E+00 0.794568E-01
 0.850000E+00 0.741961E-01
 0.870000E+00 0.688637E-01
 0.890000E+00 0.634649E-01
 0.910000E+00 0.551199E-01
 0.930000E+00 0.438271E-01
 0.950000E+00 0.324818E-01
 0.970000E+00 0.210979E-01
 0.990000E+00 0.968923E-02




































































































 -.990000E+00 -.335851E-02
 -.970000E+00 -.335845E-02
 -.950000E+00 -.335829E-02
 -.930000E+00 -.335802E-02
 -.910000E+00 -.335765E-02
 -.890000E+00 0.111304E-03
 -.870000E+00 0.704795E-02
 -.850000E+00 0.139825E-01
 -.830000E+00 0.209134E-01
 -.810000E+00 0.278394E-01
 -.790000E+00 0.347590E-01
 -.770000E+00 0.416708E-01
 -.750000E+00 0.485734E-01
 -.730000E+00 0.554655E-01
 -.710000E+00 0.623455E-01
 -.690000E+00 0.692121E-01
 -.670000E+00 0.760639E-01
 -.650000E+00 0.828994E-01
 -.630000E+00 0.897174E-01
 -.610000E+00 0.965164E-01
 -.590000E+00 0.103295E+00
 -.570000E+00 0.110052E+00
 -.550000E+00 0.116786E+00
 -.530000E+00 0.123495E+00
 -.510000E+00 0.130178E+00
 -.490000E+00 0.136834E+00
 -.470000E+00 0.143461E+00
 -.450000E+00 0.150059E+00
 -.430000E+00 0.156625E+00
 -.410000E+00 0.163158E+00
 -.390000E+00 0.169658E+00
 -.370000E+00 0.176122E+00
 -.350000E+00 0.182549E+00
 -.330000E+00 0.188939E+00
 -.310000E+00 0.195289E+00
 -.290000E+00 0.201598E+00
 -.270000E+00 0.207866E+00
 -.250000E+00 0.214091E+00
 -.230000E+00 0.220271E+00
 -.210000E+00 0.226406E+00
 -.190000E+00 0.232493E+00
 -.170000E+00 0.238533E+00
 -.150000E+00 0.244523E+00
 -.130000E+00 0.250462E+00
 -.110000E+00 0.256350E+00
 -.900000E-01 0.262185E+00
 -.700000E-01 0.267965E+00
 -.500000E-01 0.273690E+00
 -.300000E-01 0.279358E+00
 -.100000E-01 0.284969E+00
 0.100000E-01 0.290521E+00
 0.300000E-01 0.296012E+00
 0.500000E-01 0.301443E+00
 0.700000E-01 0.306811E+00
 0.900000E-01 0.312117E+00
 0.110000E+00 0.317357E+00
 0.130000E+00 0.322533E+00
 0.150000E+00 0.327641E+00
 0.170000E+00 0.332682E+00
 0.190000E+00 0.337655E+00
 0.210000E+00 0.342558E+00
 0.230000E+00 0.347391E+00
 0.250000E+00 0.352152E+00
 0.270000E+00 0.356840E+00
 0.290000E+00 0.361455E+00
 0.310000E+00 0.365995E+00
 0.330000E+00 0.370461E+00
 0.350000E+00 0.374850E+00
 0.370000E+00 0.379162E+00
 0.390000E+00 0.383396E+00
 0.410000E+00 0.387551E+00
 0.430000E+00 0.391627E+00
 0.450000E+00 0.395622E+00
 0.470000E+00 0.399536E+00
 0.490000E+00 0.403368E+00
 0.510000E+00 0.407117E+00
 0.530000E+00 0.410782E+00
 0.550000E+00 0.414363E+00
 0.570000E+00 0.417859E+00
 0.590000E+00 0.421270E+00
 0.610000E+00 0.424594E+00
 0.630000E+00 0.427831E+00
 0.650000E+00 0.430981E+00
 0.670000E+00 0.434042E+00
 0.690000E+00 0.437014E+00
 0.710000E+00 0.439897E+00
 0.730000E+00 0.442690E+00
 0.750000E+00 0.445392E+00
 0.770000E+00 0.448004E+00
 0.790000E+00 0.450523E+00
 0.810000E+00 0.452951E+00
 0.830000E+00 0.455285E+00
 0.850000E+00 0.457527E+00
 0.870000E+00 0.459676E+00
 0.890000E+00 0.461730E+00
 0.910000E+00 0.461430E+00
 0.930000E+00 0.458779E+00
 0.950000E+00 0.456040E+00
 0.970000E+00 0.453212E+00
 0.990000E+00 0.450294E+00




































































































 -.990000E+00 -.729298E+00
 -.970000E+00 -.729298E+00
 -.950000E+00 -.729297E+00
 -.930000E+00 -.729296E+00
 -.910000E+00 -.729295E+00
 -.890000E+00 -.726659E+00
 -.870000E+00 -.721357E+00
 -.850000E+00 -.716014E+00
 -.830000E+00 -.710629E+00
 -.810000E+00 -.705204E+00
 -.790000E+00 -.699738E+00
 -.770000E+00 -.694232E+00
 -.750000E+00 -.688686E+00
 -.730000E+00 -.683101E+00
 -.710000E+00 -.677476E+00
 -.690000E+00 -.671812E+00
 -.670000E+00 -.666110E+00
 -.650000E+00 -.660370E+00
 -.630000E+00 -.654592E+00
 -.610000E+00 -.648777E+00
 -.590000E+00 -.642925E+00
 -.570000E+00 -.637035E+00
 -.550000E+00 -.631110E+00
 -.530000E+00 -.625148E+00
 -.510000E+00 -.619151E+00
 -.490000E+00 -.613118E+00
 -.470000E+00 -.607051E+00
 -.450000E+00 -.600949E+00
 -.430000E+00 -.594812E+00
 -.410000E+00 -.588642E+00
 -.390000E+00 -.582438E+00
 -.370000E+00 -.576201E+00
 -.350000E+00 -.569932E+00
 -.330000E+00 -.563630E+00
 -.310000E+00 -.557295E+00
 -.290000E+00 -.550930E+00
 -.270000E+00 -.544532E+00
 -.250000E+00 -.538104E+00
 -.230000E+00 -.531646E+00
 -.210000E+00 -.525157E+00
 -.190000E+00 -.518638E+00
 -.170000E+00 -.512090E+00
 -.150000E+00 -.505513E+00
 -.130000E+00 -.498907E+00
 -.110000E+00 -.492273E+00
 -.900000E-01 -.485611E+00
 -.700000E-01 -.478921E+00
 -.500000E-01 -.472204E+00
 -.300000E-01 -.465460E+00
 -.100000E-01 -.458690E+00
 0.100000E-01 -.451894E+00
 0.300000E-01 -.445072E+00
 0.500000E-01 -.438225E+00
 0.700000E-01 -.431353E+00
 0.900000E-01 -.424457E+00
 0.110000E+00 -.417536E+00
 0.130000E+00 -.410592E+00
 0.150000E+00 -.403625E+00
 0.170000E+00 -.396634E+00
 0.190000E+00 -.389621E+00
 0.210000E+00 -.382586E+00
 0.230000E+00 -.375529E+00
 0.250000E+00 -.368451E+00
 0.270000E+00 -.361351E+00
 0.290000E+00 -.354231E+00
 0.310000E+00 -.347091E+00
 0.330000E+00 -.339931E+00
 0.350000E+00 -.332752E+00
 0.370000E+00 -.325554E+00
 0.390000E+00 -.318337E+00
 0.410000E+00 -.311101E+00
 0.430000E+00 -.303848E+00
 0.450000E+00 -.296578E+00
 0.470000E+00 -.289291E+00
 0.490000E+00 -.281987E+00
 0.510000E+00 -.274666E+00
 0.530000E+00 -.267330E+00
 0.550000E+00 -.259979E+00
 0.570000E+00 -.252612E+00
 0.590000E+00 -.245231E+00
 0.610000E+00 -.237836E+00
 0.630000E+00 -.230427E+00
 0.650000E+00 -.223004E+00
 0.670000E+00 -.215569E+00
 0.690000E+00 -.208121E+00
 0.710000E+00 -.200660E+00
 0.730000E+00 -.193188E+00
 0.750000E+00 -.185705E+00
 0.770000E+00 -.178211E+00
 0.790000E+00 -.170706E+00
 0.810000E+00 -.163191E+00
 0.830000E+00 -.155666E+00
 0.850000E+00 -.148132E+00
 0.870000E+00 -.140589E+00
 0.890000E+00 -.133038E+00
 0.910000E+00 -.131001E+00
 0.930000E+00 -.134479E+00
 0.950000E+00 -.137951E+00
 0.970000E+00 -.141416E+00
 0.990000E+00 -.144874E+00




































































































 -.990000E+00 -.952257E+00
 -.970000E+00 -.952257E+00
 -.950000E+00 -.952256E+00
 -.930000E+00 -.952256E+00
 -.910000E+00 -.952256E+00
 -.890000E+00 -.951731E+00
 -.870000E+00 -.950673E+00
 -.850000E+00 -.949603E+00
 -.830000E+00 -.948523E+00
 -.810000E+00 -.947432E+00
 -.790000E+00 -.946329E+00
 -.770000E+00 -.945216E+00
 -.750000E+00 -.944092E+00
 -.730000E+00 -.942956E+00
 -.710000E+00 -.941810E+00
 -.690000E+00 -.940653E+00
 -.670000E+00 -.939485E+00
 -.650000E+00 -.938306E+00
 -.630000E+00 -.937116E+00
 -.610000E+00 -.935915E+00
 -.590000E+00 -.934703E+00
 -.570000E+00 -.933481E+00
 -.550000E+00 -.932248E+00
 -.530000E+00 -.931004E+00
 -.510000E+00 -.929749E+00
 -.490000E+00 -.928483E+00
 -.470000E+00 -.927207E+00
 -.450000E+00 -.925920E+00
 -.430000E+00 -.924623E+00
 -.410000E+00 -.923314E+00
 -.390000E+00 -.921995E+00
 -.370000E+00 -.920665E+00
 -.350000E+00 -.919325E+00
 -.330000E+00 -.917974E+00
 -.310000E+00 -.916613E+00
 -.290000E+00 -.915241E+00
 -.270000E+00 -.913858E+00
 -.250000E+00 -.912465E+00
 -.230000E+00 -.911061E+00
 -.210000E+00 -.909647E+00
 -.190000E+00 -.908222E+00
 -.170000E+00 -.906787E+00
 -.150000E+00 -.905342E+00
 -.130000E+00 -.903886E+00
 -.110000E+00 -.902419E+00
 -.900000E-01 -.900943E+00
 -.700000E-01 -.899456E+00
 -.500000E-01 -.897958E+00
 -.300000E-01 -.896450E+00
 -.100000E-01 -.894932E+00
 0.100000E-01 -.893404E+00
 0.300000E-01 -.891866E+00
 0.500000E-01 -.890317E+00
 0.700000E-01 -.888758E+00
 0.900000E-01 -.887189E+00
 0.110000E+00 -.885609E+00
 0.130000E+00 -.884020E+00
 0.150000E+00 -.882420E+00
 0.170000E+00 -.880810E+00
 0.190000E+00 -.879191E+00
 0.210000E+00 -.877561E+00
 0.230000E+00 -.875921E+00
 0.250000E+00 -.874271E+00
 0.270000E+00 -.872611E+00
 0.290000E+00 -.870941E+00
 0.310000E+00 -.869261E+00
 0.330000E+00 -.867571E+00
 0.350000E+00 -.865871E+00
 0.370000E+00 -.864162E+00
 0.390000E+00 -.862442E+00
 0.410000E+00 -.860713E+00
 0.430000E+00 -.858974E+00
 0.450000E+00 -.857225E+00
 0.470000E+00 -.855466E+00
 0.490000E+00 -.853697E+00
 0.510000E+00 -.851919E+00
 0.530000E+00 -.850131E+00
 0.550000E+00 -.848333E+00
 0.570000E+00 -.846526E+00
 0.590000E+00 -.844709E+00
 0.610000E+00 -.842882E+00
 0.630000E+00 -.841046E+00
 0.650000E+00 -.839200E+00
 0.670000E+00 -.837345E+00
 0.690000E+00 -.835480E+00
 0.710000E+00 -.833606E+00
 0.730000E+00 -.831722E+00
 0.750000E+00 -.829828E+00
 0.770000E+00 -.827926E+00
 0.790000E+00 -.826013E+00
 0.810000E+00 -.824092E+00
 0.830000E+00 -.822161E+00
 0.850000E+00 -.820221E+00
 0.870000E+00 -.818271E+00
 0.890000E+00 -.816312E+00
 0.910000E+00 -.816225E+00
 0.930000E+00 -.817997E+00
 0.950000E+00 -.819746E+00
 0.970000E+00 -.821472E+00
 0.990000E+00 -.823174E+00




































































































 -.990000E+00 -.999995E+00
 -.970000E+00 -.999995E+00
 -.950000E+00 -.999995E+00
 -.930000E+00 -.999995E+00
 -.910000E+00 -.999995E+00
 -.890000E+00 -.999995E+00
 -.870000E+00 -.999995E+00
 -.850000E+00 -.999995E+00
 -.830000E+00 -.999995E+00
 -.810000E+00 -.999995E+00
 -.790000E+00 -.999995E+00
 -.770000E+00 -.999995E+00
 -.750000E+00 -.999995E+00
 -.730000E+00 -.999995E+00
 -.710000E+00 -.999995E+00
 -.690000E+00 -.999994E+00
 -.670000E+00 -.999994E+00
 -.650000E+00 -.999994E+00
 -.630000E+00 -.999994E+00
 -.610000E+00 -.999994E+00
 -.590000E+00 -.999994E+00
 -.570000E+00 -.999994E+00
 -.550000E+00 -.999994E+00
 -.530000E+00 -.999994E+00
 -.510000E+00 -.999994E+00
 -.490000E+00 -.999994E+00
 -.470000E+00 -.999994E+00
 -.450000E+00 -.999994E+00
 -.430000E+00 -.999994E+00
 -.410000E+00 -.999994E+00
 -.390000E+00 -.999994E+00
 -.370000E+00 -.999994E+00
 -.350000E+00 -.999994E+00
 -.330000E+00 -.999994E+00
 -.310000E+00 -.999993E+00
 -.290000E+00 -.999993E+00
 -.270000E+00 -.999993E+00
 -.250000E+00 -.999993E+00
 -.230000E+00 -.999993E+00
 -.210000E+00 -.999993E+00
 -.190000E+00 -.999993E+00
 -.170000E+00 -.999993E+00
 -.150000E+00 -.999993E+00
 -.130000E+00 -.999993E+00
 -.110000E+00 -.999993E+00
 -.900000E-01 -.999993E+00
 -.700000E-01 -.999993E+00
 -.500000E-01 -.999993E+00
 -.300000E-01 -.999993E+00
 -.100000E-01 -.999993E+00
 0.100000E-01 -.999993E+00
 0.300000E-01 -.999993E+00
 0.500000E-01 -.999992E+00
 0.700000E-01 -.999992E+00
 0.900000E-01 -.999992E+00
 0.110000E+00 -.999992E+00
 0.130000E+00 -.999992E+00
 0.150000E+00 -.999992E+00
 0.170000E+00 -.999992E+00
 0.190000E+00 -.999992E+00
 0.210000E+00 -.999992E+00
 0.230000E+00 -.999992E+00
 0.250000E+00 -.999992E+00
 0.270000E+00 -.999992E+00
 0.290000E+00 -.999992E+00
 0.310000E+00 -.999992E+00
 0.330000E+00 -.999992E+00
 0.350000E+00 -.999992E+00
 0.370000E+00 -.999992E+00
 0.390000E+00 -.999992E+00
 0.410000E+00 -.999991E+00
 0.430000E+00 -.999991E+00
 0.450000E+00 -.999991E+00
 0.470000E+00 -.999991E+00
 0.490000E+00 -.999991E+00
 0.510000E+00 -.999991E+00
 0.530000E+00 -.999991E+00
 0.550000E+00 -.999991E+00
 0.570000E+00 -.999991E+00
 0.590000E+00 -.999991E+00
 0.610000E+00 -.999991E+00
 0.630000E+00 -.999991E+00
 0.650000E+00 -.999991E+00
 0.670000E+00 -.999991E+00
 0.690000E+00 -.999991E+00
 0.710000E+00 -.999991E+00
 0.730000E+00 -.999991E+00
 0.750000E+00 -.999991E+00
 0.770000E+00 -.999990E+00
 0.790000E+00 -.999990E+00
 0.810000E+00 -.999990E+00
 0.830000E+00 -.999990E+00
 0.850000E+00 -.999990E+00
 0.870000E+00 -.999990E+00
 0.890000E+00 -.999990E+00
 0.910000E+00 -.999990E+00
 0.930000E+00 -.999990E+00
 0.950000E+00 -.999990E+00
 0.970000E+00 -.999990E+00
 0.990000E+00 -.999990E+00




































































































 -.990000E+00 -.952257E+00
 -.970000E+00 -.952257E+00
 -.950000E+00 -.952256E+00
 -.930000E+00 -.952256E+00
 -.910000E+00 -.952256E+00
 -.890000E+00 -.951731E+00
 -.870000E+00 -.950673E+00
 -.850000E+00 -.949603E+00
 -.830000E+00 -.948523E+00
 -.810000E+00 -.947432E+00
 -.790000E+00 -.946329E+00
 -.770000E+00 -.945216E+00
 -.750000E+00 -.944092E+00
 -.730000E+00 -.942956E+00
 -.710000E+00 -.941810E+00
 -.690000E+00 -.940653E+00
 -.670000E+00 -.939485E+00
 -.650000E+00 -.938306E+00
 -.630000E+00 -.937116E+00
 -.610000E+00 -.935915E+00
 -.590000E+00 -.934703E+00
 -.570000E+00 -.933481E+00
 -.550000E+00 -.932248E+00
 -.530000E+00 -.931004E+00
 -.510000E+00 -.929749E+00
 -.490000E+00 -.928483E+00
 -.470000E+00 -.927207E+00
 -.450000E+00 -.925920E+00
 -.430000E+00 -.924623E+00
 -.410000E+00 -.923314E+00
 -.390000E+00 -.921995E+00
 -.370000E+00 -.920665E+00
 -.350000E+00 -.919325E+00
 -.330000E+00 -.917974E+00
 -.310000E+00 -.916613E+00
 -.290000E+00 -.915241E+00
 -.270000E+00 -.913858E+00
 -.250000E+00 -.912465E+00
 -.230000E+00 -.911061E+00
 -.210000E+00 -.909647E+00
 -.190000E+00 -.908222E+00
 -.170000E+00 -.906787E+00
 -.150000E+00 -.905342E+00
 -.130000E+00 -.903886E+00
 -.110000E+00 -.902419E+00
 -.900000E-01 -.900943E+00
 -.700000E-01 -.899456E+00
 -.500000E-01 -.897958E+00
 -.300000E-01 -.896450E+00
 -.100000E-01 -.894932E+00
 0.100000E-01 -.893404E+00
 0.300000E-01 -.891866E+00
 0.500000E-01 -.890317E+00
 0.700000E-01 -.888758E+00
 0.900000E-01 -.887189E+00
 0.110000E+00 -.885609E+00
 0.130000E+00 -.884020E+00
 0.150000E+00 -.882420E+00
 0.170000E+00 -.880810E+00
 0.190000E+00 -.879191E+00
 0.210000E+00 -.877561E+00
 0.230000E+00 -.875921E+00
 0.250000E+00 -.874271E+00
 0.270000E+00 -.872611E+00
 0.290000E+00 -.870941E+00
 0.310000E+00 -.869261E+00
 0.330000E+00 -.867571E+00
 0.350000E+00 -.865871E+00
 0.370000E+00 -.864162E+00
 0.390000E+00 -.862442E+00
 0.410000E+00 -.860713E+00
 0.430000E+00 -.858974E+00
 0.450000E+00 -.857225E+00
 0.470000E+00 -.855466E+00
 0.490000E+00 -.853697E+00
 0.510000E+00 -.851919E+00
 0.530000E+00 -.850131E+00
 0.550000E+00 -.848333E+00
 0.570000E+00 -.846526E+00
 0.590000E+00 -.844709E+00
 0.610000E+00 -.842882E+00
 0.630000E+00 -.841046E+00
 0.650000E+00 -.839200E+00
 0.670000E+00 -.837345E+00
 0.690000E+00 -.835480E+00
 0.710000E+00 -.833606E+00
 0.730000E+00 -.831722E+00
 0.750000E+00 -.829828E+00
 0.770000E+00 -.827926E+00
 0.790000E+00 -.826013E+00
 0.810000E+00 -.824092E+00
 0.830000E+00 -.822161E+00
 0.850000E+00 -.820221E+00
 0.870000E+00 -.818271E+00
 0.890000E+00 -.816312E+00
 0.910000E+00 -.816225E+00
 0.930000E+00 -.817997E+00
 0.950000E+00 -.819746E+00
 0.970000E+00 -.821472E+00
 0.990000E+00 -.823174E+00




































































































 -.990000E+00 -.729298E+00
 -.970000E+00 -.729298E+00
 -.950000E+00 -.729297E+00
 -.930000E+00 -.729296E+00
 -.910000E+00 -.729295E+00
 -.890000E+00 -.726659E+00
 -.870000E+00 -.721357E+00
 -.850000E+00 -.716014E+00
 -.830000E+00 -.710629E+00
 -.810000E+00 -.705204E+00
 -.790000E+00 -.699738E+00
 -.770000E+00 -.694232E+00
 -.750000E+00 -.688686E+00
 -.730000E+00 -.683101E+00
 -.710000E+00 -.677476E+00
 -.690000E+00 -.671812E+00
 -.670000E+00 -.666110E+00
 -.650000E+00 -.660370E+00
 -.630000E+00 -.654592E+00
 -.610000E+00 -.648777E+00
 -.590000E+00 -.642925E+00
 -.570000E+00 -.637035E+00
 -.550000E+00 -.631110E+00
 -.530000E+00 -.625148E+00
 -.510000E+00 -.619151E+00
 -.490000E+00 -.613118E+00
 -.470000E+00 -.607051E+00
 -.450000E+00 -.600949E+00
 -.430000E+00 -.594812E+00
 -.410000E+00 -.588642E+00
 -.390000E+00 -.582438E+00
 -.370000E+00 -.576201E+00
 -.350000E+00 -.569932E+00
 -.330000E+00 -.563630E+00
 -.310000E+00 -.557295E+00
 -.290000E+00 -.550930E+00
 -.270000E+00 -.544532E+00
 -.250000E+00 -.538104E+00
 -.230000E+00 -.531646E+00
 -.210000E+00 -.525157E+00
 -.190000E+00 -.518638E+00
 -.170000E+00 -.512090E+00
 -.150000E+00 -.505513E+00
 -.130000E+00 -.498907E+00
 -.110000E+00 -.492273E+00
 -.900000E-01 -.485611E+00
 -.700000E-01 -.478921E+00
 -.500000E-01 -.472204E+00
 -.300000E-01 -.465460E+00
 -.100000E-01 -.458690E+00
 0.100000E-01 -.451894E+00
 0.300000E-01 -.445072E+00
 0.500000E-01 -.438225E+00
 0.700000E-01 -.431353E+00
 0.900000E-01 -.424457E+00
 0.110000E+00 -.417536E+00
 0.130000E+00 -.410592E+00
 0.150000E+00 -.403625E+00
 0.170000E+00 -.396634E+00
 0.190000E+00 -.389621E+00
 0.210000E+00 -.382586E+00
 0.230000E+00 -.375529E+00
 0.250000E+00 -.368451E+00
 0.270000E+00 -.361351E+00
 0.290000E+00 -.354231E+00
 0.310000E+00 -.347091E+00
 0.330000E+00 -.339931E+00
 0.350000E+00 -.332752E+00
 0.370000E+00 -.325554E+00
 0.390000E+00 -.318337E+00
 0.410000E+00 -.311101E+00
 0.430000E+00 -.303848E+00
 0.450000E+00 -.296578E+00
 0.470000E+00 -.289291E+00
 0.490000E+00 -.281987E+00
 0.510000E+00 -.274666E+00
 0.530000E+00 -.267330E+00
 0.550000E+00 -.259979E+00
 0.570000E+00 -.252612E+00
 0.590000E+00 -.245231E+00
 0.610000E+00 -.237836E+00
 0.630000E+00 -.230427E+00
 0.650000E+00 -.223004E+00
 0.670000E+00 -.215569E+00
 0.690000E+00 -.208121E+00
 0.710000E+00 -.200660E+00
 0.730000E+00 -.193188E+00
 0.750000E+00 -.185705E+00
 0.770000E+00 -.178211E+00
 0.790000E+00 -.170706E+00
 0.810000E+00 -.163191E+00
 0.830000E+00 -.155666E+00
 0.850000E+00 -.148132E+00
 0.870000E+00 -.140589E+00
 0.890000E+00 -.133038E+00
 0.910000E+00 -.131001E+00
 0.930000E+00 -.134479E+00
 0.950000E+00 -.137951E+00
 0.970000E+00 -.141416E+00
 0.990000E+00 -.144874E+00




































































































 -.990000E+00 -.335851E-02
 -.970000E+00 -.335845E-02
 -.950000E+00 -.335829E-02
 -.930000E+00 -.335802E-02
 -.910000E+00 -.335765E-02
 -.890000E+00 0.111304E-03
 -.870000E+00 0.704795E-02
 -.850000E+00 0.139825E-01
 -.830000E+00 0.209134E-01
 -.810000E+00 0.278394E-01
 -.790000E+00 0.347590E-01
 -.770000E+00 0.416708E-01
 -.750000E+00 0.485734E-01
 -.730000E+00 0.554655E-01
 -.710000E+00 0.623455E-01
 -.690000E+00 0.692121E-01
 -.670000E+00 0.760639E-01
 -.650000E+00 0.828994E-01
 -.630000E+00 0.897174E-01
 -.610000E+00 0.965164E-01
 -.590000E+00 0.103295E+00
 -.570000E+00 0.110052E+00
 -.550000E+00 0.116786E+00
 -.530000E+00 0.123495E+00
 -.510000E+00 0.130178E+00
 -.490000E+00 0.136834E+00
 -.470000E+00 0.143461E+00
 -.450000E+00 0.150059E+00
 -.430000E+00 0.156625E+00
 -.410000E+00 0.163158E+00
 -.390000E+00 0.169658E+00
 -.370000E+00 0.176122E+00
 -.350000E+00 0.182549E+00
 -.330000E+00 0.188939E+00
 -.310000E+00 0.195289E+00
 -.290000E+00 0.201598E+00
 -.270000E+00 0.207866E+00
 -.250000E+00 0.214091E+00
 -.230000E+00 0.220271E+00
 -.210000E+00 0.226406E+00
 -.190000E+00 0.232493E+00
 -.170000E+00 0.238533E+00
 -.150000E+00 0.244523E+00
 -.130000E+00 0.250462E+00
 -.110000E+00 0.256350E+00
 -.900000E-01 0.262185E+00
 -.700000E-01 0.267965E+00
 -.500000E-01 0.273690E+00
 -.300000E-01 0.279358E+00
 -.100000E-01 0.284969E+00
 0.100000E-01 0.290521E+00
 0.300000E-01 0.296012E+00
 0.500000E-01 0.301443E+00
 0.700000E-01 0.306811E+00
 0.900000E-01 0.312117E+00
 0.110000E+00 0.317357E+00
 0.130000E+00 0.322533E+00
 0.150000E+00 0.327641E+00
 0.170000E+00 0.332682E+00
 0.190000E+00 0.337655E+00
 0.210000E+00 0.342558E+00
 0.230000E+00 0.347391E+00
 0.250000E+00 0.352152E+00
 0.270000E+00 0.356840E+00
 0.290000E+00 0.361455E+00
 0.310000E+00 0.365995E+00
 0.330000E+00 0.370461E+00
 0.350000E+00 0.374850E+00
 0.370000E+00 0.379162E+00
 0.390000E+00 0.383396E+00
 0.410000E+00 0.387551E+00
 0.430000E+00 0.391627E+00
 0.450000E+00 0.395622E+00
 0.470000E+00 0.399536E+00
 0.490000E+00 0.403368E+00
 0.510000E+00 0.407117E+00
 0.530000E+00 0.410782E+00
 0.550000E+00 0.414363E+00
 0.570000E+00 0.417859E+00
 0.590000E+00 0.421270E+00
 0.610000E+00 0.424594E+00
 0.630000E+00 0.427831E+00
 0.650000E+00 0.430981E+00
 0.670000E+00 0.434042E+00
 0.690000E+00 0.437014E+00
 0.710000E+00 0.439897E+00
 0.730000E+00 0.442690E+00
 0.750000E+00 0.445392E+00
 0.770000E+00 0.448004E+00
 0.790000E+00 0.450523E+00
 0.810000E+00 0.452951E+00
 0.830000E+00 0.455285E+00
 0.850000E+00 0.457527E+00
 0.870000E+00 0.459676E+00
 0.890000E+00 0.461730E+00
 0.910000E+00 0.461430E+00
 0.930000E+00 0.458779E+00
 0.950000E+00 0.456040E+00
 0.970000E+00 0.453212E+00
 0.990000E+00 0.450294E+00




































































































 -.990000E+00 -.727270E-03
 -.970000E+00 -.727026E-03
 -.950000E+00 -.726296E-03
 -.930000E+00 -.725080E-03
 -.910000E+00 -.723378E-03
 -.890000E+00 0.218379E-02
 -.870000E+00 0.799317E-02
 -.850000E+00 0.137940E-01
 -.830000E+00 0.195806E-01
 -.810000E+00 0.253474E-01
 -.790000E+00 0.310887E-01
 -.770000E+00 0.367989E-01
 -.750000E+00 0.424725E-01
 -.730000E+00 0.481039E-01
 -.710000E+00 0.536877E-01
 -.690000E+00 0.592183E-01
 -.670000E+00 0.646905E-01
 -.650000E+00 0.700989E-01
 -.630000E+00 0.754381E-01
 -.610000E+00 0.807031E-01
 -.590000E+00 0.858886E-01
 -.570000E+00 0.909897E-01
 -.550000E+00 0.960013E-01
 -.530000E+00 0.100919E+00
 -.510000E+00 0.105737E+00
 -.490000E+00 0.110451E+00
 -.470000E+00 0.115057E+00
 -.450000E+00 0.119551E+00
 -.430000E+00 0.123926E+00
 -.410000E+00 0.128181E+00
 -.390000E+00 0.132310E+00
 -.370000E+00 0.136309E+00
 -.350000E+00 0.140175E+00
 -.330000E+00 0.143903E+00
 -.310000E+00 0.147491E+00
 -.290000E+00 0.150934E+00
 -.270000E+00 0.154229E+00
 -.250000E+00 0.157374E+00
 -.230000E+00 0.160364E+00
 -.210000E+00 0.163198E+00
 -.190000E+00 0.165872E+00
 -.170000E+00 0.168384E+00
 -.150000E+00 0.170732E+00
 -.130000E+00 0.172912E+00
 -.110000E+00 0.174924E+00
 -.900000E-01 0.176764E+00
 -.700000E-01 0.178432E+00
 -.500000E-01 0.179926E+00
 -.300000E-01 0.181244E+00
 -.100000E-01 0.182385E+00
 0.100000E-01 0.183348E+00
 0.300000E-01 0.184132E+00
 0.500000E-01 0.184736E+00
 0.700000E-01 0.185160E+00
 0.900000E-01 0.185404E+00
 0.110000E+00 0.185466E+00
 0.130000E+00 0.185348E+00
 0.150000E+00 0.185049E+00
 0.170000E+00 0.184569E+00
 0.190000E+00 0.183909E+00
 0.210000E+00 0.183071E+00
 0.230000E+00 0.182054E+00
 0.250000E+00 0.180859E+00
 0.270000E+00 0.179488E+00
 0.290000E+00 0.177943E+00
 0.310000E+00 0.176224E+00
 0.330000E+00 0.174333E+00
 0.350000E+00 0.172273E+00
 0.370000E+00 0.170045E+00
 0.390000E+00 0.167652E+00
 0.410000E+00 0.165095E+00
 0.430000E+00 0.162378E+00
 0.450000E+00 0.159503E+00
 0.470000E+00 0.156473E+00
 0.490000E+00 0.153290E+00
 0.510000E+00 0.149959E+00
 0.530000E+00 0.146482E+00
 0.550000E+00 0.142862E+00
 0.570000E+00 0.139104E+00
 0.590000E+00 0.135210E+00
 0.610000E+00 0.131186E+00
 0.630000E+00 0.127033E+00
 0.650000E+00 0.122758E+00
 0.670000E+00 0.118363E+00
 0.690000E+00 0.113854E+00
 0.710000E+00 0.109234E+00
 0.730000E+00 0.104509E+00
 0.750000E+00 0.996816E-01
 0.770000E+00 0.947581E-01
 0.790000E+00 0.897429E-01
 0.810000E+00 0.846408E-01
 0.830000E+00 0.794568E-01
 0.850000E+00 0.741961E-01
 0.870000E+00 0.688637E-01
 0.890000E+00 0.634649E-01
 0.910000E+00 0.551199E-01
 0.930000E+00 0.438271E-01
 0.950000E+00 0.324818E-01
 0.970000E+00 0.210979E-01
 0.990000E+00 0.968923E-02




































































































 -.990000E+00 0.882183E-06
 -.970000E+00 0.621329E-06
 -.950000E+00 -.303486E-07
 -.930000E+00 -.790680E-06
 -.910000E+00 -.133045E-05
 -.890000E+00 0.275437E-02
 -.870000E+00 0.707232E-02
 -.850000E+00 0.832668E-02
 -.830000E+00 0.597465E-02
 -.810000E+00 0.103540E-02
 -.790000E+00 -.435153E-02
 -.770000E+00 -.785306E-02
 -.750000E+00 -.795299E-02
 -.730000E+00 -.460854E-02
 -.710000E+00 0.731329E-03
 -.690000E+00 0.575368E-02
 -.670000E+00 0.828342E-02
 -.650000E+00 0.722532E-02
 -.630000E+00 0.303816E-02
 -.610000E+00 -.246418E-02
 -.590000E+00 -.689849E-02
 -.570000E+00 -.834448E-02
 -.550000E+00 -.617634E-02
 -.530000E+00 -.133361E-02
 -.510000E+00 0.408598E-02
 -.490000E+00 0.773517E-02
 -.470000E+00 0.803379E-02
 -.450000E+00 0.485301E-02
 -.430000E+00 -.429092E-03
 -.410000E+00 -.552457E-02
 -.390000E+00 -.822666E-02
 -.370000E+00 -.736546E-02
 -.350000E+00 -.331448E-02
 -.330000E+00 0.217137E-02
 -.310000E+00 0.671601E-02
 -.290000E+00 0.835134E-02
 -.270000E+00 0.636954E-02
 -.250000E+00 0.162945E-02
 -.230000E+00 -.381564E-02
 -.210000E+00 -.760741E-02
 -.190000E+00 -.810392E-02
 -.170000E+00 -.509063E-02
 -.150000E+00 0.126920E-03
 -.130000E+00 0.528873E-02
 -.110000E+00 0.815927E-02
 -.900000E-01 0.749569E-02
 -.700000E-01 0.358590E-02
 -.500000E-01 -.187634E-02
 -.300000E-01 -.652514E-02
 -.100000E-01 -.834728E-02
 0.100000E-01 -.655402E-02
 0.300000E-01 -.192255E-02
 0.500000E-01 0.354088E-02
 0.700000E-01 0.746997E-02
 0.900000E-01 0.816332E-02
 0.110000E+00 0.532110E-02
 0.130000E+00 0.174792E-03
 0.150000E+00 -.504646E-02
 0.170000E+00 -.808136E-02
 0.190000E+00 -.761586E-02
 0.210000E+00 -.385207E-02
 0.230000E+00 0.157946E-02
 0.250000E+00 0.632613E-02
 0.270000E+00 0.833232E-02
 0.290000E+00 0.672956E-02
 0.310000E+00 0.221253E-02
 0.330000E+00 -.326205E-02
 0.350000E+00 -.732307E-02
 0.370000E+00 -.821193E-02
 0.390000E+00 -.554415E-02
 0.410000E+00 -.475651E-03
 0.430000E+00 0.479810E-02
 0.450000E+00 0.799306E-02
 0.470000E+00 0.772583E-02
 0.490000E+00 0.411266E-02
 0.510000E+00 -.128113E-02
 0.530000E+00 -.611928E-02
 0.550000E+00 -.830651E-02
 0.570000E+00 -.689594E-02
 0.590000E+00 -.249902E-02
 0.610000E+00 0.297955E-02
 0.630000E+00 0.716690E-02
 0.650000E+00 0.824971E-02
 0.670000E+00 0.575950E-02
 0.690000E+00 0.775267E-03
 0.710000E+00 -.454399E-02
 0.730000E+00 -.789449E-02
 0.750000E+00 -.782548E-02
 0.770000E+00 -.436733E-02
 0.790000E+00 0.981750E-03
 0.810000E+00 0.590485E-02
 0.830000E+00 0.826990E-02
 0.850000E+00 0.705297E-02
 0.870000E+00 0.278166E-02
 0.890000E+00 -.269373E-02
 0.910000E+00 -.975716E-02
 0.930000E+00 -.153483E-01
 0.950000E+00 -.142923E-01
 0.970000E+00 -.705016E-02
 0.990000E+00 0.324147E-02




































































































