 -.990000E+00 -.837473E-02
 -.970000E+00 -.837474E-02
 -.950000E+00 -.837485E-02
 -.930000E+00 -.837502E-02
 -.910000E+00 -.837516E-02
 -.890000E+00 -.790881E-02
 -.870000E+00 -.448364E-02
 -.850000E+00 0.882849E-03
 -.830000E+00 0.586619E-02
 -.810000E+00 0.830820E-02
 -.790000E+00 0.715165E-02
 -.770000E+00 0.289796E-02
 -.750000E+00 -.261018E-02
 -.730000E+00 -.698706E-02
 -.710000E+00 -.833727E-02
 -.690000E+00 -.607648E-02
 -.670000E+00 -.118437E-02
 -.650000E+00 0.421996E-02
 -.630000E+00 0.779587E-02
 -.610000E+00 0.799493E-02
 -.590000E+00 0.473143E-02
 -.570000E+00 -.580716E-03
 -.550000E+00 -.564058E-02
 -.530000E+00 -.825681E-02
 -.510000E+00 -.729671E-02
 -.490000E+00 -.317662E-02
 -.470000E+00 0.231863E-02
 -.450000E+00 0.680888E-02
 -.430000E+00 0.834961E-02
 -.410000E+00 0.627398E-02
 -.390000E+00 0.148145E-02
 -.370000E+00 -.395197E-02
 -.350000E+00 -.767303E-02
 -.330000E+00 -.807042E-02
 -.310000E+00 -.497253E-02
 -.290000E+00 0.278451E-03
 -.270000E+00 0.540806E-02
 -.250000E+00 0.819474E-02
 -.230000E+00 0.743194E-02
 -.210000E+00 0.345055E-02
 -.190000E+00 -.202465E-02
 -.170000E+00 -.662218E-02
 -.150000E+00 -.835103E-02
 -.130000E+00 -.646287E-02
 -.110000E+00 -.177599E-02
 -.900000E-01 0.367937E-02
 -.700000E-01 0.754042E-02
 -.500000E-01 0.813521E-02
 -.300000E-01 0.520664E-02
 -.100000E-01 0.235529E-04
 0.100000E-01 -.516897E-02
 0.300000E-01 -.812209E-02
 0.500000E-01 -.755717E-02
 0.700000E-01 -.371941E-02
 0.900000E-01 0.172863E-02
 0.110000E+00 0.642721E-02
 0.130000E+00 0.834153E-02
 0.150000E+00 0.664293E-02
 0.170000E+00 0.206759E-02
 0.190000E+00 -.340252E-02
 0.210000E+00 -.739823E-02
 0.230000E+00 -.818924E-02
 0.250000E+00 -.543346E-02
 0.270000E+00 -.324901E-03
 0.290000E+00 0.492361E-02
 0.310000E+00 0.803898E-02
 0.330000E+00 0.767228E-02
 0.350000E+00 0.398285E-02
 0.370000E+00 -.143097E-02
 0.390000E+00 -.622425E-02
 0.410000E+00 -.832116E-02
 0.430000E+00 -.681394E-02
 0.450000E+00 -.235589E-02
 0.470000E+00 0.312181E-02
 0.490000E+00 0.724667E-02
 0.510000E+00 0.823246E-02
 0.530000E+00 0.565271E-02
 0.550000E+00 0.625201E-03
 0.570000E+00 -.467233E-02
 0.590000E+00 -.794554E-02
 0.610000E+00 -.777712E-02
 0.630000E+00 -.424054E-02
 0.650000E+00 0.113206E-02
 0.670000E+00 0.601358E-02
 0.690000E+00 0.828995E-02
 0.710000E+00 0.697569E-02
 0.730000E+00 0.264052E-02
 0.750000E+00 -.283760E-02
 0.770000E+00 -.708596E-02
 0.790000E+00 -.826484E-02
 0.810000E+00 -.586412E-02
 0.830000E+00 -.924062E-03
 0.850000E+00 0.441547E-02
 0.870000E+00 0.784191E-02
 0.890000E+00 0.787159E-02
 0.910000E+00 0.402556E-02
 0.930000E+00 -.472332E-02
 0.950000E+00 -.150499E-01
 0.970000E+00 -.224834E-01
 0.990000E+00 -.238086E-01




































































































 -.990000E+00 -.186015E+00
 -.970000E+00 -.186015E+00
 -.950000E+00 -.186015E+00
 -.930000E+00 -.186015E+00
 -.910000E+00 -.186015E+00
 -.890000E+00 -.185993E+00
 -.870000E+00 -.185813E+00
 -.850000E+00 -.185452E+00
 -.830000E+00 -.184910E+00
 -.810000E+00 -.184188E+00
 -.790000E+00 -.183286E+00
 -.770000E+00 -.182206E+00
 -.750000E+00 -.180948E+00
 -.730000E+00 -.179514E+00
 -.710000E+00 -.177904E+00
 -.690000E+00 -.176122E+00
 -.670000E+00 -.174168E+00
 -.650000E+00 -.172044E+00
 -.630000E+00 -.169753E+00
 -.610000E+00 -.167296E+00
 -.590000E+00 -.164677E+00
 -.570000E+00 -.161897E+00
 -.550000E+00 -.158960E+00
 -.530000E+00 -.155868E+00
 -.510000E+00 -.152625E+00
 -.490000E+00 -.149233E+00
 -.470000E+00 -.145696E+00
 -.450000E+00 -.142017E+00
 -.430000E+00 -.138200E+00
 -.410000E+00 -.134249E+00
 -.390000E+00 -.130168E+00
 -.370000E+00 -.125960E+00
 -.350000E+00 -.121630E+00
 -.330000E+00 -.117181E+00
 -.310000E+00 -.112619E+00
 -.290000E+00 -.107948E+00
 -.270000E+00 -.103172E+00
 -.250000E+00 -.982965E-01
 -.230000E+00 -.933255E-01
 -.210000E+00 -.882642E-01
 -.190000E+00 -.831174E-01
 -.170000E+00 -.778904E-01
 -.150000E+00 -.725880E-01
 -.130000E+00 -.672156E-01
 -.110000E+00 -.617785E-01
 -.900000E-01 -.562818E-01
 -.700000E-01 -.507310E-01
 -.500000E-01 -.451315E-01
 -.300000E-01 -.394888E-01
 -.100000E-01 -.338084E-01
 0.100000E-01 -.280959E-01
 0.300000E-01 -.223567E-01
 0.500000E-01 -.165966E-01
 0.700000E-01 -.108211E-01
 0.900000E-01 -.503589E-02
 0.110000E+00 0.753403E-03
 0.130000E+00 0.654113E-02
 0.150000E+00 0.123216E-01
 0.170000E+00 0.180893E-01
 0.190000E+00 0.238385E-01
 0.210000E+00 0.295636E-01
 0.230000E+00 0.352591E-01
 0.250000E+00 0.409194E-01
 0.270000E+00 0.465390E-01
 0.290000E+00 0.521123E-01
 0.310000E+00 0.576341E-01
 0.330000E+00 0.630989E-01
 0.350000E+00 0.685013E-01
 0.370000E+00 0.738362E-01
 0.390000E+00 0.790984E-01
 0.410000E+00 0.842826E-01
 0.430000E+00 0.893840E-01
 0.450000E+00 0.943975E-01
 0.470000E+00 0.993182E-01
 0.490000E+00 0.104141E+00
 0.510000E+00 0.108862E+00
 0.530000E+00 0.113477E+00
 0.550000E+00 0.117979E+00
 0.570000E+00 0.122367E+00
 0.590000E+00 0.126634E+00
 0.610000E+00 0.130777E+00
 0.630000E+00 0.134792E+00
 0.650000E+00 0.138675E+00
 0.670000E+00 0.142423E+00
 0.690000E+00 0.146031E+00
 0.710000E+00 0.149496E+00
 0.730000E+00 0.152815E+00
 0.750000E+00 0.155984E+00
 0.770000E+00 0.159001E+00
 0.790000E+00 0.161863E+00
 0.810000E+00 0.164566E+00
 0.830000E+00 0.167108E+00
 0.850000E+00 0.169488E+00
 0.870000E+00 0.171701E+00
 0.890000E+00 0.173747E+00
 0.910000E+00 0.175658E+00
 0.930000E+00 0.177280E+00
 0.950000E+00 0.178527E+00
 0.970000E+00 0.179397E+00
 0.990000E+00 0.179887E+00




































































































 -.990000E+00 -.484997E+00
 -.970000E+00 -.484997E+00
 -.950000E+00 -.484998E+00
 -.930000E+00 -.484998E+00
 -.910000E+00 -.484998E+00
 -.890000E+00 -.484995E+00
 -.870000E+00 -.484915E+00
 -.850000E+00 -.484737E+00
 -.830000E+00 -.484460E+00
 -.810000E+00 -.484085E+00
 -.790000E+00 -.483611E+00
 -.770000E+00 -.483039E+00
 -.750000E+00 -.482369E+00
 -.730000E+00 -.481601E+00
 -.710000E+00 -.480735E+00
 -.690000E+00 -.479771E+00
 -.670000E+00 -.478710E+00
 -.650000E+00 -.477552E+00
 -.630000E+00 -.476297E+00
 -.610000E+00 -.474945E+00
 -.590000E+00 -.473496E+00
 -.570000E+00 -.471952E+00
 -.550000E+00 -.470311E+00
 -.530000E+00 -.468575E+00
 -.510000E+00 -.466744E+00
 -.490000E+00 -.464818E+00
 -.470000E+00 -.462798E+00
 -.450000E+00 -.460684E+00
 -.430000E+00 -.458476E+00
 -.410000E+00 -.456175E+00
 -.390000E+00 -.453782E+00
 -.370000E+00 -.451296E+00
 -.350000E+00 -.448719E+00
 -.330000E+00 -.446051E+00
 -.310000E+00 -.443292E+00
 -.290000E+00 -.440444E+00
 -.270000E+00 -.437506E+00
 -.250000E+00 -.434480E+00
 -.230000E+00 -.431365E+00
 -.210000E+00 -.428163E+00
 -.190000E+00 -.424874E+00
 -.170000E+00 -.421499E+00
 -.150000E+00 -.418039E+00
 -.130000E+00 -.414494E+00
 -.110000E+00 -.410865E+00
 -.900000E-01 -.407153E+00
 -.700000E-01 -.403358E+00
 -.500000E-01 -.399482E+00
 -.300000E-01 -.395525E+00
 -.100000E-01 -.391488E+00
 0.100000E-01 -.387372E+00
 0.300000E-01 -.383178E+00
 0.500000E-01 -.378906E+00
 0.700000E-01 -.374558E+00
 0.900000E-01 -.370134E+00
 0.110000E+00 -.365635E+00
 0.130000E+00 -.361062E+00
 0.150000E+00 -.356417E+00
 0.170000E+00 -.351700E+00
 0.190000E+00 -.346912E+00
 0.210000E+00 -.342054E+00
 0.230000E+00 -.337127E+00
 0.250000E+00 -.332132E+00
 0.270000E+00 -.327071E+00
 0.290000E+00 -.321943E+00
 0.310000E+00 -.316751E+00
 0.330000E+00 -.311496E+00
 0.350000E+00 -.306178E+00
 0.370000E+00 -.300798E+00
 0.390000E+00 -.295358E+00
 0.410000E+00 -.289859E+00
 0.430000E+00 -.284302E+00
 0.450000E+00 -.278688E+00
 0.470000E+00 -.273018E+00
 0.490000E+00 -.267294E+00
 0.510000E+00 -.261516E+00
 0.530000E+00 -.255686E+00
 0.550000E+00 -.249805E+00
 0.570000E+00 -.243874E+00
 0.590000E+00 -.237895E+00
 0.610000E+00 -.231869E+00
 0.630000E+00 -.225796E+00
 0.650000E+00 -.219679E+00
 0.670000E+00 -.213518E+00
 0.690000E+00 -.207315E+00
 0.710000E+00 -.201071E+00
 0.730000E+00 -.194787E+00
 0.750000E+00 -.188465E+00
 0.770000E+00 -.182105E+00
 0.790000E+00 -.175710E+00
 0.810000E+00 -.169280E+00
 0.830000E+00 -.162817E+00
 0.850000E+00 -.156323E+00
 0.870000E+00 -.149798E+00
 0.890000E+00 -.143243E+00
 0.910000E+00 -.137029E+00
 0.930000E+00 -.131177E+00
 0.950000E+00 -.125330E+00
 0.970000E+00 -.119490E+00
 0.990000E+00 -.113657E+00




































































































 -.990000E+00 -.684186E+00
 -.970000E+00 -.684186E+00
 -.950000E+00 -.684187E+00
 -.930000E+00 -.684188E+00
 -.910000E+00 -.684189E+00
 -.890000E+00 -.686988E+00
 -.870000E+00 -.692553E+00
 -.850000E+00 -.698076E+00
 -.830000E+00 -.703556E+00
 -.810000E+00 -.708994E+00
 -.790000E+00 -.714389E+00
 -.770000E+00 -.719741E+00
 -.750000E+00 -.725049E+00
 -.730000E+00 -.730314E+00
 -.710000E+00 -.735535E+00
 -.690000E+00 -.740711E+00
 -.670000E+00 -.745843E+00
 -.650000E+00 -.750930E+00
 -.630000E+00 -.755972E+00
 -.610000E+00 -.760968E+00
 -.590000E+00 -.765919E+00
 -.570000E+00 -.770824E+00
 -.550000E+00 -.775683E+00
 -.530000E+00 -.780496E+00
 -.510000E+00 -.785262E+00
 -.490000E+00 -.789981E+00
 -.470000E+00 -.794653E+00
 -.450000E+00 -.799277E+00
 -.430000E+00 -.803854E+00
 -.410000E+00 -.808383E+00
 -.390000E+00 -.812865E+00
 -.370000E+00 -.817297E+00
 -.350000E+00 -.821682E+00
 -.330000E+00 -.826017E+00
 -.310000E+00 -.830304E+00
 -.290000E+00 -.834541E+00
 -.270000E+00 -.838729E+00
 -.250000E+00 -.842868E+00
 -.230000E+00 -.846956E+00
 -.210000E+00 -.850995E+00
 -.190000E+00 -.854983E+00
 -.170000E+00 -.858921E+00
 -.150000E+00 -.862809E+00
 -.130000E+00 -.866645E+00
 -.110000E+00 -.870430E+00
 -.900000E-01 -.874165E+00
 -.700000E-01 -.877847E+00
 -.500000E-01 -.881479E+00
 -.300000E-01 -.885058E+00
 -.100000E-01 -.888586E+00
 0.100000E-01 -.892061E+00
 0.300000E-01 -.895484E+00
 0.500000E-01 -.898854E+00
 0.700000E-01 -.902172E+00
 0.900000E-01 -.905437E+00
 0.110000E+00 -.908649E+00
 0.130000E+00 -.911808E+00
 0.150000E+00 -.914914E+00
 0.170000E+00 -.917966E+00
 0.190000E+00 -.920964E+00
 0.210000E+00 -.923909E+00
 0.230000E+00 -.926800E+00
 0.250000E+00 -.929636E+00
 0.270000E+00 -.932419E+00
 0.290000E+00 -.935147E+00
 0.310000E+00 -.937820E+00
 0.330000E+00 -.940439E+00
 0.350000E+00 -.943003E+00
 0.370000E+00 -.945512E+00
 0.390000E+00 -.947967E+00
 0.410000E+00 -.950366E+00
 0.430000E+00 -.952709E+00
 0.450000E+00 -.954997E+00
 0.470000E+00 -.957230E+00
 0.490000E+00 -.959407E+00
 0.510000E+00 -.961528E+00
 0.530000E+00 -.963594E+00
 0.550000E+00 -.965603E+00
 0.570000E+00 -.967556E+00
 0.590000E+00 -.969453E+00
 0.610000E+00 -.971294E+00
 0.630000E+00 -.973078E+00
 0.650000E+00 -.974806E+00
 0.670000E+00 -.976477E+00
 0.690000E+00 -.978092E+00
 0.710000E+00 -.979649E+00
 0.730000E+00 -.981150E+00
 0.750000E+00 -.982594E+00
 0.770000E+00 -.983981E+00
 0.790000E+00 -.985310E+00
 0.810000E+00 -.986583E+00
 0.830000E+00 -.987798E+00
 0.850000E+00 -.988956E+00
 0.870000E+00 -.990056E+00
 0.890000E+00 -.991099E+00
 0.910000E+00 -.991370E+00
 0.930000E+00 -.990904E+00
 0.950000E+00 -.990427E+00
 0.970000E+00 -.989938E+00
 0.990000E+00 -.989438E+00




































































































 -.990000E+00 -.305282E+00
 -.970000E+00 -.305282E+00
 -.950000E+00 -.305282E+00
 -.930000E+00 -.305283E+00
 -.910000E+00 -.305284E+00
 -.890000E+00 -.306917E+00
 -.870000E+00 -.310179E+00
 -.850000E+00 -.313437E+00
 -.830000E+00 -.316691E+00
 -.810000E+00 -.319941E+00
 -.790000E+00 -.323187E+00
 -.770000E+00 -.326429E+00
 -.750000E+00 -.329666E+00
 -.730000E+00 -.332900E+00
 -.710000E+00 -.336129E+00
 -.690000E+00 -.339353E+00
 -.670000E+00 -.342574E+00
 -.650000E+00 -.345790E+00
 -.630000E+00 -.349002E+00
 -.610000E+00 -.352209E+00
 -.590000E+00 -.355411E+00
 -.570000E+00 -.358610E+00
 -.550000E+00 -.361803E+00
 -.530000E+00 -.364992E+00
 -.510000E+00 -.368177E+00
 -.490000E+00 -.371357E+00
 -.470000E+00 -.374532E+00
 -.450000E+00 -.377702E+00
 -.430000E+00 -.380868E+00
 -.410000E+00 -.384029E+00
 -.390000E+00 -.387185E+00
 -.370000E+00 -.390336E+00
 -.350000E+00 -.393482E+00
 -.330000E+00 -.396623E+00
 -.310000E+00 -.399760E+00
 -.290000E+00 -.402891E+00
 -.270000E+00 -.406017E+00
 -.250000E+00 -.409138E+00
 -.230000E+00 -.412254E+00
 -.210000E+00 -.415365E+00
 -.190000E+00 -.418471E+00
 -.170000E+00 -.421572E+00
 -.150000E+00 -.424667E+00
 -.130000E+00 -.427757E+00
 -.110000E+00 -.430842E+00
 -.900000E-01 -.433921E+00
 -.700000E-01 -.436995E+00
 -.500000E-01 -.440064E+00
 -.300000E-01 -.443127E+00
 -.100000E-01 -.446185E+00
 0.100000E-01 -.449237E+00
 0.300000E-01 -.452284E+00
 0.500000E-01 -.455325E+00
 0.700000E-01 -.458360E+00
 0.900000E-01 -.461390E+00
 0.110000E+00 -.464414E+00
 0.130000E+00 -.467432E+00
 0.150000E+00 -.470445E+00
 0.170000E+00 -.473452E+00
 0.190000E+00 -.476453E+00
 0.210000E+00 -.479449E+00
 0.230000E+00 -.482438E+00
 0.250000E+00 -.485421E+00
 0.270000E+00 -.488399E+00
 0.290000E+00 -.491371E+00
 0.310000E+00 -.494336E+00
 0.330000E+00 -.497296E+00
 0.350000E+00 -.500250E+00
 0.370000E+00 -.503197E+00
 0.390000E+00 -.506138E+00
 0.410000E+00 -.509074E+00
 0.430000E+00 -.512003E+00
 0.450000E+00 -.514925E+00
 0.470000E+00 -.517842E+00
 0.490000E+00 -.520752E+00
 0.510000E+00 -.523656E+00
 0.530000E+00 -.526554E+00
 0.550000E+00 -.529445E+00
 0.570000E+00 -.532330E+00
 0.590000E+00 -.535209E+00
 0.610000E+00 -.538081E+00
 0.630000E+00 -.540946E+00
 0.650000E+00 -.543805E+00
 0.670000E+00 -.546658E+00
 0.690000E+00 -.549503E+00
 0.710000E+00 -.552343E+00
 0.730000E+00 -.555175E+00
 0.750000E+00 -.558001E+00
 0.770000E+00 -.560820E+00
 0.790000E+00 -.563633E+00
 0.810000E+00 -.566439E+00
 0.830000E+00 -.569238E+00
 0.850000E+00 -.572030E+00
 0.870000E+00 -.574815E+00
 0.890000E+00 -.577594E+00
 0.910000E+00 -.577717E+00
 0.930000E+00 -.575204E+00
 0.950000E+00 -.572709E+00
 0.970000E+00 -.570231E+00
 0.990000E+00 -.567772E+00




































































































 -.990000E+00 -.738234E-04
 -.970000E+00 -.738235E-04
 -.950000E+00 -.738235E-04
 -.930000E+00 -.738237E-04
 -.910000E+00 -.738238E-04
 -.890000E+00 -.742386E-04
 -.870000E+00 -.750680E-04
 -.850000E+00 -.758972E-04
 -.830000E+00 -.767264E-04
 -.810000E+00 -.775554E-04
 -.790000E+00 -.783844E-04
 -.770000E+00 -.792133E-04
 -.750000E+00 -.800422E-04
 -.730000E+00 -.808709E-04
 -.710000E+00 -.816996E-04
 -.690000E+00 -.825281E-04
 -.670000E+00 -.833566E-04
 -.650000E+00 -.841850E-04
 -.630000E+00 -.850134E-04
 -.610000E+00 -.858416E-04
 -.590000E+00 -.866698E-04
 -.570000E+00 -.874978E-04
 -.550000E+00 -.883258E-04
 -.530000E+00 -.891537E-04
 -.510000E+00 -.899815E-04
 -.490000E+00 -.908093E-04
 -.470000E+00 -.916369E-04
 -.450000E+00 -.924645E-04
 -.430000E+00 -.932920E-04
 -.410000E+00 -.941194E-04
 -.390000E+00 -.949467E-04
 -.370000E+00 -.957740E-04
 -.350000E+00 -.966011E-04
 -.330000E+00 -.974282E-04
 -.310000E+00 -.982552E-04
 -.290000E+00 -.990821E-04
 -.270000E+00 -.999089E-04
 -.250000E+00 -.100736E-03
 -.230000E+00 -.101562E-03
 -.210000E+00 -.102389E-03
 -.190000E+00 -.103215E-03
 -.170000E+00 -.104042E-03
 -.150000E+00 -.104868E-03
 -.130000E+00 -.105694E-03
 -.110000E+00 -.106520E-03
 -.900000E-01 -.107347E-03
 -.700000E-01 -.108173E-03
 -.500000E-01 -.108998E-03
 -.300000E-01 -.109824E-03
 -.100000E-01 -.110650E-03
 0.100000E-01 -.111476E-03
 0.300000E-01 -.112301E-03
 0.500000E-01 -.113127E-03
 0.700000E-01 -.113952E-03
 0.900000E-01 -.114777E-03
 0.110000E+00 -.115603E-03
 0.130000E+00 -.116428E-03
 0.150000E+00 -.117253E-03
 0.170000E+00 -.118078E-03
 0.190000E+00 -.118903E-03
 0.210000E+00 -.119728E-03
 0.230000E+00 -.120552E-03
 0.250000E+00 -.121377E-03
 0.270000E+00 -.122201E-03
 0.290000E+00 -.123026E-03
 0.310000E+00 -.123850E-03
 0.330000E+00 -.124675E-03
 0.350000E+00 -.125499E-03
 0.370000E+00 -.126323E-03
 0.390000E+00 -.127147E-03
 0.410000E+00 -.127971E-03
 0.430000E+00 -.128795E-03
 0.450000E+00 -.129619E-03
 0.470000E+00 -.130443E-03
 0.490000E+00 -.131266E-03
 0.510000E+00 -.132090E-03
 0.530000E+00 -.132913E-03
 0.550000E+00 -.133737E-03
 0.570000E+00 -.134560E-03
 0.590000E+00 -.135383E-03
 0.610000E+00 -.136206E-03
 0.630000E+00 -.137029E-03
 0.650000E+00 -.137852E-03
 0.670000E+00 -.138675E-03
 0.690000E+00 -.139498E-03
 0.710000E+00 -.140321E-03
 0.730000E+00 -.141143E-03
 0.750000E+00 -.141966E-03
 0.770000E+00 -.142788E-03
 0.790000E+00 -.143611E-03
 0.810000E+00 -.144433E-03
 0.830000E+00 -.145255E-03
 0.850000E+00 -.146077E-03
 0.870000E+00 -.146900E-03
 0.890000E+00 -.147722E-03
 0.910000E+00 -.147713E-03
 0.930000E+00 -.146880E-03
 0.950000E+00 -.146057E-03
 0.970000E+00 -.145243E-03
 0.990000E+00 -.144438E-03




































































































 -.990000E+00 0.305282E+00
 -.970000E+00 0.305282E+00
 -.950000E+00 0.305282E+00
 -.930000E+00 0.305283E+00
 -.910000E+00 0.305284E+00
 -.890000E+00 0.306917E+00
 -.870000E+00 0.310179E+00
 -.850000E+00 0.313437E+00
 -.830000E+00 0.316691E+00
 -.810000E+00 0.319941E+00
 -.790000E+00 0.323187E+00
 -.770000E+00 0.326429E+00
 -.750000E+00 0.329666E+00
 -.730000E+00 0.332900E+00
 -.710000E+00 0.336129E+00
 -.690000E+00 0.339353E+00
 -.670000E+00 0.342574E+00
 -.650000E+00 0.345790E+00
 -.630000E+00 0.349002E+00
 -.610000E+00 0.352209E+00
 -.590000E+00 0.355411E+00
 -.570000E+00 0.358610E+00
 -.550000E+00 0.361803E+00
 -.530000E+00 0.364992E+00
 -.510000E+00 0.368177E+00
 -.490000E+00 0.371357E+00
 -.470000E+00 0.374532E+00
 -.450000E+00 0.377702E+00
 -.430000E+00 0.380868E+00
 -.410000E+00 0.384029E+00
 -.390000E+00 0.387185E+00
 -.370000E+00 0.390336E+00
 -.350000E+00 0.393482E+00
 -.330000E+00 0.396623E+00
 -.310000E+00 0.399760E+00
 -.290000E+00 0.402891E+00
 -.270000E+00 0.406017E+00
 -.250000E+00 0.409138E+00
 -.230000E+00 0.412254E+00
 -.210000E+00 0.415365E+00
 -.190000E+00 0.418471E+00
 -.170000E+00 0.421572E+00
 -.150000E+00 0.424667E+00
 -.130000E+00 0.427757E+00
 -.110000E+00 0.430842E+00
 -.900000E-01 0.433921E+00
 -.700000E-01 0.436995E+00
 -.500000E-01 0.440064E+00
 -.300000E-01 0.443127E+00
 -.100000E-01 0.446185E+00
 0.100000E-01 0.449237E+00
 0.300000E-01 0.452284E+00
 0.500000E-01 0.455325E+00
 0.700000E-01 0.458360E+00
 0.900000E-01 0.461390E+00
 0.110000E+00 0.464414E+00
 0.130000E+00 0.467432E+00
 0.150000E+00 0.470445E+00
 0.170000E+00 0.473452E+00
 0.190000E+00 0.476453E+00
 0.210000E+00 0.479449E+00
 0.230000E+00 0.482438E+00
 0.250000E+00 0.485421E+00
 0.270000E+00 0.488399E+00
 0.290000E+00 0.491371E+00
 0.310000E+00 0.494336E+00
 0.330000E+00 0.497296E+00
 0.350000E+00 0.500250E+00
 0.370000E+00 0.503197E+00
 0.390000E+00 0.506138E+00
 0.410000E+00 0.509074E+00
 0.430000E+00 0.512003E+00
 0.450000E+00 0.514925E+00
 0.470000E+00 0.517842E+00
 0.490000E+00 0.520752E+00
 0.510000E+00 0.523656E+00
 0.530000E+00 0.526554E+00
 0.550000E+00 0.529445E+00
 0.570000E+00 0.532330E+00
 0.590000E+00 0.535209E+00
 0.610000E+00 0.538081E+00
 0.630000E+00 0.540946E+00
 0.650000E+00 0.543805E+00
 0.670000E+00 0.546658E+00
 0.690000E+00 0.549503E+00
 0.710000E+00 0.552343E+00
 0.730000E+00 0.555175E+00
 0.750000E+00 0.558001E+00
 0.770000E+00 0.560820E+00
 0.790000E+00 0.563633E+00
 0.810000E+00 0.566439E+00
 0.830000E+00 0.569238E+00
 0.850000E+00 0.572030E+00
 0.870000E+00 0.574815E+00
 0.890000E+00 0.577594E+00
 0.910000E+00 0.577717E+00
 0.930000E+00 0.575204E+00
 0.950000E+00 0.572709E+00
 0.970000E+00 0.570231E+00
 0.990000E+00 0.567772E+00




































































































 -.990000E+00 0.684186E+00
 -.970000E+00 0.684186E+00
 -.950000E+00 0.684187E+00
 -.930000E+00 0.684188E+00
 -.910000E+00 0.684189E+00
 -.890000E+00 0.686988E+00
 -.870000E+00 0.692553E+00
 -.850000E+00 0.698076E+00
 -.830000E+00 0.703556E+00
 -.810000E+00 0.708994E+00
 -.790000E+00 0.714389E+00
 -.770000E+00 0.719741E+00
 -.750000E+00 0.725049E+00
 -.730000E+00 0.730314E+00
 -.710000E+00 0.735535E+00
 -.690000E+00 0.740711E+00
 -.670000E+00 0.745843E+00
 -.650000E+00 0.750930E+00
 -.630000E+00 0.755972E+00
 -.610000E+00 0.760968E+00
 -.590000E+00 0.765919E+00
 -.570000E+00 0.770824E+00
 -.550000E+00 0.775683E+00
 -.530000E+00 0.780496E+00
 -.510000E+00 0.785262E+00
 -.490000E+00 0.789981E+00
 -.470000E+00 0.794653E+00
 -.450000E+00 0.799277E+00
 -.430000E+00 0.803854E+00
 -.410000E+00 0.808383E+00
 -.390000E+00 0.812865E+00
 -.370000E+00 0.817297E+00
 -.350000E+00 0.821682E+00
 -.330000E+00 0.826017E+00
 -.310000E+00 0.830304E+00
 -.290000E+00 0.834541E+00
 -.270000E+00 0.838729E+00
 -.250000E+00 0.842868E+00
 -.230000E+00 0.846956E+00
 -.210000E+00 0.850995E+00
 -.190000E+00 0.854983E+00
 -.170000E+00 0.858921E+00
 -.150000E+00 0.862809E+00
 -.130000E+00 0.866645E+00
 -.110000E+00 0.870430E+00
 -.900000E-01 0.874165E+00
 -.700000E-01 0.877847E+00
 -.500000E-01 0.881479E+00
 -.300000E-01 0.885058E+00
 -.100000E-01 0.888586E+00
 0.100000E-01 0.892061E+00
 0.300000E-01 0.895484E+00
 0.500000E-01 0.898854E+00
 0.700000E-01 0.902172E+00
 0.900000E-01 0.905437E+00
 0.110000E+00 0.908649E+00
 0.130000E+00 0.911808E+00
 0.150000E+00 0.914914E+00
 0.170000E+00 0.917966E+00
 0.190000E+00 0.920964E+00
 0.210000E+00 0.923909E+00
 0.230000E+00 0.926800E+00
 0.250000E+00 0.929636E+00
 0.270000E+00 0.932419E+00
 0.290000E+00 0.935147E+00
 0.310000E+00 0.937820E+00
 0.330000E+00 0.940439E+00
 0.350000E+00 0.943003E+00
 0.370000E+00 0.945512E+00
 0.390000E+00 0.947967E+00
 0.410000E+00 0.950366E+00
 0.430000E+00 0.952709E+00
 0.450000E+00 0.954997E+00
 0.470000E+00 0.957230E+00
 0.490000E+00 0.959407E+00
 0.510000E+00 0.961528E+00
 0.530000E+00 0.963594E+00
 0.550000E+00 0.965603E+00
 0.570000E+00 0.967556E+00
 0.590000E+00 0.969453E+00
 0.610000E+00 0.971294E+00
 0.630000E+00 0.973078E+00
 0.650000E+00 0.974806E+00
 0.670000E+00 0.976477E+00
 0.690000E+00 0.978092E+00
 0.710000E+00 0.979649E+00
 0.730000E+00 0.981150E+00
 0.750000E+00 0.982594E+00
 0.770000E+00 0.983981E+00
 0.790000E+00 0.985310E+00
 0.810000E+00 0.986583E+00
 0.830000E+00 0.987798E+00
 0.850000E+00 0.988956E+00
 0.870000E+00 0.990056E+00
 0.890000E+00 0.991099E+00
 0.910000E+00 0.991370E+00
 0.930000E+00 0.990904E+00
 0.950000E+00 0.990427E+00
 0.970000E+00 0.989938E+00
 0.990000E+00 0.989438E+00




































































































 -.990000E+00 0.484997E+00
 -.970000E+00 0.484997E+00
 -.950000E+00 0.484998E+00
 -.930000E+00 0.484998E+00
 -.910000E+00 0.484998E+00
 -.890000E+00 0.484995E+00
 -.870000E+00 0.484915E+00
 -.850000E+00 0.484737E+00
 -.830000E+00 0.484460E+00
 -.810000E+00 0.484085E+00
 -.790000E+00 0.483611E+00
 -.770000E+00 0.483039E+00
 -.750000E+00 0.482369E+00
 -.730000E+00 0.481601E+00
 -.710000E+00 0.480735E+00
 -.690000E+00 0.479771E+00
 -.670000E+00 0.478710E+00
 -.650000E+00 0.477552E+00
 -.630000E+00 0.476297E+00
 -.610000E+00 0.474945E+00
 -.590000E+00 0.473496E+00
 -.570000E+00 0.471952E+00
 -.550000E+00 0.470311E+00
 -.530000E+00 0.468575E+00
 -.510000E+00 0.466744E+00
 -.490000E+00 0.464818E+00
 -.470000E+00 0.462798E+00
 -.450000E+00 0.460684E+00
 -.430000E+00 0.458476E+00
 -.410000E+00 0.456175E+00
 -.390000E+00 0.453782E+00
 -.370000E+00 0.451296E+00
 -.350000E+00 0.448719E+00
 -.330000E+00 0.446051E+00
 -.310000E+00 0.443292E+00
 -.290000E+00 0.440444E+00
 -.270000E+00 0.437506E+00
 -.250000E+00 0.434480E+00
 -.230000E+00 0.431365E+00
 -.210000E+00 0.428163E+00
 -.190000E+00 0.424874E+00
 -.170000E+00 0.421499E+00
 -.150000E+00 0.418039E+00
 -.130000E+00 0.414494E+00
 -.110000E+00 0.410865E+00
 -.900000E-01 0.407153E+00
 -.700000E-01 0.403358E+00
 -.500000E-01 0.399482E+00
 -.300000E-01 0.395525E+00
 -.100000E-01 0.391488E+00
 0.100000E-01 0.387372E+00
 0.300000E-01 0.383178E+00
 0.500000E-01 0.378906E+00
 0.700000E-01 0.374558E+00
 0.900000E-01 0.370134E+00
 0.110000E+00 0.365635E+00
 0.130000E+00 0.361062E+00
 0.150000E+00 0.356417E+00
 0.170000E+00 0.351700E+00
 0.190000E+00 0.346912E+00
 0.210000E+00 0.342054E+00
 0.230000E+00 0.337127E+00
 0.250000E+00 0.332132E+00
 0.270000E+00 0.327071E+00
 0.290000E+00 0.321943E+00
 0.310000E+00 0.316751E+00
 0.330000E+00 0.311496E+00
 0.350000E+00 0.306178E+00
 0.370000E+00 0.300798E+00
 0.390000E+00 0.295358E+00
 0.410000E+00 0.289859E+00
 0.430000E+00 0.284302E+00
 0.450000E+00 0.278688E+00
 0.470000E+00 0.273018E+00
 0.490000E+00 0.267294E+00
 0.510000E+00 0.261516E+00
 0.530000E+00 0.255686E+00
 0.550000E+00 0.249805E+00
 0.570000E+00 0.243874E+00
 0.590000E+00 0.237895E+00
 0.610000E+00 0.231869E+00
 0.630000E+00 0.225796E+00
 0.650000E+00 0.219679E+00
 0.670000E+00 0.213518E+00
 0.690000E+00 0.207315E+00
 0.710000E+00 0.201071E+00
 0.730000E+00 0.194787E+00
 0.750000E+00 0.188465E+00
 0.770000E+00 0.182105E+00
 0.790000E+00 0.175710E+00
 0.810000E+00 0.169280E+00
 0.830000E+00 0.162817E+00
 0.850000E+00 0.156323E+00
 0.870000E+00 0.149798E+00
 0.890000E+00 0.143243E+00
 0.910000E+00 0.137029E+00
 0.930000E+00 0.131177E+00
 0.950000E+00 0.125330E+00
 0.970000E+00 0.119490E+00
 0.990000E+00 0.113657E+00




































































































 -.990000E+00 0.186015E+00
 -.970000E+00 0.186015E+00
 -.950000E+00 0.186015E+00
 -.930000E+00 0.186015E+00
 -.910000E+00 0.186015E+00
 -.890000E+00 0.185993E+00
 -.870000E+00 0.185813E+00
 -.850000E+00 0.185452E+00
 -.830000E+00 0.184910E+00
 -.810000E+00 0.184188E+00
 -.790000E+00 0.183286E+00
 -.770000E+00 0.182206E+00
 -.750000E+00 0.180948E+00
 -.730000E+00 0.179514E+00
 -.710000E+00 0.177904E+00
 -.690000E+00 0.176122E+00
 -.670000E+00 0.174168E+00
 -.650000E+00 0.172044E+00
 -.630000E+00 0.169753E+00
 -.610000E+00 0.167296E+00
 -.590000E+00 0.164677E+00
 -.570000E+00 0.161897E+00
 -.550000E+00 0.158960E+00
 -.530000E+00 0.155868E+00
 -.510000E+00 0.152625E+00
 -.490000E+00 0.149233E+00
 -.470000E+00 0.145696E+00
 -.450000E+00 0.142017E+00
 -.430000E+00 0.138200E+00
 -.410000E+00 0.134249E+00
 -.390000E+00 0.130168E+00
 -.370000E+00 0.125960E+00
 -.350000E+00 0.121630E+00
 -.330000E+00 0.117181E+00
 -.310000E+00 0.112619E+00
 -.290000E+00 0.107948E+00
 -.270000E+00 0.103172E+00
 -.250000E+00 0.982965E-01
 -.230000E+00 0.933255E-01
 -.210000E+00 0.882642E-01
 -.190000E+00 0.831174E-01
 -.170000E+00 0.778904E-01
 -.150000E+00 0.725880E-01
 -.130000E+00 0.672156E-01
 -.110000E+00 0.617785E-01
 -.900000E-01 0.562818E-01
 -.700000E-01 0.507310E-01
 -.500000E-01 0.451315E-01
 -.300000E-01 0.394888E-01
 -.100000E-01 0.338084E-01
 0.100000E-01 0.280959E-01
 0.300000E-01 0.223567E-01
 0.500000E-01 0.165966E-01
 0.700000E-01 0.108211E-01
 0.900000E-01 0.503589E-02
 0.110000E+00 -.753403E-03
 0.130000E+00 -.654113E-02
 0.150000E+00 -.123216E-01
 0.170000E+00 -.180893E-01
 0.190000E+00 -.238385E-01
 0.210000E+00 -.295636E-01
 0.230000E+00 -.352591E-01
 0.250000E+00 -.409194E-01
 0.270000E+00 -.465390E-01
 0.290000E+00 -.521123E-01
 0.310000E+00 -.576341E-01
 0.330000E+00 -.630989E-01
 0.350000E+00 -.685013E-01
 0.370000E+00 -.738362E-01
 0.390000E+00 -.790984E-01
 0.410000E+00 -.842826E-01
 0.430000E+00 -.893840E-01
 0.450000E+00 -.943975E-01
 0.470000E+00 -.993182E-01
 0.490000E+00 -.104141E+00
 0.510000E+00 -.108862E+00
 0.530000E+00 -.113477E+00
 0.550000E+00 -.117979E+00
 0.570000E+00 -.122367E+00
 0.590000E+00 -.126634E+00
 0.610000E+00 -.130777E+00
 0.630000E+00 -.134792E+00
 0.650000E+00 -.138675E+00
 0.670000E+00 -.142423E+00
 0.690000E+00 -.146031E+00
 0.710000E+00 -.149496E+00
 0.730000E+00 -.152815E+00
 0.750000E+00 -.155984E+00
 0.770000E+00 -.159001E+00
 0.790000E+00 -.161863E+00
 0.810000E+00 -.164566E+00
 0.830000E+00 -.167108E+00
 0.850000E+00 -.169488E+00
 0.870000E+00 -.171701E+00
 0.890000E+00 -.173747E+00
 0.910000E+00 -.175658E+00
 0.930000E+00 -.177280E+00
 0.950000E+00 -.178527E+00
 0.970000E+00 -.179397E+00
 0.990000E+00 -.179887E+00




































































































 -.990000E+00 0.837473E-02
 -.970000E+00 0.837474E-02
 -.950000E+00 0.837485E-02
 -.930000E+00 0.837502E-02
 -.910000E+00 0.837516E-02
 -.890000E+00 0.790881E-02
 -.870000E+00 0.448364E-02
 -.850000E+00 -.882849E-03
 -.830000E+00 -.586619E-02
 -.810000E+00 -.830820E-02
 -.790000E+00 -.715165E-02
 -.770000E+00 -.289796E-02
 -.750000E+00 0.261018E-02
 -.730000E+00 0.698706E-02
 -.710000E+00 0.833727E-02
 -.690000E+00 0.607648E-02
 -.670000E+00 0.118437E-02
 -.650000E+00 -.421996E-02
 -.630000E+00 -.779587E-02
 -.610000E+00 -.799493E-02
 -.590000E+00 -.473143E-02
 -.570000E+00 0.580716E-03
 -.550000E+00 0.564058E-02
 -.530000E+00 0.825681E-02
 -.510000E+00 0.729671E-02
 -.490000E+00 0.317662E-02
 -.470000E+00 -.231863E-02
 -.450000E+00 -.680888E-02
 -.430000E+00 -.834961E-02
 -.410000E+00 -.627398E-02
 -.390000E+00 -.148145E-02
 -.370000E+00 0.395197E-02
 -.350000E+00 0.767303E-02
 -.330000E+00 0.807042E-02
 -.310000E+00 0.497253E-02
 -.290000E+00 -.278451E-03
 -.270000E+00 -.540806E-02
 -.250000E+00 -.819474E-02
 -.230000E+00 -.743194E-02
 -.210000E+00 -.345055E-02
 -.190000E+00 0.202465E-02
 -.170000E+00 0.662218E-02
 -.150000E+00 0.835103E-02
 -.130000E+00 0.646287E-02
 -.110000E+00 0.177599E-02
 -.900000E-01 -.367937E-02
 -.700000E-01 -.754042E-02
 -.500000E-01 -.813521E-02
 -.300000E-01 -.520664E-02
 -.100000E-01 -.235529E-04
 0.100000E-01 0.516897E-02
 0.300000E-01 0.812209E-02
 0.500000E-01 0.755717E-02
 0.700000E-01 0.371941E-02
 0.900000E-01 -.172863E-02
 0.110000E+00 -.642721E-02
 0.130000E+00 -.834153E-02
 0.150000E+00 -.664293E-02
 0.170000E+00 -.206759E-02
 0.190000E+00 0.340252E-02
 0.210000E+00 0.739823E-02
 0.230000E+00 0.818924E-02
 0.250000E+00 0.543346E-02
 0.270000E+00 0.324901E-03
 0.290000E+00 -.492361E-02
 0.310000E+00 -.803898E-02
 0.330000E+00 -.767228E-02
 0.350000E+00 -.398285E-02
 0.370000E+00 0.143097E-02
 0.390000E+00 0.622425E-02
 0.410000E+00 0.832116E-02
 0.430000E+00 0.681394E-02
 0.450000E+00 0.235589E-02
 0.470000E+00 -.312181E-02
 0.490000E+00 -.724667E-02
 0.510000E+00 -.823246E-02
 0.530000E+00 -.565271E-02
 0.550000E+00 -.625201E-03
 0.570000E+00 0.467233E-02
 0.590000E+00 0.794554E-02
 0.610000E+00 0.777712E-02
 0.630000E+00 0.424054E-02
 0.650000E+00 -.113206E-02
 0.670000E+00 -.601358E-02
 0.690000E+00 -.828995E-02
 0.710000E+00 -.697569E-02
 0.730000E+00 -.264052E-02
 0.750000E+00 0.283760E-02
 0.770000E+00 0.708596E-02
 0.790000E+00 0.826484E-02
 0.810000E+00 0.586412E-02
 0.830000E+00 0.924062E-03
 0.850000E+00 -.441547E-02
 0.870000E+00 -.784191E-02
 0.890000E+00 -.787159E-02
 0.910000E+00 -.402556E-02
 0.930000E+00 0.472332E-02
 0.950000E+00 0.150499E-01
 0.970000E+00 0.224834E-01
 0.990000E+00 0.238086E-01




































































































