 -.990000E+00 -.813498E-04
 -.970000E+00 -.779984E-04
 -.950000E+00 -.592022E-04
 -.930000E+00 -.330984E-04
 -.910000E+00 -.109899E-04
 -.890000E+00 -.940640E-07
 -.870000E+00 0.848549E-05
 -.850000E+00 0.133875E-04
 -.830000E+00 0.124875E-04
 -.810000E+00 0.617559E-05
 -.790000E+00 -.281273E-05
 -.770000E+00 -.105820E-04
 -.750000E+00 -.137651E-04
 -.730000E+00 -.109826E-04
 -.710000E+00 -.344037E-05
 -.690000E+00 0.559287E-05
 -.670000E+00 0.122022E-04
 -.650000E+00 0.135232E-04
 -.630000E+00 0.898342E-05
 -.610000E+00 0.550345E-06
 -.590000E+00 -.812122E-05
 -.570000E+00 -.132731E-04
 -.550000E+00 -.126726E-04
 -.530000E+00 -.657991E-05
 -.510000E+00 0.236440E-05
 -.490000E+00 0.102840E-04
 -.470000E+00 0.137466E-04
 -.450000E+00 0.112516E-04
 -.430000E+00 0.388027E-05
 -.410000E+00 -.517269E-05
 -.390000E+00 -.119839E-04
 -.370000E+00 -.136013E-04
 -.350000E+00 -.932416E-05
 -.330000E+00 -.100600E-05
 -.310000E+00 0.774812E-05
 -.290000E+00 0.131443E-04
 -.270000E+00 0.128439E-04
 -.250000E+00 0.697706E-05
 -.230000E+00 -.191352E-05
 -.210000E+00 -.997479E-05
 -.190000E+00 -.137131E-04
 -.170000E+00 -.115083E-04
 -.150000E+00 -.431594E-05
 -.130000E+00 0.474690E-05
 -.110000E+00 0.117525E-04
 -.900000E-01 0.136647E-04
 -.700000E-01 0.965473E-05
 -.500000E-01 0.146056E-05
 -.300000E-01 -.736660E-05
 -.100000E-01 -.130012E-04
 0.100000E-01 -.130012E-04
 0.300000E-01 -.736660E-05
 0.500000E-01 0.146056E-05
 0.700000E-01 0.965473E-05
 0.900000E-01 0.136647E-04
 0.110000E+00 0.117525E-04
 0.130000E+00 0.474690E-05
 0.150000E+00 -.431594E-05
 0.170000E+00 -.115083E-04
 0.190000E+00 -.137131E-04
 0.210000E+00 -.997479E-05
 0.230000E+00 -.191352E-05
 0.250000E+00 0.697706E-05
 0.270000E+00 0.128439E-04
 0.290000E+00 0.131443E-04
 0.310000E+00 0.774812E-05
 0.330000E+00 -.100600E-05
 0.350000E+00 -.932416E-05
 0.370000E+00 -.136013E-04
 0.390000E+00 -.119839E-04
 0.410000E+00 -.517269E-05
 0.430000E+00 0.388027E-05
 0.450000E+00 0.112516E-04
 0.470000E+00 0.137466E-04
 0.490000E+00 0.102840E-04
 0.510000E+00 0.236440E-05
 0.530000E+00 -.657991E-05
 0.550000E+00 -.126726E-04
 0.570000E+00 -.132731E-04
 0.590000E+00 -.812122E-05
 0.610000E+00 0.550345E-06
 0.630000E+00 0.898342E-05
 0.650000E+00 0.135232E-04
 0.670000E+00 0.122022E-04
 0.690000E+00 0.559287E-05
 0.710000E+00 -.344037E-05
 0.730000E+00 -.109826E-04
 0.750000E+00 -.137651E-04
 0.770000E+00 -.105820E-04
 0.790000E+00 -.281273E-05
 0.810000E+00 0.617559E-05
 0.830000E+00 0.124875E-04
 0.850000E+00 0.133875E-04
 0.870000E+00 0.848549E-05
 0.890000E+00 -.940640E-07
 0.910000E+00 -.109899E-04
 0.930000E+00 -.330984E-04
 0.950000E+00 -.592022E-04
 0.970000E+00 -.779984E-04
 0.990000E+00 -.813498E-04




































































































 -.990000E+00 -.149425E-04
 -.970000E+00 -.159896E-04
 -.950000E+00 -.178504E-04
 -.930000E+00 -.205236E-04
 -.910000E+00 -.240068E-04
 -.890000E+00 -.281934E-04
 -.870000E+00 -.324570E-04
 -.850000E+00 -.366897E-04
 -.830000E+00 -.408875E-04
 -.810000E+00 -.450466E-04
 -.790000E+00 -.491628E-04
 -.770000E+00 -.532324E-04
 -.750000E+00 -.572514E-04
 -.730000E+00 -.612161E-04
 -.710000E+00 -.651226E-04
 -.690000E+00 -.689674E-04
 -.670000E+00 -.727467E-04
 -.650000E+00 -.764569E-04
 -.630000E+00 -.800947E-04
 -.610000E+00 -.836564E-04
 -.590000E+00 -.871387E-04
 -.570000E+00 -.905384E-04
 -.550000E+00 -.938522E-04
 -.530000E+00 -.970769E-04
 -.510000E+00 -.100210E-03
 -.490000E+00 -.103247E-03
 -.470000E+00 -.106187E-03
 -.450000E+00 -.109026E-03
 -.430000E+00 -.111761E-03
 -.410000E+00 -.114391E-03
 -.390000E+00 -.116912E-03
 -.370000E+00 -.119322E-03
 -.350000E+00 -.121619E-03
 -.330000E+00 -.123801E-03
 -.310000E+00 -.125865E-03
 -.290000E+00 -.127810E-03
 -.270000E+00 -.129633E-03
 -.250000E+00 -.131334E-03
 -.230000E+00 -.132910E-03
 -.210000E+00 -.134360E-03
 -.190000E+00 -.135683E-03
 -.170000E+00 -.136877E-03
 -.150000E+00 -.137941E-03
 -.130000E+00 -.138875E-03
 -.110000E+00 -.139676E-03
 -.900000E-01 -.140346E-03
 -.700000E-01 -.140882E-03
 -.500000E-01 -.141284E-03
 -.300000E-01 -.141553E-03
 -.100000E-01 -.141687E-03
 0.100000E-01 -.141687E-03
 0.300000E-01 -.141553E-03
 0.500000E-01 -.141284E-03
 0.700000E-01 -.140882E-03
 0.900000E-01 -.140346E-03
 0.110000E+00 -.139676E-03
 0.130000E+00 -.138875E-03
 0.150000E+00 -.137941E-03
 0.170000E+00 -.136877E-03
 0.190000E+00 -.135683E-03
 0.210000E+00 -.134360E-03
 0.230000E+00 -.132910E-03
 0.250000E+00 -.131334E-03
 0.270000E+00 -.129633E-03
 0.290000E+00 -.127810E-03
 0.310000E+00 -.125865E-03
 0.330000E+00 -.123801E-03
 0.350000E+00 -.121619E-03
 0.370000E+00 -.119322E-03
 0.390000E+00 -.116912E-03
 0.410000E+00 -.114391E-03
 0.430000E+00 -.111761E-03
 0.450000E+00 -.109026E-03
 0.470000E+00 -.106187E-03
 0.490000E+00 -.103247E-03
 0.510000E+00 -.100210E-03
 0.530000E+00 -.970769E-04
 0.550000E+00 -.938522E-04
 0.570000E+00 -.905384E-04
 0.590000E+00 -.871387E-04
 0.610000E+00 -.836564E-04
 0.630000E+00 -.800947E-04
 0.650000E+00 -.764569E-04
 0.670000E+00 -.727467E-04
 0.690000E+00 -.689674E-04
 0.710000E+00 -.651226E-04
 0.730000E+00 -.612161E-04
 0.750000E+00 -.572514E-04
 0.770000E+00 -.532324E-04
 0.790000E+00 -.491628E-04
 0.810000E+00 -.450466E-04
 0.830000E+00 -.408875E-04
 0.850000E+00 -.366897E-04
 0.870000E+00 -.324570E-04
 0.890000E+00 -.281934E-04
 0.910000E+00 -.240068E-04
 0.930000E+00 -.205236E-04
 0.950000E+00 -.178504E-04
 0.970000E+00 -.159896E-04
 0.990000E+00 -.149425E-04




































































































 -.990000E+00 -.125977E-02
 -.970000E+00 -.127301E-02
 -.950000E+00 -.128639E-02
 -.930000E+00 -.129993E-02
 -.910000E+00 -.131362E-02
 -.890000E+00 -.132740E-02
 -.870000E+00 -.134097E-02
 -.850000E+00 -.135427E-02
 -.830000E+00 -.136730E-02
 -.810000E+00 -.138006E-02
 -.790000E+00 -.139254E-02
 -.770000E+00 -.140474E-02
 -.750000E+00 -.141666E-02
 -.730000E+00 -.142829E-02
 -.710000E+00 -.143964E-02
 -.690000E+00 -.145070E-02
 -.670000E+00 -.146147E-02
 -.650000E+00 -.147194E-02
 -.630000E+00 -.148213E-02
 -.610000E+00 -.149201E-02
 -.590000E+00 -.150159E-02
 -.570000E+00 -.151088E-02
 -.550000E+00 -.151986E-02
 -.530000E+00 -.152853E-02
 -.510000E+00 -.153690E-02
 -.490000E+00 -.154497E-02
 -.470000E+00 -.155272E-02
 -.450000E+00 -.156016E-02
 -.430000E+00 -.156729E-02
 -.410000E+00 -.157410E-02
 -.390000E+00 -.158060E-02
 -.370000E+00 -.158678E-02
 -.350000E+00 -.159264E-02
 -.330000E+00 -.159819E-02
 -.310000E+00 -.160341E-02
 -.290000E+00 -.160832E-02
 -.270000E+00 -.161290E-02
 -.250000E+00 -.161715E-02
 -.230000E+00 -.162109E-02
 -.210000E+00 -.162469E-02
 -.190000E+00 -.162797E-02
 -.170000E+00 -.163093E-02
 -.150000E+00 -.163356E-02
 -.130000E+00 -.163586E-02
 -.110000E+00 -.163783E-02
 -.900000E-01 -.163948E-02
 -.700000E-01 -.164080E-02
 -.500000E-01 -.164178E-02
 -.300000E-01 -.164244E-02
 -.100000E-01 -.164277E-02
 0.100000E-01 -.164277E-02
 0.300000E-01 -.164244E-02
 0.500000E-01 -.164178E-02
 0.700000E-01 -.164080E-02
 0.900000E-01 -.163948E-02
 0.110000E+00 -.163783E-02
 0.130000E+00 -.163586E-02
 0.150000E+00 -.163356E-02
 0.170000E+00 -.163093E-02
 0.190000E+00 -.162797E-02
 0.210000E+00 -.162469E-02
 0.230000E+00 -.162109E-02
 0.250000E+00 -.161715E-02
 0.270000E+00 -.161290E-02
 0.290000E+00 -.160832E-02
 0.310000E+00 -.160341E-02
 0.330000E+00 -.159819E-02
 0.350000E+00 -.159264E-02
 0.370000E+00 -.158678E-02
 0.390000E+00 -.158060E-02
 0.410000E+00 -.157410E-02
 0.430000E+00 -.156729E-02
 0.450000E+00 -.156016E-02
 0.470000E+00 -.155272E-02
 0.490000E+00 -.154497E-02
 0.510000E+00 -.153690E-02
 0.530000E+00 -.152853E-02
 0.550000E+00 -.151986E-02
 0.570000E+00 -.151088E-02
 0.590000E+00 -.150159E-02
 0.610000E+00 -.149201E-02
 0.630000E+00 -.148213E-02
 0.650000E+00 -.147194E-02
 0.670000E+00 -.146147E-02
 0.690000E+00 -.145070E-02
 0.710000E+00 -.143964E-02
 0.730000E+00 -.142829E-02
 0.750000E+00 -.141666E-02
 0.770000E+00 -.140474E-02
 0.790000E+00 -.139254E-02
 0.810000E+00 -.138006E-02
 0.830000E+00 -.136730E-02
 0.850000E+00 -.135427E-02
 0.870000E+00 -.134097E-02
 0.890000E+00 -.132740E-02
 0.910000E+00 -.131362E-02
 0.930000E+00 -.129993E-02
 0.950000E+00 -.128639E-02
 0.970000E+00 -.127301E-02
 0.990000E+00 -.125977E-02




































































































 -.990000E+00 -.895542E-07
 -.970000E+00 -.900274E-07
 -.950000E+00 -.905039E-07
 -.930000E+00 -.909837E-07
 -.910000E+00 -.914670E-07
 -.890000E+00 -.919519E-07
 -.870000E+00 -.924283E-07
 -.850000E+00 -.928944E-07
 -.830000E+00 -.933504E-07
 -.810000E+00 -.937959E-07
 -.790000E+00 -.942312E-07
 -.770000E+00 -.946560E-07
 -.750000E+00 -.950705E-07
 -.730000E+00 -.954744E-07
 -.710000E+00 -.958679E-07
 -.690000E+00 -.962508E-07
 -.670000E+00 -.966232E-07
 -.650000E+00 -.969849E-07
 -.630000E+00 -.973361E-07
 -.610000E+00 -.976766E-07
 -.590000E+00 -.980063E-07
 -.570000E+00 -.983254E-07
 -.550000E+00 -.986337E-07
 -.530000E+00 -.989313E-07
 -.510000E+00 -.992180E-07
 -.490000E+00 -.994940E-07
 -.470000E+00 -.997590E-07
 -.450000E+00 -.100013E-06
 -.430000E+00 -.100257E-06
 -.410000E+00 -.100489E-06
 -.390000E+00 -.100710E-06
 -.370000E+00 -.100921E-06
 -.350000E+00 -.101120E-06
 -.330000E+00 -.101309E-06
 -.310000E+00 -.101487E-06
 -.290000E+00 -.101653E-06
 -.270000E+00 -.101809E-06
 -.250000E+00 -.101953E-06
 -.230000E+00 -.102086E-06
 -.210000E+00 -.102209E-06
 -.190000E+00 -.102320E-06
 -.170000E+00 -.102420E-06
 -.150000E+00 -.102509E-06
 -.130000E+00 -.102587E-06
 -.110000E+00 -.102654E-06
 -.900000E-01 -.102709E-06
 -.700000E-01 -.102754E-06
 -.500000E-01 -.102787E-06
 -.300000E-01 -.102810E-06
 -.100000E-01 -.102821E-06
 0.100000E-01 -.102821E-06
 0.300000E-01 -.102810E-06
 0.500000E-01 -.102787E-06
 0.700000E-01 -.102754E-06
 0.900000E-01 -.102709E-06
 0.110000E+00 -.102654E-06
 0.130000E+00 -.102587E-06
 0.150000E+00 -.102509E-06
 0.170000E+00 -.102420E-06
 0.190000E+00 -.102320E-06
 0.210000E+00 -.102209E-06
 0.230000E+00 -.102086E-06
 0.250000E+00 -.101953E-06
 0.270000E+00 -.101809E-06
 0.290000E+00 -.101653E-06
 0.310000E+00 -.101487E-06
 0.330000E+00 -.101309E-06
 0.350000E+00 -.101120E-06
 0.370000E+00 -.100921E-06
 0.390000E+00 -.100710E-06
 0.410000E+00 -.100489E-06
 0.430000E+00 -.100257E-06
 0.450000E+00 -.100013E-06
 0.470000E+00 -.997590E-07
 0.490000E+00 -.994940E-07
 0.510000E+00 -.992180E-07
 0.530000E+00 -.989313E-07
 0.550000E+00 -.986337E-07
 0.570000E+00 -.983254E-07
 0.590000E+00 -.980063E-07
 0.610000E+00 -.976766E-07
 0.630000E+00 -.973361E-07
 0.650000E+00 -.969849E-07
 0.670000E+00 -.966232E-07
 0.690000E+00 -.962508E-07
 0.710000E+00 -.958679E-07
 0.730000E+00 -.954744E-07
 0.750000E+00 -.950705E-07
 0.770000E+00 -.946560E-07
 0.790000E+00 -.942312E-07
 0.810000E+00 -.937959E-07
 0.830000E+00 -.933504E-07
 0.850000E+00 -.928944E-07
 0.870000E+00 -.924283E-07
 0.890000E+00 -.919519E-07
 0.910000E+00 -.914670E-07
 0.930000E+00 -.909837E-07
 0.950000E+00 -.905039E-07
 0.970000E+00 -.900274E-07
 0.990000E+00 -.895542E-07




































































































 -.990000E+00 -.938202E-08
 -.970000E+00 -.943376E-08
 -.950000E+00 -.948604E-08
 -.930000E+00 -.953887E-08
 -.910000E+00 -.959225E-08
 -.890000E+00 -.964597E-08
 -.870000E+00 -.969872E-08
 -.850000E+00 -.975030E-08
 -.830000E+00 -.980069E-08
 -.810000E+00 -.984989E-08
 -.790000E+00 -.989791E-08
 -.770000E+00 -.994474E-08
 -.750000E+00 -.999039E-08
 -.730000E+00 -.100348E-07
 -.710000E+00 -.100781E-07
 -.690000E+00 -.101202E-07
 -.670000E+00 -.101611E-07
 -.650000E+00 -.102008E-07
 -.630000E+00 -.102393E-07
 -.610000E+00 -.102766E-07
 -.590000E+00 -.103127E-07
 -.570000E+00 -.103476E-07
 -.550000E+00 -.103813E-07
 -.530000E+00 -.104138E-07
 -.510000E+00 -.104452E-07
 -.490000E+00 -.104753E-07
 -.470000E+00 -.105042E-07
 -.450000E+00 -.105319E-07
 -.430000E+00 -.105584E-07
 -.410000E+00 -.105838E-07
 -.390000E+00 -.106079E-07
 -.370000E+00 -.106308E-07
 -.350000E+00 -.106525E-07
 -.330000E+00 -.106730E-07
 -.310000E+00 -.106923E-07
 -.290000E+00 -.107104E-07
 -.270000E+00 -.107273E-07
 -.250000E+00 -.107430E-07
 -.230000E+00 -.107575E-07
 -.210000E+00 -.107708E-07
 -.190000E+00 -.107828E-07
 -.170000E+00 -.107937E-07
 -.150000E+00 -.108034E-07
 -.130000E+00 -.108118E-07
 -.110000E+00 -.108191E-07
 -.900000E-01 -.108251E-07
 -.700000E-01 -.108299E-07
 -.500000E-01 -.108336E-07
 -.300000E-01 -.108360E-07
 -.100000E-01 -.108372E-07
 0.100000E-01 -.108372E-07
 0.300000E-01 -.108360E-07
 0.500000E-01 -.108336E-07
 0.700000E-01 -.108299E-07
 0.900000E-01 -.108251E-07
 0.110000E+00 -.108191E-07
 0.130000E+00 -.108118E-07
 0.150000E+00 -.108034E-07
 0.170000E+00 -.107937E-07
 0.190000E+00 -.107828E-07
 0.210000E+00 -.107708E-07
 0.230000E+00 -.107575E-07
 0.250000E+00 -.107430E-07
 0.270000E+00 -.107273E-07
 0.290000E+00 -.107104E-07
 0.310000E+00 -.106923E-07
 0.330000E+00 -.106730E-07
 0.350000E+00 -.106525E-07
 0.370000E+00 -.106308E-07
 0.390000E+00 -.106079E-07
 0.410000E+00 -.105838E-07
 0.430000E+00 -.105584E-07
 0.450000E+00 -.105319E-07
 0.470000E+00 -.105042E-07
 0.490000E+00 -.104753E-07
 0.510000E+00 -.104452E-07
 0.530000E+00 -.104138E-07
 0.550000E+00 -.103813E-07
 0.570000E+00 -.103476E-07
 0.590000E+00 -.103127E-07
 0.610000E+00 -.102766E-07
 0.630000E+00 -.102393E-07
 0.650000E+00 -.102008E-07
 0.670000E+00 -.101611E-07
 0.690000E+00 -.101202E-07
 0.710000E+00 -.100781E-07
 0.730000E+00 -.100348E-07
 0.750000E+00 -.999039E-08
 0.770000E+00 -.994474E-08
 0.790000E+00 -.989791E-08
 0.810000E+00 -.984989E-08
 0.830000E+00 -.980069E-08
 0.850000E+00 -.975030E-08
 0.870000E+00 -.969872E-08
 0.890000E+00 -.964597E-08
 0.910000E+00 -.959225E-08
 0.930000E+00 -.953887E-08
 0.950000E+00 -.948604E-08
 0.970000E+00 -.943376E-08
 0.990000E+00 -.938202E-08




































































































 -.990000E+00 -.179540E-11
 -.970000E+00 -.180540E-11
 -.950000E+00 -.181552E-11
 -.930000E+00 -.182576E-11
 -.910000E+00 -.183611E-11
 -.890000E+00 -.184654E-11
 -.870000E+00 -.185678E-11
 -.850000E+00 -.186678E-11
 -.830000E+00 -.187656E-11
 -.810000E+00 -.188610E-11
 -.790000E+00 -.189540E-11
 -.770000E+00 -.190448E-11
 -.750000E+00 -.191332E-11
 -.730000E+00 -.192193E-11
 -.710000E+00 -.193031E-11
 -.690000E+00 -.193845E-11
 -.670000E+00 -.194636E-11
 -.650000E+00 -.195404E-11
 -.630000E+00 -.196149E-11
 -.610000E+00 -.196870E-11
 -.590000E+00 -.197568E-11
 -.570000E+00 -.198243E-11
 -.550000E+00 -.198894E-11
 -.530000E+00 -.199523E-11
 -.510000E+00 -.200128E-11
 -.490000E+00 -.200709E-11
 -.470000E+00 -.201268E-11
 -.450000E+00 -.201803E-11
 -.430000E+00 -.202315E-11
 -.410000E+00 -.202804E-11
 -.390000E+00 -.203269E-11
 -.370000E+00 -.203711E-11
 -.350000E+00 -.204130E-11
 -.330000E+00 -.204525E-11
 -.310000E+00 -.204898E-11
 -.290000E+00 -.205247E-11
 -.270000E+00 -.205573E-11
 -.250000E+00 -.205875E-11
 -.230000E+00 -.206154E-11
 -.210000E+00 -.206410E-11
 -.190000E+00 -.206643E-11
 -.170000E+00 -.206852E-11
 -.150000E+00 -.207039E-11
 -.130000E+00 -.207201E-11
 -.110000E+00 -.207341E-11
 -.900000E-01 -.207457E-11
 -.700000E-01 -.207550E-11
 -.500000E-01 -.207620E-11
 -.300000E-01 -.207667E-11
 -.100000E-01 -.207690E-11
 0.100000E-01 -.207690E-11
 0.300000E-01 -.207667E-11
 0.500000E-01 -.207620E-11
 0.700000E-01 -.207550E-11
 0.900000E-01 -.207457E-11
 0.110000E+00 -.207341E-11
 0.130000E+00 -.207201E-11
 0.150000E+00 -.207039E-11
 0.170000E+00 -.206852E-11
 0.190000E+00 -.206643E-11
 0.210000E+00 -.206410E-11
 0.230000E+00 -.206154E-11
 0.250000E+00 -.205875E-11
 0.270000E+00 -.205573E-11
 0.290000E+00 -.205247E-11
 0.310000E+00 -.204898E-11
 0.330000E+00 -.204526E-11
 0.350000E+00 -.204130E-11
 0.370000E+00 -.203711E-11
 0.390000E+00 -.203269E-11
 0.410000E+00 -.202804E-11
 0.430000E+00 -.202315E-11
 0.450000E+00 -.201803E-11
 0.470000E+00 -.201268E-11
 0.490000E+00 -.200709E-11
 0.510000E+00 -.200128E-11
 0.530000E+00 -.199523E-11
 0.550000E+00 -.198894E-11
 0.570000E+00 -.198243E-11
 0.590000E+00 -.197568E-11
 0.610000E+00 -.196870E-11
 0.630000E+00 -.196149E-11
 0.650000E+00 -.195404E-11
 0.670000E+00 -.194636E-11
 0.690000E+00 -.193845E-11
 0.710000E+00 -.193031E-11
 0.730000E+00 -.192193E-11
 0.750000E+00 -.191332E-11
 0.770000E+00 -.190448E-11
 0.790000E+00 -.189540E-11
 0.810000E+00 -.188610E-11
 0.830000E+00 -.187656E-11
 0.850000E+00 -.186678E-11
 0.870000E+00 -.185678E-11
 0.890000E+00 -.184654E-11
 0.910000E+00 -.183611E-11
 0.930000E+00 -.182576E-11
 0.950000E+00 -.181552E-11
 0.970000E+00 -.180540E-11
 0.990000E+00 -.179540E-11




































































































 -.990000E+00 0.938202E-08
 -.970000E+00 0.943376E-08
 -.950000E+00 0.948604E-08
 -.930000E+00 0.953887E-08
 -.910000E+00 0.959225E-08
 -.890000E+00 0.964597E-08
 -.870000E+00 0.969872E-08
 -.850000E+00 0.975030E-08
 -.830000E+00 0.980069E-08
 -.810000E+00 0.984989E-08
 -.790000E+00 0.989791E-08
 -.770000E+00 0.994474E-08
 -.750000E+00 0.999039E-08
 -.730000E+00 0.100348E-07
 -.710000E+00 0.100781E-07
 -.690000E+00 0.101202E-07
 -.670000E+00 0.101611E-07
 -.650000E+00 0.102008E-07
 -.630000E+00 0.102393E-07
 -.610000E+00 0.102766E-07
 -.590000E+00 0.103127E-07
 -.570000E+00 0.103476E-07
 -.550000E+00 0.103813E-07
 -.530000E+00 0.104138E-07
 -.510000E+00 0.104452E-07
 -.490000E+00 0.104753E-07
 -.470000E+00 0.105042E-07
 -.450000E+00 0.105319E-07
 -.430000E+00 0.105584E-07
 -.410000E+00 0.105838E-07
 -.390000E+00 0.106079E-07
 -.370000E+00 0.106308E-07
 -.350000E+00 0.106525E-07
 -.330000E+00 0.106730E-07
 -.310000E+00 0.106923E-07
 -.290000E+00 0.107104E-07
 -.270000E+00 0.107273E-07
 -.250000E+00 0.107430E-07
 -.230000E+00 0.107575E-07
 -.210000E+00 0.107708E-07
 -.190000E+00 0.107828E-07
 -.170000E+00 0.107937E-07
 -.150000E+00 0.108034E-07
 -.130000E+00 0.108118E-07
 -.110000E+00 0.108191E-07
 -.900000E-01 0.108251E-07
 -.700000E-01 0.108299E-07
 -.500000E-01 0.108336E-07
 -.300000E-01 0.108360E-07
 -.100000E-01 0.108372E-07
 0.100000E-01 0.108372E-07
 0.300000E-01 0.108360E-07
 0.500000E-01 0.108336E-07
 0.700000E-01 0.108299E-07
 0.900000E-01 0.108251E-07
 0.110000E+00 0.108191E-07
 0.130000E+00 0.108118E-07
 0.150000E+00 0.108034E-07
 0.170000E+00 0.107937E-07
 0.190000E+00 0.107828E-07
 0.210000E+00 0.107708E-07
 0.230000E+00 0.107575E-07
 0.250000E+00 0.107430E-07
 0.270000E+00 0.107273E-07
 0.290000E+00 0.107104E-07
 0.310000E+00 0.106923E-07
 0.330000E+00 0.106730E-07
 0.350000E+00 0.106525E-07
 0.370000E+00 0.106308E-07
 0.390000E+00 0.106079E-07
 0.410000E+00 0.105838E-07
 0.430000E+00 0.105584E-07
 0.450000E+00 0.105319E-07
 0.470000E+00 0.105042E-07
 0.490000E+00 0.104753E-07
 0.510000E+00 0.104452E-07
 0.530000E+00 0.104138E-07
 0.550000E+00 0.103813E-07
 0.570000E+00 0.103476E-07
 0.590000E+00 0.103127E-07
 0.610000E+00 0.102766E-07
 0.630000E+00 0.102393E-07
 0.650000E+00 0.102008E-07
 0.670000E+00 0.101611E-07
 0.690000E+00 0.101202E-07
 0.710000E+00 0.100781E-07
 0.730000E+00 0.100348E-07
 0.750000E+00 0.999039E-08
 0.770000E+00 0.994474E-08
 0.790000E+00 0.989791E-08
 0.810000E+00 0.984989E-08
 0.830000E+00 0.980069E-08
 0.850000E+00 0.975030E-08
 0.870000E+00 0.969872E-08
 0.890000E+00 0.964597E-08
 0.910000E+00 0.959225E-08
 0.930000E+00 0.953887E-08
 0.950000E+00 0.948604E-08
 0.970000E+00 0.943376E-08
 0.990000E+00 0.938202E-08




































































































 -.990000E+00 0.895542E-07
 -.970000E+00 0.900274E-07
 -.950000E+00 0.905039E-07
 -.930000E+00 0.909837E-07
 -.910000E+00 0.914670E-07
 -.890000E+00 0.919519E-07
 -.870000E+00 0.924283E-07
 -.850000E+00 0.928944E-07
 -.830000E+00 0.933504E-07
 -.810000E+00 0.937959E-07
 -.790000E+00 0.942312E-07
 -.770000E+00 0.946560E-07
 -.750000E+00 0.950705E-07
 -.730000E+00 0.954744E-07
 -.710000E+00 0.958679E-07
 -.690000E+00 0.962508E-07
 -.670000E+00 0.966232E-07
 -.650000E+00 0.969849E-07
 -.630000E+00 0.973361E-07
 -.610000E+00 0.976766E-07
 -.590000E+00 0.980063E-07
 -.570000E+00 0.983254E-07
 -.550000E+00 0.986337E-07
 -.530000E+00 0.989313E-07
 -.510000E+00 0.992180E-07
 -.490000E+00 0.994940E-07
 -.470000E+00 0.997590E-07
 -.450000E+00 0.100013E-06
 -.430000E+00 0.100257E-06
 -.410000E+00 0.100489E-06
 -.390000E+00 0.100710E-06
 -.370000E+00 0.100921E-06
 -.350000E+00 0.101120E-06
 -.330000E+00 0.101309E-06
 -.310000E+00 0.101487E-06
 -.290000E+00 0.101653E-06
 -.270000E+00 0.101809E-06
 -.250000E+00 0.101953E-06
 -.230000E+00 0.102086E-06
 -.210000E+00 0.102209E-06
 -.190000E+00 0.102320E-06
 -.170000E+00 0.102420E-06
 -.150000E+00 0.102509E-06
 -.130000E+00 0.102587E-06
 -.110000E+00 0.102654E-06
 -.900000E-01 0.102709E-06
 -.700000E-01 0.102754E-06
 -.500000E-01 0.102787E-06
 -.300000E-01 0.102810E-06
 -.100000E-01 0.102821E-06
 0.100000E-01 0.102821E-06
 0.300000E-01 0.102810E-06
 0.500000E-01 0.102787E-06
 0.700000E-01 0.102754E-06
 0.900000E-01 0.102709E-06
 0.110000E+00 0.102654E-06
 0.130000E+00 0.102587E-06
 0.150000E+00 0.102509E-06
 0.170000E+00 0.102420E-06
 0.190000E+00 0.102320E-06
 0.210000E+00 0.102209E-06
 0.230000E+00 0.102086E-06
 0.250000E+00 0.101953E-06
 0.270000E+00 0.101809E-06
 0.290000E+00 0.101653E-06
 0.310000E+00 0.101487E-06
 0.330000E+00 0.101309E-06
 0.350000E+00 0.101120E-06
 0.370000E+00 0.100921E-06
 0.390000E+00 0.100710E-06
 0.410000E+00 0.100489E-06
 0.430000E+00 0.100257E-06
 0.450000E+00 0.100013E-06
 0.470000E+00 0.997590E-07
 0.490000E+00 0.994940E-07
 0.510000E+00 0.992180E-07
 0.530000E+00 0.989313E-07
 0.550000E+00 0.986337E-07
 0.570000E+00 0.983254E-07
 0.590000E+00 0.980063E-07
 0.610000E+00 0.976766E-07
 0.630000E+00 0.973361E-07
 0.650000E+00 0.969849E-07
 0.670000E+00 0.966232E-07
 0.690000E+00 0.962508E-07
 0.710000E+00 0.958679E-07
 0.730000E+00 0.954744E-07
 0.750000E+00 0.950705E-07
 0.770000E+00 0.946560E-07
 0.790000E+00 0.942312E-07
 0.810000E+00 0.937959E-07
 0.830000E+00 0.933504E-07
 0.850000E+00 0.928944E-07
 0.870000E+00 0.924283E-07
 0.890000E+00 0.919519E-07
 0.910000E+00 0.914670E-07
 0.930000E+00 0.909837E-07
 0.950000E+00 0.905039E-07
 0.970000E+00 0.900274E-07
 0.990000E+00 0.895542E-07




































































































 -.990000E+00 0.125977E-02
 -.970000E+00 0.127301E-02
 -.950000E+00 0.128639E-02
 -.930000E+00 0.129993E-02
 -.910000E+00 0.131362E-02
 -.890000E+00 0.132740E-02
 -.870000E+00 0.134097E-02
 -.850000E+00 0.135427E-02
 -.830000E+00 0.136730E-02
 -.810000E+00 0.138006E-02
 -.790000E+00 0.139254E-02
 -.770000E+00 0.140474E-02
 -.750000E+00 0.141666E-02
 -.730000E+00 0.142829E-02
 -.710000E+00 0.143964E-02
 -.690000E+00 0.145070E-02
 -.670000E+00 0.146147E-02
 -.650000E+00 0.147194E-02
 -.630000E+00 0.148213E-02
 -.610000E+00 0.149201E-02
 -.590000E+00 0.150159E-02
 -.570000E+00 0.151088E-02
 -.550000E+00 0.151986E-02
 -.530000E+00 0.152853E-02
 -.510000E+00 0.153690E-02
 -.490000E+00 0.154497E-02
 -.470000E+00 0.155272E-02
 -.450000E+00 0.156016E-02
 -.430000E+00 0.156729E-02
 -.410000E+00 0.157410E-02
 -.390000E+00 0.158060E-02
 -.370000E+00 0.158678E-02
 -.350000E+00 0.159264E-02
 -.330000E+00 0.159819E-02
 -.310000E+00 0.160341E-02
 -.290000E+00 0.160832E-02
 -.270000E+00 0.161290E-02
 -.250000E+00 0.161715E-02
 -.230000E+00 0.162109E-02
 -.210000E+00 0.162469E-02
 -.190000E+00 0.162797E-02
 -.170000E+00 0.163093E-02
 -.150000E+00 0.163356E-02
 -.130000E+00 0.163586E-02
 -.110000E+00 0.163783E-02
 -.900000E-01 0.163948E-02
 -.700000E-01 0.164080E-02
 -.500000E-01 0.164178E-02
 -.300000E-01 0.164244E-02
 -.100000E-01 0.164277E-02
 0.100000E-01 0.164277E-02
 0.300000E-01 0.164244E-02
 0.500000E-01 0.164178E-02
 0.700000E-01 0.164080E-02
 0.900000E-01 0.163948E-02
 0.110000E+00 0.163783E-02
 0.130000E+00 0.163586E-02
 0.150000E+00 0.163356E-02
 0.170000E+00 0.163093E-02
 0.190000E+00 0.162797E-02
 0.210000E+00 0.162469E-02
 0.230000E+00 0.162109E-02
 0.250000E+00 0.161715E-02
 0.270000E+00 0.161290E-02
 0.290000E+00 0.160832E-02
 0.310000E+00 0.160341E-02
 0.330000E+00 0.159819E-02
 0.350000E+00 0.159264E-02
 0.370000E+00 0.158678E-02
 0.390000E+00 0.158060E-02
 0.410000E+00 0.157410E-02
 0.430000E+00 0.156729E-02
 0.450000E+00 0.156016E-02
 0.470000E+00 0.155272E-02
 0.490000E+00 0.154497E-02
 0.510000E+00 0.153690E-02
 0.530000E+00 0.152853E-02
 0.550000E+00 0.151986E-02
 0.570000E+00 0.151088E-02
 0.590000E+00 0.150159E-02
 0.610000E+00 0.149201E-02
 0.630000E+00 0.148213E-02
 0.650000E+00 0.147194E-02
 0.670000E+00 0.146147E-02
 0.690000E+00 0.145070E-02
 0.710000E+00 0.143964E-02
 0.730000E+00 0.142829E-02
 0.750000E+00 0.141666E-02
 0.770000E+00 0.140474E-02
 0.790000E+00 0.139254E-02
 0.810000E+00 0.138006E-02
 0.830000E+00 0.136730E-02
 0.850000E+00 0.135427E-02
 0.870000E+00 0.134097E-02
 0.890000E+00 0.132740E-02
 0.910000E+00 0.131362E-02
 0.930000E+00 0.129993E-02
 0.950000E+00 0.128639E-02
 0.970000E+00 0.127301E-02
 0.990000E+00 0.125977E-02




































































































 -.990000E+00 0.149425E-04
 -.970000E+00 0.159896E-04
 -.950000E+00 0.178504E-04
 -.930000E+00 0.205236E-04
 -.910000E+00 0.240068E-04
 -.890000E+00 0.281934E-04
 -.870000E+00 0.324570E-04
 -.850000E+00 0.366897E-04
 -.830000E+00 0.408875E-04
 -.810000E+00 0.450466E-04
 -.790000E+00 0.491628E-04
 -.770000E+00 0.532324E-04
 -.750000E+00 0.572514E-04
 -.730000E+00 0.612161E-04
 -.710000E+00 0.651226E-04
 -.690000E+00 0.689674E-04
 -.670000E+00 0.727467E-04
 -.650000E+00 0.764569E-04
 -.630000E+00 0.800947E-04
 -.610000E+00 0.836564E-04
 -.590000E+00 0.871387E-04
 -.570000E+00 0.905384E-04
 -.550000E+00 0.938522E-04
 -.530000E+00 0.970769E-04
 -.510000E+00 0.100210E-03
 -.490000E+00 0.103247E-03
 -.470000E+00 0.106187E-03
 -.450000E+00 0.109026E-03
 -.430000E+00 0.111761E-03
 -.410000E+00 0.114391E-03
 -.390000E+00 0.116912E-03
 -.370000E+00 0.119322E-03
 -.350000E+00 0.121619E-03
 -.330000E+00 0.123801E-03
 -.310000E+00 0.125865E-03
 -.290000E+00 0.127810E-03
 -.270000E+00 0.129633E-03
 -.250000E+00 0.131334E-03
 -.230000E+00 0.132910E-03
 -.210000E+00 0.134360E-03
 -.190000E+00 0.135683E-03
 -.170000E+00 0.136877E-03
 -.150000E+00 0.137941E-03
 -.130000E+00 0.138875E-03
 -.110000E+00 0.139676E-03
 -.900000E-01 0.140346E-03
 -.700000E-01 0.140882E-03
 -.500000E-01 0.141284E-03
 -.300000E-01 0.141553E-03
 -.100000E-01 0.141687E-03
 0.100000E-01 0.141687E-03
 0.300000E-01 0.141553E-03
 0.500000E-01 0.141284E-03
 0.700000E-01 0.140882E-03
 0.900000E-01 0.140346E-03
 0.110000E+00 0.139676E-03
 0.130000E+00 0.138875E-03
 0.150000E+00 0.137941E-03
 0.170000E+00 0.136877E-03
 0.190000E+00 0.135683E-03
 0.210000E+00 0.134360E-03
 0.230000E+00 0.132910E-03
 0.250000E+00 0.131334E-03
 0.270000E+00 0.129633E-03
 0.290000E+00 0.127810E-03
 0.310000E+00 0.125865E-03
 0.330000E+00 0.123801E-03
 0.350000E+00 0.121619E-03
 0.370000E+00 0.119322E-03
 0.390000E+00 0.116912E-03
 0.410000E+00 0.114391E-03
 0.430000E+00 0.111761E-03
 0.450000E+00 0.109026E-03
 0.470000E+00 0.106187E-03
 0.490000E+00 0.103247E-03
 0.510000E+00 0.100210E-03
 0.530000E+00 0.970769E-04
 0.550000E+00 0.938522E-04
 0.570000E+00 0.905384E-04
 0.590000E+00 0.871387E-04
 0.610000E+00 0.836564E-04
 0.630000E+00 0.800947E-04
 0.650000E+00 0.764569E-04
 0.670000E+00 0.727467E-04
 0.690000E+00 0.689674E-04
 0.710000E+00 0.651226E-04
 0.730000E+00 0.612161E-04
 0.750000E+00 0.572514E-04
 0.770000E+00 0.532324E-04
 0.790000E+00 0.491628E-04
 0.810000E+00 0.450466E-04
 0.830000E+00 0.408875E-04
 0.850000E+00 0.366897E-04
 0.870000E+00 0.324570E-04
 0.890000E+00 0.281934E-04
 0.910000E+00 0.240068E-04
 0.930000E+00 0.205236E-04
 0.950000E+00 0.178504E-04
 0.970000E+00 0.159896E-04
 0.990000E+00 0.149425E-04




































































































 -.990000E+00 0.813498E-04
 -.970000E+00 0.779984E-04
 -.950000E+00 0.592022E-04
 -.930000E+00 0.330984E-04
 -.910000E+00 0.109899E-04
 -.890000E+00 0.940640E-07
 -.870000E+00 -.848549E-05
 -.850000E+00 -.133875E-04
 -.830000E+00 -.124875E-04
 -.810000E+00 -.617559E-05
 -.790000E+00 0.281273E-05
 -.770000E+00 0.105820E-04
 -.750000E+00 0.137651E-04
 -.730000E+00 0.109826E-04
 -.710000E+00 0.344037E-05
 -.690000E+00 -.559287E-05
 -.670000E+00 -.122022E-04
 -.650000E+00 -.135232E-04
 -.630000E+00 -.898342E-05
 -.610000E+00 -.550345E-06
 -.590000E+00 0.812122E-05
 -.570000E+00 0.132731E-04
 -.550000E+00 0.126726E-04
 -.530000E+00 0.657991E-05
 -.510000E+00 -.236440E-05
 -.490000E+00 -.102840E-04
 -.470000E+00 -.137466E-04
 -.450000E+00 -.112516E-04
 -.430000E+00 -.388027E-05
 -.410000E+00 0.517269E-05
 -.390000E+00 0.119839E-04
 -.370000E+00 0.136013E-04
 -.350000E+00 0.932416E-05
 -.330000E+00 0.100600E-05
 -.310000E+00 -.774812E-05
 -.290000E+00 -.131443E-04
 -.270000E+00 -.128439E-04
 -.250000E+00 -.697706E-05
 -.230000E+00 0.191352E-05
 -.210000E+00 0.997479E-05
 -.190000E+00 0.137131E-04
 -.170000E+00 0.115083E-04
 -.150000E+00 0.431594E-05
 -.130000E+00 -.474690E-05
 -.110000E+00 -.117525E-04
 -.900000E-01 -.136647E-04
 -.700000E-01 -.965473E-05
 -.500000E-01 -.146056E-05
 -.300000E-01 0.736660E-05
 -.100000E-01 0.130012E-04
 0.100000E-01 0.130012E-04
 0.300000E-01 0.736660E-05
 0.500000E-01 -.146056E-05
 0.700000E-01 -.965473E-05
 0.900000E-01 -.136647E-04
 0.110000E+00 -.117525E-04
 0.130000E+00 -.474690E-05
 0.150000E+00 0.431594E-05
 0.170000E+00 0.115083E-04
 0.190000E+00 0.137131E-04
 0.210000E+00 0.997479E-05
 0.230000E+00 0.191352E-05
 0.250000E+00 -.697706E-05
 0.270000E+00 -.128439E-04
 0.290000E+00 -.131443E-04
 0.310000E+00 -.774812E-05
 0.330000E+00 0.100600E-05
 0.350000E+00 0.932416E-05
 0.370000E+00 0.136013E-04
 0.390000E+00 0.119839E-04
 0.410000E+00 0.517269E-05
 0.430000E+00 -.388027E-05
 0.450000E+00 -.112516E-04
 0.470000E+00 -.137466E-04
 0.490000E+00 -.102840E-04
 0.510000E+00 -.236440E-05
 0.530000E+00 0.657991E-05
 0.550000E+00 0.126726E-04
 0.570000E+00 0.132731E-04
 0.590000E+00 0.812122E-05
 0.610000E+00 -.550345E-06
 0.630000E+00 -.898342E-05
 0.650000E+00 -.135232E-04
 0.670000E+00 -.122022E-04
 0.690000E+00 -.559287E-05
 0.710000E+00 0.344037E-05
 0.730000E+00 0.109826E-04
 0.750000E+00 0.137651E-04
 0.770000E+00 0.105820E-04
 0.790000E+00 0.281273E-05
 0.810000E+00 -.617559E-05
 0.830000E+00 -.124875E-04
 0.850000E+00 -.133875E-04
 0.870000E+00 -.848549E-05
 0.890000E+00 0.940640E-07
 0.910000E+00 0.109899E-04
 0.930000E+00 0.330984E-04
 0.950000E+00 0.592022E-04
 0.970000E+00 0.779984E-04
 0.990000E+00 0.813498E-04




































































































