 -.990000E+00 -.324147E-02
 -.970000E+00 0.705016E-02
 -.950000E+00 0.142923E-01
 -.930000E+00 0.153483E-01
 -.910000E+00 0.975716E-02
 -.890000E+00 0.269373E-02
 -.870000E+00 -.278166E-02
 -.850000E+00 -.705297E-02
 -.830000E+00 -.826990E-02
 -.810000E+00 -.590485E-02
 -.790000E+00 -.981750E-03
 -.770000E+00 0.436733E-02
 -.750000E+00 0.782548E-02
 -.730000E+00 0.789449E-02
 -.710000E+00 0.454399E-02
 -.690000E+00 -.775267E-03
 -.670000E+00 -.575950E-02
 -.650000E+00 -.824971E-02
 -.630000E+00 -.716690E-02
 -.610000E+00 -.297955E-02
 -.590000E+00 0.249902E-02
 -.570000E+00 0.689594E-02
 -.550000E+00 0.830651E-02
 -.530000E+00 0.611928E-02
 -.510000E+00 0.128113E-02
 -.490000E+00 -.411266E-02
 -.470000E+00 -.772583E-02
 -.450000E+00 -.799306E-02
 -.430000E+00 -.479810E-02
 -.410000E+00 0.475651E-03
 -.390000E+00 0.554415E-02
 -.370000E+00 0.821193E-02
 -.350000E+00 0.732307E-02
 -.330000E+00 0.326205E-02
 -.310000E+00 -.221253E-02
 -.290000E+00 -.672956E-02
 -.270000E+00 -.833232E-02
 -.250000E+00 -.632613E-02
 -.230000E+00 -.157946E-02
 -.210000E+00 0.385207E-02
 -.190000E+00 0.761586E-02
 -.170000E+00 0.808136E-02
 -.150000E+00 0.504646E-02
 -.130000E+00 -.174792E-03
 -.110000E+00 -.532110E-02
 -.900000E-01 -.816332E-02
 -.700000E-01 -.746997E-02
 -.500000E-01 -.354088E-02
 -.300000E-01 0.192255E-02
 -.100000E-01 0.655402E-02
 0.100000E-01 0.834728E-02
 0.300000E-01 0.652514E-02
 0.500000E-01 0.187634E-02
 0.700000E-01 -.358590E-02
 0.900000E-01 -.749569E-02
 0.110000E+00 -.815927E-02
 0.130000E+00 -.528873E-02
 0.150000E+00 -.126920E-03
 0.170000E+00 0.509063E-02
 0.190000E+00 0.810392E-02
 0.210000E+00 0.760741E-02
 0.230000E+00 0.381564E-02
 0.250000E+00 -.162945E-02
 0.270000E+00 -.636954E-02
 0.290000E+00 -.835134E-02
 0.310000E+00 -.671601E-02
 0.330000E+00 -.217137E-02
 0.350000E+00 0.331448E-02
 0.370000E+00 0.736546E-02
 0.390000E+00 0.822666E-02
 0.410000E+00 0.552457E-02
 0.430000E+00 0.429092E-03
 0.450000E+00 -.485301E-02
 0.470000E+00 -.803379E-02
 0.490000E+00 -.773517E-02
 0.510000E+00 -.408598E-02
 0.530000E+00 0.133361E-02
 0.550000E+00 0.617634E-02
 0.570000E+00 0.834448E-02
 0.590000E+00 0.689849E-02
 0.610000E+00 0.246418E-02
 0.630000E+00 -.303816E-02
 0.650000E+00 -.722532E-02
 0.670000E+00 -.828342E-02
 0.690000E+00 -.575368E-02
 0.710000E+00 -.731329E-03
 0.730000E+00 0.460854E-02
 0.750000E+00 0.795299E-02
 0.770000E+00 0.785306E-02
 0.790000E+00 0.435153E-02
 0.810000E+00 -.103540E-02
 0.830000E+00 -.597465E-02
 0.850000E+00 -.832668E-02
 0.870000E+00 -.707232E-02
 0.890000E+00 -.275437E-02
 0.910000E+00 0.133045E-05
 0.930000E+00 0.790680E-06
 0.950000E+00 0.303486E-07
 0.970000E+00 -.621329E-06
 0.990000E+00 -.882183E-06




































































































 -.990000E+00 -.968923E-02
 -.970000E+00 -.210979E-01
 -.950000E+00 -.324818E-01
 -.930000E+00 -.438271E-01
 -.910000E+00 -.551199E-01
 -.890000E+00 -.634649E-01
 -.870000E+00 -.688637E-01
 -.850000E+00 -.741961E-01
 -.830000E+00 -.794568E-01
 -.810000E+00 -.846408E-01
 -.790000E+00 -.897429E-01
 -.770000E+00 -.947581E-01
 -.750000E+00 -.996816E-01
 -.730000E+00 -.104509E+00
 -.710000E+00 -.109234E+00
 -.690000E+00 -.113854E+00
 -.670000E+00 -.118363E+00
 -.650000E+00 -.122758E+00
 -.630000E+00 -.127033E+00
 -.610000E+00 -.131186E+00
 -.590000E+00 -.135210E+00
 -.570000E+00 -.139104E+00
 -.550000E+00 -.142862E+00
 -.530000E+00 -.146482E+00
 -.510000E+00 -.149959E+00
 -.490000E+00 -.153290E+00
 -.470000E+00 -.156473E+00
 -.450000E+00 -.159503E+00
 -.430000E+00 -.162378E+00
 -.410000E+00 -.165095E+00
 -.390000E+00 -.167652E+00
 -.370000E+00 -.170045E+00
 -.350000E+00 -.172273E+00
 -.330000E+00 -.174333E+00
 -.310000E+00 -.176224E+00
 -.290000E+00 -.177943E+00
 -.270000E+00 -.179488E+00
 -.250000E+00 -.180859E+00
 -.230000E+00 -.182054E+00
 -.210000E+00 -.183071E+00
 -.190000E+00 -.183909E+00
 -.170000E+00 -.184569E+00
 -.150000E+00 -.185049E+00
 -.130000E+00 -.185348E+00
 -.110000E+00 -.185466E+00
 -.900000E-01 -.185404E+00
 -.700000E-01 -.185160E+00
 -.500000E-01 -.184736E+00
 -.300000E-01 -.184132E+00
 -.100000E-01 -.183348E+00
 0.100000E-01 -.182385E+00
 0.300000E-01 -.181244E+00
 0.500000E-01 -.179926E+00
 0.700000E-01 -.178432E+00
 0.900000E-01 -.176764E+00
 0.110000E+00 -.174924E+00
 0.130000E+00 -.172912E+00
 0.150000E+00 -.170732E+00
 0.170000E+00 -.168384E+00
 0.190000E+00 -.165872E+00
 0.210000E+00 -.163198E+00
 0.230000E+00 -.160364E+00
 0.250000E+00 -.157374E+00
 0.270000E+00 -.154229E+00
 0.290000E+00 -.150934E+00
 0.310000E+00 -.147491E+00
 0.330000E+00 -.143903E+00
 0.350000E+00 -.140175E+00
 0.370000E+00 -.136309E+00
 0.390000E+00 -.132310E+00
 0.410000E+00 -.128181E+00
 0.430000E+00 -.123926E+00
 0.450000E+00 -.119551E+00
 0.470000E+00 -.115057E+00
 0.490000E+00 -.110451E+00
 0.510000E+00 -.105737E+00
 0.530000E+00 -.100919E+00
 0.550000E+00 -.960013E-01
 0.570000E+00 -.909897E-01
 0.590000E+00 -.858886E-01
 0.610000E+00 -.807031E-01
 0.630000E+00 -.754381E-01
 0.650000E+00 -.700989E-01
 0.670000E+00 -.646905E-01
 0.690000E+00 -.592183E-01
 0.710000E+00 -.536877E-01
 0.730000E+00 -.481039E-01
 0.750000E+00 -.424725E-01
 0.770000E+00 -.367989E-01
 0.790000E+00 -.310887E-01
 0.810000E+00 -.253474E-01
 0.830000E+00 -.195806E-01
 0.850000E+00 -.137940E-01
 0.870000E+00 -.799317E-02
 0.890000E+00 -.218379E-02
 0.910000E+00 0.723378E-03
 0.930000E+00 0.725080E-03
 0.950000E+00 0.726296E-03
 0.970000E+00 0.727026E-03
 0.990000E+00 0.727270E-03




































































































 -.990000E+00 -.450294E+00
 -.970000E+00 -.453212E+00
 -.950000E+00 -.456040E+00
 -.930000E+00 -.458779E+00
 -.910000E+00 -.461430E+00
 -.890000E+00 -.461730E+00
 -.870000E+00 -.459676E+00
 -.850000E+00 -.457527E+00
 -.830000E+00 -.455285E+00
 -.810000E+00 -.452951E+00
 -.790000E+00 -.450523E+00
 -.770000E+00 -.448004E+00
 -.750000E+00 -.445392E+00
 -.730000E+00 -.442690E+00
 -.710000E+00 -.439897E+00
 -.690000E+00 -.437014E+00
 -.670000E+00 -.434042E+00
 -.650000E+00 -.430981E+00
 -.630000E+00 -.427831E+00
 -.610000E+00 -.424594E+00
 -.590000E+00 -.421270E+00
 -.570000E+00 -.417859E+00
 -.550000E+00 -.414363E+00
 -.530000E+00 -.410782E+00
 -.510000E+00 -.407117E+00
 -.490000E+00 -.403368E+00
 -.470000E+00 -.399536E+00
 -.450000E+00 -.395622E+00
 -.430000E+00 -.391627E+00
 -.410000E+00 -.387551E+00
 -.390000E+00 -.383396E+00
 -.370000E+00 -.379162E+00
 -.350000E+00 -.374850E+00
 -.330000E+00 -.370461E+00
 -.310000E+00 -.365995E+00
 -.290000E+00 -.361455E+00
 -.270000E+00 -.356840E+00
 -.250000E+00 -.352152E+00
 -.230000E+00 -.347391E+00
 -.210000E+00 -.342558E+00
 -.190000E+00 -.337655E+00
 -.170000E+00 -.332682E+00
 -.150000E+00 -.327641E+00
 -.130000E+00 -.322533E+00
 -.110000E+00 -.317357E+00
 -.900000E-01 -.312117E+00
 -.700000E-01 -.306811E+00
 -.500000E-01 -.301443E+00
 -.300000E-01 -.296012E+00
 -.100000E-01 -.290521E+00
 0.100000E-01 -.284969E+00
 0.300000E-01 -.279358E+00
 0.500000E-01 -.273690E+00
 0.700000E-01 -.267965E+00
 0.900000E-01 -.262185E+00
 0.110000E+00 -.256350E+00
 0.130000E+00 -.250462E+00
 0.150000E+00 -.244523E+00
 0.170000E+00 -.238533E+00
 0.190000E+00 -.232493E+00
 0.210000E+00 -.226406E+00
 0.230000E+00 -.220271E+00
 0.250000E+00 -.214091E+00
 0.270000E+00 -.207866E+00
 0.290000E+00 -.201598E+00
 0.310000E+00 -.195289E+00
 0.330000E+00 -.188939E+00
 0.350000E+00 -.182549E+00
 0.370000E+00 -.176122E+00
 0.390000E+00 -.169658E+00
 0.410000E+00 -.163158E+00
 0.430000E+00 -.156625E+00
 0.450000E+00 -.150059E+00
 0.470000E+00 -.143461E+00
 0.490000E+00 -.136834E+00
 0.510000E+00 -.130178E+00
 0.530000E+00 -.123495E+00
 0.550000E+00 -.116786E+00
 0.570000E+00 -.110052E+00
 0.590000E+00 -.103295E+00
 0.610000E+00 -.965164E-01
 0.630000E+00 -.897174E-01
 0.650000E+00 -.828994E-01
 0.670000E+00 -.760639E-01
 0.690000E+00 -.692121E-01
 0.710000E+00 -.623455E-01
 0.730000E+00 -.554655E-01
 0.750000E+00 -.485734E-01
 0.770000E+00 -.416708E-01
 0.790000E+00 -.347590E-01
 0.810000E+00 -.278394E-01
 0.830000E+00 -.209134E-01
 0.850000E+00 -.139825E-01
 0.870000E+00 -.704795E-02
 0.890000E+00 -.111304E-03
 0.910000E+00 0.335765E-02
 0.930000E+00 0.335802E-02
 0.950000E+00 0.335829E-02
 0.970000E+00 0.335845E-02
 0.990000E+00 0.335851E-02




































































































 -.990000E+00 0.144874E+00
 -.970000E+00 0.141416E+00
 -.950000E+00 0.137951E+00
 -.930000E+00 0.134479E+00
 -.910000E+00 0.131001E+00
 -.890000E+00 0.133038E+00
 -.870000E+00 0.140589E+00
 -.850000E+00 0.148132E+00
 -.830000E+00 0.155666E+00
 -.810000E+00 0.163191E+00
 -.790000E+00 0.170706E+00
 -.770000E+00 0.178211E+00
 -.750000E+00 0.185705E+00
 -.730000E+00 0.193188E+00
 -.710000E+00 0.200660E+00
 -.690000E+00 0.208121E+00
 -.670000E+00 0.215569E+00
 -.650000E+00 0.223004E+00
 -.630000E+00 0.230427E+00
 -.610000E+00 0.237836E+00
 -.590000E+00 0.245231E+00
 -.570000E+00 0.252612E+00
 -.550000E+00 0.259979E+00
 -.530000E+00 0.267330E+00
 -.510000E+00 0.274666E+00
 -.490000E+00 0.281987E+00
 -.470000E+00 0.289291E+00
 -.450000E+00 0.296578E+00
 -.430000E+00 0.303848E+00
 -.410000E+00 0.311101E+00
 -.390000E+00 0.318337E+00
 -.370000E+00 0.325554E+00
 -.350000E+00 0.332752E+00
 -.330000E+00 0.339931E+00
 -.310000E+00 0.347091E+00
 -.290000E+00 0.354231E+00
 -.270000E+00 0.361351E+00
 -.250000E+00 0.368451E+00
 -.230000E+00 0.375529E+00
 -.210000E+00 0.382586E+00
 -.190000E+00 0.389621E+00
 -.170000E+00 0.396634E+00
 -.150000E+00 0.403625E+00
 -.130000E+00 0.410592E+00
 -.110000E+00 0.417536E+00
 -.900000E-01 0.424457E+00
 -.700000E-01 0.431353E+00
 -.500000E-01 0.438225E+00
 -.300000E-01 0.445072E+00
 -.100000E-01 0.451894E+00
 0.100000E-01 0.458690E+00
 0.300000E-01 0.465460E+00
 0.500000E-01 0.472204E+00
 0.700000E-01 0.478921E+00
 0.900000E-01 0.485611E+00
 0.110000E+00 0.492273E+00
 0.130000E+00 0.498907E+00
 0.150000E+00 0.505513E+00
 0.170000E+00 0.512090E+00
 0.190000E+00 0.518638E+00
 0.210000E+00 0.525157E+00
 0.230000E+00 0.531646E+00
 0.250000E+00 0.538104E+00
 0.270000E+00 0.544532E+00
 0.290000E+00 0.550930E+00
 0.310000E+00 0.557295E+00
 0.330000E+00 0.563630E+00
 0.350000E+00 0.569932E+00
 0.370000E+00 0.576201E+00
 0.390000E+00 0.582438E+00
 0.410000E+00 0.588642E+00
 0.430000E+00 0.594812E+00
 0.450000E+00 0.600949E+00
 0.470000E+00 0.607051E+00
 0.490000E+00 0.613118E+00
 0.510000E+00 0.619151E+00
 0.530000E+00 0.625148E+00
 0.550000E+00 0.631110E+00
 0.570000E+00 0.637035E+00
 0.590000E+00 0.642925E+00
 0.610000E+00 0.648777E+00
 0.630000E+00 0.654592E+00
 0.650000E+00 0.660370E+00
 0.670000E+00 0.666110E+00
 0.690000E+00 0.671812E+00
 0.710000E+00 0.677476E+00
 0.730000E+00 0.683101E+00
 0.750000E+00 0.688686E+00
 0.770000E+00 0.694232E+00
 0.790000E+00 0.699738E+00
 0.810000E+00 0.705204E+00
 0.830000E+00 0.710629E+00
 0.850000E+00 0.716014E+00
 0.870000E+00 0.721357E+00
 0.890000E+00 0.726659E+00
 0.910000E+00 0.729295E+00
 0.930000E+00 0.729296E+00
 0.950000E+00 0.729297E+00
 0.970000E+00 0.729298E+00
 0.990000E+00 0.729298E+00




































































































 -.990000E+00 0.823174E+00
 -.970000E+00 0.821472E+00
 -.950000E+00 0.819746E+00
 -.930000E+00 0.817997E+00
 -.910000E+00 0.816225E+00
 -.890000E+00 0.816312E+00
 -.870000E+00 0.818271E+00
 -.850000E+00 0.820221E+00
 -.830000E+00 0.822161E+00
 -.810000E+00 0.824092E+00
 -.790000E+00 0.826013E+00
 -.770000E+00 0.827926E+00
 -.750000E+00 0.829828E+00
 -.730000E+00 0.831722E+00
 -.710000E+00 0.833606E+00
 -.690000E+00 0.835480E+00
 -.670000E+00 0.837345E+00
 -.650000E+00 0.839200E+00
 -.630000E+00 0.841046E+00
 -.610000E+00 0.842882E+00
 -.590000E+00 0.844709E+00
 -.570000E+00 0.846526E+00
 -.550000E+00 0.848333E+00
 -.530000E+00 0.850131E+00
 -.510000E+00 0.851919E+00
 -.490000E+00 0.853697E+00
 -.470000E+00 0.855466E+00
 -.450000E+00 0.857225E+00
 -.430000E+00 0.858974E+00
 -.410000E+00 0.860713E+00
 -.390000E+00 0.862442E+00
 -.370000E+00 0.864162E+00
 -.350000E+00 0.865871E+00
 -.330000E+00 0.867571E+00
 -.310000E+00 0.869261E+00
 -.290000E+00 0.870941E+00
 -.270000E+00 0.872611E+00
 -.250000E+00 0.874271E+00
 -.230000E+00 0.875921E+00
 -.210000E+00 0.877561E+00
 -.190000E+00 0.879191E+00
 -.170000E+00 0.880810E+00
 -.150000E+00 0.882420E+00
 -.130000E+00 0.884020E+00
 -.110000E+00 0.885609E+00
 -.900000E-01 0.887189E+00
 -.700000E-01 0.888758E+00
 -.500000E-01 0.890317E+00
 -.300000E-01 0.891866E+00
 -.100000E-01 0.893404E+00
 0.100000E-01 0.894932E+00
 0.300000E-01 0.896450E+00
 0.500000E-01 0.897958E+00
 0.700000E-01 0.899456E+00
 0.900000E-01 0.900943E+00
 0.110000E+00 0.902419E+00
 0.130000E+00 0.903886E+00
 0.150000E+00 0.905342E+00
 0.170000E+00 0.906787E+00
 0.190000E+00 0.908222E+00
 0.210000E+00 0.909647E+00
 0.230000E+00 0.911061E+00
 0.250000E+00 0.912465E+00
 0.270000E+00 0.913858E+00
 0.290000E+00 0.915241E+00
 0.310000E+00 0.916613E+00
 0.330000E+00 0.917974E+00
 0.350000E+00 0.919325E+00
 0.370000E+00 0.920665E+00
 0.390000E+00 0.921995E+00
 0.410000E+00 0.923314E+00
 0.430000E+00 0.924623E+00
 0.450000E+00 0.925920E+00
 0.470000E+00 0.927207E+00
 0.490000E+00 0.928483E+00
 0.510000E+00 0.929749E+00
 0.530000E+00 0.931004E+00
 0.550000E+00 0.932248E+00
 0.570000E+00 0.933481E+00
 0.590000E+00 0.934703E+00
 0.610000E+00 0.935915E+00
 0.630000E+00 0.937116E+00
 0.650000E+00 0.938306E+00
 0.670000E+00 0.939485E+00
 0.690000E+00 0.940653E+00
 0.710000E+00 0.941810E+00
 0.730000E+00 0.942956E+00
 0.750000E+00 0.944092E+00
 0.770000E+00 0.945216E+00
 0.790000E+00 0.946329E+00
 0.810000E+00 0.947432E+00
 0.830000E+00 0.948523E+00
 0.850000E+00 0.949603E+00
 0.870000E+00 0.950673E+00
 0.890000E+00 0.951731E+00
 0.910000E+00 0.952256E+00
 0.930000E+00 0.952256E+00
 0.950000E+00 0.952256E+00
 0.970000E+00 0.952257E+00
 0.990000E+00 0.952257E+00




































































































 -.990000E+00 0.999990E+00
 -.970000E+00 0.999990E+00
 -.950000E+00 0.999990E+00
 -.930000E+00 0.999990E+00
 -.910000E+00 0.999990E+00
 -.890000E+00 0.999990E+00
 -.870000E+00 0.999990E+00
 -.850000E+00 0.999990E+00
 -.830000E+00 0.999990E+00
 -.810000E+00 0.999990E+00
 -.790000E+00 0.999990E+00
 -.770000E+00 0.999990E+00
 -.750000E+00 0.999991E+00
 -.730000E+00 0.999991E+00
 -.710000E+00 0.999991E+00
 -.690000E+00 0.999991E+00
 -.670000E+00 0.999991E+00
 -.650000E+00 0.999991E+00
 -.630000E+00 0.999991E+00
 -.610000E+00 0.999991E+00
 -.590000E+00 0.999991E+00
 -.570000E+00 0.999991E+00
 -.550000E+00 0.999991E+00
 -.530000E+00 0.999991E+00
 -.510000E+00 0.999991E+00
 -.490000E+00 0.999991E+00
 -.470000E+00 0.999991E+00
 -.450000E+00 0.999991E+00
 -.430000E+00 0.999991E+00
 -.410000E+00 0.999991E+00
 -.390000E+00 0.999992E+00
 -.370000E+00 0.999992E+00
 -.350000E+00 0.999992E+00
 -.330000E+00 0.999992E+00
 -.310000E+00 0.999992E+00
 -.290000E+00 0.999992E+00
 -.270000E+00 0.999992E+00
 -.250000E+00 0.999992E+00
 -.230000E+00 0.999992E+00
 -.210000E+00 0.999992E+00
 -.190000E+00 0.999992E+00
 -.170000E+00 0.999992E+00
 -.150000E+00 0.999992E+00
 -.130000E+00 0.999992E+00
 -.110000E+00 0.999992E+00
 -.900000E-01 0.999992E+00
 -.700000E-01 0.999992E+00
 -.500000E-01 0.999992E+00
 -.300000E-01 0.999993E+00
 -.100000E-01 0.999993E+00
 0.100000E-01 0.999993E+00
 0.300000E-01 0.999993E+00
 0.500000E-01 0.999993E+00
 0.700000E-01 0.999993E+00
 0.900000E-01 0.999993E+00
 0.110000E+00 0.999993E+00
 0.130000E+00 0.999993E+00
 0.150000E+00 0.999993E+00
 0.170000E+00 0.999993E+00
 0.190000E+00 0.999993E+00
 0.210000E+00 0.999993E+00
 0.230000E+00 0.999993E+00
 0.250000E+00 0.999993E+00
 0.270000E+00 0.999993E+00
 0.290000E+00 0.999993E+00
 0.310000E+00 0.999993E+00
 0.330000E+00 0.999994E+00
 0.350000E+00 0.999994E+00
 0.370000E+00 0.999994E+00
 0.390000E+00 0.999994E+00
 0.410000E+00 0.999994E+00
 0.430000E+00 0.999994E+00
 0.450000E+00 0.999994E+00
 0.470000E+00 0.999994E+00
 0.490000E+00 0.999994E+00
 0.510000E+00 0.999994E+00
 0.530000E+00 0.999994E+00
 0.550000E+00 0.999994E+00
 0.570000E+00 0.999994E+00
 0.590000E+00 0.999994E+00
 0.610000E+00 0.999994E+00
 0.630000E+00 0.999994E+00
 0.650000E+00 0.999994E+00
 0.670000E+00 0.999994E+00
 0.690000E+00 0.999994E+00
 0.710000E+00 0.999995E+00
 0.730000E+00 0.999995E+00
 0.750000E+00 0.999995E+00
 0.770000E+00 0.999995E+00
 0.790000E+00 0.999995E+00
 0.810000E+00 0.999995E+00
 0.830000E+00 0.999995E+00
 0.850000E+00 0.999995E+00
 0.870000E+00 0.999995E+00
 0.890000E+00 0.999995E+00
 0.910000E+00 0.999995E+00
 0.930000E+00 0.999995E+00
 0.950000E+00 0.999995E+00
 0.970000E+00 0.999995E+00
 0.990000E+00 0.999995E+00




































































































 -.990000E+00 0.823174E+00
 -.970000E+00 0.821472E+00
 -.950000E+00 0.819746E+00
 -.930000E+00 0.817997E+00
 -.910000E+00 0.816225E+00
 -.890000E+00 0.816312E+00
 -.870000E+00 0.818271E+00
 -.850000E+00 0.820221E+00
 -.830000E+00 0.822161E+00
 -.810000E+00 0.824092E+00
 -.790000E+00 0.826013E+00
 -.770000E+00 0.827926E+00
 -.750000E+00 0.829828E+00
 -.730000E+00 0.831722E+00
 -.710000E+00 0.833606E+00
 -.690000E+00 0.835480E+00
 -.670000E+00 0.837345E+00
 -.650000E+00 0.839200E+00
 -.630000E+00 0.841046E+00
 -.610000E+00 0.842882E+00
 -.590000E+00 0.844709E+00
 -.570000E+00 0.846526E+00
 -.550000E+00 0.848333E+00
 -.530000E+00 0.850131E+00
 -.510000E+00 0.851919E+00
 -.490000E+00 0.853697E+00
 -.470000E+00 0.855466E+00
 -.450000E+00 0.857225E+00
 -.430000E+00 0.858974E+00
 -.410000E+00 0.860713E+00
 -.390000E+00 0.862442E+00
 -.370000E+00 0.864162E+00
 -.350000E+00 0.865871E+00
 -.330000E+00 0.867571E+00
 -.310000E+00 0.869261E+00
 -.290000E+00 0.870941E+00
 -.270000E+00 0.872611E+00
 -.250000E+00 0.874271E+00
 -.230000E+00 0.875921E+00
 -.210000E+00 0.877561E+00
 -.190000E+00 0.879191E+00
 -.170000E+00 0.880810E+00
 -.150000E+00 0.882420E+00
 -.130000E+00 0.884020E+00
 -.110000E+00 0.885609E+00
 -.900000E-01 0.887189E+00
 -.700000E-01 0.888758E+00
 -.500000E-01 0.890317E+00
 -.300000E-01 0.891866E+00
 -.100000E-01 0.893404E+00
 0.100000E-01 0.894932E+00
 0.300000E-01 0.896450E+00
 0.500000E-01 0.897958E+00
 0.700000E-01 0.899456E+00
 0.900000E-01 0.900943E+00
 0.110000E+00 0.902419E+00
 0.130000E+00 0.903886E+00
 0.150000E+00 0.905342E+00
 0.170000E+00 0.906787E+00
 0.190000E+00 0.908222E+00
 0.210000E+00 0.909647E+00
 0.230000E+00 0.911061E+00
 0.250000E+00 0.912465E+00
 0.270000E+00 0.913858E+00
 0.290000E+00 0.915241E+00
 0.310000E+00 0.916613E+00
 0.330000E+00 0.917974E+00
 0.350000E+00 0.919325E+00
 0.370000E+00 0.920665E+00
 0.390000E+00 0.921995E+00
 0.410000E+00 0.923314E+00
 0.430000E+00 0.924623E+00
 0.450000E+00 0.925920E+00
 0.470000E+00 0.927207E+00
 0.490000E+00 0.928483E+00
 0.510000E+00 0.929749E+00
 0.530000E+00 0.931004E+00
 0.550000E+00 0.932248E+00
 0.570000E+00 0.933481E+00
 0.590000E+00 0.934703E+00
 0.610000E+00 0.935915E+00
 0.630000E+00 0.937116E+00
 0.650000E+00 0.938306E+00
 0.670000E+00 0.939485E+00
 0.690000E+00 0.940653E+00
 0.710000E+00 0.941810E+00
 0.730000E+00 0.942956E+00
 0.750000E+00 0.944092E+00
 0.770000E+00 0.945216E+00
 0.790000E+00 0.946329E+00
 0.810000E+00 0.947432E+00
 0.830000E+00 0.948523E+00
 0.850000E+00 0.949603E+00
 0.870000E+00 0.950673E+00
 0.890000E+00 0.951731E+00
 0.910000E+00 0.952256E+00
 0.930000E+00 0.952256E+00
 0.950000E+00 0.952256E+00
 0.970000E+00 0.952257E+00
 0.990000E+00 0.952257E+00




































































































 -.990000E+00 0.144874E+00
 -.970000E+00 0.141416E+00
 -.950000E+00 0.137951E+00
 -.930000E+00 0.134479E+00
 -.910000E+00 0.131001E+00
 -.890000E+00 0.133038E+00
 -.870000E+00 0.140589E+00
 -.850000E+00 0.148132E+00
 -.830000E+00 0.155666E+00
 -.810000E+00 0.163191E+00
 -.790000E+00 0.170706E+00
 -.770000E+00 0.178211E+00
 -.750000E+00 0.185705E+00
 -.730000E+00 0.193188E+00
 -.710000E+00 0.200660E+00
 -.690000E+00 0.208121E+00
 -.670000E+00 0.215569E+00
 -.650000E+00 0.223004E+00
 -.630000E+00 0.230427E+00
 -.610000E+00 0.237836E+00
 -.590000E+00 0.245231E+00
 -.570000E+00 0.252612E+00
 -.550000E+00 0.259979E+00
 -.530000E+00 0.267330E+00
 -.510000E+00 0.274666E+00
 -.490000E+00 0.281987E+00
 -.470000E+00 0.289291E+00
 -.450000E+00 0.296578E+00
 -.430000E+00 0.303848E+00
 -.410000E+00 0.311101E+00
 -.390000E+00 0.318337E+00
 -.370000E+00 0.325554E+00
 -.350000E+00 0.332752E+00
 -.330000E+00 0.339931E+00
 -.310000E+00 0.347091E+00
 -.290000E+00 0.354231E+00
 -.270000E+00 0.361351E+00
 -.250000E+00 0.368451E+00
 -.230000E+00 0.375529E+00
 -.210000E+00 0.382586E+00
 -.190000E+00 0.389621E+00
 -.170000E+00 0.396634E+00
 -.150000E+00 0.403625E+00
 -.130000E+00 0.410592E+00
 -.110000E+00 0.417536E+00
 -.900000E-01 0.424457E+00
 -.700000E-01 0.431353E+00
 -.500000E-01 0.438225E+00
 -.300000E-01 0.445072E+00
 -.100000E-01 0.451894E+00
 0.100000E-01 0.458690E+00
 0.300000E-01 0.465460E+00
 0.500000E-01 0.472204E+00
 0.700000E-01 0.478921E+00
 0.900000E-01 0.485611E+00
 0.110000E+00 0.492273E+00
 0.130000E+00 0.498907E+00
 0.150000E+00 0.505513E+00
 0.170000E+00 0.512090E+00
 0.190000E+00 0.518638E+00
 0.210000E+00 0.525157E+00
 0.230000E+00 0.531646E+00
 0.250000E+00 0.538104E+00
 0.270000E+00 0.544532E+00
 0.290000E+00 0.550930E+00
 0.310000E+00 0.557295E+00
 0.330000E+00 0.563630E+00
 0.350000E+00 0.569932E+00
 0.370000E+00 0.576201E+00
 0.390000E+00 0.582438E+00
 0.410000E+00 0.588642E+00
 0.430000E+00 0.594812E+00
 0.450000E+00 0.600949E+00
 0.470000E+00 0.607051E+00
 0.490000E+00 0.613118E+00
 0.510000E+00 0.619151E+00
 0.530000E+00 0.625148E+00
 0.550000E+00 0.631110E+00
 0.570000E+00 0.637035E+00
 0.590000E+00 0.642925E+00
 0.610000E+00 0.648777E+00
 0.630000E+00 0.654592E+00
 0.650000E+00 0.660370E+00
 0.670000E+00 0.666110E+00
 0.690000E+00 0.671812E+00
 0.710000E+00 0.677476E+00
 0.730000E+00 0.683101E+00
 0.750000E+00 0.688686E+00
 0.770000E+00 0.694232E+00
 0.790000E+00 0.699738E+00
 0.810000E+00 0.705204E+00
 0.830000E+00 0.710629E+00
 0.850000E+00 0.716014E+00
 0.870000E+00 0.721357E+00
 0.890000E+00 0.726659E+00
 0.910000E+00 0.729295E+00
 0.930000E+00 0.729296E+00
 0.950000E+00 0.729297E+00
 0.970000E+00 0.729298E+00
 0.990000E+00 0.729298E+00




































































































 -.990000E+00 -.450294E+00
 -.970000E+00 -.453212E+00
 -.950000E+00 -.456040E+00
 -.930000E+00 -.458779E+00
 -.910000E+00 -.461430E+00
 -.890000E+00 -.461730E+00
 -.870000E+00 -.459676E+00
 -.850000E+00 -.457527E+00
 -.830000E+00 -.455285E+00
 -.810000E+00 -.452951E+00
 -.790000E+00 -.450523E+00
 -.770000E+00 -.448004E+00
 -.750000E+00 -.445392E+00
 -.730000E+00 -.442690E+00
 -.710000E+00 -.439897E+00
 -.690000E+00 -.437014E+00
 -.670000E+00 -.434042E+00
 -.650000E+00 -.430981E+00
 -.630000E+00 -.427831E+00
 -.610000E+00 -.424594E+00
 -.590000E+00 -.421270E+00
 -.570000E+00 -.417859E+00
 -.550000E+00 -.414363E+00
 -.530000E+00 -.410782E+00
 -.510000E+00 -.407117E+00
 -.490000E+00 -.403368E+00
 -.470000E+00 -.399536E+00
 -.450000E+00 -.395622E+00
 -.430000E+00 -.391627E+00
 -.410000E+00 -.387551E+00
 -.390000E+00 -.383396E+00
 -.370000E+00 -.379162E+00
 -.350000E+00 -.374850E+00
 -.330000E+00 -.370461E+00
 -.310000E+00 -.365995E+00
 -.290000E+00 -.361455E+00
 -.270000E+00 -.356840E+00
 -.250000E+00 -.352152E+00
 -.230000E+00 -.347391E+00
 -.210000E+00 -.342558E+00
 -.190000E+00 -.337655E+00
 -.170000E+00 -.332682E+00
 -.150000E+00 -.327641E+00
 -.130000E+00 -.322533E+00
 -.110000E+00 -.317357E+00
 -.900000E-01 -.312117E+00
 -.700000E-01 -.306811E+00
 -.500000E-01 -.301443E+00
 -.300000E-01 -.296012E+00
 -.100000E-01 -.290521E+00
 0.100000E-01 -.284969E+00
 0.300000E-01 -.279358E+00
 0.500000E-01 -.273690E+00
 0.700000E-01 -.267965E+00
 0.900000E-01 -.262185E+00
 0.110000E+00 -.256350E+00
 0.130000E+00 -.250462E+00
 0.150000E+00 -.244523E+00
 0.170000E+00 -.238533E+00
 0.190000E+00 -.232493E+00
 0.210000E+00 -.226406E+00
 0.230000E+00 -.220271E+00
 0.250000E+00 -.214091E+00
 0.270000E+00 -.207866E+00
 0.290000E+00 -.201598E+00
 0.310000E+00 -.195289E+00
 0.330000E+00 -.188939E+00
 0.350000E+00 -.182549E+00
 0.370000E+00 -.176122E+00
 0.390000E+00 -.169658E+00
 0.410000E+00 -.163158E+00
 0.430000E+00 -.156625E+00
 0.450000E+00 -.150059E+00
 0.470000E+00 -.143461E+00
 0.490000E+00 -.136834E+00
 0.510000E+00 -.130178E+00
 0.530000E+00 -.123495E+00
 0.550000E+00 -.116786E+00
 0.570000E+00 -.110052E+00
 0.590000E+00 -.103295E+00
 0.610000E+00 -.965164E-01
 0.630000E+00 -.897174E-01
 0.650000E+00 -.828994E-01
 0.670000E+00 -.760639E-01
 0.690000E+00 -.692121E-01
 0.710000E+00 -.623455E-01
 0.730000E+00 -.554655E-01
 0.750000E+00 -.485734E-01
 0.770000E+00 -.416708E-01
 0.790000E+00 -.347590E-01
 0.810000E+00 -.278394E-01
 0.830000E+00 -.209134E-01
 0.850000E+00 -.139825E-01
 0.870000E+00 -.704795E-02
 0.890000E+00 -.111304E-03
 0.910000E+00 0.335765E-02
 0.930000E+00 0.335802E-02
 0.950000E+00 0.335829E-02
 0.970000E+00 0.335845E-02
 0.990000E+00 0.335851E-02




































































































 -.990000E+00 -.968923E-02
 -.970000E+00 -.210979E-01
 -.950000E+00 -.324818E-01
 -.930000E+00 -.438271E-01
 -.910000E+00 -.551199E-01
 -.890000E+00 -.634649E-01
 -.870000E+00 -.688637E-01
 -.850000E+00 -.741961E-01
 -.830000E+00 -.794568E-01
 -.810000E+00 -.846408E-01
 -.790000E+00 -.897429E-01
 -.770000E+00 -.947581E-01
 -.750000E+00 -.996816E-01
 -.730000E+00 -.104509E+00
 -.710000E+00 -.109234E+00
 -.690000E+00 -.113854E+00
 -.670000E+00 -.118363E+00
 -.650000E+00 -.122758E+00
 -.630000E+00 -.127033E+00
 -.610000E+00 -.131186E+00
 -.590000E+00 -.135210E+00
 -.570000E+00 -.139104E+00
 -.550000E+00 -.142862E+00
 -.530000E+00 -.146482E+00
 -.510000E+00 -.149959E+00
 -.490000E+00 -.153290E+00
 -.470000E+00 -.156473E+00
 -.450000E+00 -.159503E+00
 -.430000E+00 -.162378E+00
 -.410000E+00 -.165095E+00
 -.390000E+00 -.167652E+00
 -.370000E+00 -.170045E+00
 -.350000E+00 -.172273E+00
 -.330000E+00 -.174333E+00
 -.310000E+00 -.176224E+00
 -.290000E+00 -.177943E+00
 -.270000E+00 -.179488E+00
 -.250000E+00 -.180859E+00
 -.230000E+00 -.182054E+00
 -.210000E+00 -.183071E+00
 -.190000E+00 -.183909E+00
 -.170000E+00 -.184569E+00
 -.150000E+00 -.185049E+00
 -.130000E+00 -.185348E+00
 -.110000E+00 -.185466E+00
 -.900000E-01 -.185404E+00
 -.700000E-01 -.185160E+00
 -.500000E-01 -.184736E+00
 -.300000E-01 -.184132E+00
 -.100000E-01 -.183348E+00
 0.100000E-01 -.182385E+00
 0.300000E-01 -.181244E+00
 0.500000E-01 -.179926E+00
 0.700000E-01 -.178432E+00
 0.900000E-01 -.176764E+00
 0.110000E+00 -.174924E+00
 0.130000E+00 -.172912E+00
 0.150000E+00 -.170732E+00
 0.170000E+00 -.168384E+00
 0.190000E+00 -.165872E+00
 0.210000E+00 -.163198E+00
 0.230000E+00 -.160364E+00
 0.250000E+00 -.157374E+00
 0.270000E+00 -.154229E+00
 0.290000E+00 -.150934E+00
 0.310000E+00 -.147491E+00
 0.330000E+00 -.143903E+00
 0.350000E+00 -.140175E+00
 0.370000E+00 -.136309E+00
 0.390000E+00 -.132310E+00
 0.410000E+00 -.128181E+00
 0.430000E+00 -.123926E+00
 0.450000E+00 -.119551E+00
 0.470000E+00 -.115057E+00
 0.490000E+00 -.110451E+00
 0.510000E+00 -.105737E+00
 0.530000E+00 -.100919E+00
 0.550000E+00 -.960013E-01
 0.570000E+00 -.909897E-01
 0.590000E+00 -.858886E-01
 0.610000E+00 -.807031E-01
 0.630000E+00 -.754381E-01
 0.650000E+00 -.700989E-01
 0.670000E+00 -.646905E-01
 0.690000E+00 -.592183E-01
 0.710000E+00 -.536877E-01
 0.730000E+00 -.481039E-01
 0.750000E+00 -.424725E-01
 0.770000E+00 -.367989E-01
 0.790000E+00 -.310887E-01
 0.810000E+00 -.253474E-01
 0.830000E+00 -.195806E-01
 0.850000E+00 -.137940E-01
 0.870000E+00 -.799317E-02
 0.890000E+00 -.218379E-02
 0.910000E+00 0.723378E-03
 0.930000E+00 0.725080E-03
 0.950000E+00 0.726296E-03
 0.970000E+00 0.727026E-03
 0.990000E+00 0.727270E-03




































































































 -.990000E+00 -.324147E-02
 -.970000E+00 0.705016E-02
 -.950000E+00 0.142923E-01
 -.930000E+00 0.153483E-01
 -.910000E+00 0.975716E-02
 -.890000E+00 0.269373E-02
 -.870000E+00 -.278166E-02
 -.850000E+00 -.705297E-02
 -.830000E+00 -.826990E-02
 -.810000E+00 -.590485E-02
 -.790000E+00 -.981750E-03
 -.770000E+00 0.436733E-02
 -.750000E+00 0.782548E-02
 -.730000E+00 0.789449E-02
 -.710000E+00 0.454399E-02
 -.690000E+00 -.775267E-03
 -.670000E+00 -.575950E-02
 -.650000E+00 -.824971E-02
 -.630000E+00 -.716690E-02
 -.610000E+00 -.297955E-02
 -.590000E+00 0.249902E-02
 -.570000E+00 0.689594E-02
 -.550000E+00 0.830651E-02
 -.530000E+00 0.611928E-02
 -.510000E+00 0.128113E-02
 -.490000E+00 -.411266E-02
 -.470000E+00 -.772583E-02
 -.450000E+00 -.799306E-02
 -.430000E+00 -.479810E-02
 -.410000E+00 0.475651E-03
 -.390000E+00 0.554415E-02
 -.370000E+00 0.821193E-02
 -.350000E+00 0.732307E-02
 -.330000E+00 0.326205E-02
 -.310000E+00 -.221253E-02
 -.290000E+00 -.672956E-02
 -.270000E+00 -.833232E-02
 -.250000E+00 -.632613E-02
 -.230000E+00 -.157946E-02
 -.210000E+00 0.385207E-02
 -.190000E+00 0.761586E-02
 -.170000E+00 0.808136E-02
 -.150000E+00 0.504646E-02
 -.130000E+00 -.174792E-03
 -.110000E+00 -.532110E-02
 -.900000E-01 -.816332E-02
 -.700000E-01 -.746997E-02
 -.500000E-01 -.354088E-02
 -.300000E-01 0.192255E-02
 -.100000E-01 0.655402E-02
 0.100000E-01 0.834728E-02
 0.300000E-01 0.652514E-02
 0.500000E-01 0.187634E-02
 0.700000E-01 -.358590E-02
 0.900000E-01 -.749569E-02
 0.110000E+00 -.815927E-02
 0.130000E+00 -.528873E-02
 0.150000E+00 -.126920E-03
 0.170000E+00 0.509063E-02
 0.190000E+00 0.810392E-02
 0.210000E+00 0.760741E-02
 0.230000E+00 0.381564E-02
 0.250000E+00 -.162945E-02
 0.270000E+00 -.636954E-02
 0.290000E+00 -.835134E-02
 0.310000E+00 -.671601E-02
 0.330000E+00 -.217137E-02
 0.350000E+00 0.331448E-02
 0.370000E+00 0.736546E-02
 0.390000E+00 0.822666E-02
 0.410000E+00 0.552457E-02
 0.430000E+00 0.429092E-03
 0.450000E+00 -.485301E-02
 0.470000E+00 -.803379E-02
 0.490000E+00 -.773517E-02
 0.510000E+00 -.408598E-02
 0.530000E+00 0.133361E-02
 0.550000E+00 0.617634E-02
 0.570000E+00 0.834448E-02
 0.590000E+00 0.689849E-02
 0.610000E+00 0.246418E-02
 0.630000E+00 -.303816E-02
 0.650000E+00 -.722532E-02
 0.670000E+00 -.828342E-02
 0.690000E+00 -.575368E-02
 0.710000E+00 -.731329E-03
 0.730000E+00 0.460854E-02
 0.750000E+00 0.795299E-02
 0.770000E+00 0.785306E-02
 0.790000E+00 0.435153E-02
 0.810000E+00 -.103540E-02
 0.830000E+00 -.597465E-02
 0.850000E+00 -.832668E-02
 0.870000E+00 -.707232E-02
 0.890000E+00 -.275437E-02
 0.910000E+00 0.133045E-05
 0.930000E+00 0.790680E-06
 0.950000E+00 0.303486E-07
 0.970000E+00 -.621329E-06
 0.990000E+00 -.882183E-06




































































































