 -.990000E+00 0.280792E+00
 -.970000E+00 0.280818E+00
 -.950000E+00 0.280836E+00
 -.930000E+00 0.280839E+00
 -.910000E+00 0.280825E+00
 -.890000E+00 -.153216E-06
 -.870000E+00 -.249020E-04
 -.850000E+00 -.388659E-04
 -.830000E+00 -.359974E-04
 -.810000E+00 -.175387E-04
 -.790000E+00 0.851577E-05
 -.770000E+00 0.308821E-04
 -.750000E+00 0.398738E-04
 -.730000E+00 0.315964E-04
 -.710000E+00 0.963496E-05
 -.690000E+00 -.164993E-04
 -.670000E+00 -.354878E-04
 -.650000E+00 -.391069E-04
 -.630000E+00 -.257892E-04
 -.610000E+00 -.130239E-05
 -.590000E+00 0.237484E-04
 -.570000E+00 0.385141E-04
 -.550000E+00 0.365996E-04
 -.530000E+00 0.188342E-04
 -.510000E+00 -.708813E-05
 -.490000E+00 -.299406E-04
 -.470000E+00 -.398261E-04
 -.450000E+00 -.324633E-04
 -.430000E+00 -.110409E-04
 -.410000E+00 0.151632E-04
 -.390000E+00 0.348002E-04
 -.370000E+00 0.393656E-04
 -.350000E+00 0.268821E-04
 -.330000E+00 0.275626E-05
 -.310000E+00 -.225633E-04
 -.290000E+00 -.381109E-04
 -.270000E+00 -.371531E-04
 -.250000E+00 -.201045E-04
 -.230000E+00 0.565105E-05
 -.210000E+00 0.289592E-04
 -.190000E+00 0.397254E-04
 -.170000E+00 0.332869E-04
 -.150000E+00 0.124322E-04
 -.130000E+00 -.138069E-04
 -.110000E+00 -.340662E-04
 -.900000E-01 -.395719E-04
 -.700000E-01 -.279393E-04
 -.500000E-01 -.420646E-05
 -.300000E-01 0.213481E-04
 -.100000E-01 0.376571E-04
 0.100000E-01 0.376571E-04
 0.300000E-01 0.213481E-04
 0.500000E-01 -.420646E-05
 0.700000E-01 -.279393E-04
 0.900000E-01 -.395719E-04
 0.110000E+00 -.340662E-04
 0.130000E+00 -.138069E-04
 0.150000E+00 0.124322E-04
 0.170000E+00 0.332869E-04
 0.190000E+00 0.397254E-04
 0.210000E+00 0.289592E-04
 0.230000E+00 0.565105E-05
 0.250000E+00 -.201045E-04
 0.270000E+00 -.371531E-04
 0.290000E+00 -.381109E-04
 0.310000E+00 -.225633E-04
 0.330000E+00 0.275626E-05
 0.350000E+00 0.268821E-04
 0.370000E+00 0.393656E-04
 0.390000E+00 0.348002E-04
 0.410000E+00 0.151632E-04
 0.430000E+00 -.110409E-04
 0.450000E+00 -.324633E-04
 0.470000E+00 -.398261E-04
 0.490000E+00 -.299406E-04
 0.510000E+00 -.708813E-05
 0.530000E+00 0.188342E-04
 0.550000E+00 0.365996E-04
 0.570000E+00 0.385141E-04
 0.590000E+00 0.237484E-04
 0.610000E+00 -.130239E-05
 0.630000E+00 -.257892E-04
 0.650000E+00 -.391069E-04
 0.670000E+00 -.354878E-04
 0.690000E+00 -.164993E-04
 0.710000E+00 0.963496E-05
 0.730000E+00 0.315964E-04
 0.750000E+00 0.398738E-04
 0.770000E+00 0.308821E-04
 0.790000E+00 0.851577E-05
 0.810000E+00 -.175387E-04
 0.830000E+00 -.359974E-04
 0.850000E+00 -.388659E-04
 0.870000E+00 -.249020E-04
 0.890000E+00 -.153216E-06
 0.910000E+00 0.280825E+00
 0.930000E+00 0.280839E+00
 0.950000E+00 0.280836E+00
 0.970000E+00 0.280818E+00
 0.990000E+00 0.280792E+00




































































































 -.990000E+00 0.280778E+00
 -.970000E+00 0.280750E+00
 -.950000E+00 0.280722E+00
 -.930000E+00 0.280694E+00
 -.910000E+00 0.280667E+00
 -.890000E+00 -.161004E-03
 -.870000E+00 -.188486E-03
 -.850000E+00 -.215784E-03
 -.830000E+00 -.242872E-03
 -.810000E+00 -.269722E-03
 -.790000E+00 -.296309E-03
 -.770000E+00 -.322607E-03
 -.750000E+00 -.348590E-03
 -.730000E+00 -.374233E-03
 -.710000E+00 -.399511E-03
 -.690000E+00 -.424398E-03
 -.670000E+00 -.448872E-03
 -.650000E+00 -.472907E-03
 -.630000E+00 -.496481E-03
 -.610000E+00 -.519570E-03
 -.590000E+00 -.542152E-03
 -.570000E+00 -.564205E-03
 -.550000E+00 -.585707E-03
 -.530000E+00 -.606637E-03
 -.510000E+00 -.626976E-03
 -.490000E+00 -.646702E-03
 -.470000E+00 -.665797E-03
 -.450000E+00 -.684243E-03
 -.430000E+00 -.702020E-03
 -.410000E+00 -.719113E-03
 -.390000E+00 -.735503E-03
 -.370000E+00 -.751176E-03
 -.350000E+00 -.766115E-03
 -.330000E+00 -.780307E-03
 -.310000E+00 -.793737E-03
 -.290000E+00 -.806393E-03
 -.270000E+00 -.818261E-03
 -.250000E+00 -.829331E-03
 -.230000E+00 -.839591E-03
 -.210000E+00 -.849032E-03
 -.190000E+00 -.857644E-03
 -.170000E+00 -.865419E-03
 -.150000E+00 -.872350E-03
 -.130000E+00 -.878429E-03
 -.110000E+00 -.883650E-03
 -.900000E-01 -.888009E-03
 -.700000E-01 -.891502E-03
 -.500000E-01 -.894124E-03
 -.300000E-01 -.895874E-03
 -.100000E-01 -.896749E-03
 0.100000E-01 -.896749E-03
 0.300000E-01 -.895874E-03
 0.500000E-01 -.894124E-03
 0.700000E-01 -.891502E-03
 0.900000E-01 -.888009E-03
 0.110000E+00 -.883650E-03
 0.130000E+00 -.878429E-03
 0.150000E+00 -.872350E-03
 0.170000E+00 -.865419E-03
 0.190000E+00 -.857644E-03
 0.210000E+00 -.849032E-03
 0.230000E+00 -.839591E-03
 0.250000E+00 -.829331E-03
 0.270000E+00 -.818261E-03
 0.290000E+00 -.806393E-03
 0.310000E+00 -.793737E-03
 0.330000E+00 -.780307E-03
 0.350000E+00 -.766115E-03
 0.370000E+00 -.751176E-03
 0.390000E+00 -.735503E-03
 0.410000E+00 -.719113E-03
 0.430000E+00 -.702020E-03
 0.450000E+00 -.684243E-03
 0.470000E+00 -.665797E-03
 0.490000E+00 -.646702E-03
 0.510000E+00 -.626976E-03
 0.530000E+00 -.606637E-03
 0.550000E+00 -.585707E-03
 0.570000E+00 -.564205E-03
 0.590000E+00 -.542152E-03
 0.610000E+00 -.519570E-03
 0.630000E+00 -.496481E-03
 0.650000E+00 -.472907E-03
 0.670000E+00 -.448872E-03
 0.690000E+00 -.424398E-03
 0.710000E+00 -.399511E-03
 0.730000E+00 -.374233E-03
 0.750000E+00 -.348590E-03
 0.770000E+00 -.322607E-03
 0.790000E+00 -.296309E-03
 0.810000E+00 -.269722E-03
 0.830000E+00 -.242872E-03
 0.850000E+00 -.215784E-03
 0.870000E+00 -.188486E-03
 0.890000E+00 -.161004E-03
 0.910000E+00 0.280667E+00
 0.930000E+00 0.280694E+00
 0.950000E+00 0.280722E+00
 0.970000E+00 0.280750E+00
 0.990000E+00 0.280778E+00




































































































 -.990000E+00 0.279312E+00
 -.970000E+00 0.279294E+00
 -.950000E+00 0.279277E+00
 -.930000E+00 0.279260E+00
 -.910000E+00 0.279243E+00
 -.890000E+00 -.157369E-02
 -.870000E+00 -.159019E-02
 -.850000E+00 -.160636E-02
 -.830000E+00 -.162220E-02
 -.810000E+00 -.163771E-02
 -.790000E+00 -.165288E-02
 -.770000E+00 -.166772E-02
 -.750000E+00 -.168221E-02
 -.730000E+00 -.169636E-02
 -.710000E+00 -.171017E-02
 -.690000E+00 -.172362E-02
 -.670000E+00 -.173672E-02
 -.650000E+00 -.174946E-02
 -.630000E+00 -.176185E-02
 -.610000E+00 -.177387E-02
 -.590000E+00 -.178553E-02
 -.570000E+00 -.179683E-02
 -.550000E+00 -.180775E-02
 -.530000E+00 -.181831E-02
 -.510000E+00 -.182850E-02
 -.490000E+00 -.183831E-02
 -.470000E+00 -.184774E-02
 -.450000E+00 -.185680E-02
 -.430000E+00 -.186547E-02
 -.410000E+00 -.187376E-02
 -.390000E+00 -.188167E-02
 -.370000E+00 -.188920E-02
 -.350000E+00 -.189633E-02
 -.330000E+00 -.190308E-02
 -.310000E+00 -.190944E-02
 -.290000E+00 -.191541E-02
 -.270000E+00 -.192098E-02
 -.250000E+00 -.192616E-02
 -.230000E+00 -.193095E-02
 -.210000E+00 -.193534E-02
 -.190000E+00 -.193934E-02
 -.170000E+00 -.194294E-02
 -.150000E+00 -.194614E-02
 -.130000E+00 -.194894E-02
 -.110000E+00 -.195134E-02
 -.900000E-01 -.195334E-02
 -.700000E-01 -.195494E-02
 -.500000E-01 -.195615E-02
 -.300000E-01 -.195695E-02
 -.100000E-01 -.195735E-02
 0.100000E-01 -.195735E-02
 0.300000E-01 -.195695E-02
 0.500000E-01 -.195615E-02
 0.700000E-01 -.195494E-02
 0.900000E-01 -.195334E-02
 0.110000E+00 -.195134E-02
 0.130000E+00 -.194894E-02
 0.150000E+00 -.194614E-02
 0.170000E+00 -.194294E-02
 0.190000E+00 -.193934E-02
 0.210000E+00 -.193534E-02
 0.230000E+00 -.193095E-02
 0.250000E+00 -.192616E-02
 0.270000E+00 -.192098E-02
 0.290000E+00 -.191541E-02
 0.310000E+00 -.190944E-02
 0.330000E+00 -.190308E-02
 0.350000E+00 -.189633E-02
 0.370000E+00 -.188920E-02
 0.390000E+00 -.188167E-02
 0.410000E+00 -.187376E-02
 0.430000E+00 -.186547E-02
 0.450000E+00 -.185680E-02
 0.470000E+00 -.184774E-02
 0.490000E+00 -.183831E-02
 0.510000E+00 -.182850E-02
 0.530000E+00 -.181831E-02
 0.550000E+00 -.180775E-02
 0.570000E+00 -.179683E-02
 0.590000E+00 -.178553E-02
 0.610000E+00 -.177387E-02
 0.630000E+00 -.176185E-02
 0.650000E+00 -.174946E-02
 0.670000E+00 -.173672E-02
 0.690000E+00 -.172362E-02
 0.710000E+00 -.171017E-02
 0.730000E+00 -.169636E-02
 0.750000E+00 -.168221E-02
 0.770000E+00 -.166772E-02
 0.790000E+00 -.165288E-02
 0.810000E+00 -.163771E-02
 0.830000E+00 -.162220E-02
 0.850000E+00 -.160636E-02
 0.870000E+00 -.159019E-02
 0.890000E+00 -.157369E-02
 0.910000E+00 0.279243E+00
 0.930000E+00 0.279260E+00
 0.950000E+00 0.279277E+00
 0.970000E+00 0.279294E+00
 0.990000E+00 0.279312E+00




































































































 -.990000E+00 0.285953E+00
 -.970000E+00 0.285968E+00
 -.950000E+00 0.285982E+00
 -.930000E+00 0.285996E+00
 -.910000E+00 0.286011E+00
 -.890000E+00 0.522535E-02
 -.870000E+00 0.523967E-02
 -.850000E+00 0.525367E-02
 -.830000E+00 0.526737E-02
 -.810000E+00 0.528074E-02
 -.790000E+00 0.529380E-02
 -.770000E+00 0.530655E-02
 -.750000E+00 0.531897E-02
 -.730000E+00 0.533108E-02
 -.710000E+00 0.534287E-02
 -.690000E+00 0.535434E-02
 -.670000E+00 0.536549E-02
 -.650000E+00 0.537633E-02
 -.630000E+00 0.538683E-02
 -.610000E+00 0.539702E-02
 -.590000E+00 0.540689E-02
 -.570000E+00 0.541643E-02
 -.550000E+00 0.542564E-02
 -.530000E+00 0.543454E-02
 -.510000E+00 0.544311E-02
 -.490000E+00 0.545135E-02
 -.470000E+00 0.545927E-02
 -.450000E+00 0.546686E-02
 -.430000E+00 0.547412E-02
 -.410000E+00 0.548106E-02
 -.390000E+00 0.548767E-02
 -.370000E+00 0.549395E-02
 -.350000E+00 0.549990E-02
 -.330000E+00 0.550553E-02
 -.310000E+00 0.551082E-02
 -.290000E+00 0.551579E-02
 -.270000E+00 0.552042E-02
 -.250000E+00 0.552473E-02
 -.230000E+00 0.552870E-02
 -.210000E+00 0.553235E-02
 -.190000E+00 0.553566E-02
 -.170000E+00 0.553865E-02
 -.150000E+00 0.554130E-02
 -.130000E+00 0.554362E-02
 -.110000E+00 0.554561E-02
 -.900000E-01 0.554727E-02
 -.700000E-01 0.554860E-02
 -.500000E-01 0.554959E-02
 -.300000E-01 0.555026E-02
 -.100000E-01 0.555059E-02
 0.100000E-01 0.555059E-02
 0.300000E-01 0.555026E-02
 0.500000E-01 0.554959E-02
 0.700000E-01 0.554860E-02
 0.900000E-01 0.554727E-02
 0.110000E+00 0.554561E-02
 0.130000E+00 0.554362E-02
 0.150000E+00 0.554130E-02
 0.170000E+00 0.553865E-02
 0.190000E+00 0.553566E-02
 0.210000E+00 0.553235E-02
 0.230000E+00 0.552870E-02
 0.250000E+00 0.552473E-02
 0.270000E+00 0.552042E-02
 0.290000E+00 0.551579E-02
 0.310000E+00 0.551082E-02
 0.330000E+00 0.550553E-02
 0.350000E+00 0.549990E-02
 0.370000E+00 0.549395E-02
 0.390000E+00 0.548767E-02
 0.410000E+00 0.548106E-02
 0.430000E+00 0.547412E-02
 0.450000E+00 0.546686E-02
 0.470000E+00 0.545927E-02
 0.490000E+00 0.545135E-02
 0.510000E+00 0.544311E-02
 0.530000E+00 0.543454E-02
 0.550000E+00 0.542564E-02
 0.570000E+00 0.541643E-02
 0.590000E+00 0.540689E-02
 0.610000E+00 0.539702E-02
 0.630000E+00 0.538683E-02
 0.650000E+00 0.537633E-02
 0.670000E+00 0.536549E-02
 0.690000E+00 0.535434E-02
 0.710000E+00 0.534287E-02
 0.730000E+00 0.533108E-02
 0.750000E+00 0.531897E-02
 0.770000E+00 0.530655E-02
 0.790000E+00 0.529380E-02
 0.810000E+00 0.528074E-02
 0.830000E+00 0.526737E-02
 0.850000E+00 0.525367E-02
 0.870000E+00 0.523967E-02
 0.890000E+00 0.522535E-02
 0.910000E+00 0.286011E+00
 0.930000E+00 0.285996E+00
 0.950000E+00 0.285982E+00
 0.970000E+00 0.285968E+00
 0.990000E+00 0.285953E+00




































































































 -.990000E+00 0.283586E+00
 -.970000E+00 0.283587E+00
 -.950000E+00 0.283589E+00
 -.930000E+00 0.283590E+00
 -.910000E+00 0.283592E+00
 -.890000E+00 0.279326E-02
 -.870000E+00 0.279473E-02
 -.850000E+00 0.279616E-02
 -.830000E+00 0.279756E-02
 -.810000E+00 0.279892E-02
 -.790000E+00 0.280026E-02
 -.770000E+00 0.280156E-02
 -.750000E+00 0.280282E-02
 -.730000E+00 0.280406E-02
 -.710000E+00 0.280526E-02
 -.690000E+00 0.280642E-02
 -.670000E+00 0.280756E-02
 -.650000E+00 0.280866E-02
 -.630000E+00 0.280972E-02
 -.610000E+00 0.281076E-02
 -.590000E+00 0.281176E-02
 -.570000E+00 0.281273E-02
 -.550000E+00 0.281366E-02
 -.530000E+00 0.281456E-02
 -.510000E+00 0.281543E-02
 -.490000E+00 0.281626E-02
 -.470000E+00 0.281707E-02
 -.450000E+00 0.281783E-02
 -.430000E+00 0.281857E-02
 -.410000E+00 0.281927E-02
 -.390000E+00 0.281994E-02
 -.370000E+00 0.282057E-02
 -.350000E+00 0.282117E-02
 -.330000E+00 0.282174E-02
 -.310000E+00 0.282227E-02
 -.290000E+00 0.282278E-02
 -.270000E+00 0.282324E-02
 -.250000E+00 0.282368E-02
 -.230000E+00 0.282408E-02
 -.210000E+00 0.282445E-02
 -.190000E+00 0.282478E-02
 -.170000E+00 0.282508E-02
 -.150000E+00 0.282535E-02
 -.130000E+00 0.282558E-02
 -.110000E+00 0.282578E-02
 -.900000E-01 0.282595E-02
 -.700000E-01 0.282608E-02
 -.500000E-01 0.282618E-02
 -.300000E-01 0.282625E-02
 -.100000E-01 0.282628E-02
 0.100000E-01 0.282628E-02
 0.300000E-01 0.282625E-02
 0.500000E-01 0.282618E-02
 0.700000E-01 0.282608E-02
 0.900000E-01 0.282595E-02
 0.110000E+00 0.282578E-02
 0.130000E+00 0.282558E-02
 0.150000E+00 0.282535E-02
 0.170000E+00 0.282508E-02
 0.190000E+00 0.282478E-02
 0.210000E+00 0.282445E-02
 0.230000E+00 0.282408E-02
 0.250000E+00 0.282368E-02
 0.270000E+00 0.282324E-02
 0.290000E+00 0.282278E-02
 0.310000E+00 0.282227E-02
 0.330000E+00 0.282174E-02
 0.350000E+00 0.282117E-02
 0.370000E+00 0.282057E-02
 0.390000E+00 0.281994E-02
 0.410000E+00 0.281927E-02
 0.430000E+00 0.281857E-02
 0.450000E+00 0.281783E-02
 0.470000E+00 0.281707E-02
 0.490000E+00 0.281626E-02
 0.510000E+00 0.281543E-02
 0.530000E+00 0.281456E-02
 0.550000E+00 0.281366E-02
 0.570000E+00 0.281273E-02
 0.590000E+00 0.281176E-02
 0.610000E+00 0.281076E-02
 0.630000E+00 0.280972E-02
 0.650000E+00 0.280866E-02
 0.670000E+00 0.280756E-02
 0.690000E+00 0.280642E-02
 0.710000E+00 0.280526E-02
 0.730000E+00 0.280406E-02
 0.750000E+00 0.280282E-02
 0.770000E+00 0.280156E-02
 0.790000E+00 0.280026E-02
 0.810000E+00 0.279892E-02
 0.830000E+00 0.279756E-02
 0.850000E+00 0.279616E-02
 0.870000E+00 0.279473E-02
 0.890000E+00 0.279326E-02
 0.910000E+00 0.283592E+00
 0.930000E+00 0.283590E+00
 0.950000E+00 0.283589E+00
 0.970000E+00 0.283587E+00
 0.990000E+00 0.283586E+00




































































































 -.990000E+00 0.283327E+00
 -.970000E+00 0.283327E+00
 -.950000E+00 0.283327E+00
 -.930000E+00 0.283327E+00
 -.910000E+00 0.283327E+00
 -.890000E+00 0.252720E-02
 -.870000E+00 0.252720E-02
 -.850000E+00 0.252720E-02
 -.830000E+00 0.252720E-02
 -.810000E+00 0.252720E-02
 -.790000E+00 0.252720E-02
 -.770000E+00 0.252720E-02
 -.750000E+00 0.252720E-02
 -.730000E+00 0.252720E-02
 -.710000E+00 0.252720E-02
 -.690000E+00 0.252720E-02
 -.670000E+00 0.252720E-02
 -.650000E+00 0.252720E-02
 -.630000E+00 0.252720E-02
 -.610000E+00 0.252720E-02
 -.590000E+00 0.252720E-02
 -.570000E+00 0.252720E-02
 -.550000E+00 0.252720E-02
 -.530000E+00 0.252720E-02
 -.510000E+00 0.252720E-02
 -.490000E+00 0.252720E-02
 -.470000E+00 0.252720E-02
 -.450000E+00 0.252720E-02
 -.430000E+00 0.252720E-02
 -.410000E+00 0.252720E-02
 -.390000E+00 0.252720E-02
 -.370000E+00 0.252720E-02
 -.350000E+00 0.252720E-02
 -.330000E+00 0.252720E-02
 -.310000E+00 0.252720E-02
 -.290000E+00 0.252720E-02
 -.270000E+00 0.252720E-02
 -.250000E+00 0.252720E-02
 -.230000E+00 0.252720E-02
 -.210000E+00 0.252720E-02
 -.190000E+00 0.252720E-02
 -.170000E+00 0.252720E-02
 -.150000E+00 0.252720E-02
 -.130000E+00 0.252720E-02
 -.110000E+00 0.252720E-02
 -.900000E-01 0.252720E-02
 -.700000E-01 0.252720E-02
 -.500000E-01 0.252720E-02
 -.300000E-01 0.252720E-02
 -.100000E-01 0.252720E-02
 0.100000E-01 0.252720E-02
 0.300000E-01 0.252720E-02
 0.500000E-01 0.252720E-02
 0.700000E-01 0.252720E-02
 0.900000E-01 0.252720E-02
 0.110000E+00 0.252720E-02
 0.130000E+00 0.252720E-02
 0.150000E+00 0.252720E-02
 0.170000E+00 0.252720E-02
 0.190000E+00 0.252720E-02
 0.210000E+00 0.252720E-02
 0.230000E+00 0.252720E-02
 0.250000E+00 0.252720E-02
 0.270000E+00 0.252720E-02
 0.290000E+00 0.252720E-02
 0.310000E+00 0.252720E-02
 0.330000E+00 0.252720E-02
 0.350000E+00 0.252720E-02
 0.370000E+00 0.252720E-02
 0.390000E+00 0.252720E-02
 0.410000E+00 0.252720E-02
 0.430000E+00 0.252720E-02
 0.450000E+00 0.252720E-02
 0.470000E+00 0.252720E-02
 0.490000E+00 0.252720E-02
 0.510000E+00 0.252720E-02
 0.530000E+00 0.252720E-02
 0.550000E+00 0.252720E-02
 0.570000E+00 0.252720E-02
 0.590000E+00 0.252720E-02
 0.610000E+00 0.252720E-02
 0.630000E+00 0.252720E-02
 0.650000E+00 0.252720E-02
 0.670000E+00 0.252720E-02
 0.690000E+00 0.252720E-02
 0.710000E+00 0.252720E-02
 0.730000E+00 0.252720E-02
 0.750000E+00 0.252720E-02
 0.770000E+00 0.252720E-02
 0.790000E+00 0.252720E-02
 0.810000E+00 0.252720E-02
 0.830000E+00 0.252720E-02
 0.850000E+00 0.252720E-02
 0.870000E+00 0.252720E-02
 0.890000E+00 0.252720E-02
 0.910000E+00 0.283327E+00
 0.930000E+00 0.283327E+00
 0.950000E+00 0.283327E+00
 0.970000E+00 0.283327E+00
 0.990000E+00 0.283327E+00




































































































 -.990000E+00 0.283586E+00
 -.970000E+00 0.283587E+00
 -.950000E+00 0.283589E+00
 -.930000E+00 0.283590E+00
 -.910000E+00 0.283592E+00
 -.890000E+00 0.279326E-02
 -.870000E+00 0.279473E-02
 -.850000E+00 0.279616E-02
 -.830000E+00 0.279756E-02
 -.810000E+00 0.279892E-02
 -.790000E+00 0.280026E-02
 -.770000E+00 0.280156E-02
 -.750000E+00 0.280282E-02
 -.730000E+00 0.280406E-02
 -.710000E+00 0.280526E-02
 -.690000E+00 0.280642E-02
 -.670000E+00 0.280756E-02
 -.650000E+00 0.280866E-02
 -.630000E+00 0.280972E-02
 -.610000E+00 0.281076E-02
 -.590000E+00 0.281176E-02
 -.570000E+00 0.281273E-02
 -.550000E+00 0.281366E-02
 -.530000E+00 0.281456E-02
 -.510000E+00 0.281543E-02
 -.490000E+00 0.281626E-02
 -.470000E+00 0.281707E-02
 -.450000E+00 0.281783E-02
 -.430000E+00 0.281857E-02
 -.410000E+00 0.281927E-02
 -.390000E+00 0.281994E-02
 -.370000E+00 0.282057E-02
 -.350000E+00 0.282117E-02
 -.330000E+00 0.282174E-02
 -.310000E+00 0.282227E-02
 -.290000E+00 0.282278E-02
 -.270000E+00 0.282324E-02
 -.250000E+00 0.282368E-02
 -.230000E+00 0.282408E-02
 -.210000E+00 0.282445E-02
 -.190000E+00 0.282478E-02
 -.170000E+00 0.282508E-02
 -.150000E+00 0.282535E-02
 -.130000E+00 0.282558E-02
 -.110000E+00 0.282578E-02
 -.900000E-01 0.282595E-02
 -.700000E-01 0.282608E-02
 -.500000E-01 0.282618E-02
 -.300000E-01 0.282625E-02
 -.100000E-01 0.282628E-02
 0.100000E-01 0.282628E-02
 0.300000E-01 0.282625E-02
 0.500000E-01 0.282618E-02
 0.700000E-01 0.282608E-02
 0.900000E-01 0.282595E-02
 0.110000E+00 0.282578E-02
 0.130000E+00 0.282558E-02
 0.150000E+00 0.282535E-02
 0.170000E+00 0.282508E-02
 0.190000E+00 0.282478E-02
 0.210000E+00 0.282445E-02
 0.230000E+00 0.282408E-02
 0.250000E+00 0.282368E-02
 0.270000E+00 0.282324E-02
 0.290000E+00 0.282278E-02
 0.310000E+00 0.282227E-02
 0.330000E+00 0.282174E-02
 0.350000E+00 0.282117E-02
 0.370000E+00 0.282057E-02
 0.390000E+00 0.281994E-02
 0.410000E+00 0.281927E-02
 0.430000E+00 0.281857E-02
 0.450000E+00 0.281783E-02
 0.470000E+00 0.281707E-02
 0.490000E+00 0.281626E-02
 0.510000E+00 0.281543E-02
 0.530000E+00 0.281456E-02
 0.550000E+00 0.281366E-02
 0.570000E+00 0.281273E-02
 0.590000E+00 0.281176E-02
 0.610000E+00 0.281076E-02
 0.630000E+00 0.280972E-02
 0.650000E+00 0.280866E-02
 0.670000E+00 0.280756E-02
 0.690000E+00 0.280642E-02
 0.710000E+00 0.280526E-02
 0.730000E+00 0.280406E-02
 0.750000E+00 0.280282E-02
 0.770000E+00 0.280156E-02
 0.790000E+00 0.280026E-02
 0.810000E+00 0.279892E-02
 0.830000E+00 0.279756E-02
 0.850000E+00 0.279616E-02
 0.870000E+00 0.279473E-02
 0.890000E+00 0.279326E-02
 0.910000E+00 0.283592E+00
 0.930000E+00 0.283590E+00
 0.950000E+00 0.283589E+00
 0.970000E+00 0.283587E+00
 0.990000E+00 0.283586E+00




































































































 -.990000E+00 0.285953E+00
 -.970000E+00 0.285968E+00
 -.950000E+00 0.285982E+00
 -.930000E+00 0.285996E+00
 -.910000E+00 0.286011E+00
 -.890000E+00 0.522535E-02
 -.870000E+00 0.523967E-02
 -.850000E+00 0.525367E-02
 -.830000E+00 0.526737E-02
 -.810000E+00 0.528074E-02
 -.790000E+00 0.529380E-02
 -.770000E+00 0.530655E-02
 -.750000E+00 0.531897E-02
 -.730000E+00 0.533108E-02
 -.710000E+00 0.534287E-02
 -.690000E+00 0.535434E-02
 -.670000E+00 0.536549E-02
 -.650000E+00 0.537633E-02
 -.630000E+00 0.538683E-02
 -.610000E+00 0.539702E-02
 -.590000E+00 0.540689E-02
 -.570000E+00 0.541643E-02
 -.550000E+00 0.542564E-02
 -.530000E+00 0.543454E-02
 -.510000E+00 0.544311E-02
 -.490000E+00 0.545135E-02
 -.470000E+00 0.545927E-02
 -.450000E+00 0.546686E-02
 -.430000E+00 0.547412E-02
 -.410000E+00 0.548106E-02
 -.390000E+00 0.548767E-02
 -.370000E+00 0.549395E-02
 -.350000E+00 0.549990E-02
 -.330000E+00 0.550553E-02
 -.310000E+00 0.551082E-02
 -.290000E+00 0.551579E-02
 -.270000E+00 0.552042E-02
 -.250000E+00 0.552473E-02
 -.230000E+00 0.552870E-02
 -.210000E+00 0.553235E-02
 -.190000E+00 0.553566E-02
 -.170000E+00 0.553865E-02
 -.150000E+00 0.554130E-02
 -.130000E+00 0.554362E-02
 -.110000E+00 0.554561E-02
 -.900000E-01 0.554727E-02
 -.700000E-01 0.554860E-02
 -.500000E-01 0.554959E-02
 -.300000E-01 0.555026E-02
 -.100000E-01 0.555059E-02
 0.100000E-01 0.555059E-02
 0.300000E-01 0.555026E-02
 0.500000E-01 0.554959E-02
 0.700000E-01 0.554860E-02
 0.900000E-01 0.554727E-02
 0.110000E+00 0.554561E-02
 0.130000E+00 0.554362E-02
 0.150000E+00 0.554130E-02
 0.170000E+00 0.553865E-02
 0.190000E+00 0.553566E-02
 0.210000E+00 0.553235E-02
 0.230000E+00 0.552870E-02
 0.250000E+00 0.552473E-02
 0.270000E+00 0.552042E-02
 0.290000E+00 0.551579E-02
 0.310000E+00 0.551082E-02
 0.330000E+00 0.550553E-02
 0.350000E+00 0.549990E-02
 0.370000E+00 0.549395E-02
 0.390000E+00 0.548767E-02
 0.410000E+00 0.548106E-02
 0.430000E+00 0.547412E-02
 0.450000E+00 0.546686E-02
 0.470000E+00 0.545927E-02
 0.490000E+00 0.545135E-02
 0.510000E+00 0.544311E-02
 0.530000E+00 0.543454E-02
 0.550000E+00 0.542564E-02
 0.570000E+00 0.541643E-02
 0.590000E+00 0.540689E-02
 0.610000E+00 0.539702E-02
 0.630000E+00 0.538683E-02
 0.650000E+00 0.537633E-02
 0.670000E+00 0.536549E-02
 0.690000E+00 0.535434E-02
 0.710000E+00 0.534287E-02
 0.730000E+00 0.533108E-02
 0.750000E+00 0.531897E-02
 0.770000E+00 0.530655E-02
 0.790000E+00 0.529380E-02
 0.810000E+00 0.528074E-02
 0.830000E+00 0.526737E-02
 0.850000E+00 0.525367E-02
 0.870000E+00 0.523967E-02
 0.890000E+00 0.522535E-02
 0.910000E+00 0.286011E+00
 0.930000E+00 0.285996E+00
 0.950000E+00 0.285982E+00
 0.970000E+00 0.285968E+00
 0.990000E+00 0.285953E+00




































































































 -.990000E+00 0.279312E+00
 -.970000E+00 0.279294E+00
 -.950000E+00 0.279277E+00
 -.930000E+00 0.279260E+00
 -.910000E+00 0.279243E+00
 -.890000E+00 -.157369E-02
 -.870000E+00 -.159019E-02
 -.850000E+00 -.160636E-02
 -.830000E+00 -.162220E-02
 -.810000E+00 -.163771E-02
 -.790000E+00 -.165288E-02
 -.770000E+00 -.166772E-02
 -.750000E+00 -.168221E-02
 -.730000E+00 -.169636E-02
 -.710000E+00 -.171017E-02
 -.690000E+00 -.172362E-02
 -.670000E+00 -.173672E-02
 -.650000E+00 -.174946E-02
 -.630000E+00 -.176185E-02
 -.610000E+00 -.177387E-02
 -.590000E+00 -.178553E-02
 -.570000E+00 -.179683E-02
 -.550000E+00 -.180775E-02
 -.530000E+00 -.181831E-02
 -.510000E+00 -.182850E-02
 -.490000E+00 -.183831E-02
 -.470000E+00 -.184774E-02
 -.450000E+00 -.185680E-02
 -.430000E+00 -.186547E-02
 -.410000E+00 -.187376E-02
 -.390000E+00 -.188167E-02
 -.370000E+00 -.188920E-02
 -.350000E+00 -.189633E-02
 -.330000E+00 -.190308E-02
 -.310000E+00 -.190944E-02
 -.290000E+00 -.191541E-02
 -.270000E+00 -.192098E-02
 -.250000E+00 -.192616E-02
 -.230000E+00 -.193095E-02
 -.210000E+00 -.193534E-02
 -.190000E+00 -.193934E-02
 -.170000E+00 -.194294E-02
 -.150000E+00 -.194614E-02
 -.130000E+00 -.194894E-02
 -.110000E+00 -.195134E-02
 -.900000E-01 -.195334E-02
 -.700000E-01 -.195494E-02
 -.500000E-01 -.195615E-02
 -.300000E-01 -.195695E-02
 -.100000E-01 -.195735E-02
 0.100000E-01 -.195735E-02
 0.300000E-01 -.195695E-02
 0.500000E-01 -.195615E-02
 0.700000E-01 -.195494E-02
 0.900000E-01 -.195334E-02
 0.110000E+00 -.195134E-02
 0.130000E+00 -.194894E-02
 0.150000E+00 -.194614E-02
 0.170000E+00 -.194294E-02
 0.190000E+00 -.193934E-02
 0.210000E+00 -.193534E-02
 0.230000E+00 -.193095E-02
 0.250000E+00 -.192616E-02
 0.270000E+00 -.192098E-02
 0.290000E+00 -.191541E-02
 0.310000E+00 -.190944E-02
 0.330000E+00 -.190308E-02
 0.350000E+00 -.189633E-02
 0.370000E+00 -.188920E-02
 0.390000E+00 -.188167E-02
 0.410000E+00 -.187376E-02
 0.430000E+00 -.186547E-02
 0.450000E+00 -.185680E-02
 0.470000E+00 -.184774E-02
 0.490000E+00 -.183831E-02
 0.510000E+00 -.182850E-02
 0.530000E+00 -.181831E-02
 0.550000E+00 -.180775E-02
 0.570000E+00 -.179683E-02
 0.590000E+00 -.178553E-02
 0.610000E+00 -.177387E-02
 0.630000E+00 -.176185E-02
 0.650000E+00 -.174946E-02
 0.670000E+00 -.173672E-02
 0.690000E+00 -.172362E-02
 0.710000E+00 -.171017E-02
 0.730000E+00 -.169636E-02
 0.750000E+00 -.168221E-02
 0.770000E+00 -.166772E-02
 0.790000E+00 -.165288E-02
 0.810000E+00 -.163771E-02
 0.830000E+00 -.162220E-02
 0.850000E+00 -.160636E-02
 0.870000E+00 -.159019E-02
 0.890000E+00 -.157369E-02
 0.910000E+00 0.279243E+00
 0.930000E+00 0.279260E+00
 0.950000E+00 0.279277E+00
 0.970000E+00 0.279294E+00
 0.990000E+00 0.279312E+00




































































































 -.990000E+00 0.280778E+00
 -.970000E+00 0.280750E+00
 -.950000E+00 0.280722E+00
 -.930000E+00 0.280694E+00
 -.910000E+00 0.280667E+00
 -.890000E+00 -.161004E-03
 -.870000E+00 -.188486E-03
 -.850000E+00 -.215784E-03
 -.830000E+00 -.242872E-03
 -.810000E+00 -.269722E-03
 -.790000E+00 -.296309E-03
 -.770000E+00 -.322607E-03
 -.750000E+00 -.348590E-03
 -.730000E+00 -.374233E-03
 -.710000E+00 -.399511E-03
 -.690000E+00 -.424398E-03
 -.670000E+00 -.448872E-03
 -.650000E+00 -.472907E-03
 -.630000E+00 -.496481E-03
 -.610000E+00 -.519570E-03
 -.590000E+00 -.542152E-03
 -.570000E+00 -.564205E-03
 -.550000E+00 -.585707E-03
 -.530000E+00 -.606637E-03
 -.510000E+00 -.626976E-03
 -.490000E+00 -.646702E-03
 -.470000E+00 -.665797E-03
 -.450000E+00 -.684243E-03
 -.430000E+00 -.702020E-03
 -.410000E+00 -.719113E-03
 -.390000E+00 -.735503E-03
 -.370000E+00 -.751176E-03
 -.350000E+00 -.766115E-03
 -.330000E+00 -.780307E-03
 -.310000E+00 -.793737E-03
 -.290000E+00 -.806393E-03
 -.270000E+00 -.818261E-03
 -.250000E+00 -.829331E-03
 -.230000E+00 -.839591E-03
 -.210000E+00 -.849032E-03
 -.190000E+00 -.857644E-03
 -.170000E+00 -.865419E-03
 -.150000E+00 -.872350E-03
 -.130000E+00 -.878429E-03
 -.110000E+00 -.883650E-03
 -.900000E-01 -.888009E-03
 -.700000E-01 -.891502E-03
 -.500000E-01 -.894124E-03
 -.300000E-01 -.895874E-03
 -.100000E-01 -.896749E-03
 0.100000E-01 -.896749E-03
 0.300000E-01 -.895874E-03
 0.500000E-01 -.894124E-03
 0.700000E-01 -.891502E-03
 0.900000E-01 -.888009E-03
 0.110000E+00 -.883650E-03
 0.130000E+00 -.878429E-03
 0.150000E+00 -.872350E-03
 0.170000E+00 -.865419E-03
 0.190000E+00 -.857644E-03
 0.210000E+00 -.849032E-03
 0.230000E+00 -.839591E-03
 0.250000E+00 -.829331E-03
 0.270000E+00 -.818261E-03
 0.290000E+00 -.806393E-03
 0.310000E+00 -.793737E-03
 0.330000E+00 -.780307E-03
 0.350000E+00 -.766115E-03
 0.370000E+00 -.751176E-03
 0.390000E+00 -.735503E-03
 0.410000E+00 -.719113E-03
 0.430000E+00 -.702020E-03
 0.450000E+00 -.684243E-03
 0.470000E+00 -.665797E-03
 0.490000E+00 -.646702E-03
 0.510000E+00 -.626976E-03
 0.530000E+00 -.606637E-03
 0.550000E+00 -.585707E-03
 0.570000E+00 -.564205E-03
 0.590000E+00 -.542152E-03
 0.610000E+00 -.519570E-03
 0.630000E+00 -.496481E-03
 0.650000E+00 -.472907E-03
 0.670000E+00 -.448872E-03
 0.690000E+00 -.424398E-03
 0.710000E+00 -.399511E-03
 0.730000E+00 -.374233E-03
 0.750000E+00 -.348590E-03
 0.770000E+00 -.322607E-03
 0.790000E+00 -.296309E-03
 0.810000E+00 -.269722E-03
 0.830000E+00 -.242872E-03
 0.850000E+00 -.215784E-03
 0.870000E+00 -.188486E-03
 0.890000E+00 -.161004E-03
 0.910000E+00 0.280667E+00
 0.930000E+00 0.280694E+00
 0.950000E+00 0.280722E+00
 0.970000E+00 0.280750E+00
 0.990000E+00 0.280778E+00




































































































 -.990000E+00 0.280792E+00
 -.970000E+00 0.280818E+00
 -.950000E+00 0.280836E+00
 -.930000E+00 0.280839E+00
 -.910000E+00 0.280825E+00
 -.890000E+00 -.153216E-06
 -.870000E+00 -.249020E-04
 -.850000E+00 -.388659E-04
 -.830000E+00 -.359974E-04
 -.810000E+00 -.175387E-04
 -.790000E+00 0.851577E-05
 -.770000E+00 0.308821E-04
 -.750000E+00 0.398738E-04
 -.730000E+00 0.315964E-04
 -.710000E+00 0.963496E-05
 -.690000E+00 -.164993E-04
 -.670000E+00 -.354878E-04
 -.650000E+00 -.391069E-04
 -.630000E+00 -.257892E-04
 -.610000E+00 -.130239E-05
 -.590000E+00 0.237484E-04
 -.570000E+00 0.385141E-04
 -.550000E+00 0.365996E-04
 -.530000E+00 0.188342E-04
 -.510000E+00 -.708813E-05
 -.490000E+00 -.299406E-04
 -.470000E+00 -.398261E-04
 -.450000E+00 -.324633E-04
 -.430000E+00 -.110409E-04
 -.410000E+00 0.151632E-04
 -.390000E+00 0.348002E-04
 -.370000E+00 0.393656E-04
 -.350000E+00 0.268821E-04
 -.330000E+00 0.275626E-05
 -.310000E+00 -.225633E-04
 -.290000E+00 -.381109E-04
 -.270000E+00 -.371531E-04
 -.250000E+00 -.201045E-04
 -.230000E+00 0.565105E-05
 -.210000E+00 0.289592E-04
 -.190000E+00 0.397254E-04
 -.170000E+00 0.332869E-04
 -.150000E+00 0.124322E-04
 -.130000E+00 -.138069E-04
 -.110000E+00 -.340662E-04
 -.900000E-01 -.395719E-04
 -.700000E-01 -.279393E-04
 -.500000E-01 -.420646E-05
 -.300000E-01 0.213481E-04
 -.100000E-01 0.376571E-04
 0.100000E-01 0.376571E-04
 0.300000E-01 0.213481E-04
 0.500000E-01 -.420646E-05
 0.700000E-01 -.279393E-04
 0.900000E-01 -.395719E-04
 0.110000E+00 -.340662E-04
 0.130000E+00 -.138069E-04
 0.150000E+00 0.124322E-04
 0.170000E+00 0.332869E-04
 0.190000E+00 0.397254E-04
 0.210000E+00 0.289592E-04
 0.230000E+00 0.565105E-05
 0.250000E+00 -.201045E-04
 0.270000E+00 -.371531E-04
 0.290000E+00 -.381109E-04
 0.310000E+00 -.225633E-04
 0.330000E+00 0.275626E-05
 0.350000E+00 0.268821E-04
 0.370000E+00 0.393656E-04
 0.390000E+00 0.348002E-04
 0.410000E+00 0.151632E-04
 0.430000E+00 -.110409E-04
 0.450000E+00 -.324633E-04
 0.470000E+00 -.398261E-04
 0.490000E+00 -.299406E-04
 0.510000E+00 -.708813E-05
 0.530000E+00 0.188342E-04
 0.550000E+00 0.365996E-04
 0.570000E+00 0.385141E-04
 0.590000E+00 0.237484E-04
 0.610000E+00 -.130239E-05
 0.630000E+00 -.257892E-04
 0.650000E+00 -.391069E-04
 0.670000E+00 -.354878E-04
 0.690000E+00 -.164993E-04
 0.710000E+00 0.963496E-05
 0.730000E+00 0.315964E-04
 0.750000E+00 0.398738E-04
 0.770000E+00 0.308821E-04
 0.790000E+00 0.851577E-05
 0.810000E+00 -.175387E-04
 0.830000E+00 -.359974E-04
 0.850000E+00 -.388659E-04
 0.870000E+00 -.249020E-04
 0.890000E+00 -.153216E-06
 0.910000E+00 0.280825E+00
 0.930000E+00 0.280839E+00
 0.950000E+00 0.280836E+00
 0.970000E+00 0.280818E+00
 0.990000E+00 0.280792E+00




































































































