 -.990000E+00 0.532023E-02
 -.970000E+00 0.490144E-02
 -.950000E+00 0.235998E-02
 -.930000E+00 -.120390E-02
 -.910000E+00 -.424674E-02
 -.890000E+00 -.269477E-02
 -.870000E+00 0.278069E-02
 -.850000E+00 0.705249E-02
 -.830000E+00 0.827010E-02
 -.810000E+00 0.590566E-02
 -.790000E+00 0.982814E-03
 -.770000E+00 -.436648E-02
 -.750000E+00 -.782520E-02
 -.730000E+00 -.789491E-02
 -.710000E+00 -.454492E-02
 -.690000E+00 0.774218E-03
 -.670000E+00 0.575879E-02
 -.650000E+00 0.824965E-02
 -.630000E+00 0.716751E-02
 -.610000E+00 0.298057E-02
 -.590000E+00 -.249804E-02
 -.570000E+00 -.689542E-02
 -.550000E+00 -.830667E-02
 -.530000E+00 -.612006E-02
 -.510000E+00 -.128220E-02
 -.490000E+00 0.411178E-02
 -.470000E+00 0.772551E-02
 -.450000E+00 0.799344E-02
 -.430000E+00 0.479902E-02
 -.410000E+00 -.474595E-03
 -.390000E+00 -.554342E-02
 -.370000E+00 -.821183E-02
 -.350000E+00 -.732365E-02
 -.330000E+00 -.326307E-02
 -.310000E+00 0.221153E-02
 -.290000E+00 0.672900E-02
 -.270000E+00 0.833245E-02
 -.250000E+00 0.632690E-02
 -.230000E+00 0.158052E-02
 -.210000E+00 -.385117E-02
 -.190000E+00 -.761551E-02
 -.170000E+00 -.808171E-02
 -.150000E+00 -.504736E-02
 -.130000E+00 0.173729E-03
 -.110000E+00 0.532034E-02
 -.900000E-01 0.816318E-02
 -.700000E-01 0.747053E-02
 -.500000E-01 0.354188E-02
 -.300000E-01 -.192153E-02
 -.100000E-01 -.655343E-02
 0.100000E-01 -.834737E-02
 0.300000E-01 -.652587E-02
 0.500000E-01 -.187740E-02
 0.700000E-01 0.358497E-02
 0.900000E-01 0.749530E-02
 0.110000E+00 0.815959E-02
 0.130000E+00 0.528961E-02
 0.150000E+00 0.127988E-03
 0.170000E+00 -.508984E-02
 0.190000E+00 -.810375E-02
 0.210000E+00 -.760793E-02
 0.230000E+00 -.381663E-02
 0.250000E+00 0.162842E-02
 0.270000E+00 0.636892E-02
 0.290000E+00 0.835140E-02
 0.310000E+00 0.671672E-02
 0.330000E+00 0.217243E-02
 0.350000E+00 -.331354E-02
 0.370000E+00 -.736504E-02
 0.390000E+00 -.822694E-02
 0.410000E+00 -.552544E-02
 0.430000E+00 -.430164E-03
 0.450000E+00 0.485219E-02
 0.470000E+00 0.803358E-02
 0.490000E+00 0.773566E-02
 0.510000E+00 0.408696E-02
 0.530000E+00 -.133257E-02
 0.550000E+00 -.617568E-02
 0.570000E+00 -.834450E-02
 0.590000E+00 -.689917E-02
 0.610000E+00 -.246523E-02
 0.630000E+00 0.303720E-02
 0.650000E+00 0.722486E-02
 0.670000E+00 0.828367E-02
 0.690000E+00 0.575452E-02
 0.710000E+00 0.732403E-03
 0.730000E+00 -.460770E-02
 0.750000E+00 -.795275E-02
 0.770000E+00 -.785352E-02
 0.790000E+00 -.435250E-02
 0.810000E+00 0.103435E-02
 0.830000E+00 0.597396E-02
 0.850000E+00 0.832666E-02
 0.870000E+00 0.707297E-02
 0.890000E+00 0.275541E-02
 0.910000E+00 -.350452E-06
 0.930000E+00 -.297885E-06
 0.950000E+00 -.238122E-06
 0.970000E+00 -.197066E-06
 0.990000E+00 -.192514E-06




































































































 -.990000E+00 0.609362E-01
 -.970000E+00 0.608367E-01
 -.950000E+00 0.606855E-01
 -.930000E+00 0.604824E-01
 -.910000E+00 0.602275E-01
 -.890000E+00 0.628036E-01
 -.870000E+00 0.682035E-01
 -.850000E+00 0.735376E-01
 -.830000E+00 0.788008E-01
 -.810000E+00 0.839880E-01
 -.790000E+00 0.890940E-01
 -.770000E+00 0.941139E-01
 -.750000E+00 0.990427E-01
 -.730000E+00 0.103876E+00
 -.710000E+00 0.108608E+00
 -.690000E+00 0.113235E+00
 -.670000E+00 0.117753E+00
 -.650000E+00 0.122156E+00
 -.630000E+00 0.126441E+00
 -.610000E+00 0.130603E+00
 -.590000E+00 0.134639E+00
 -.570000E+00 0.138543E+00
 -.550000E+00 0.142313E+00
 -.530000E+00 0.145945E+00
 -.510000E+00 0.149436E+00
 -.490000E+00 0.152781E+00
 -.470000E+00 0.155977E+00
 -.450000E+00 0.159022E+00
 -.430000E+00 0.161912E+00
 -.410000E+00 0.164645E+00
 -.390000E+00 0.167217E+00
 -.370000E+00 0.169627E+00
 -.350000E+00 0.171872E+00
 -.330000E+00 0.173949E+00
 -.310000E+00 0.175858E+00
 -.290000E+00 0.177594E+00
 -.270000E+00 0.179158E+00
 -.250000E+00 0.180548E+00
 -.230000E+00 0.181761E+00
 -.210000E+00 0.182798E+00
 -.190000E+00 0.183656E+00
 -.170000E+00 0.184335E+00
 -.150000E+00 0.184834E+00
 -.130000E+00 0.185154E+00
 -.110000E+00 0.185292E+00
 -.900000E-01 0.185250E+00
 -.700000E-01 0.185027E+00
 -.500000E-01 0.184624E+00
 -.300000E-01 0.184040E+00
 -.100000E-01 0.183277E+00
 0.100000E-01 0.182334E+00
 0.300000E-01 0.181214E+00
 0.500000E-01 0.179917E+00
 0.700000E-01 0.178443E+00
 0.900000E-01 0.176796E+00
 0.110000E+00 0.174976E+00
 0.130000E+00 0.172984E+00
 0.150000E+00 0.170824E+00
 0.170000E+00 0.168496E+00
 0.190000E+00 0.166004E+00
 0.210000E+00 0.163350E+00
 0.230000E+00 0.160535E+00
 0.250000E+00 0.157564E+00
 0.270000E+00 0.154438E+00
 0.290000E+00 0.151161E+00
 0.310000E+00 0.147736E+00
 0.330000E+00 0.144166E+00
 0.350000E+00 0.140455E+00
 0.370000E+00 0.136606E+00
 0.390000E+00 0.132624E+00
 0.410000E+00 0.128511E+00
 0.430000E+00 0.124272E+00
 0.450000E+00 0.119912E+00
 0.470000E+00 0.115433E+00
 0.490000E+00 0.110842E+00
 0.510000E+00 0.106141E+00
 0.530000E+00 0.101337E+00
 0.550000E+00 0.964322E-01
 0.570000E+00 0.914329E-01
 0.590000E+00 0.863436E-01
 0.610000E+00 0.811693E-01
 0.630000E+00 0.759151E-01
 0.650000E+00 0.705859E-01
 0.670000E+00 0.651871E-01
 0.690000E+00 0.597238E-01
 0.710000E+00 0.542015E-01
 0.730000E+00 0.486254E-01
 0.750000E+00 0.430011E-01
 0.770000E+00 0.373339E-01
 0.790000E+00 0.316295E-01
 0.810000E+00 0.258934E-01
 0.830000E+00 0.201311E-01
 0.850000E+00 0.143484E-01
 0.870000E+00 0.855079E-02
 0.890000E+00 0.274398E-02
 0.910000E+00 -.161123E-03
 0.930000E+00 -.161143E-03
 0.950000E+00 -.161158E-03
 0.970000E+00 -.161166E-03
 0.990000E+00 -.161170E-03




































































































 -.990000E+00 0.490626E+00
 -.970000E+00 0.484765E+00
 -.950000E+00 0.478753E+00
 -.930000E+00 0.472590E+00
 -.910000E+00 0.466275E+00
 -.890000E+00 0.462076E+00
 -.870000E+00 0.460033E+00
 -.850000E+00 0.457896E+00
 -.830000E+00 0.455664E+00
 -.810000E+00 0.453339E+00
 -.790000E+00 0.450920E+00
 -.770000E+00 0.448408E+00
 -.750000E+00 0.445804E+00
 -.730000E+00 0.443108E+00
 -.710000E+00 0.440320E+00
 -.690000E+00 0.437442E+00
 -.670000E+00 0.434473E+00
 -.650000E+00 0.431415E+00
 -.630000E+00 0.428268E+00
 -.610000E+00 0.425032E+00
 -.590000E+00 0.421709E+00
 -.570000E+00 0.418298E+00
 -.550000E+00 0.414801E+00
 -.530000E+00 0.411219E+00
 -.510000E+00 0.407552E+00
 -.490000E+00 0.403800E+00
 -.470000E+00 0.399965E+00
 -.450000E+00 0.396047E+00
 -.430000E+00 0.392048E+00
 -.410000E+00 0.387967E+00
 -.390000E+00 0.383807E+00
 -.370000E+00 0.379567E+00
 -.350000E+00 0.375248E+00
 -.330000E+00 0.370852E+00
 -.310000E+00 0.366379E+00
 -.290000E+00 0.361831E+00
 -.270000E+00 0.357207E+00
 -.250000E+00 0.352510E+00
 -.230000E+00 0.347739E+00
 -.210000E+00 0.342897E+00
 -.190000E+00 0.337984E+00
 -.170000E+00 0.333001E+00
 -.150000E+00 0.327949E+00
 -.130000E+00 0.322829E+00
 -.110000E+00 0.317642E+00
 -.900000E-01 0.312389E+00
 -.700000E-01 0.307072E+00
 -.500000E-01 0.301691E+00
 -.300000E-01 0.296248E+00
 -.100000E-01 0.290743E+00
 0.100000E-01 0.285178E+00
 0.300000E-01 0.279554E+00
 0.500000E-01 0.273872E+00
 0.700000E-01 0.268133E+00
 0.900000E-01 0.262339E+00
 0.110000E+00 0.256490E+00
 0.130000E+00 0.250588E+00
 0.150000E+00 0.244634E+00
 0.170000E+00 0.238629E+00
 0.190000E+00 0.232575E+00
 0.210000E+00 0.226473E+00
 0.230000E+00 0.220323E+00
 0.250000E+00 0.214128E+00
 0.270000E+00 0.207889E+00
 0.290000E+00 0.201606E+00
 0.310000E+00 0.195281E+00
 0.330000E+00 0.188916E+00
 0.350000E+00 0.182512E+00
 0.370000E+00 0.176069E+00
 0.390000E+00 0.169590E+00
 0.410000E+00 0.163076E+00
 0.430000E+00 0.156527E+00
 0.450000E+00 0.149946E+00
 0.470000E+00 0.143334E+00
 0.490000E+00 0.136692E+00
 0.510000E+00 0.130022E+00
 0.530000E+00 0.123324E+00
 0.550000E+00 0.116600E+00
 0.570000E+00 0.109852E+00
 0.590000E+00 0.103081E+00
 0.610000E+00 0.962889E-01
 0.630000E+00 0.894761E-01
 0.650000E+00 0.826445E-01
 0.670000E+00 0.757955E-01
 0.690000E+00 0.689304E-01
 0.710000E+00 0.620507E-01
 0.730000E+00 0.551578E-01
 0.750000E+00 0.482530E-01
 0.770000E+00 0.413380E-01
 0.790000E+00 0.344139E-01
 0.810000E+00 0.274823E-01
 0.830000E+00 0.205446E-01
 0.850000E+00 0.136021E-01
 0.870000E+00 0.665640E-02
 0.890000E+00 -.291198E-03
 0.910000E+00 -.376560E-02
 0.930000E+00 -.376607E-02
 0.950000E+00 -.376641E-02
 0.970000E+00 -.376661E-02
 0.990000E+00 -.376668E-02




































































































 -.990000E+00 -.781938E-01
 -.970000E+00 -.968789E-01
 -.950000E+00 -.115507E+00
 -.930000E+00 -.134069E+00
 -.910000E+00 -.152553E+00
 -.890000E+00 -.165492E+00
 -.870000E+00 -.172942E+00
 -.850000E+00 -.180380E+00
 -.830000E+00 -.187808E+00
 -.810000E+00 -.195224E+00
 -.790000E+00 -.202628E+00
 -.770000E+00 -.210020E+00
 -.750000E+00 -.217398E+00
 -.730000E+00 -.224764E+00
 -.710000E+00 -.232116E+00
 -.690000E+00 -.239454E+00
 -.670000E+00 -.246777E+00
 -.650000E+00 -.254085E+00
 -.630000E+00 -.261378E+00
 -.610000E+00 -.268656E+00
 -.590000E+00 -.275917E+00
 -.570000E+00 -.283162E+00
 -.550000E+00 -.290389E+00
 -.530000E+00 -.297600E+00
 -.510000E+00 -.304792E+00
 -.490000E+00 -.311967E+00
 -.470000E+00 -.319122E+00
 -.450000E+00 -.326259E+00
 -.430000E+00 -.333377E+00
 -.410000E+00 -.340475E+00
 -.390000E+00 -.347552E+00
 -.370000E+00 -.354609E+00
 -.350000E+00 -.361646E+00
 -.330000E+00 -.368660E+00
 -.310000E+00 -.375653E+00
 -.290000E+00 -.382624E+00
 -.270000E+00 -.389573E+00
 -.250000E+00 -.396499E+00
 -.230000E+00 -.403401E+00
 -.210000E+00 -.410280E+00
 -.190000E+00 -.417135E+00
 -.170000E+00 -.423965E+00
 -.150000E+00 -.430771E+00
 -.130000E+00 -.437551E+00
 -.110000E+00 -.444306E+00
 -.900000E-01 -.451035E+00
 -.700000E-01 -.457738E+00
 -.500000E-01 -.464415E+00
 -.300000E-01 -.471064E+00
 -.100000E-01 -.477686E+00
 0.100000E-01 -.484280E+00
 0.300000E-01 -.490846E+00
 0.500000E-01 -.497384E+00
 0.700000E-01 -.503893E+00
 0.900000E-01 -.510373E+00
 0.110000E+00 -.516824E+00
 0.130000E+00 -.523244E+00
 0.150000E+00 -.529635E+00
 0.170000E+00 -.535995E+00
 0.190000E+00 -.542324E+00
 0.210000E+00 -.548621E+00
 0.230000E+00 -.554888E+00
 0.250000E+00 -.561122E+00
 0.270000E+00 -.567324E+00
 0.290000E+00 -.573494E+00
 0.310000E+00 -.579631E+00
 0.330000E+00 -.585734E+00
 0.350000E+00 -.591804E+00
 0.370000E+00 -.597840E+00
 0.390000E+00 -.603842E+00
 0.410000E+00 -.609810E+00
 0.430000E+00 -.615742E+00
 0.450000E+00 -.621640E+00
 0.470000E+00 -.627502E+00
 0.490000E+00 -.633328E+00
 0.510000E+00 -.639118E+00
 0.530000E+00 -.644871E+00
 0.550000E+00 -.650588E+00
 0.570000E+00 -.656268E+00
 0.590000E+00 -.661911E+00
 0.610000E+00 -.667516E+00
 0.630000E+00 -.673083E+00
 0.650000E+00 -.678611E+00
 0.670000E+00 -.684102E+00
 0.690000E+00 -.689553E+00
 0.710000E+00 -.694965E+00
 0.730000E+00 -.700338E+00
 0.750000E+00 -.705671E+00
 0.770000E+00 -.710964E+00
 0.790000E+00 -.716217E+00
 0.810000E+00 -.721430E+00
 0.830000E+00 -.726601E+00
 0.850000E+00 -.731732E+00
 0.870000E+00 -.736821E+00
 0.890000E+00 -.741868E+00
 0.910000E+00 -.744375E+00
 0.930000E+00 -.744373E+00
 0.950000E+00 -.744371E+00
 0.970000E+00 -.744371E+00
 0.990000E+00 -.744370E+00




































































































 -.990000E+00 -.821729E+00
 -.970000E+00 -.827116E+00
 -.950000E+00 -.832378E+00
 -.930000E+00 -.837515E+00
 -.910000E+00 -.842530E+00
 -.890000E+00 -.845833E+00
 -.870000E+00 -.847507E+00
 -.850000E+00 -.849173E+00
 -.830000E+00 -.850829E+00
 -.810000E+00 -.852477E+00
 -.790000E+00 -.854117E+00
 -.770000E+00 -.855747E+00
 -.750000E+00 -.857369E+00
 -.730000E+00 -.858983E+00
 -.710000E+00 -.860587E+00
 -.690000E+00 -.862183E+00
 -.670000E+00 -.863770E+00
 -.650000E+00 -.865348E+00
 -.630000E+00 -.866918E+00
 -.610000E+00 -.868478E+00
 -.590000E+00 -.870030E+00
 -.570000E+00 -.871573E+00
 -.550000E+00 -.873108E+00
 -.530000E+00 -.874633E+00
 -.510000E+00 -.876150E+00
 -.490000E+00 -.877658E+00
 -.470000E+00 -.879157E+00
 -.450000E+00 -.880647E+00
 -.430000E+00 -.882129E+00
 -.410000E+00 -.883601E+00
 -.390000E+00 -.885065E+00
 -.370000E+00 -.886519E+00
 -.350000E+00 -.887965E+00
 -.330000E+00 -.889402E+00
 -.310000E+00 -.890830E+00
 -.290000E+00 -.892249E+00
 -.270000E+00 -.893659E+00
 -.250000E+00 -.895061E+00
 -.230000E+00 -.896453E+00
 -.210000E+00 -.897836E+00
 -.190000E+00 -.899211E+00
 -.170000E+00 -.900576E+00
 -.150000E+00 -.901932E+00
 -.130000E+00 -.903280E+00
 -.110000E+00 -.904618E+00
 -.900000E-01 -.905948E+00
 -.700000E-01 -.907268E+00
 -.500000E-01 -.908579E+00
 -.300000E-01 -.909882E+00
 -.100000E-01 -.911175E+00
 0.100000E-01 -.912459E+00
 0.300000E-01 -.913734E+00
 0.500000E-01 -.915001E+00
 0.700000E-01 -.916258E+00
 0.900000E-01 -.917506E+00
 0.110000E+00 -.918745E+00
 0.130000E+00 -.919974E+00
 0.150000E+00 -.921195E+00
 0.170000E+00 -.922407E+00
 0.190000E+00 -.923609E+00
 0.210000E+00 -.924803E+00
 0.230000E+00 -.925987E+00
 0.250000E+00 -.927162E+00
 0.270000E+00 -.928328E+00
 0.290000E+00 -.929485E+00
 0.310000E+00 -.930632E+00
 0.330000E+00 -.931771E+00
 0.350000E+00 -.932900E+00
 0.370000E+00 -.934020E+00
 0.390000E+00 -.935131E+00
 0.410000E+00 -.936233E+00
 0.430000E+00 -.937325E+00
 0.450000E+00 -.938409E+00
 0.470000E+00 -.939483E+00
 0.490000E+00 -.940548E+00
 0.510000E+00 -.941603E+00
 0.530000E+00 -.942650E+00
 0.550000E+00 -.943687E+00
 0.570000E+00 -.944715E+00
 0.590000E+00 -.945733E+00
 0.610000E+00 -.946743E+00
 0.630000E+00 -.947743E+00
 0.650000E+00 -.948733E+00
 0.670000E+00 -.949715E+00
 0.690000E+00 -.950687E+00
 0.710000E+00 -.951650E+00
 0.730000E+00 -.952604E+00
 0.750000E+00 -.953548E+00
 0.770000E+00 -.954483E+00
 0.790000E+00 -.955409E+00
 0.810000E+00 -.956325E+00
 0.830000E+00 -.957232E+00
 0.850000E+00 -.958130E+00
 0.870000E+00 -.959018E+00
 0.890000E+00 -.959897E+00
 0.910000E+00 -.960331E+00
 0.930000E+00 -.960328E+00
 0.950000E+00 -.960326E+00
 0.970000E+00 -.960325E+00
 0.990000E+00 -.960325E+00




































































































 -.990000E+00 -.831703E+00
 -.970000E+00 -.834209E+00
 -.950000E+00 -.836702E+00
 -.930000E+00 -.839183E+00
 -.910000E+00 -.841652E+00
 -.890000E+00 -.843296E+00
 -.870000E+00 -.844127E+00
 -.850000E+00 -.844960E+00
 -.830000E+00 -.845793E+00
 -.810000E+00 -.846626E+00
 -.790000E+00 -.847461E+00
 -.770000E+00 -.848296E+00
 -.750000E+00 -.849132E+00
 -.730000E+00 -.849968E+00
 -.710000E+00 -.850805E+00
 -.690000E+00 -.851643E+00
 -.670000E+00 -.852482E+00
 -.650000E+00 -.853321E+00
 -.630000E+00 -.854161E+00
 -.610000E+00 -.855002E+00
 -.590000E+00 -.855844E+00
 -.570000E+00 -.856686E+00
 -.550000E+00 -.857529E+00
 -.530000E+00 -.858373E+00
 -.510000E+00 -.859217E+00
 -.490000E+00 -.860062E+00
 -.470000E+00 -.860908E+00
 -.450000E+00 -.861755E+00
 -.430000E+00 -.862602E+00
 -.410000E+00 -.863450E+00
 -.390000E+00 -.864299E+00
 -.370000E+00 -.865148E+00
 -.350000E+00 -.865999E+00
 -.330000E+00 -.866850E+00
 -.310000E+00 -.867702E+00
 -.290000E+00 -.868554E+00
 -.270000E+00 -.869407E+00
 -.250000E+00 -.870261E+00
 -.230000E+00 -.871116E+00
 -.210000E+00 -.871972E+00
 -.190000E+00 -.872828E+00
 -.170000E+00 -.873685E+00
 -.150000E+00 -.874542E+00
 -.130000E+00 -.875401E+00
 -.110000E+00 -.876260E+00
 -.900000E-01 -.877120E+00
 -.700000E-01 -.877981E+00
 -.500000E-01 -.878842E+00
 -.300000E-01 -.879705E+00
 -.100000E-01 -.880568E+00
 0.100000E-01 -.881431E+00
 0.300000E-01 -.882296E+00
 0.500000E-01 -.883161E+00
 0.700000E-01 -.884027E+00
 0.900000E-01 -.884894E+00
 0.110000E+00 -.885762E+00
 0.130000E+00 -.886630E+00
 0.150000E+00 -.887499E+00
 0.170000E+00 -.888369E+00
 0.190000E+00 -.889240E+00
 0.210000E+00 -.890111E+00
 0.230000E+00 -.890983E+00
 0.250000E+00 -.891856E+00
 0.270000E+00 -.892730E+00
 0.290000E+00 -.893604E+00
 0.310000E+00 -.894480E+00
 0.330000E+00 -.895356E+00
 0.350000E+00 -.896233E+00
 0.370000E+00 -.897110E+00
 0.390000E+00 -.897989E+00
 0.410000E+00 -.898868E+00
 0.430000E+00 -.899748E+00
 0.450000E+00 -.900629E+00
 0.470000E+00 -.901510E+00
 0.490000E+00 -.902393E+00
 0.510000E+00 -.903276E+00
 0.530000E+00 -.904160E+00
 0.550000E+00 -.905045E+00
 0.570000E+00 -.905930E+00
 0.590000E+00 -.906816E+00
 0.610000E+00 -.907704E+00
 0.630000E+00 -.908591E+00
 0.650000E+00 -.909480E+00
 0.670000E+00 -.910370E+00
 0.690000E+00 -.911260E+00
 0.710000E+00 -.912151E+00
 0.730000E+00 -.913043E+00
 0.750000E+00 -.913936E+00
 0.770000E+00 -.914829E+00
 0.790000E+00 -.915724E+00
 0.810000E+00 -.916619E+00
 0.830000E+00 -.917515E+00
 0.850000E+00 -.918412E+00
 0.870000E+00 -.919309E+00
 0.890000E+00 -.920208E+00
 0.910000E+00 -.920677E+00
 0.930000E+00 -.920710E+00
 0.950000E+00 -.920735E+00
 0.970000E+00 -.920749E+00
 0.990000E+00 -.920754E+00




































































































 -.990000E+00 -.821729E+00
 -.970000E+00 -.827116E+00
 -.950000E+00 -.832378E+00
 -.930000E+00 -.837515E+00
 -.910000E+00 -.842530E+00
 -.890000E+00 -.845833E+00
 -.870000E+00 -.847507E+00
 -.850000E+00 -.849173E+00
 -.830000E+00 -.850829E+00
 -.810000E+00 -.852477E+00
 -.790000E+00 -.854117E+00
 -.770000E+00 -.855747E+00
 -.750000E+00 -.857369E+00
 -.730000E+00 -.858983E+00
 -.710000E+00 -.860587E+00
 -.690000E+00 -.862183E+00
 -.670000E+00 -.863770E+00
 -.650000E+00 -.865348E+00
 -.630000E+00 -.866918E+00
 -.610000E+00 -.868478E+00
 -.590000E+00 -.870030E+00
 -.570000E+00 -.871573E+00
 -.550000E+00 -.873108E+00
 -.530000E+00 -.874633E+00
 -.510000E+00 -.876150E+00
 -.490000E+00 -.877658E+00
 -.470000E+00 -.879157E+00
 -.450000E+00 -.880647E+00
 -.430000E+00 -.882129E+00
 -.410000E+00 -.883601E+00
 -.390000E+00 -.885065E+00
 -.370000E+00 -.886519E+00
 -.350000E+00 -.887965E+00
 -.330000E+00 -.889402E+00
 -.310000E+00 -.890830E+00
 -.290000E+00 -.892249E+00
 -.270000E+00 -.893659E+00
 -.250000E+00 -.895061E+00
 -.230000E+00 -.896453E+00
 -.210000E+00 -.897836E+00
 -.190000E+00 -.899211E+00
 -.170000E+00 -.900576E+00
 -.150000E+00 -.901932E+00
 -.130000E+00 -.903280E+00
 -.110000E+00 -.904618E+00
 -.900000E-01 -.905948E+00
 -.700000E-01 -.907268E+00
 -.500000E-01 -.908579E+00
 -.300000E-01 -.909882E+00
 -.100000E-01 -.911175E+00
 0.100000E-01 -.912459E+00
 0.300000E-01 -.913734E+00
 0.500000E-01 -.915001E+00
 0.700000E-01 -.916258E+00
 0.900000E-01 -.917506E+00
 0.110000E+00 -.918745E+00
 0.130000E+00 -.919974E+00
 0.150000E+00 -.921195E+00
 0.170000E+00 -.922407E+00
 0.190000E+00 -.923609E+00
 0.210000E+00 -.924803E+00
 0.230000E+00 -.925987E+00
 0.250000E+00 -.927162E+00
 0.270000E+00 -.928328E+00
 0.290000E+00 -.929485E+00
 0.310000E+00 -.930632E+00
 0.330000E+00 -.931771E+00
 0.350000E+00 -.932900E+00
 0.370000E+00 -.934020E+00
 0.390000E+00 -.935131E+00
 0.410000E+00 -.936233E+00
 0.430000E+00 -.937325E+00
 0.450000E+00 -.938409E+00
 0.470000E+00 -.939483E+00
 0.490000E+00 -.940548E+00
 0.510000E+00 -.941603E+00
 0.530000E+00 -.942650E+00
 0.550000E+00 -.943687E+00
 0.570000E+00 -.944715E+00
 0.590000E+00 -.945733E+00
 0.610000E+00 -.946743E+00
 0.630000E+00 -.947743E+00
 0.650000E+00 -.948733E+00
 0.670000E+00 -.949715E+00
 0.690000E+00 -.950687E+00
 0.710000E+00 -.951650E+00
 0.730000E+00 -.952604E+00
 0.750000E+00 -.953548E+00
 0.770000E+00 -.954483E+00
 0.790000E+00 -.955409E+00
 0.810000E+00 -.956325E+00
 0.830000E+00 -.957232E+00
 0.850000E+00 -.958130E+00
 0.870000E+00 -.959018E+00
 0.890000E+00 -.959897E+00
 0.910000E+00 -.960331E+00
 0.930000E+00 -.960328E+00
 0.950000E+00 -.960326E+00
 0.970000E+00 -.960325E+00
 0.990000E+00 -.960325E+00




































































































 -.990000E+00 -.781938E-01
 -.970000E+00 -.968789E-01
 -.950000E+00 -.115507E+00
 -.930000E+00 -.134069E+00
 -.910000E+00 -.152553E+00
 -.890000E+00 -.165492E+00
 -.870000E+00 -.172942E+00
 -.850000E+00 -.180380E+00
 -.830000E+00 -.187808E+00
 -.810000E+00 -.195224E+00
 -.790000E+00 -.202628E+00
 -.770000E+00 -.210020E+00
 -.750000E+00 -.217398E+00
 -.730000E+00 -.224764E+00
 -.710000E+00 -.232116E+00
 -.690000E+00 -.239454E+00
 -.670000E+00 -.246777E+00
 -.650000E+00 -.254085E+00
 -.630000E+00 -.261378E+00
 -.610000E+00 -.268656E+00
 -.590000E+00 -.275917E+00
 -.570000E+00 -.283162E+00
 -.550000E+00 -.290389E+00
 -.530000E+00 -.297600E+00
 -.510000E+00 -.304792E+00
 -.490000E+00 -.311967E+00
 -.470000E+00 -.319122E+00
 -.450000E+00 -.326259E+00
 -.430000E+00 -.333377E+00
 -.410000E+00 -.340475E+00
 -.390000E+00 -.347552E+00
 -.370000E+00 -.354609E+00
 -.350000E+00 -.361646E+00
 -.330000E+00 -.368660E+00
 -.310000E+00 -.375653E+00
 -.290000E+00 -.382624E+00
 -.270000E+00 -.389573E+00
 -.250000E+00 -.396499E+00
 -.230000E+00 -.403401E+00
 -.210000E+00 -.410280E+00
 -.190000E+00 -.417135E+00
 -.170000E+00 -.423965E+00
 -.150000E+00 -.430771E+00
 -.130000E+00 -.437551E+00
 -.110000E+00 -.444306E+00
 -.900000E-01 -.451035E+00
 -.700000E-01 -.457738E+00
 -.500000E-01 -.464415E+00
 -.300000E-01 -.471064E+00
 -.100000E-01 -.477686E+00
 0.100000E-01 -.484280E+00
 0.300000E-01 -.490846E+00
 0.500000E-01 -.497384E+00
 0.700000E-01 -.503893E+00
 0.900000E-01 -.510373E+00
 0.110000E+00 -.516824E+00
 0.130000E+00 -.523244E+00
 0.150000E+00 -.529635E+00
 0.170000E+00 -.535995E+00
 0.190000E+00 -.542324E+00
 0.210000E+00 -.548621E+00
 0.230000E+00 -.554888E+00
 0.250000E+00 -.561122E+00
 0.270000E+00 -.567324E+00
 0.290000E+00 -.573494E+00
 0.310000E+00 -.579631E+00
 0.330000E+00 -.585734E+00
 0.350000E+00 -.591804E+00
 0.370000E+00 -.597840E+00
 0.390000E+00 -.603842E+00
 0.410000E+00 -.609810E+00
 0.430000E+00 -.615742E+00
 0.450000E+00 -.621640E+00
 0.470000E+00 -.627502E+00
 0.490000E+00 -.633328E+00
 0.510000E+00 -.639118E+00
 0.530000E+00 -.644871E+00
 0.550000E+00 -.650588E+00
 0.570000E+00 -.656268E+00
 0.590000E+00 -.661911E+00
 0.610000E+00 -.667516E+00
 0.630000E+00 -.673083E+00
 0.650000E+00 -.678611E+00
 0.670000E+00 -.684102E+00
 0.690000E+00 -.689553E+00
 0.710000E+00 -.694965E+00
 0.730000E+00 -.700338E+00
 0.750000E+00 -.705671E+00
 0.770000E+00 -.710964E+00
 0.790000E+00 -.716217E+00
 0.810000E+00 -.721430E+00
 0.830000E+00 -.726601E+00
 0.850000E+00 -.731732E+00
 0.870000E+00 -.736821E+00
 0.890000E+00 -.741868E+00
 0.910000E+00 -.744375E+00
 0.930000E+00 -.744373E+00
 0.950000E+00 -.744371E+00
 0.970000E+00 -.744371E+00
 0.990000E+00 -.744370E+00




































































































 -.990000E+00 0.490626E+00
 -.970000E+00 0.484765E+00
 -.950000E+00 0.478753E+00
 -.930000E+00 0.472590E+00
 -.910000E+00 0.466275E+00
 -.890000E+00 0.462076E+00
 -.870000E+00 0.460033E+00
 -.850000E+00 0.457896E+00
 -.830000E+00 0.455664E+00
 -.810000E+00 0.453339E+00
 -.790000E+00 0.450920E+00
 -.770000E+00 0.448408E+00
 -.750000E+00 0.445804E+00
 -.730000E+00 0.443108E+00
 -.710000E+00 0.440320E+00
 -.690000E+00 0.437442E+00
 -.670000E+00 0.434473E+00
 -.650000E+00 0.431415E+00
 -.630000E+00 0.428268E+00
 -.610000E+00 0.425032E+00
 -.590000E+00 0.421709E+00
 -.570000E+00 0.418298E+00
 -.550000E+00 0.414801E+00
 -.530000E+00 0.411219E+00
 -.510000E+00 0.407552E+00
 -.490000E+00 0.403800E+00
 -.470000E+00 0.399965E+00
 -.450000E+00 0.396047E+00
 -.430000E+00 0.392048E+00
 -.410000E+00 0.387967E+00
 -.390000E+00 0.383807E+00
 -.370000E+00 0.379567E+00
 -.350000E+00 0.375248E+00
 -.330000E+00 0.370852E+00
 -.310000E+00 0.366379E+00
 -.290000E+00 0.361831E+00
 -.270000E+00 0.357207E+00
 -.250000E+00 0.352510E+00
 -.230000E+00 0.347739E+00
 -.210000E+00 0.342897E+00
 -.190000E+00 0.337984E+00
 -.170000E+00 0.333001E+00
 -.150000E+00 0.327949E+00
 -.130000E+00 0.322829E+00
 -.110000E+00 0.317642E+00
 -.900000E-01 0.312389E+00
 -.700000E-01 0.307072E+00
 -.500000E-01 0.301691E+00
 -.300000E-01 0.296248E+00
 -.100000E-01 0.290743E+00
 0.100000E-01 0.285178E+00
 0.300000E-01 0.279554E+00
 0.500000E-01 0.273872E+00
 0.700000E-01 0.268133E+00
 0.900000E-01 0.262339E+00
 0.110000E+00 0.256490E+00
 0.130000E+00 0.250588E+00
 0.150000E+00 0.244634E+00
 0.170000E+00 0.238629E+00
 0.190000E+00 0.232575E+00
 0.210000E+00 0.226473E+00
 0.230000E+00 0.220323E+00
 0.250000E+00 0.214128E+00
 0.270000E+00 0.207889E+00
 0.290000E+00 0.201606E+00
 0.310000E+00 0.195281E+00
 0.330000E+00 0.188916E+00
 0.350000E+00 0.182512E+00
 0.370000E+00 0.176069E+00
 0.390000E+00 0.169590E+00
 0.410000E+00 0.163076E+00
 0.430000E+00 0.156527E+00
 0.450000E+00 0.149946E+00
 0.470000E+00 0.143334E+00
 0.490000E+00 0.136692E+00
 0.510000E+00 0.130022E+00
 0.530000E+00 0.123324E+00
 0.550000E+00 0.116600E+00
 0.570000E+00 0.109852E+00
 0.590000E+00 0.103081E+00
 0.610000E+00 0.962889E-01
 0.630000E+00 0.894761E-01
 0.650000E+00 0.826445E-01
 0.670000E+00 0.757955E-01
 0.690000E+00 0.689304E-01
 0.710000E+00 0.620507E-01
 0.730000E+00 0.551578E-01
 0.750000E+00 0.482530E-01
 0.770000E+00 0.413380E-01
 0.790000E+00 0.344139E-01
 0.810000E+00 0.274823E-01
 0.830000E+00 0.205446E-01
 0.850000E+00 0.136021E-01
 0.870000E+00 0.665640E-02
 0.890000E+00 -.291198E-03
 0.910000E+00 -.376560E-02
 0.930000E+00 -.376607E-02
 0.950000E+00 -.376641E-02
 0.970000E+00 -.376661E-02
 0.990000E+00 -.376668E-02




































































































 -.990000E+00 0.609362E-01
 -.970000E+00 0.608367E-01
 -.950000E+00 0.606855E-01
 -.930000E+00 0.604824E-01
 -.910000E+00 0.602275E-01
 -.890000E+00 0.628036E-01
 -.870000E+00 0.682035E-01
 -.850000E+00 0.735376E-01
 -.830000E+00 0.788008E-01
 -.810000E+00 0.839880E-01
 -.790000E+00 0.890940E-01
 -.770000E+00 0.941139E-01
 -.750000E+00 0.990427E-01
 -.730000E+00 0.103876E+00
 -.710000E+00 0.108608E+00
 -.690000E+00 0.113235E+00
 -.670000E+00 0.117753E+00
 -.650000E+00 0.122156E+00
 -.630000E+00 0.126441E+00
 -.610000E+00 0.130603E+00
 -.590000E+00 0.134639E+00
 -.570000E+00 0.138543E+00
 -.550000E+00 0.142313E+00
 -.530000E+00 0.145945E+00
 -.510000E+00 0.149436E+00
 -.490000E+00 0.152781E+00
 -.470000E+00 0.155977E+00
 -.450000E+00 0.159022E+00
 -.430000E+00 0.161912E+00
 -.410000E+00 0.164645E+00
 -.390000E+00 0.167217E+00
 -.370000E+00 0.169627E+00
 -.350000E+00 0.171872E+00
 -.330000E+00 0.173949E+00
 -.310000E+00 0.175858E+00
 -.290000E+00 0.177594E+00
 -.270000E+00 0.179158E+00
 -.250000E+00 0.180548E+00
 -.230000E+00 0.181761E+00
 -.210000E+00 0.182798E+00
 -.190000E+00 0.183656E+00
 -.170000E+00 0.184335E+00
 -.150000E+00 0.184834E+00
 -.130000E+00 0.185154E+00
 -.110000E+00 0.185292E+00
 -.900000E-01 0.185250E+00
 -.700000E-01 0.185027E+00
 -.500000E-01 0.184624E+00
 -.300000E-01 0.184040E+00
 -.100000E-01 0.183277E+00
 0.100000E-01 0.182334E+00
 0.300000E-01 0.181214E+00
 0.500000E-01 0.179917E+00
 0.700000E-01 0.178443E+00
 0.900000E-01 0.176796E+00
 0.110000E+00 0.174976E+00
 0.130000E+00 0.172984E+00
 0.150000E+00 0.170824E+00
 0.170000E+00 0.168496E+00
 0.190000E+00 0.166004E+00
 0.210000E+00 0.163350E+00
 0.230000E+00 0.160535E+00
 0.250000E+00 0.157564E+00
 0.270000E+00 0.154438E+00
 0.290000E+00 0.151161E+00
 0.310000E+00 0.147736E+00
 0.330000E+00 0.144166E+00
 0.350000E+00 0.140455E+00
 0.370000E+00 0.136606E+00
 0.390000E+00 0.132624E+00
 0.410000E+00 0.128511E+00
 0.430000E+00 0.124272E+00
 0.450000E+00 0.119912E+00
 0.470000E+00 0.115433E+00
 0.490000E+00 0.110842E+00
 0.510000E+00 0.106141E+00
 0.530000E+00 0.101337E+00
 0.550000E+00 0.964322E-01
 0.570000E+00 0.914329E-01
 0.590000E+00 0.863436E-01
 0.610000E+00 0.811693E-01
 0.630000E+00 0.759151E-01
 0.650000E+00 0.705859E-01
 0.670000E+00 0.651871E-01
 0.690000E+00 0.597238E-01
 0.710000E+00 0.542015E-01
 0.730000E+00 0.486254E-01
 0.750000E+00 0.430011E-01
 0.770000E+00 0.373339E-01
 0.790000E+00 0.316295E-01
 0.810000E+00 0.258934E-01
 0.830000E+00 0.201311E-01
 0.850000E+00 0.143484E-01
 0.870000E+00 0.855079E-02
 0.890000E+00 0.274398E-02
 0.910000E+00 -.161123E-03
 0.930000E+00 -.161143E-03
 0.950000E+00 -.161158E-03
 0.970000E+00 -.161166E-03
 0.990000E+00 -.161170E-03




































































































 -.990000E+00 0.532023E-02
 -.970000E+00 0.490144E-02
 -.950000E+00 0.235998E-02
 -.930000E+00 -.120390E-02
 -.910000E+00 -.424674E-02
 -.890000E+00 -.269477E-02
 -.870000E+00 0.278069E-02
 -.850000E+00 0.705249E-02
 -.830000E+00 0.827010E-02
 -.810000E+00 0.590566E-02
 -.790000E+00 0.982814E-03
 -.770000E+00 -.436648E-02
 -.750000E+00 -.782520E-02
 -.730000E+00 -.789491E-02
 -.710000E+00 -.454492E-02
 -.690000E+00 0.774218E-03
 -.670000E+00 0.575879E-02
 -.650000E+00 0.824965E-02
 -.630000E+00 0.716751E-02
 -.610000E+00 0.298057E-02
 -.590000E+00 -.249804E-02
 -.570000E+00 -.689542E-02
 -.550000E+00 -.830667E-02
 -.530000E+00 -.612006E-02
 -.510000E+00 -.128220E-02
 -.490000E+00 0.411178E-02
 -.470000E+00 0.772551E-02
 -.450000E+00 0.799344E-02
 -.430000E+00 0.479902E-02
 -.410000E+00 -.474595E-03
 -.390000E+00 -.554342E-02
 -.370000E+00 -.821183E-02
 -.350000E+00 -.732365E-02
 -.330000E+00 -.326307E-02
 -.310000E+00 0.221153E-02
 -.290000E+00 0.672900E-02
 -.270000E+00 0.833245E-02
 -.250000E+00 0.632690E-02
 -.230000E+00 0.158052E-02
 -.210000E+00 -.385117E-02
 -.190000E+00 -.761551E-02
 -.170000E+00 -.808171E-02
 -.150000E+00 -.504736E-02
 -.130000E+00 0.173729E-03
 -.110000E+00 0.532034E-02
 -.900000E-01 0.816318E-02
 -.700000E-01 0.747053E-02
 -.500000E-01 0.354188E-02
 -.300000E-01 -.192153E-02
 -.100000E-01 -.655343E-02
 0.100000E-01 -.834737E-02
 0.300000E-01 -.652587E-02
 0.500000E-01 -.187740E-02
 0.700000E-01 0.358497E-02
 0.900000E-01 0.749530E-02
 0.110000E+00 0.815959E-02
 0.130000E+00 0.528961E-02
 0.150000E+00 0.127988E-03
 0.170000E+00 -.508984E-02
 0.190000E+00 -.810375E-02
 0.210000E+00 -.760793E-02
 0.230000E+00 -.381663E-02
 0.250000E+00 0.162842E-02
 0.270000E+00 0.636892E-02
 0.290000E+00 0.835140E-02
 0.310000E+00 0.671672E-02
 0.330000E+00 0.217243E-02
 0.350000E+00 -.331354E-02
 0.370000E+00 -.736504E-02
 0.390000E+00 -.822694E-02
 0.410000E+00 -.552544E-02
 0.430000E+00 -.430164E-03
 0.450000E+00 0.485219E-02
 0.470000E+00 0.803358E-02
 0.490000E+00 0.773566E-02
 0.510000E+00 0.408696E-02
 0.530000E+00 -.133257E-02
 0.550000E+00 -.617568E-02
 0.570000E+00 -.834450E-02
 0.590000E+00 -.689917E-02
 0.610000E+00 -.246523E-02
 0.630000E+00 0.303720E-02
 0.650000E+00 0.722486E-02
 0.670000E+00 0.828367E-02
 0.690000E+00 0.575452E-02
 0.710000E+00 0.732403E-03
 0.730000E+00 -.460770E-02
 0.750000E+00 -.795275E-02
 0.770000E+00 -.785352E-02
 0.790000E+00 -.435250E-02
 0.810000E+00 0.103435E-02
 0.830000E+00 0.597396E-02
 0.850000E+00 0.832666E-02
 0.870000E+00 0.707297E-02
 0.890000E+00 0.275541E-02
 0.910000E+00 -.350452E-06
 0.930000E+00 -.297885E-06
 0.950000E+00 -.238122E-06
 0.970000E+00 -.197066E-06
 0.990000E+00 -.192514E-06




































































































