 -.990000E+00 0.453135E-04
 -.970000E+00 0.363116E-04
 -.950000E+00 0.299160E-04
 -.930000E+00 0.288966E-04
 -.910000E+00 0.336958E-04
 -.890000E+00 0.398786E-04
 -.870000E+00 0.311478E-04
 -.850000E+00 0.892721E-05
 -.830000E+00 -.171597E-04
 -.810000E+00 -.358148E-04
 -.790000E+00 -.389589E-04
 -.770000E+00 -.252303E-04
 -.750000E+00 -.574652E-06
 -.730000E+00 0.243298E-04
 -.710000E+00 0.386973E-04
 -.690000E+00 0.363053E-04
 -.670000E+00 0.181898E-04
 -.650000E+00 -.780346E-05
 -.630000E+00 -.304172E-04
 -.610000E+00 -.398575E-04
 -.590000E+00 -.320359E-04
 -.570000E+00 -.103399E-04
 -.550000E+00 0.158342E-04
 -.530000E+00 0.351507E-04
 -.510000E+00 0.392437E-04
 -.490000E+00 0.263406E-04
 -.470000E+00 0.202968E-05
 -.450000E+00 -.231603E-04
 -.430000E+00 -.383197E-04
 -.410000E+00 -.368833E-04
 -.390000E+00 -.194730E-04
 -.370000E+00 0.637081E-05
 -.350000E+00 0.294555E-04
 -.330000E+00 0.397833E-04
 -.310000E+00 0.328813E-04
 -.290000E+00 0.117387E-04
 -.270000E+00 -.144878E-04
 -.250000E+00 -.344397E-04
 -.230000E+00 -.394762E-04
 -.210000E+00 -.274159E-04
 -.190000E+00 -.348201E-05
 -.170000E+00 0.219599E-04
 -.150000E+00 0.378911E-04
 -.130000E+00 0.374121E-04
 -.110000E+00 0.207302E-04
 -.900000E-01 -.492969E-05
 -.700000E-01 -.284546E-04
 -.500000E-01 -.396561E-04
 -.300000E-01 -.336829E-04
 -.100000E-01 -.131220E-04
 0.100000E-01 0.131220E-04
 0.300000E-01 0.336829E-04
 0.500000E-01 0.396561E-04
 0.700000E-01 0.284546E-04
 0.900000E-01 0.492969E-05
 0.110000E+00 -.207302E-04
 0.130000E+00 -.374121E-04
 0.150000E+00 -.378911E-04
 0.170000E+00 -.219599E-04
 0.190000E+00 0.348201E-05
 0.210000E+00 0.274159E-04
 0.230000E+00 0.394762E-04
 0.250000E+00 0.344397E-04
 0.270000E+00 0.144878E-04
 0.290000E+00 -.117387E-04
 0.310000E+00 -.328813E-04
 0.330000E+00 -.397833E-04
 0.350000E+00 -.294555E-04
 0.370000E+00 -.637081E-05
 0.390000E+00 0.194730E-04
 0.410000E+00 0.368833E-04
 0.430000E+00 0.383197E-04
 0.450000E+00 0.231603E-04
 0.470000E+00 -.202968E-05
 0.490000E+00 -.263406E-04
 0.510000E+00 -.392437E-04
 0.530000E+00 -.351507E-04
 0.550000E+00 -.158342E-04
 0.570000E+00 0.103399E-04
 0.590000E+00 0.320359E-04
 0.610000E+00 0.398575E-04
 0.630000E+00 0.304172E-04
 0.650000E+00 0.780346E-05
 0.670000E+00 -.181898E-04
 0.690000E+00 -.363053E-04
 0.710000E+00 -.386973E-04
 0.730000E+00 -.243298E-04
 0.750000E+00 0.574652E-06
 0.770000E+00 0.252303E-04
 0.790000E+00 0.389589E-04
 0.810000E+00 0.358148E-04
 0.830000E+00 0.171597E-04
 0.850000E+00 -.892721E-05
 0.870000E+00 -.311478E-04
 0.890000E+00 -.398786E-04
 0.910000E+00 -.336958E-04
 0.930000E+00 -.288966E-04
 0.950000E+00 -.299160E-04
 0.970000E+00 -.363116E-04
 0.990000E+00 -.453135E-04




































































































 -.990000E+00 0.962719E-03
 -.970000E+00 0.957761E-03
 -.950000E+00 0.952815E-03
 -.930000E+00 0.947886E-03
 -.910000E+00 0.942979E-03
 -.890000E+00 0.937980E-03
 -.870000E+00 0.932182E-03
 -.850000E+00 0.925475E-03
 -.830000E+00 0.917863E-03
 -.810000E+00 0.909356E-03
 -.790000E+00 0.899961E-03
 -.770000E+00 0.889687E-03
 -.750000E+00 0.878544E-03
 -.730000E+00 0.866543E-03
 -.710000E+00 0.853696E-03
 -.690000E+00 0.840016E-03
 -.670000E+00 0.825516E-03
 -.650000E+00 0.810209E-03
 -.630000E+00 0.794112E-03
 -.610000E+00 0.777239E-03
 -.590000E+00 0.759607E-03
 -.570000E+00 0.741233E-03
 -.550000E+00 0.722136E-03
 -.530000E+00 0.702333E-03
 -.510000E+00 0.681845E-03
 -.490000E+00 0.660691E-03
 -.470000E+00 0.638892E-03
 -.450000E+00 0.616469E-03
 -.430000E+00 0.593444E-03
 -.410000E+00 0.569840E-03
 -.390000E+00 0.545679E-03
 -.370000E+00 0.520985E-03
 -.350000E+00 0.495783E-03
 -.330000E+00 0.470097E-03
 -.310000E+00 0.443951E-03
 -.290000E+00 0.417373E-03
 -.270000E+00 0.390386E-03
 -.250000E+00 0.363019E-03
 -.230000E+00 0.335297E-03
 -.210000E+00 0.307247E-03
 -.190000E+00 0.278898E-03
 -.170000E+00 0.250276E-03
 -.150000E+00 0.221410E-03
 -.130000E+00 0.192328E-03
 -.110000E+00 0.163058E-03
 -.900000E-01 0.133629E-03
 -.700000E-01 0.104069E-03
 -.500000E-01 0.744077E-04
 -.300000E-01 0.446737E-04
 -.100000E-01 0.148961E-04
 0.100000E-01 -.148961E-04
 0.300000E-01 -.446737E-04
 0.500000E-01 -.744077E-04
 0.700000E-01 -.104069E-03
 0.900000E-01 -.133629E-03
 0.110000E+00 -.163058E-03
 0.130000E+00 -.192328E-03
 0.150000E+00 -.221410E-03
 0.170000E+00 -.250276E-03
 0.190000E+00 -.278898E-03
 0.210000E+00 -.307247E-03
 0.230000E+00 -.335297E-03
 0.250000E+00 -.363019E-03
 0.270000E+00 -.390386E-03
 0.290000E+00 -.417373E-03
 0.310000E+00 -.443951E-03
 0.330000E+00 -.470097E-03
 0.350000E+00 -.495783E-03
 0.370000E+00 -.520985E-03
 0.390000E+00 -.545679E-03
 0.410000E+00 -.569840E-03
 0.430000E+00 -.593444E-03
 0.450000E+00 -.616469E-03
 0.470000E+00 -.638892E-03
 0.490000E+00 -.660691E-03
 0.510000E+00 -.681845E-03
 0.530000E+00 -.702333E-03
 0.550000E+00 -.722136E-03
 0.570000E+00 -.741233E-03
 0.590000E+00 -.759607E-03
 0.610000E+00 -.777239E-03
 0.630000E+00 -.794112E-03
 0.650000E+00 -.810209E-03
 0.670000E+00 -.825516E-03
 0.690000E+00 -.840016E-03
 0.710000E+00 -.853696E-03
 0.730000E+00 -.866543E-03
 0.750000E+00 -.878544E-03
 0.770000E+00 -.889687E-03
 0.790000E+00 -.899961E-03
 0.810000E+00 -.909356E-03
 0.830000E+00 -.917863E-03
 0.850000E+00 -.925475E-03
 0.870000E+00 -.932182E-03
 0.890000E+00 -.937980E-03
 0.910000E+00 -.942979E-03
 0.930000E+00 -.947886E-03
 0.950000E+00 -.952815E-03
 0.970000E+00 -.957761E-03
 0.990000E+00 -.962719E-03




































































































 -.990000E+00 0.618721E-03
 -.970000E+00 0.607108E-03
 -.950000E+00 0.595697E-03
 -.930000E+00 0.584490E-03
 -.910000E+00 0.573489E-03
 -.890000E+00 0.562652E-03
 -.870000E+00 0.551738E-03
 -.850000E+00 0.540710E-03
 -.830000E+00 0.529569E-03
 -.810000E+00 0.518318E-03
 -.790000E+00 0.506959E-03
 -.770000E+00 0.495494E-03
 -.750000E+00 0.483925E-03
 -.730000E+00 0.472256E-03
 -.710000E+00 0.460489E-03
 -.690000E+00 0.448626E-03
 -.670000E+00 0.436669E-03
 -.650000E+00 0.424621E-03
 -.630000E+00 0.412485E-03
 -.610000E+00 0.400263E-03
 -.590000E+00 0.387957E-03
 -.570000E+00 0.375571E-03
 -.550000E+00 0.363106E-03
 -.530000E+00 0.350566E-03
 -.510000E+00 0.337952E-03
 -.490000E+00 0.325268E-03
 -.470000E+00 0.312517E-03
 -.450000E+00 0.299700E-03
 -.430000E+00 0.286821E-03
 -.410000E+00 0.273882E-03
 -.390000E+00 0.260886E-03
 -.370000E+00 0.247836E-03
 -.350000E+00 0.234734E-03
 -.330000E+00 0.221583E-03
 -.310000E+00 0.208386E-03
 -.290000E+00 0.195146E-03
 -.270000E+00 0.181864E-03
 -.250000E+00 0.168545E-03
 -.230000E+00 0.155191E-03
 -.210000E+00 0.141805E-03
 -.190000E+00 0.128389E-03
 -.170000E+00 0.114946E-03
 -.150000E+00 0.101480E-03
 -.130000E+00 0.879918E-04
 -.110000E+00 0.744856E-04
 -.900000E-01 0.609640E-04
 -.700000E-01 0.474296E-04
 -.500000E-01 0.338853E-04
 -.300000E-01 0.203340E-04
 -.100000E-01 0.677848E-05
 0.100000E-01 -.677848E-05
 0.300000E-01 -.203340E-04
 0.500000E-01 -.338853E-04
 0.700000E-01 -.474296E-04
 0.900000E-01 -.609640E-04
 0.110000E+00 -.744856E-04
 0.130000E+00 -.879918E-04
 0.150000E+00 -.101480E-03
 0.170000E+00 -.114946E-03
 0.190000E+00 -.128389E-03
 0.210000E+00 -.141805E-03
 0.230000E+00 -.155191E-03
 0.250000E+00 -.168545E-03
 0.270000E+00 -.181864E-03
 0.290000E+00 -.195146E-03
 0.310000E+00 -.208386E-03
 0.330000E+00 -.221583E-03
 0.350000E+00 -.234734E-03
 0.370000E+00 -.247836E-03
 0.390000E+00 -.260886E-03
 0.410000E+00 -.273882E-03
 0.430000E+00 -.286821E-03
 0.450000E+00 -.299700E-03
 0.470000E+00 -.312517E-03
 0.490000E+00 -.325268E-03
 0.510000E+00 -.337952E-03
 0.530000E+00 -.350566E-03
 0.550000E+00 -.363106E-03
 0.570000E+00 -.375571E-03
 0.590000E+00 -.387957E-03
 0.610000E+00 -.400263E-03
 0.630000E+00 -.412485E-03
 0.650000E+00 -.424621E-03
 0.670000E+00 -.436669E-03
 0.690000E+00 -.448626E-03
 0.710000E+00 -.460489E-03
 0.730000E+00 -.472256E-03
 0.750000E+00 -.483925E-03
 0.770000E+00 -.495494E-03
 0.790000E+00 -.506959E-03
 0.810000E+00 -.518318E-03
 0.830000E+00 -.529569E-03
 0.850000E+00 -.540710E-03
 0.870000E+00 -.551738E-03
 0.890000E+00 -.562652E-03
 0.910000E+00 -.573489E-03
 0.930000E+00 -.584490E-03
 0.950000E+00 -.595697E-03
 0.970000E+00 -.607108E-03
 0.990000E+00 -.618721E-03




































































































 -.990000E+00 0.219575E-08
 -.970000E+00 0.216153E-08
 -.950000E+00 0.212798E-08
 -.930000E+00 0.209511E-08
 -.910000E+00 0.206294E-08
 -.890000E+00 0.203128E-08
 -.870000E+00 0.199891E-08
 -.850000E+00 0.196564E-08
 -.830000E+00 0.193150E-08
 -.810000E+00 0.189651E-08
 -.790000E+00 0.186068E-08
 -.770000E+00 0.182404E-08
 -.750000E+00 0.178659E-08
 -.730000E+00 0.174838E-08
 -.710000E+00 0.170940E-08
 -.690000E+00 0.166969E-08
 -.670000E+00 0.162926E-08
 -.650000E+00 0.158813E-08
 -.630000E+00 0.154632E-08
 -.610000E+00 0.150386E-08
 -.590000E+00 0.146076E-08
 -.570000E+00 0.141704E-08
 -.550000E+00 0.137273E-08
 -.530000E+00 0.132784E-08
 -.510000E+00 0.128239E-08
 -.490000E+00 0.123641E-08
 -.470000E+00 0.118991E-08
 -.450000E+00 0.114292E-08
 -.430000E+00 0.109546E-08
 -.410000E+00 0.104754E-08
 -.390000E+00 0.999188E-09
 -.370000E+00 0.950426E-09
 -.350000E+00 0.901275E-09
 -.330000E+00 0.851753E-09
 -.310000E+00 0.801883E-09
 -.290000E+00 0.751685E-09
 -.270000E+00 0.701180E-09
 -.250000E+00 0.650389E-09
 -.230000E+00 0.599334E-09
 -.210000E+00 0.548034E-09
 -.190000E+00 0.496512E-09
 -.170000E+00 0.444789E-09
 -.150000E+00 0.392886E-09
 -.130000E+00 0.340823E-09
 -.110000E+00 0.288622E-09
 -.900000E-01 0.236305E-09
 -.700000E-01 0.183892E-09
 -.500000E-01 0.131404E-09
 -.300000E-01 0.788638E-10
 -.100000E-01 0.262915E-10
 0.100000E-01 -.262915E-10
 0.300000E-01 -.788638E-10
 0.500000E-01 -.131404E-09
 0.700000E-01 -.183892E-09
 0.900000E-01 -.236305E-09
 0.110000E+00 -.288622E-09
 0.130000E+00 -.340823E-09
 0.150000E+00 -.392886E-09
 0.170000E+00 -.444789E-09
 0.190000E+00 -.496512E-09
 0.210000E+00 -.548034E-09
 0.230000E+00 -.599334E-09
 0.250000E+00 -.650389E-09
 0.270000E+00 -.701180E-09
 0.290000E+00 -.751685E-09
 0.310000E+00 -.801883E-09
 0.330000E+00 -.851753E-09
 0.350000E+00 -.901275E-09
 0.370000E+00 -.950426E-09
 0.390000E+00 -.999188E-09
 0.410000E+00 -.104754E-08
 0.430000E+00 -.109546E-08
 0.450000E+00 -.114292E-08
 0.470000E+00 -.118991E-08
 0.490000E+00 -.123641E-08
 0.510000E+00 -.128239E-08
 0.530000E+00 -.132784E-08
 0.550000E+00 -.137273E-08
 0.570000E+00 -.141704E-08
 0.590000E+00 -.146076E-08
 0.610000E+00 -.150386E-08
 0.630000E+00 -.154632E-08
 0.650000E+00 -.158813E-08
 0.670000E+00 -.162926E-08
 0.690000E+00 -.166969E-08
 0.710000E+00 -.170940E-08
 0.730000E+00 -.174838E-08
 0.750000E+00 -.178659E-08
 0.770000E+00 -.182404E-08
 0.790000E+00 -.186068E-08
 0.810000E+00 -.189651E-08
 0.830000E+00 -.193150E-08
 0.850000E+00 -.196564E-08
 0.870000E+00 -.199891E-08
 0.890000E+00 -.203128E-08
 0.910000E+00 -.206294E-08
 0.930000E+00 -.209511E-08
 0.950000E+00 -.212798E-08
 0.970000E+00 -.216153E-08
 0.990000E+00 -.219575E-08




































































































 -.990000E+00 0.758814E-09
 -.970000E+00 0.750051E-09
 -.950000E+00 0.740801E-09
 -.930000E+00 0.731044E-09
 -.910000E+00 0.720761E-09
 -.890000E+00 0.710057E-09
 -.870000E+00 0.698898E-09
 -.850000E+00 0.687412E-09
 -.830000E+00 0.675608E-09
 -.810000E+00 0.663492E-09
 -.790000E+00 0.651072E-09
 -.770000E+00 0.638356E-09
 -.750000E+00 0.625350E-09
 -.730000E+00 0.612063E-09
 -.710000E+00 0.598501E-09
 -.690000E+00 0.584673E-09
 -.670000E+00 0.570585E-09
 -.650000E+00 0.556245E-09
 -.630000E+00 0.541661E-09
 -.610000E+00 0.526840E-09
 -.590000E+00 0.511789E-09
 -.570000E+00 0.496517E-09
 -.550000E+00 0.481029E-09
 -.530000E+00 0.465335E-09
 -.510000E+00 0.449441E-09
 -.490000E+00 0.433355E-09
 -.470000E+00 0.417085E-09
 -.450000E+00 0.400637E-09
 -.430000E+00 0.384020E-09
 -.410000E+00 0.367241E-09
 -.390000E+00 0.350307E-09
 -.370000E+00 0.333227E-09
 -.350000E+00 0.316007E-09
 -.330000E+00 0.298654E-09
 -.310000E+00 0.281178E-09
 -.290000E+00 0.263584E-09
 -.270000E+00 0.245882E-09
 -.250000E+00 0.228077E-09
 -.230000E+00 0.210178E-09
 -.210000E+00 0.192192E-09
 -.190000E+00 0.174127E-09
 -.170000E+00 0.155990E-09
 -.150000E+00 0.137789E-09
 -.130000E+00 0.119532E-09
 -.110000E+00 0.101226E-09
 -.900000E-01 0.828775E-10
 -.700000E-01 0.644955E-10
 -.500000E-01 0.460871E-10
 -.300000E-01 0.276598E-10
 -.100000E-01 0.922120E-11
 0.100000E-01 -.922118E-11
 0.300000E-01 -.276598E-10
 0.500000E-01 -.460871E-10
 0.700000E-01 -.644955E-10
 0.900000E-01 -.828775E-10
 0.110000E+00 -.101226E-09
 0.130000E+00 -.119532E-09
 0.150000E+00 -.137789E-09
 0.170000E+00 -.155990E-09
 0.190000E+00 -.174127E-09
 0.210000E+00 -.192192E-09
 0.230000E+00 -.210178E-09
 0.250000E+00 -.228077E-09
 0.270000E+00 -.245882E-09
 0.290000E+00 -.263584E-09
 0.310000E+00 -.281178E-09
 0.330000E+00 -.298654E-09
 0.350000E+00 -.316007E-09
 0.370000E+00 -.333227E-09
 0.390000E+00 -.350307E-09
 0.410000E+00 -.367241E-09
 0.430000E+00 -.384020E-09
 0.450000E+00 -.400637E-09
 0.470000E+00 -.417085E-09
 0.490000E+00 -.433355E-09
 0.510000E+00 -.449441E-09
 0.530000E+00 -.465335E-09
 0.550000E+00 -.481029E-09
 0.570000E+00 -.496517E-09
 0.590000E+00 -.511789E-09
 0.610000E+00 -.526840E-09
 0.630000E+00 -.541661E-09
 0.650000E+00 -.556245E-09
 0.670000E+00 -.570585E-09
 0.690000E+00 -.584673E-09
 0.710000E+00 -.598501E-09
 0.730000E+00 -.612063E-09
 0.750000E+00 -.625350E-09
 0.770000E+00 -.638356E-09
 0.790000E+00 -.651072E-09
 0.810000E+00 -.663492E-09
 0.830000E+00 -.675608E-09
 0.850000E+00 -.687412E-09
 0.870000E+00 -.698898E-09
 0.890000E+00 -.710057E-09
 0.910000E+00 -.720761E-09
 0.930000E+00 -.731044E-09
 0.950000E+00 -.740801E-09
 0.970000E+00 -.750051E-09
 0.990000E+00 -.758814E-09




































































































 -.990000E+00 0.265014E-07
 -.970000E+00 0.266804E-07
 -.950000E+00 0.266846E-07
 -.930000E+00 0.265081E-07
 -.910000E+00 0.261446E-07
 -.890000E+00 0.256364E-07
 -.870000E+00 0.250789E-07
 -.850000E+00 0.245202E-07
 -.830000E+00 0.239602E-07
 -.810000E+00 0.233991E-07
 -.790000E+00 0.228367E-07
 -.770000E+00 0.222732E-07
 -.750000E+00 0.217085E-07
 -.730000E+00 0.211428E-07
 -.710000E+00 0.205760E-07
 -.690000E+00 0.200082E-07
 -.670000E+00 0.194393E-07
 -.650000E+00 0.188695E-07
 -.630000E+00 0.182987E-07
 -.610000E+00 0.177270E-07
 -.590000E+00 0.171544E-07
 -.570000E+00 0.165810E-07
 -.550000E+00 0.160067E-07
 -.530000E+00 0.154316E-07
 -.510000E+00 0.148557E-07
 -.490000E+00 0.142791E-07
 -.470000E+00 0.137018E-07
 -.450000E+00 0.131238E-07
 -.430000E+00 0.125451E-07
 -.410000E+00 0.119658E-07
 -.390000E+00 0.113859E-07
 -.370000E+00 0.108055E-07
 -.350000E+00 0.102244E-07
 -.330000E+00 0.964293E-08
 -.310000E+00 0.906093E-08
 -.290000E+00 0.847847E-08
 -.270000E+00 0.789559E-08
 -.250000E+00 0.731232E-08
 -.230000E+00 0.672868E-08
 -.210000E+00 0.614470E-08
 -.190000E+00 0.556042E-08
 -.170000E+00 0.497585E-08
 -.150000E+00 0.439105E-08
 -.130000E+00 0.380602E-08
 -.110000E+00 0.322080E-08
 -.900000E-01 0.263542E-08
 -.700000E-01 0.204991E-08
 -.500000E-01 0.146429E-08
 -.300000E-01 0.878604E-09
 -.100000E-01 0.292873E-09
 0.100000E-01 -.292873E-09
 0.300000E-01 -.878604E-09
 0.500000E-01 -.146429E-08
 0.700000E-01 -.204990E-08
 0.900000E-01 -.263542E-08
 0.110000E+00 -.322080E-08
 0.130000E+00 -.380602E-08
 0.150000E+00 -.439105E-08
 0.170000E+00 -.497585E-08
 0.190000E+00 -.556042E-08
 0.210000E+00 -.614470E-08
 0.230000E+00 -.672868E-08
 0.250000E+00 -.731232E-08
 0.270000E+00 -.789559E-08
 0.290000E+00 -.847847E-08
 0.310000E+00 -.906093E-08
 0.330000E+00 -.964293E-08
 0.350000E+00 -.102244E-07
 0.370000E+00 -.108055E-07
 0.390000E+00 -.113859E-07
 0.410000E+00 -.119658E-07
 0.430000E+00 -.125451E-07
 0.450000E+00 -.131238E-07
 0.470000E+00 -.137018E-07
 0.490000E+00 -.142791E-07
 0.510000E+00 -.148557E-07
 0.530000E+00 -.154316E-07
 0.550000E+00 -.160067E-07
 0.570000E+00 -.165810E-07
 0.590000E+00 -.171544E-07
 0.610000E+00 -.177270E-07
 0.630000E+00 -.182987E-07
 0.650000E+00 -.188695E-07
 0.670000E+00 -.194393E-07
 0.690000E+00 -.200082E-07
 0.710000E+00 -.205760E-07
 0.730000E+00 -.211428E-07
 0.750000E+00 -.217085E-07
 0.770000E+00 -.222732E-07
 0.790000E+00 -.228367E-07
 0.810000E+00 -.233991E-07
 0.830000E+00 -.239602E-07
 0.850000E+00 -.245202E-07
 0.870000E+00 -.250789E-07
 0.890000E+00 -.256364E-07
 0.910000E+00 -.261446E-07
 0.930000E+00 -.265081E-07
 0.950000E+00 -.266846E-07
 0.970000E+00 -.266804E-07
 0.990000E+00 -.265014E-07




































































































 -.990000E+00 -.758814E-09
 -.970000E+00 -.750051E-09
 -.950000E+00 -.740801E-09
 -.930000E+00 -.731044E-09
 -.910000E+00 -.720761E-09
 -.890000E+00 -.710057E-09
 -.870000E+00 -.698898E-09
 -.850000E+00 -.687412E-09
 -.830000E+00 -.675608E-09
 -.810000E+00 -.663492E-09
 -.790000E+00 -.651072E-09
 -.770000E+00 -.638356E-09
 -.750000E+00 -.625350E-09
 -.730000E+00 -.612063E-09
 -.710000E+00 -.598501E-09
 -.690000E+00 -.584673E-09
 -.670000E+00 -.570585E-09
 -.650000E+00 -.556245E-09
 -.630000E+00 -.541661E-09
 -.610000E+00 -.526840E-09
 -.590000E+00 -.511789E-09
 -.570000E+00 -.496517E-09
 -.550000E+00 -.481029E-09
 -.530000E+00 -.465335E-09
 -.510000E+00 -.449441E-09
 -.490000E+00 -.433355E-09
 -.470000E+00 -.417085E-09
 -.450000E+00 -.400637E-09
 -.430000E+00 -.384020E-09
 -.410000E+00 -.367241E-09
 -.390000E+00 -.350307E-09
 -.370000E+00 -.333227E-09
 -.350000E+00 -.316007E-09
 -.330000E+00 -.298654E-09
 -.310000E+00 -.281178E-09
 -.290000E+00 -.263584E-09
 -.270000E+00 -.245882E-09
 -.250000E+00 -.228077E-09
 -.230000E+00 -.210178E-09
 -.210000E+00 -.192192E-09
 -.190000E+00 -.174127E-09
 -.170000E+00 -.155990E-09
 -.150000E+00 -.137790E-09
 -.130000E+00 -.119532E-09
 -.110000E+00 -.101226E-09
 -.900000E-01 -.828775E-10
 -.700000E-01 -.644955E-10
 -.500000E-01 -.460871E-10
 -.300000E-01 -.276598E-10
 -.100000E-01 -.922121E-11
 0.100000E-01 0.922118E-11
 0.300000E-01 0.276598E-10
 0.500000E-01 0.460871E-10
 0.700000E-01 0.644955E-10
 0.900000E-01 0.828775E-10
 0.110000E+00 0.101226E-09
 0.130000E+00 0.119532E-09
 0.150000E+00 0.137789E-09
 0.170000E+00 0.155990E-09
 0.190000E+00 0.174127E-09
 0.210000E+00 0.192192E-09
 0.230000E+00 0.210178E-09
 0.250000E+00 0.228077E-09
 0.270000E+00 0.245882E-09
 0.290000E+00 0.263584E-09
 0.310000E+00 0.281178E-09
 0.330000E+00 0.298654E-09
 0.350000E+00 0.316007E-09
 0.370000E+00 0.333227E-09
 0.390000E+00 0.350307E-09
 0.410000E+00 0.367241E-09
 0.430000E+00 0.384020E-09
 0.450000E+00 0.400637E-09
 0.470000E+00 0.417085E-09
 0.490000E+00 0.433355E-09
 0.510000E+00 0.449441E-09
 0.530000E+00 0.465335E-09
 0.550000E+00 0.481029E-09
 0.570000E+00 0.496517E-09
 0.590000E+00 0.511789E-09
 0.610000E+00 0.526840E-09
 0.630000E+00 0.541661E-09
 0.650000E+00 0.556245E-09
 0.670000E+00 0.570585E-09
 0.690000E+00 0.584673E-09
 0.710000E+00 0.598501E-09
 0.730000E+00 0.612063E-09
 0.750000E+00 0.625350E-09
 0.770000E+00 0.638356E-09
 0.790000E+00 0.651072E-09
 0.810000E+00 0.663492E-09
 0.830000E+00 0.675608E-09
 0.850000E+00 0.687412E-09
 0.870000E+00 0.698898E-09
 0.890000E+00 0.710057E-09
 0.910000E+00 0.720761E-09
 0.930000E+00 0.731044E-09
 0.950000E+00 0.740801E-09
 0.970000E+00 0.750051E-09
 0.990000E+00 0.758814E-09




































































































 -.990000E+00 -.219575E-08
 -.970000E+00 -.216153E-08
 -.950000E+00 -.212798E-08
 -.930000E+00 -.209511E-08
 -.910000E+00 -.206294E-08
 -.890000E+00 -.203128E-08
 -.870000E+00 -.199891E-08
 -.850000E+00 -.196564E-08
 -.830000E+00 -.193150E-08
 -.810000E+00 -.189651E-08
 -.790000E+00 -.186068E-08
 -.770000E+00 -.182404E-08
 -.750000E+00 -.178659E-08
 -.730000E+00 -.174838E-08
 -.710000E+00 -.170940E-08
 -.690000E+00 -.166969E-08
 -.670000E+00 -.162926E-08
 -.650000E+00 -.158813E-08
 -.630000E+00 -.154632E-08
 -.610000E+00 -.150386E-08
 -.590000E+00 -.146076E-08
 -.570000E+00 -.141704E-08
 -.550000E+00 -.137273E-08
 -.530000E+00 -.132784E-08
 -.510000E+00 -.128239E-08
 -.490000E+00 -.123641E-08
 -.470000E+00 -.118991E-08
 -.450000E+00 -.114292E-08
 -.430000E+00 -.109546E-08
 -.410000E+00 -.104754E-08
 -.390000E+00 -.999188E-09
 -.370000E+00 -.950426E-09
 -.350000E+00 -.901275E-09
 -.330000E+00 -.851753E-09
 -.310000E+00 -.801883E-09
 -.290000E+00 -.751685E-09
 -.270000E+00 -.701180E-09
 -.250000E+00 -.650389E-09
 -.230000E+00 -.599334E-09
 -.210000E+00 -.548034E-09
 -.190000E+00 -.496512E-09
 -.170000E+00 -.444789E-09
 -.150000E+00 -.392886E-09
 -.130000E+00 -.340823E-09
 -.110000E+00 -.288622E-09
 -.900000E-01 -.236305E-09
 -.700000E-01 -.183892E-09
 -.500000E-01 -.131404E-09
 -.300000E-01 -.788638E-10
 -.100000E-01 -.262915E-10
 0.100000E-01 0.262915E-10
 0.300000E-01 0.788638E-10
 0.500000E-01 0.131404E-09
 0.700000E-01 0.183892E-09
 0.900000E-01 0.236305E-09
 0.110000E+00 0.288622E-09
 0.130000E+00 0.340823E-09
 0.150000E+00 0.392886E-09
 0.170000E+00 0.444789E-09
 0.190000E+00 0.496512E-09
 0.210000E+00 0.548034E-09
 0.230000E+00 0.599334E-09
 0.250000E+00 0.650389E-09
 0.270000E+00 0.701180E-09
 0.290000E+00 0.751685E-09
 0.310000E+00 0.801883E-09
 0.330000E+00 0.851753E-09
 0.350000E+00 0.901275E-09
 0.370000E+00 0.950426E-09
 0.390000E+00 0.999188E-09
 0.410000E+00 0.104754E-08
 0.430000E+00 0.109546E-08
 0.450000E+00 0.114292E-08
 0.470000E+00 0.118991E-08
 0.490000E+00 0.123641E-08
 0.510000E+00 0.128239E-08
 0.530000E+00 0.132784E-08
 0.550000E+00 0.137273E-08
 0.570000E+00 0.141704E-08
 0.590000E+00 0.146076E-08
 0.610000E+00 0.150386E-08
 0.630000E+00 0.154632E-08
 0.650000E+00 0.158813E-08
 0.670000E+00 0.162926E-08
 0.690000E+00 0.166969E-08
 0.710000E+00 0.170940E-08
 0.730000E+00 0.174838E-08
 0.750000E+00 0.178659E-08
 0.770000E+00 0.182404E-08
 0.790000E+00 0.186068E-08
 0.810000E+00 0.189651E-08
 0.830000E+00 0.193150E-08
 0.850000E+00 0.196564E-08
 0.870000E+00 0.199891E-08
 0.890000E+00 0.203128E-08
 0.910000E+00 0.206294E-08
 0.930000E+00 0.209511E-08
 0.950000E+00 0.212798E-08
 0.970000E+00 0.216153E-08
 0.990000E+00 0.219575E-08




































































































 -.990000E+00 -.618721E-03
 -.970000E+00 -.607108E-03
 -.950000E+00 -.595697E-03
 -.930000E+00 -.584490E-03
 -.910000E+00 -.573489E-03
 -.890000E+00 -.562652E-03
 -.870000E+00 -.551738E-03
 -.850000E+00 -.540710E-03
 -.830000E+00 -.529569E-03
 -.810000E+00 -.518318E-03
 -.790000E+00 -.506959E-03
 -.770000E+00 -.495494E-03
 -.750000E+00 -.483925E-03
 -.730000E+00 -.472256E-03
 -.710000E+00 -.460489E-03
 -.690000E+00 -.448626E-03
 -.670000E+00 -.436669E-03
 -.650000E+00 -.424621E-03
 -.630000E+00 -.412485E-03
 -.610000E+00 -.400263E-03
 -.590000E+00 -.387957E-03
 -.570000E+00 -.375571E-03
 -.550000E+00 -.363106E-03
 -.530000E+00 -.350566E-03
 -.510000E+00 -.337952E-03
 -.490000E+00 -.325268E-03
 -.470000E+00 -.312517E-03
 -.450000E+00 -.299700E-03
 -.430000E+00 -.286821E-03
 -.410000E+00 -.273882E-03
 -.390000E+00 -.260886E-03
 -.370000E+00 -.247836E-03
 -.350000E+00 -.234734E-03
 -.330000E+00 -.221583E-03
 -.310000E+00 -.208386E-03
 -.290000E+00 -.195146E-03
 -.270000E+00 -.181864E-03
 -.250000E+00 -.168545E-03
 -.230000E+00 -.155191E-03
 -.210000E+00 -.141805E-03
 -.190000E+00 -.128389E-03
 -.170000E+00 -.114946E-03
 -.150000E+00 -.101480E-03
 -.130000E+00 -.879918E-04
 -.110000E+00 -.744856E-04
 -.900000E-01 -.609640E-04
 -.700000E-01 -.474296E-04
 -.500000E-01 -.338853E-04
 -.300000E-01 -.203340E-04
 -.100000E-01 -.677848E-05
 0.100000E-01 0.677848E-05
 0.300000E-01 0.203340E-04
 0.500000E-01 0.338853E-04
 0.700000E-01 0.474296E-04
 0.900000E-01 0.609640E-04
 0.110000E+00 0.744856E-04
 0.130000E+00 0.879918E-04
 0.150000E+00 0.101480E-03
 0.170000E+00 0.114946E-03
 0.190000E+00 0.128389E-03
 0.210000E+00 0.141805E-03
 0.230000E+00 0.155191E-03
 0.250000E+00 0.168545E-03
 0.270000E+00 0.181864E-03
 0.290000E+00 0.195146E-03
 0.310000E+00 0.208386E-03
 0.330000E+00 0.221583E-03
 0.350000E+00 0.234734E-03
 0.370000E+00 0.247836E-03
 0.390000E+00 0.260886E-03
 0.410000E+00 0.273882E-03
 0.430000E+00 0.286821E-03
 0.450000E+00 0.299700E-03
 0.470000E+00 0.312517E-03
 0.490000E+00 0.325268E-03
 0.510000E+00 0.337952E-03
 0.530000E+00 0.350566E-03
 0.550000E+00 0.363106E-03
 0.570000E+00 0.375571E-03
 0.590000E+00 0.387957E-03
 0.610000E+00 0.400263E-03
 0.630000E+00 0.412485E-03
 0.650000E+00 0.424621E-03
 0.670000E+00 0.436669E-03
 0.690000E+00 0.448626E-03
 0.710000E+00 0.460489E-03
 0.730000E+00 0.472256E-03
 0.750000E+00 0.483925E-03
 0.770000E+00 0.495494E-03
 0.790000E+00 0.506959E-03
 0.810000E+00 0.518318E-03
 0.830000E+00 0.529569E-03
 0.850000E+00 0.540710E-03
 0.870000E+00 0.551738E-03
 0.890000E+00 0.562652E-03
 0.910000E+00 0.573489E-03
 0.930000E+00 0.584490E-03
 0.950000E+00 0.595697E-03
 0.970000E+00 0.607108E-03
 0.990000E+00 0.618721E-03




































































































 -.990000E+00 -.962719E-03
 -.970000E+00 -.957761E-03
 -.950000E+00 -.952815E-03
 -.930000E+00 -.947886E-03
 -.910000E+00 -.942979E-03
 -.890000E+00 -.937980E-03
 -.870000E+00 -.932182E-03
 -.850000E+00 -.925475E-03
 -.830000E+00 -.917863E-03
 -.810000E+00 -.909356E-03
 -.790000E+00 -.899961E-03
 -.770000E+00 -.889687E-03
 -.750000E+00 -.878544E-03
 -.730000E+00 -.866543E-03
 -.710000E+00 -.853696E-03
 -.690000E+00 -.840016E-03
 -.670000E+00 -.825516E-03
 -.650000E+00 -.810209E-03
 -.630000E+00 -.794112E-03
 -.610000E+00 -.777239E-03
 -.590000E+00 -.759607E-03
 -.570000E+00 -.741233E-03
 -.550000E+00 -.722136E-03
 -.530000E+00 -.702333E-03
 -.510000E+00 -.681845E-03
 -.490000E+00 -.660691E-03
 -.470000E+00 -.638892E-03
 -.450000E+00 -.616469E-03
 -.430000E+00 -.593444E-03
 -.410000E+00 -.569840E-03
 -.390000E+00 -.545679E-03
 -.370000E+00 -.520985E-03
 -.350000E+00 -.495783E-03
 -.330000E+00 -.470097E-03
 -.310000E+00 -.443951E-03
 -.290000E+00 -.417373E-03
 -.270000E+00 -.390386E-03
 -.250000E+00 -.363019E-03
 -.230000E+00 -.335297E-03
 -.210000E+00 -.307247E-03
 -.190000E+00 -.278898E-03
 -.170000E+00 -.250276E-03
 -.150000E+00 -.221410E-03
 -.130000E+00 -.192328E-03
 -.110000E+00 -.163058E-03
 -.900000E-01 -.133629E-03
 -.700000E-01 -.104069E-03
 -.500000E-01 -.744077E-04
 -.300000E-01 -.446737E-04
 -.100000E-01 -.148961E-04
 0.100000E-01 0.148961E-04
 0.300000E-01 0.446737E-04
 0.500000E-01 0.744077E-04
 0.700000E-01 0.104069E-03
 0.900000E-01 0.133629E-03
 0.110000E+00 0.163058E-03
 0.130000E+00 0.192328E-03
 0.150000E+00 0.221410E-03
 0.170000E+00 0.250276E-03
 0.190000E+00 0.278898E-03
 0.210000E+00 0.307247E-03
 0.230000E+00 0.335297E-03
 0.250000E+00 0.363019E-03
 0.270000E+00 0.390386E-03
 0.290000E+00 0.417373E-03
 0.310000E+00 0.443951E-03
 0.330000E+00 0.470097E-03
 0.350000E+00 0.495783E-03
 0.370000E+00 0.520985E-03
 0.390000E+00 0.545679E-03
 0.410000E+00 0.569840E-03
 0.430000E+00 0.593444E-03
 0.450000E+00 0.616469E-03
 0.470000E+00 0.638892E-03
 0.490000E+00 0.660691E-03
 0.510000E+00 0.681845E-03
 0.530000E+00 0.702333E-03
 0.550000E+00 0.722136E-03
 0.570000E+00 0.741233E-03
 0.590000E+00 0.759607E-03
 0.610000E+00 0.777239E-03
 0.630000E+00 0.794112E-03
 0.650000E+00 0.810209E-03
 0.670000E+00 0.825516E-03
 0.690000E+00 0.840016E-03
 0.710000E+00 0.853696E-03
 0.730000E+00 0.866543E-03
 0.750000E+00 0.878544E-03
 0.770000E+00 0.889687E-03
 0.790000E+00 0.899961E-03
 0.810000E+00 0.909356E-03
 0.830000E+00 0.917863E-03
 0.850000E+00 0.925475E-03
 0.870000E+00 0.932182E-03
 0.890000E+00 0.937980E-03
 0.910000E+00 0.942979E-03
 0.930000E+00 0.947886E-03
 0.950000E+00 0.952815E-03
 0.970000E+00 0.957761E-03
 0.990000E+00 0.962719E-03




































































































 -.990000E+00 -.453135E-04
 -.970000E+00 -.363116E-04
 -.950000E+00 -.299160E-04
 -.930000E+00 -.288966E-04
 -.910000E+00 -.336958E-04
 -.890000E+00 -.398786E-04
 -.870000E+00 -.311478E-04
 -.850000E+00 -.892721E-05
 -.830000E+00 0.171597E-04
 -.810000E+00 0.358148E-04
 -.790000E+00 0.389589E-04
 -.770000E+00 0.252303E-04
 -.750000E+00 0.574652E-06
 -.730000E+00 -.243298E-04
 -.710000E+00 -.386973E-04
 -.690000E+00 -.363053E-04
 -.670000E+00 -.181898E-04
 -.650000E+00 0.780346E-05
 -.630000E+00 0.304172E-04
 -.610000E+00 0.398575E-04
 -.590000E+00 0.320359E-04
 -.570000E+00 0.103399E-04
 -.550000E+00 -.158342E-04
 -.530000E+00 -.351507E-04
 -.510000E+00 -.392437E-04
 -.490000E+00 -.263406E-04
 -.470000E+00 -.202968E-05
 -.450000E+00 0.231603E-04
 -.430000E+00 0.383197E-04
 -.410000E+00 0.368833E-04
 -.390000E+00 0.194730E-04
 -.370000E+00 -.637081E-05
 -.350000E+00 -.294555E-04
 -.330000E+00 -.397833E-04
 -.310000E+00 -.328813E-04
 -.290000E+00 -.117387E-04
 -.270000E+00 0.144878E-04
 -.250000E+00 0.344397E-04
 -.230000E+00 0.394762E-04
 -.210000E+00 0.274159E-04
 -.190000E+00 0.348201E-05
 -.170000E+00 -.219599E-04
 -.150000E+00 -.378911E-04
 -.130000E+00 -.374121E-04
 -.110000E+00 -.207302E-04
 -.900000E-01 0.492969E-05
 -.700000E-01 0.284546E-04
 -.500000E-01 0.396561E-04
 -.300000E-01 0.336829E-04
 -.100000E-01 0.131220E-04
 0.100000E-01 -.131220E-04
 0.300000E-01 -.336829E-04
 0.500000E-01 -.396561E-04
 0.700000E-01 -.284546E-04
 0.900000E-01 -.492969E-05
 0.110000E+00 0.207302E-04
 0.130000E+00 0.374121E-04
 0.150000E+00 0.378911E-04
 0.170000E+00 0.219599E-04
 0.190000E+00 -.348201E-05
 0.210000E+00 -.274159E-04
 0.230000E+00 -.394762E-04
 0.250000E+00 -.344397E-04
 0.270000E+00 -.144878E-04
 0.290000E+00 0.117387E-04
 0.310000E+00 0.328813E-04
 0.330000E+00 0.397833E-04
 0.350000E+00 0.294555E-04
 0.370000E+00 0.637081E-05
 0.390000E+00 -.194730E-04
 0.410000E+00 -.368833E-04
 0.430000E+00 -.383197E-04
 0.450000E+00 -.231603E-04
 0.470000E+00 0.202968E-05
 0.490000E+00 0.263406E-04
 0.510000E+00 0.392437E-04
 0.530000E+00 0.351507E-04
 0.550000E+00 0.158342E-04
 0.570000E+00 -.103399E-04
 0.590000E+00 -.320359E-04
 0.610000E+00 -.398575E-04
 0.630000E+00 -.304172E-04
 0.650000E+00 -.780346E-05
 0.670000E+00 0.181898E-04
 0.690000E+00 0.363053E-04
 0.710000E+00 0.386973E-04
 0.730000E+00 0.243298E-04
 0.750000E+00 -.574652E-06
 0.770000E+00 -.252303E-04
 0.790000E+00 -.389589E-04
 0.810000E+00 -.358148E-04
 0.830000E+00 -.171597E-04
 0.850000E+00 0.892721E-05
 0.870000E+00 0.311478E-04
 0.890000E+00 0.398786E-04
 0.910000E+00 0.336958E-04
 0.930000E+00 0.288966E-04
 0.950000E+00 0.299160E-04
 0.970000E+00 0.363116E-04
 0.990000E+00 0.453135E-04




































































































