 -.990000E+00 0.458423E-02
 -.970000E+00 0.446665E-02
 -.950000E+00 0.375294E-02
 -.930000E+00 0.275219E-02
 -.910000E+00 0.189782E-02
 -.890000E+00 0.309023E-02
 -.870000E+00 0.309024E-02
 -.850000E+00 0.309045E-02
 -.830000E+00 0.309054E-02
 -.810000E+00 0.309037E-02
 -.790000E+00 0.309020E-02
 -.770000E+00 0.309029E-02
 -.750000E+00 0.309051E-02
 -.730000E+00 0.309051E-02
 -.710000E+00 0.309030E-02
 -.690000E+00 0.309020E-02
 -.670000E+00 0.309036E-02
 -.650000E+00 0.309054E-02
 -.630000E+00 0.309046E-02
 -.610000E+00 0.309024E-02
 -.590000E+00 0.309023E-02
 -.570000E+00 0.309044E-02
 -.550000E+00 0.309054E-02
 -.530000E+00 0.309039E-02
 -.510000E+00 0.309020E-02
 -.490000E+00 0.309028E-02
 -.470000E+00 0.309050E-02
 -.450000E+00 0.309052E-02
 -.430000E+00 0.309031E-02
 -.410000E+00 0.309020E-02
 -.390000E+00 0.309035E-02
 -.370000E+00 0.309054E-02
 -.350000E+00 0.309047E-02
 -.330000E+00 0.309025E-02
 -.310000E+00 0.309022E-02
 -.290000E+00 0.309042E-02
 -.270000E+00 0.309055E-02
 -.250000E+00 0.309040E-02
 -.230000E+00 0.309021E-02
 -.210000E+00 0.309027E-02
 -.190000E+00 0.309049E-02
 -.170000E+00 0.309053E-02
 -.150000E+00 0.309032E-02
 -.130000E+00 0.309020E-02
 -.110000E+00 0.309034E-02
 -.900000E-01 0.309053E-02
 -.700000E-01 0.309048E-02
 -.500000E-01 0.309026E-02
 -.300000E-01 0.309021E-02
 -.100000E-01 0.309041E-02
 0.100000E-01 0.309055E-02
 0.300000E-01 0.309041E-02
 0.500000E-01 0.309021E-02
 0.700000E-01 0.309026E-02
 0.900000E-01 0.309048E-02
 0.110000E+00 0.309053E-02
 0.130000E+00 0.309034E-02
 0.150000E+00 0.309020E-02
 0.170000E+00 0.309033E-02
 0.190000E+00 0.309053E-02
 0.210000E+00 0.309049E-02
 0.230000E+00 0.309027E-02
 0.250000E+00 0.309021E-02
 0.270000E+00 0.309040E-02
 0.290000E+00 0.309055E-02
 0.310000E+00 0.309042E-02
 0.330000E+00 0.309022E-02
 0.350000E+00 0.309025E-02
 0.370000E+00 0.309047E-02
 0.390000E+00 0.309054E-02
 0.410000E+00 0.309035E-02
 0.430000E+00 0.309020E-02
 0.450000E+00 0.309031E-02
 0.470000E+00 0.309052E-02
 0.490000E+00 0.309050E-02
 0.510000E+00 0.309028E-02
 0.530000E+00 0.309020E-02
 0.550000E+00 0.309039E-02
 0.570000E+00 0.309055E-02
 0.590000E+00 0.309044E-02
 0.610000E+00 0.309023E-02
 0.630000E+00 0.309024E-02
 0.650000E+00 0.309046E-02
 0.670000E+00 0.309054E-02
 0.690000E+00 0.309036E-02
 0.710000E+00 0.309020E-02
 0.730000E+00 0.309030E-02
 0.750000E+00 0.309051E-02
 0.770000E+00 0.309051E-02
 0.790000E+00 0.309029E-02
 0.810000E+00 0.309020E-02
 0.830000E+00 0.309037E-02
 0.850000E+00 0.309054E-02
 0.870000E+00 0.309045E-02
 0.890000E+00 0.309023E-02
 0.910000E+00 0.309024E-02
 0.930000E+00 0.309017E-02
 0.950000E+00 0.309017E-02
 0.970000E+00 0.309023E-02
 0.990000E+00 0.309034E-02




































































































 -.990000E+00 0.202521E-01
 -.970000E+00 0.202246E-01
 -.950000E+00 0.201824E-01
 -.930000E+00 0.201257E-01
 -.910000E+00 0.200544E-01
 -.890000E+00 0.314444E-02
 -.870000E+00 0.314818E-02
 -.850000E+00 0.315217E-02
 -.830000E+00 0.315639E-02
 -.810000E+00 0.316083E-02
 -.790000E+00 0.316548E-02
 -.770000E+00 0.317030E-02
 -.750000E+00 0.317529E-02
 -.730000E+00 0.318043E-02
 -.710000E+00 0.318570E-02
 -.690000E+00 0.319106E-02
 -.670000E+00 0.319652E-02
 -.650000E+00 0.320203E-02
 -.630000E+00 0.320759E-02
 -.610000E+00 0.321316E-02
 -.590000E+00 0.321874E-02
 -.570000E+00 0.322429E-02
 -.550000E+00 0.322979E-02
 -.530000E+00 0.323523E-02
 -.510000E+00 0.324058E-02
 -.490000E+00 0.324582E-02
 -.470000E+00 0.325093E-02
 -.450000E+00 0.325589E-02
 -.430000E+00 0.326068E-02
 -.410000E+00 0.326529E-02
 -.390000E+00 0.326969E-02
 -.370000E+00 0.327386E-02
 -.350000E+00 0.327780E-02
 -.330000E+00 0.328148E-02
 -.310000E+00 0.328489E-02
 -.290000E+00 0.328802E-02
 -.270000E+00 0.329085E-02
 -.250000E+00 0.329338E-02
 -.230000E+00 0.329560E-02
 -.210000E+00 0.329748E-02
 -.190000E+00 0.329904E-02
 -.170000E+00 0.330026E-02
 -.150000E+00 0.330113E-02
 -.130000E+00 0.330166E-02
 -.110000E+00 0.330183E-02
 -.900000E-01 0.330166E-02
 -.700000E-01 0.330114E-02
 -.500000E-01 0.330027E-02
 -.300000E-01 0.329906E-02
 -.100000E-01 0.329751E-02
 0.100000E-01 0.329562E-02
 0.300000E-01 0.329341E-02
 0.500000E-01 0.329088E-02
 0.700000E-01 0.328805E-02
 0.900000E-01 0.328491E-02
 0.110000E+00 0.328149E-02
 0.130000E+00 0.327780E-02
 0.150000E+00 0.327386E-02
 0.170000E+00 0.326967E-02
 0.190000E+00 0.326525E-02
 0.210000E+00 0.326063E-02
 0.230000E+00 0.325581E-02
 0.250000E+00 0.325083E-02
 0.270000E+00 0.324569E-02
 0.290000E+00 0.324042E-02
 0.310000E+00 0.323504E-02
 0.330000E+00 0.322956E-02
 0.350000E+00 0.322402E-02
 0.370000E+00 0.321843E-02
 0.390000E+00 0.321281E-02
 0.410000E+00 0.320719E-02
 0.430000E+00 0.320159E-02
 0.450000E+00 0.319602E-02
 0.470000E+00 0.319052E-02
 0.490000E+00 0.318510E-02
 0.510000E+00 0.317978E-02
 0.530000E+00 0.317459E-02
 0.550000E+00 0.316955E-02
 0.570000E+00 0.316467E-02
 0.590000E+00 0.315997E-02
 0.610000E+00 0.315547E-02
 0.630000E+00 0.315120E-02
 0.650000E+00 0.314716E-02
 0.670000E+00 0.314337E-02
 0.690000E+00 0.313985E-02
 0.710000E+00 0.313662E-02
 0.730000E+00 0.313367E-02
 0.750000E+00 0.313103E-02
 0.770000E+00 0.312871E-02
 0.790000E+00 0.312671E-02
 0.810000E+00 0.312505E-02
 0.830000E+00 0.312372E-02
 0.850000E+00 0.312274E-02
 0.870000E+00 0.312211E-02
 0.890000E+00 0.312183E-02
 0.910000E+00 0.316769E-02
 0.930000E+00 0.316894E-02
 0.950000E+00 0.317019E-02
 0.970000E+00 0.317145E-02
 0.990000E+00 0.317270E-02




































































































 -.990000E+00 0.140979E+00
 -.970000E+00 0.139306E+00
 -.950000E+00 0.137592E+00
 -.930000E+00 0.135835E+00
 -.910000E+00 0.134035E+00
 -.890000E+00 0.308637E-02
 -.870000E+00 0.307508E-02
 -.850000E+00 0.306349E-02
 -.830000E+00 0.305160E-02
 -.810000E+00 0.303943E-02
 -.790000E+00 0.302698E-02
 -.770000E+00 0.301428E-02
 -.750000E+00 0.300132E-02
 -.730000E+00 0.298811E-02
 -.710000E+00 0.297468E-02
 -.690000E+00 0.296102E-02
 -.670000E+00 0.294716E-02
 -.650000E+00 0.293309E-02
 -.630000E+00 0.291884E-02
 -.610000E+00 0.290442E-02
 -.590000E+00 0.288983E-02
 -.570000E+00 0.287509E-02
 -.550000E+00 0.286021E-02
 -.530000E+00 0.284520E-02
 -.510000E+00 0.283008E-02
 -.490000E+00 0.281486E-02
 -.470000E+00 0.279954E-02
 -.450000E+00 0.278415E-02
 -.430000E+00 0.276870E-02
 -.410000E+00 0.275319E-02
 -.390000E+00 0.273764E-02
 -.370000E+00 0.272207E-02
 -.350000E+00 0.270648E-02
 -.330000E+00 0.269089E-02
 -.310000E+00 0.267531E-02
 -.290000E+00 0.265976E-02
 -.270000E+00 0.264425E-02
 -.250000E+00 0.262878E-02
 -.230000E+00 0.261338E-02
 -.210000E+00 0.259805E-02
 -.190000E+00 0.258281E-02
 -.170000E+00 0.256767E-02
 -.150000E+00 0.255265E-02
 -.130000E+00 0.253775E-02
 -.110000E+00 0.252299E-02
 -.900000E-01 0.250837E-02
 -.700000E-01 0.249392E-02
 -.500000E-01 0.247965E-02
 -.300000E-01 0.246556E-02
 -.100000E-01 0.245166E-02
 0.100000E-01 0.243798E-02
 0.300000E-01 0.242451E-02
 0.500000E-01 0.241127E-02
 0.700000E-01 0.239828E-02
 0.900000E-01 0.238554E-02
 0.110000E+00 0.237306E-02
 0.130000E+00 0.236086E-02
 0.150000E+00 0.234894E-02
 0.170000E+00 0.233731E-02
 0.190000E+00 0.232599E-02
 0.210000E+00 0.231497E-02
 0.230000E+00 0.230428E-02
 0.250000E+00 0.229392E-02
 0.270000E+00 0.228390E-02
 0.290000E+00 0.227422E-02
 0.310000E+00 0.226490E-02
 0.330000E+00 0.225594E-02
 0.350000E+00 0.224736E-02
 0.370000E+00 0.223915E-02
 0.390000E+00 0.223132E-02
 0.410000E+00 0.222388E-02
 0.430000E+00 0.221684E-02
 0.450000E+00 0.221021E-02
 0.470000E+00 0.220398E-02
 0.490000E+00 0.219816E-02
 0.510000E+00 0.219276E-02
 0.530000E+00 0.218779E-02
 0.550000E+00 0.218324E-02
 0.570000E+00 0.217912E-02
 0.590000E+00 0.217544E-02
 0.610000E+00 0.217219E-02
 0.630000E+00 0.216938E-02
 0.650000E+00 0.216702E-02
 0.670000E+00 0.216510E-02
 0.690000E+00 0.216362E-02
 0.710000E+00 0.216259E-02
 0.730000E+00 0.216201E-02
 0.750000E+00 0.216188E-02
 0.770000E+00 0.216220E-02
 0.790000E+00 0.216296E-02
 0.810000E+00 0.216418E-02
 0.830000E+00 0.216584E-02
 0.850000E+00 0.216794E-02
 0.870000E+00 0.217049E-02
 0.890000E+00 0.217348E-02
 0.910000E+00 0.323509E-02
 0.930000E+00 0.324043E-02
 0.950000E+00 0.324583E-02
 0.970000E+00 0.325129E-02
 0.990000E+00 0.325681E-02




































































































 -.990000E+00 -.220373E-01
 -.970000E+00 -.273017E-01
 -.950000E+00 -.325494E-01
 -.930000E+00 -.377775E-01
 -.910000E+00 -.429831E-01
 -.890000E+00 -.155273E-03
 -.870000E+00 -.158781E-03
 -.850000E+00 -.161965E-03
 -.830000E+00 -.164824E-03
 -.810000E+00 -.167356E-03
 -.790000E+00 -.169562E-03
 -.770000E+00 -.171442E-03
 -.750000E+00 -.172994E-03
 -.730000E+00 -.174218E-03
 -.710000E+00 -.175115E-03
 -.690000E+00 -.175684E-03
 -.670000E+00 -.175925E-03
 -.650000E+00 -.175838E-03
 -.630000E+00 -.175423E-03
 -.610000E+00 -.174681E-03
 -.590000E+00 -.173611E-03
 -.570000E+00 -.172213E-03
 -.550000E+00 -.170489E-03
 -.530000E+00 -.168439E-03
 -.510000E+00 -.166062E-03
 -.490000E+00 -.163361E-03
 -.470000E+00 -.160335E-03
 -.450000E+00 -.156985E-03
 -.430000E+00 -.153312E-03
 -.410000E+00 -.149316E-03
 -.390000E+00 -.145000E-03
 -.370000E+00 -.140364E-03
 -.350000E+00 -.135408E-03
 -.330000E+00 -.130135E-03
 -.310000E+00 -.124545E-03
 -.290000E+00 -.118639E-03
 -.270000E+00 -.112420E-03
 -.250000E+00 -.105889E-03
 -.230000E+00 -.990464E-04
 -.210000E+00 -.918947E-04
 -.190000E+00 -.844355E-04
 -.170000E+00 -.766703E-04
 -.150000E+00 -.686012E-04
 -.130000E+00 -.602298E-04
 -.110000E+00 -.515583E-04
 -.900000E-01 -.425885E-04
 -.700000E-01 -.333227E-04
 -.500000E-01 -.237628E-04
 -.300000E-01 -.139112E-04
 -.100000E-01 -.377018E-05
 0.100000E-01 0.665803E-05
 0.300000E-01 0.173710E-04
 0.500000E-01 0.283661E-04
 0.700000E-01 0.396411E-04
 0.900000E-01 0.511931E-04
 0.110000E+00 0.630196E-04
 0.130000E+00 0.751179E-04
 0.150000E+00 0.874851E-04
 0.170000E+00 0.100118E-03
 0.190000E+00 0.113015E-03
 0.210000E+00 0.126172E-03
 0.230000E+00 0.139586E-03
 0.250000E+00 0.153254E-03
 0.270000E+00 0.167174E-03
 0.290000E+00 0.181341E-03
 0.310000E+00 0.195753E-03
 0.330000E+00 0.210406E-03
 0.350000E+00 0.225298E-03
 0.370000E+00 0.240424E-03
 0.390000E+00 0.255781E-03
 0.410000E+00 0.271366E-03
 0.430000E+00 0.287174E-03
 0.450000E+00 0.303204E-03
 0.470000E+00 0.319450E-03
 0.490000E+00 0.335910E-03
 0.510000E+00 0.352578E-03
 0.530000E+00 0.369453E-03
 0.550000E+00 0.386529E-03
 0.570000E+00 0.403803E-03
 0.590000E+00 0.421272E-03
 0.610000E+00 0.438930E-03
 0.630000E+00 0.456774E-03
 0.650000E+00 0.474801E-03
 0.670000E+00 0.493005E-03
 0.690000E+00 0.511383E-03
 0.710000E+00 0.529930E-03
 0.730000E+00 0.548644E-03
 0.750000E+00 0.567518E-03
 0.770000E+00 0.586549E-03
 0.790000E+00 0.605732E-03
 0.810000E+00 0.625064E-03
 0.830000E+00 0.644540E-03
 0.850000E+00 0.664155E-03
 0.870000E+00 0.683906E-03
 0.890000E+00 0.703787E-03
 0.910000E+00 0.209742E+00
 0.930000E+00 0.209756E+00
 0.950000E+00 0.209771E+00
 0.970000E+00 0.209786E+00
 0.990000E+00 0.209800E+00




































































































 -.990000E+00 -.231518E+00
 -.970000E+00 -.233021E+00
 -.950000E+00 -.234488E+00
 -.930000E+00 -.235920E+00
 -.910000E+00 -.237316E+00
 -.890000E+00 -.720643E-03
 -.870000E+00 -.705920E-03
 -.850000E+00 -.691119E-03
 -.830000E+00 -.676240E-03
 -.810000E+00 -.661284E-03
 -.790000E+00 -.646251E-03
 -.770000E+00 -.631143E-03
 -.750000E+00 -.615959E-03
 -.730000E+00 -.600702E-03
 -.710000E+00 -.585370E-03
 -.690000E+00 -.569965E-03
 -.670000E+00 -.554487E-03
 -.650000E+00 -.538937E-03
 -.630000E+00 -.523316E-03
 -.610000E+00 -.507624E-03
 -.590000E+00 -.491862E-03
 -.570000E+00 -.476031E-03
 -.550000E+00 -.460130E-03
 -.530000E+00 -.444162E-03
 -.510000E+00 -.428126E-03
 -.490000E+00 -.412024E-03
 -.470000E+00 -.395855E-03
 -.450000E+00 -.379620E-03
 -.430000E+00 -.363321E-03
 -.410000E+00 -.346958E-03
 -.390000E+00 -.330531E-03
 -.370000E+00 -.314041E-03
 -.350000E+00 -.297489E-03
 -.330000E+00 -.280875E-03
 -.310000E+00 -.264201E-03
 -.290000E+00 -.247466E-03
 -.270000E+00 -.230672E-03
 -.250000E+00 -.213819E-03
 -.230000E+00 -.196908E-03
 -.210000E+00 -.179940E-03
 -.190000E+00 -.162914E-03
 -.170000E+00 -.145833E-03
 -.150000E+00 -.128696E-03
 -.130000E+00 -.111505E-03
 -.110000E+00 -.942597E-04
 -.900000E-01 -.769610E-04
 -.700000E-01 -.596097E-04
 -.500000E-01 -.422065E-04
 -.300000E-01 -.247521E-04
 -.100000E-01 -.724719E-05
 0.100000E-01 0.103075E-04
 0.300000E-01 0.279114E-04
 0.500000E-01 0.455636E-04
 0.700000E-01 0.632635E-04
 0.900000E-01 0.810103E-04
 0.110000E+00 0.988034E-04
 0.130000E+00 0.116642E-03
 0.150000E+00 0.134526E-03
 0.170000E+00 0.152453E-03
 0.190000E+00 0.170424E-03
 0.210000E+00 0.188438E-03
 0.230000E+00 0.206494E-03
 0.250000E+00 0.224590E-03
 0.270000E+00 0.242728E-03
 0.290000E+00 0.260905E-03
 0.310000E+00 0.279121E-03
 0.330000E+00 0.297376E-03
 0.350000E+00 0.315668E-03
 0.370000E+00 0.333997E-03
 0.390000E+00 0.352362E-03
 0.410000E+00 0.370763E-03
 0.430000E+00 0.389198E-03
 0.450000E+00 0.407667E-03
 0.470000E+00 0.426170E-03
 0.490000E+00 0.444705E-03
 0.510000E+00 0.463271E-03
 0.530000E+00 0.481869E-03
 0.550000E+00 0.500497E-03
 0.570000E+00 0.519154E-03
 0.590000E+00 0.537840E-03
 0.610000E+00 0.556555E-03
 0.630000E+00 0.575296E-03
 0.650000E+00 0.594064E-03
 0.670000E+00 0.612858E-03
 0.690000E+00 0.631677E-03
 0.710000E+00 0.650520E-03
 0.730000E+00 0.669387E-03
 0.750000E+00 0.688276E-03
 0.770000E+00 0.707188E-03
 0.790000E+00 0.726121E-03
 0.810000E+00 0.745074E-03
 0.830000E+00 0.764047E-03
 0.850000E+00 0.783040E-03
 0.870000E+00 0.802050E-03
 0.890000E+00 0.821078E-03
 0.910000E+00 0.270501E+00
 0.930000E+00 0.270518E+00
 0.950000E+00 0.270535E+00
 0.970000E+00 0.270553E+00
 0.990000E+00 0.270570E+00




































































































 -.990000E+00 -.211052E+00
 -.970000E+00 -.211481E+00
 -.950000E+00 -.211904E+00
 -.930000E+00 -.212319E+00
 -.910000E+00 -.212727E+00
 -.890000E+00 0.237603E-01
 -.870000E+00 0.237769E-01
 -.850000E+00 0.237934E-01
 -.830000E+00 0.238100E-01
 -.810000E+00 0.238266E-01
 -.790000E+00 0.238433E-01
 -.770000E+00 0.238599E-01
 -.750000E+00 0.238765E-01
 -.730000E+00 0.238932E-01
 -.710000E+00 0.239099E-01
 -.690000E+00 0.239266E-01
 -.670000E+00 0.239433E-01
 -.650000E+00 0.239600E-01
 -.630000E+00 0.239767E-01
 -.610000E+00 0.239935E-01
 -.590000E+00 0.240102E-01
 -.570000E+00 0.240270E-01
 -.550000E+00 0.240438E-01
 -.530000E+00 0.240606E-01
 -.510000E+00 0.240774E-01
 -.490000E+00 0.240942E-01
 -.470000E+00 0.241110E-01
 -.450000E+00 0.241279E-01
 -.430000E+00 0.241448E-01
 -.410000E+00 0.241616E-01
 -.390000E+00 0.241785E-01
 -.370000E+00 0.241954E-01
 -.350000E+00 0.242124E-01
 -.330000E+00 0.242293E-01
 -.310000E+00 0.242463E-01
 -.290000E+00 0.242632E-01
 -.270000E+00 0.242802E-01
 -.250000E+00 0.242972E-01
 -.230000E+00 0.243142E-01
 -.210000E+00 0.243312E-01
 -.190000E+00 0.243483E-01
 -.170000E+00 0.243653E-01
 -.150000E+00 0.243824E-01
 -.130000E+00 0.243995E-01
 -.110000E+00 0.244166E-01
 -.900000E-01 0.244337E-01
 -.700000E-01 0.244508E-01
 -.500000E-01 0.244679E-01
 -.300000E-01 0.244851E-01
 -.100000E-01 0.245023E-01
 0.100000E-01 0.245194E-01
 0.300000E-01 0.245366E-01
 0.500000E-01 0.245539E-01
 0.700000E-01 0.245711E-01
 0.900000E-01 0.245883E-01
 0.110000E+00 0.246056E-01
 0.130000E+00 0.246229E-01
 0.150000E+00 0.246401E-01
 0.170000E+00 0.246574E-01
 0.190000E+00 0.246748E-01
 0.210000E+00 0.246921E-01
 0.230000E+00 0.247094E-01
 0.250000E+00 0.247268E-01
 0.270000E+00 0.247442E-01
 0.290000E+00 0.247616E-01
 0.310000E+00 0.247790E-01
 0.330000E+00 0.247964E-01
 0.350000E+00 0.248138E-01
 0.370000E+00 0.248313E-01
 0.390000E+00 0.248488E-01
 0.410000E+00 0.248662E-01
 0.430000E+00 0.248837E-01
 0.450000E+00 0.249013E-01
 0.470000E+00 0.249188E-01
 0.490000E+00 0.249363E-01
 0.510000E+00 0.249539E-01
 0.530000E+00 0.249715E-01
 0.550000E+00 0.249891E-01
 0.570000E+00 0.250067E-01
 0.590000E+00 0.250243E-01
 0.610000E+00 0.250419E-01
 0.630000E+00 0.250596E-01
 0.650000E+00 0.250773E-01
 0.670000E+00 0.250950E-01
 0.690000E+00 0.251127E-01
 0.710000E+00 0.251304E-01
 0.730000E+00 0.251481E-01
 0.750000E+00 0.251659E-01
 0.770000E+00 0.251836E-01
 0.790000E+00 0.252014E-01
 0.810000E+00 0.252192E-01
 0.830000E+00 0.252370E-01
 0.850000E+00 0.252549E-01
 0.870000E+00 0.252727E-01
 0.890000E+00 0.252906E-01
 0.910000E+00 0.283698E+00
 0.930000E+00 0.283454E+00
 0.950000E+00 0.283210E+00
 0.970000E+00 0.282966E+00
 0.990000E+00 0.282722E+00




































































































 -.990000E+00 -.231518E+00
 -.970000E+00 -.233021E+00
 -.950000E+00 -.234488E+00
 -.930000E+00 -.235920E+00
 -.910000E+00 -.237316E+00
 -.890000E+00 -.720643E-03
 -.870000E+00 -.705920E-03
 -.850000E+00 -.691119E-03
 -.830000E+00 -.676240E-03
 -.810000E+00 -.661284E-03
 -.790000E+00 -.646251E-03
 -.770000E+00 -.631143E-03
 -.750000E+00 -.615959E-03
 -.730000E+00 -.600702E-03
 -.710000E+00 -.585370E-03
 -.690000E+00 -.569965E-03
 -.670000E+00 -.554487E-03
 -.650000E+00 -.538937E-03
 -.630000E+00 -.523316E-03
 -.610000E+00 -.507624E-03
 -.590000E+00 -.491862E-03
 -.570000E+00 -.476031E-03
 -.550000E+00 -.460130E-03
 -.530000E+00 -.444162E-03
 -.510000E+00 -.428126E-03
 -.490000E+00 -.412024E-03
 -.470000E+00 -.395855E-03
 -.450000E+00 -.379620E-03
 -.430000E+00 -.363321E-03
 -.410000E+00 -.346958E-03
 -.390000E+00 -.330531E-03
 -.370000E+00 -.314041E-03
 -.350000E+00 -.297489E-03
 -.330000E+00 -.280875E-03
 -.310000E+00 -.264201E-03
 -.290000E+00 -.247466E-03
 -.270000E+00 -.230672E-03
 -.250000E+00 -.213819E-03
 -.230000E+00 -.196908E-03
 -.210000E+00 -.179940E-03
 -.190000E+00 -.162914E-03
 -.170000E+00 -.145833E-03
 -.150000E+00 -.128696E-03
 -.130000E+00 -.111505E-03
 -.110000E+00 -.942597E-04
 -.900000E-01 -.769610E-04
 -.700000E-01 -.596097E-04
 -.500000E-01 -.422065E-04
 -.300000E-01 -.247521E-04
 -.100000E-01 -.724719E-05
 0.100000E-01 0.103075E-04
 0.300000E-01 0.279114E-04
 0.500000E-01 0.455636E-04
 0.700000E-01 0.632635E-04
 0.900000E-01 0.810103E-04
 0.110000E+00 0.988034E-04
 0.130000E+00 0.116642E-03
 0.150000E+00 0.134526E-03
 0.170000E+00 0.152453E-03
 0.190000E+00 0.170424E-03
 0.210000E+00 0.188438E-03
 0.230000E+00 0.206494E-03
 0.250000E+00 0.224590E-03
 0.270000E+00 0.242728E-03
 0.290000E+00 0.260905E-03
 0.310000E+00 0.279121E-03
 0.330000E+00 0.297376E-03
 0.350000E+00 0.315668E-03
 0.370000E+00 0.333997E-03
 0.390000E+00 0.352362E-03
 0.410000E+00 0.370763E-03
 0.430000E+00 0.389198E-03
 0.450000E+00 0.407667E-03
 0.470000E+00 0.426170E-03
 0.490000E+00 0.444705E-03
 0.510000E+00 0.463271E-03
 0.530000E+00 0.481869E-03
 0.550000E+00 0.500497E-03
 0.570000E+00 0.519154E-03
 0.590000E+00 0.537840E-03
 0.610000E+00 0.556555E-03
 0.630000E+00 0.575296E-03
 0.650000E+00 0.594064E-03
 0.670000E+00 0.612858E-03
 0.690000E+00 0.631677E-03
 0.710000E+00 0.650520E-03
 0.730000E+00 0.669387E-03
 0.750000E+00 0.688276E-03
 0.770000E+00 0.707188E-03
 0.790000E+00 0.726121E-03
 0.810000E+00 0.745074E-03
 0.830000E+00 0.764047E-03
 0.850000E+00 0.783040E-03
 0.870000E+00 0.802050E-03
 0.890000E+00 0.821078E-03
 0.910000E+00 0.270501E+00
 0.930000E+00 0.270518E+00
 0.950000E+00 0.270535E+00
 0.970000E+00 0.270553E+00
 0.990000E+00 0.270570E+00




































































































 -.990000E+00 -.220373E-01
 -.970000E+00 -.273017E-01
 -.950000E+00 -.325494E-01
 -.930000E+00 -.377775E-01
 -.910000E+00 -.429831E-01
 -.890000E+00 -.155273E-03
 -.870000E+00 -.158781E-03
 -.850000E+00 -.161965E-03
 -.830000E+00 -.164824E-03
 -.810000E+00 -.167356E-03
 -.790000E+00 -.169562E-03
 -.770000E+00 -.171442E-03
 -.750000E+00 -.172994E-03
 -.730000E+00 -.174218E-03
 -.710000E+00 -.175115E-03
 -.690000E+00 -.175684E-03
 -.670000E+00 -.175925E-03
 -.650000E+00 -.175838E-03
 -.630000E+00 -.175423E-03
 -.610000E+00 -.174681E-03
 -.590000E+00 -.173611E-03
 -.570000E+00 -.172213E-03
 -.550000E+00 -.170489E-03
 -.530000E+00 -.168439E-03
 -.510000E+00 -.166062E-03
 -.490000E+00 -.163361E-03
 -.470000E+00 -.160335E-03
 -.450000E+00 -.156985E-03
 -.430000E+00 -.153312E-03
 -.410000E+00 -.149316E-03
 -.390000E+00 -.145000E-03
 -.370000E+00 -.140364E-03
 -.350000E+00 -.135408E-03
 -.330000E+00 -.130135E-03
 -.310000E+00 -.124545E-03
 -.290000E+00 -.118639E-03
 -.270000E+00 -.112420E-03
 -.250000E+00 -.105889E-03
 -.230000E+00 -.990464E-04
 -.210000E+00 -.918947E-04
 -.190000E+00 -.844355E-04
 -.170000E+00 -.766703E-04
 -.150000E+00 -.686012E-04
 -.130000E+00 -.602298E-04
 -.110000E+00 -.515583E-04
 -.900000E-01 -.425885E-04
 -.700000E-01 -.333227E-04
 -.500000E-01 -.237628E-04
 -.300000E-01 -.139112E-04
 -.100000E-01 -.377018E-05
 0.100000E-01 0.665803E-05
 0.300000E-01 0.173710E-04
 0.500000E-01 0.283661E-04
 0.700000E-01 0.396411E-04
 0.900000E-01 0.511931E-04
 0.110000E+00 0.630196E-04
 0.130000E+00 0.751179E-04
 0.150000E+00 0.874851E-04
 0.170000E+00 0.100118E-03
 0.190000E+00 0.113015E-03
 0.210000E+00 0.126172E-03
 0.230000E+00 0.139586E-03
 0.250000E+00 0.153254E-03
 0.270000E+00 0.167174E-03
 0.290000E+00 0.181341E-03
 0.310000E+00 0.195753E-03
 0.330000E+00 0.210406E-03
 0.350000E+00 0.225298E-03
 0.370000E+00 0.240424E-03
 0.390000E+00 0.255781E-03
 0.410000E+00 0.271366E-03
 0.430000E+00 0.287174E-03
 0.450000E+00 0.303204E-03
 0.470000E+00 0.319450E-03
 0.490000E+00 0.335910E-03
 0.510000E+00 0.352578E-03
 0.530000E+00 0.369453E-03
 0.550000E+00 0.386529E-03
 0.570000E+00 0.403803E-03
 0.590000E+00 0.421272E-03
 0.610000E+00 0.438930E-03
 0.630000E+00 0.456774E-03
 0.650000E+00 0.474801E-03
 0.670000E+00 0.493005E-03
 0.690000E+00 0.511383E-03
 0.710000E+00 0.529930E-03
 0.730000E+00 0.548644E-03
 0.750000E+00 0.567518E-03
 0.770000E+00 0.586549E-03
 0.790000E+00 0.605732E-03
 0.810000E+00 0.625064E-03
 0.830000E+00 0.644540E-03
 0.850000E+00 0.664155E-03
 0.870000E+00 0.683906E-03
 0.890000E+00 0.703787E-03
 0.910000E+00 0.209742E+00
 0.930000E+00 0.209756E+00
 0.950000E+00 0.209771E+00
 0.970000E+00 0.209786E+00
 0.990000E+00 0.209800E+00




































































































 -.990000E+00 0.140979E+00
 -.970000E+00 0.139306E+00
 -.950000E+00 0.137592E+00
 -.930000E+00 0.135835E+00
 -.910000E+00 0.134035E+00
 -.890000E+00 0.308637E-02
 -.870000E+00 0.307508E-02
 -.850000E+00 0.306349E-02
 -.830000E+00 0.305160E-02
 -.810000E+00 0.303943E-02
 -.790000E+00 0.302698E-02
 -.770000E+00 0.301428E-02
 -.750000E+00 0.300132E-02
 -.730000E+00 0.298811E-02
 -.710000E+00 0.297468E-02
 -.690000E+00 0.296102E-02
 -.670000E+00 0.294716E-02
 -.650000E+00 0.293309E-02
 -.630000E+00 0.291884E-02
 -.610000E+00 0.290442E-02
 -.590000E+00 0.288983E-02
 -.570000E+00 0.287509E-02
 -.550000E+00 0.286021E-02
 -.530000E+00 0.284520E-02
 -.510000E+00 0.283008E-02
 -.490000E+00 0.281486E-02
 -.470000E+00 0.279954E-02
 -.450000E+00 0.278415E-02
 -.430000E+00 0.276870E-02
 -.410000E+00 0.275319E-02
 -.390000E+00 0.273764E-02
 -.370000E+00 0.272207E-02
 -.350000E+00 0.270648E-02
 -.330000E+00 0.269089E-02
 -.310000E+00 0.267531E-02
 -.290000E+00 0.265976E-02
 -.270000E+00 0.264425E-02
 -.250000E+00 0.262878E-02
 -.230000E+00 0.261338E-02
 -.210000E+00 0.259805E-02
 -.190000E+00 0.258281E-02
 -.170000E+00 0.256767E-02
 -.150000E+00 0.255265E-02
 -.130000E+00 0.253775E-02
 -.110000E+00 0.252299E-02
 -.900000E-01 0.250837E-02
 -.700000E-01 0.249392E-02
 -.500000E-01 0.247965E-02
 -.300000E-01 0.246556E-02
 -.100000E-01 0.245166E-02
 0.100000E-01 0.243798E-02
 0.300000E-01 0.242451E-02
 0.500000E-01 0.241127E-02
 0.700000E-01 0.239828E-02
 0.900000E-01 0.238554E-02
 0.110000E+00 0.237306E-02
 0.130000E+00 0.236086E-02
 0.150000E+00 0.234894E-02
 0.170000E+00 0.233731E-02
 0.190000E+00 0.232599E-02
 0.210000E+00 0.231497E-02
 0.230000E+00 0.230428E-02
 0.250000E+00 0.229392E-02
 0.270000E+00 0.228390E-02
 0.290000E+00 0.227422E-02
 0.310000E+00 0.226490E-02
 0.330000E+00 0.225594E-02
 0.350000E+00 0.224736E-02
 0.370000E+00 0.223915E-02
 0.390000E+00 0.223132E-02
 0.410000E+00 0.222388E-02
 0.430000E+00 0.221684E-02
 0.450000E+00 0.221021E-02
 0.470000E+00 0.220398E-02
 0.490000E+00 0.219816E-02
 0.510000E+00 0.219276E-02
 0.530000E+00 0.218779E-02
 0.550000E+00 0.218324E-02
 0.570000E+00 0.217912E-02
 0.590000E+00 0.217544E-02
 0.610000E+00 0.217219E-02
 0.630000E+00 0.216938E-02
 0.650000E+00 0.216702E-02
 0.670000E+00 0.216510E-02
 0.690000E+00 0.216362E-02
 0.710000E+00 0.216259E-02
 0.730000E+00 0.216201E-02
 0.750000E+00 0.216188E-02
 0.770000E+00 0.216220E-02
 0.790000E+00 0.216296E-02
 0.810000E+00 0.216418E-02
 0.830000E+00 0.216584E-02
 0.850000E+00 0.216794E-02
 0.870000E+00 0.217049E-02
 0.890000E+00 0.217348E-02
 0.910000E+00 0.323509E-02
 0.930000E+00 0.324043E-02
 0.950000E+00 0.324583E-02
 0.970000E+00 0.325129E-02
 0.990000E+00 0.325681E-02




































































































 -.990000E+00 0.202521E-01
 -.970000E+00 0.202246E-01
 -.950000E+00 0.201824E-01
 -.930000E+00 0.201257E-01
 -.910000E+00 0.200544E-01
 -.890000E+00 0.314444E-02
 -.870000E+00 0.314818E-02
 -.850000E+00 0.315217E-02
 -.830000E+00 0.315639E-02
 -.810000E+00 0.316083E-02
 -.790000E+00 0.316548E-02
 -.770000E+00 0.317030E-02
 -.750000E+00 0.317529E-02
 -.730000E+00 0.318043E-02
 -.710000E+00 0.318570E-02
 -.690000E+00 0.319106E-02
 -.670000E+00 0.319652E-02
 -.650000E+00 0.320203E-02
 -.630000E+00 0.320759E-02
 -.610000E+00 0.321316E-02
 -.590000E+00 0.321874E-02
 -.570000E+00 0.322429E-02
 -.550000E+00 0.322979E-02
 -.530000E+00 0.323523E-02
 -.510000E+00 0.324058E-02
 -.490000E+00 0.324582E-02
 -.470000E+00 0.325093E-02
 -.450000E+00 0.325589E-02
 -.430000E+00 0.326068E-02
 -.410000E+00 0.326529E-02
 -.390000E+00 0.326969E-02
 -.370000E+00 0.327386E-02
 -.350000E+00 0.327780E-02
 -.330000E+00 0.328148E-02
 -.310000E+00 0.328489E-02
 -.290000E+00 0.328802E-02
 -.270000E+00 0.329085E-02
 -.250000E+00 0.329338E-02
 -.230000E+00 0.329560E-02
 -.210000E+00 0.329748E-02
 -.190000E+00 0.329904E-02
 -.170000E+00 0.330026E-02
 -.150000E+00 0.330113E-02
 -.130000E+00 0.330166E-02
 -.110000E+00 0.330183E-02
 -.900000E-01 0.330166E-02
 -.700000E-01 0.330114E-02
 -.500000E-01 0.330027E-02
 -.300000E-01 0.329906E-02
 -.100000E-01 0.329751E-02
 0.100000E-01 0.329562E-02
 0.300000E-01 0.329341E-02
 0.500000E-01 0.329088E-02
 0.700000E-01 0.328805E-02
 0.900000E-01 0.328491E-02
 0.110000E+00 0.328149E-02
 0.130000E+00 0.327780E-02
 0.150000E+00 0.327386E-02
 0.170000E+00 0.326967E-02
 0.190000E+00 0.326525E-02
 0.210000E+00 0.326063E-02
 0.230000E+00 0.325581E-02
 0.250000E+00 0.325083E-02
 0.270000E+00 0.324569E-02
 0.290000E+00 0.324042E-02
 0.310000E+00 0.323504E-02
 0.330000E+00 0.322956E-02
 0.350000E+00 0.322402E-02
 0.370000E+00 0.321843E-02
 0.390000E+00 0.321281E-02
 0.410000E+00 0.320719E-02
 0.430000E+00 0.320159E-02
 0.450000E+00 0.319602E-02
 0.470000E+00 0.319052E-02
 0.490000E+00 0.318510E-02
 0.510000E+00 0.317978E-02
 0.530000E+00 0.317459E-02
 0.550000E+00 0.316955E-02
 0.570000E+00 0.316467E-02
 0.590000E+00 0.315997E-02
 0.610000E+00 0.315547E-02
 0.630000E+00 0.315120E-02
 0.650000E+00 0.314716E-02
 0.670000E+00 0.314337E-02
 0.690000E+00 0.313985E-02
 0.710000E+00 0.313662E-02
 0.730000E+00 0.313367E-02
 0.750000E+00 0.313103E-02
 0.770000E+00 0.312871E-02
 0.790000E+00 0.312671E-02
 0.810000E+00 0.312505E-02
 0.830000E+00 0.312372E-02
 0.850000E+00 0.312274E-02
 0.870000E+00 0.312211E-02
 0.890000E+00 0.312183E-02
 0.910000E+00 0.316769E-02
 0.930000E+00 0.316894E-02
 0.950000E+00 0.317019E-02
 0.970000E+00 0.317145E-02
 0.990000E+00 0.317270E-02




































































































 -.990000E+00 0.458423E-02
 -.970000E+00 0.446665E-02
 -.950000E+00 0.375294E-02
 -.930000E+00 0.275219E-02
 -.910000E+00 0.189782E-02
 -.890000E+00 0.309023E-02
 -.870000E+00 0.309024E-02
 -.850000E+00 0.309045E-02
 -.830000E+00 0.309054E-02
 -.810000E+00 0.309037E-02
 -.790000E+00 0.309020E-02
 -.770000E+00 0.309029E-02
 -.750000E+00 0.309051E-02
 -.730000E+00 0.309051E-02
 -.710000E+00 0.309030E-02
 -.690000E+00 0.309020E-02
 -.670000E+00 0.309036E-02
 -.650000E+00 0.309054E-02
 -.630000E+00 0.309046E-02
 -.610000E+00 0.309024E-02
 -.590000E+00 0.309023E-02
 -.570000E+00 0.309044E-02
 -.550000E+00 0.309054E-02
 -.530000E+00 0.309039E-02
 -.510000E+00 0.309020E-02
 -.490000E+00 0.309028E-02
 -.470000E+00 0.309050E-02
 -.450000E+00 0.309052E-02
 -.430000E+00 0.309031E-02
 -.410000E+00 0.309020E-02
 -.390000E+00 0.309035E-02
 -.370000E+00 0.309054E-02
 -.350000E+00 0.309047E-02
 -.330000E+00 0.309025E-02
 -.310000E+00 0.309022E-02
 -.290000E+00 0.309042E-02
 -.270000E+00 0.309055E-02
 -.250000E+00 0.309040E-02
 -.230000E+00 0.309021E-02
 -.210000E+00 0.309027E-02
 -.190000E+00 0.309049E-02
 -.170000E+00 0.309053E-02
 -.150000E+00 0.309032E-02
 -.130000E+00 0.309020E-02
 -.110000E+00 0.309034E-02
 -.900000E-01 0.309053E-02
 -.700000E-01 0.309048E-02
 -.500000E-01 0.309026E-02
 -.300000E-01 0.309021E-02
 -.100000E-01 0.309041E-02
 0.100000E-01 0.309055E-02
 0.300000E-01 0.309041E-02
 0.500000E-01 0.309021E-02
 0.700000E-01 0.309026E-02
 0.900000E-01 0.309048E-02
 0.110000E+00 0.309053E-02
 0.130000E+00 0.309034E-02
 0.150000E+00 0.309020E-02
 0.170000E+00 0.309033E-02
 0.190000E+00 0.309053E-02
 0.210000E+00 0.309049E-02
 0.230000E+00 0.309027E-02
 0.250000E+00 0.309021E-02
 0.270000E+00 0.309040E-02
 0.290000E+00 0.309055E-02
 0.310000E+00 0.309042E-02
 0.330000E+00 0.309022E-02
 0.350000E+00 0.309025E-02
 0.370000E+00 0.309047E-02
 0.390000E+00 0.309054E-02
 0.410000E+00 0.309035E-02
 0.430000E+00 0.309020E-02
 0.450000E+00 0.309031E-02
 0.470000E+00 0.309052E-02
 0.490000E+00 0.309050E-02
 0.510000E+00 0.309028E-02
 0.530000E+00 0.309020E-02
 0.550000E+00 0.309039E-02
 0.570000E+00 0.309055E-02
 0.590000E+00 0.309044E-02
 0.610000E+00 0.309023E-02
 0.630000E+00 0.309024E-02
 0.650000E+00 0.309046E-02
 0.670000E+00 0.309054E-02
 0.690000E+00 0.309036E-02
 0.710000E+00 0.309020E-02
 0.730000E+00 0.309030E-02
 0.750000E+00 0.309051E-02
 0.770000E+00 0.309051E-02
 0.790000E+00 0.309029E-02
 0.810000E+00 0.309020E-02
 0.830000E+00 0.309037E-02
 0.850000E+00 0.309054E-02
 0.870000E+00 0.309045E-02
 0.890000E+00 0.309023E-02
 0.910000E+00 0.309024E-02
 0.930000E+00 0.309017E-02
 0.950000E+00 0.309017E-02
 0.970000E+00 0.309023E-02
 0.990000E+00 0.309034E-02




































































































