 -.990000E+00 0.280813E+00
 -.970000E+00 0.280812E+00
 -.950000E+00 0.280806E+00
 -.930000E+00 0.280797E+00
 -.910000E+00 0.280789E+00
 -.890000E+00 -.137762E-04
 -.870000E+00 -.108494E-04
 -.850000E+00 -.322065E-05
 -.830000E+00 0.580385E-05
 -.810000E+00 0.123130E-04
 -.790000E+00 0.134858E-04
 -.770000E+00 0.881404E-05
 -.750000E+00 0.322385E-06
 -.730000E+00 -.830895E-05
 -.710000E+00 -.133393E-04
 -.690000E+00 -.125885E-04
 -.670000E+00 -.638200E-05
 -.650000E+00 0.259033E-05
 -.630000E+00 0.104400E-04
 -.610000E+00 0.137651E-04
 -.590000E+00 0.111245E-04
 -.570000E+00 0.366275E-05
 -.550000E+00 -.538641E-05
 -.530000E+00 -.121011E-04
 -.510000E+00 -.135714E-04
 -.490000E+00 -.915991E-05
 -.470000E+00 -.778674E-06
 -.450000E+00 0.794001E-05
 -.430000E+00 0.132176E-04
 -.410000E+00 0.127668E-04
 -.390000E+00 0.678301E-05
 -.370000E+00 -.214041E-05
 -.350000E+00 -.101362E-04
 -.330000E+00 -.137391E-04
 -.310000E+00 -.113876E-04
 -.290000E+00 -.410084E-05
 -.270000E+00 0.496313E-05
 -.250000E+00 0.118761E-04
 -.230000E+00 0.136421E-04
 -.210000E+00 0.949580E-05
 -.190000E+00 0.123410E-05
 -.170000E+00 -.756244E-05
 -.150000E+00 -.130815E-04
 -.130000E+00 -.129312E-04
 -.110000E+00 -.717663E-05
 -.900000E-01 0.168817E-05
 -.700000E-01 0.982134E-05
 -.500000E-01 0.136980E-04
 -.300000E-01 0.116382E-04
 -.100000E-01 0.453445E-05
 0.100000E-01 -.453445E-05
 0.300000E-01 -.116382E-04
 0.500000E-01 -.136980E-04
 0.700000E-01 -.982134E-05
 0.900000E-01 -.168817E-05
 0.110000E+00 0.717663E-05
 0.130000E+00 0.129312E-04
 0.150000E+00 0.130815E-04
 0.170000E+00 0.756244E-05
 0.190000E+00 -.123410E-05
 0.210000E+00 -.949580E-05
 0.230000E+00 -.136421E-04
 0.250000E+00 -.118761E-04
 0.270000E+00 -.496313E-05
 0.290000E+00 0.410084E-05
 0.310000E+00 0.113876E-04
 0.330000E+00 0.137391E-04
 0.350000E+00 0.101362E-04
 0.370000E+00 0.214041E-05
 0.390000E+00 -.678301E-05
 0.410000E+00 -.127668E-04
 0.430000E+00 -.132176E-04
 0.450000E+00 -.794001E-05
 0.470000E+00 0.778674E-06
 0.490000E+00 0.915991E-05
 0.510000E+00 0.135714E-04
 0.530000E+00 0.121011E-04
 0.550000E+00 0.538641E-05
 0.570000E+00 -.366275E-05
 0.590000E+00 -.111245E-04
 0.610000E+00 -.137651E-04
 0.630000E+00 -.104400E-04
 0.650000E+00 -.259033E-05
 0.670000E+00 0.638200E-05
 0.690000E+00 0.125885E-04
 0.710000E+00 0.133393E-04
 0.730000E+00 0.830895E-05
 0.750000E+00 -.322385E-06
 0.770000E+00 -.881404E-05
 0.790000E+00 -.134858E-04
 0.810000E+00 -.123130E-04
 0.830000E+00 -.580385E-05
 0.850000E+00 0.322065E-05
 0.870000E+00 0.108494E-04
 0.890000E+00 0.137762E-04
 0.910000E+00 -.280789E+00
 0.930000E+00 -.280797E+00
 0.950000E+00 -.280806E+00
 0.970000E+00 -.280812E+00
 0.990000E+00 -.280813E+00




































































































 -.990000E+00 0.280971E+00
 -.970000E+00 0.280971E+00
 -.950000E+00 0.280970E+00
 -.930000E+00 0.280970E+00
 -.910000E+00 0.280969E+00
 -.890000E+00 0.167751E-03
 -.870000E+00 0.166622E-03
 -.850000E+00 0.165335E-03
 -.830000E+00 0.163892E-03
 -.810000E+00 0.162292E-03
 -.790000E+00 0.160539E-03
 -.770000E+00 0.158634E-03
 -.750000E+00 0.156578E-03
 -.730000E+00 0.154374E-03
 -.710000E+00 0.152023E-03
 -.690000E+00 0.149528E-03
 -.670000E+00 0.146892E-03
 -.650000E+00 0.144116E-03
 -.630000E+00 0.141203E-03
 -.610000E+00 0.138157E-03
 -.590000E+00 0.134980E-03
 -.570000E+00 0.131674E-03
 -.550000E+00 0.128244E-03
 -.530000E+00 0.124692E-03
 -.510000E+00 0.121022E-03
 -.490000E+00 0.117237E-03
 -.470000E+00 0.113341E-03
 -.450000E+00 0.109338E-03
 -.430000E+00 0.105231E-03
 -.410000E+00 0.101024E-03
 -.390000E+00 0.967214E-04
 -.370000E+00 0.923271E-04
 -.350000E+00 0.878453E-04
 -.330000E+00 0.832802E-04
 -.310000E+00 0.786361E-04
 -.290000E+00 0.739174E-04
 -.270000E+00 0.691287E-04
 -.250000E+00 0.642745E-04
 -.230000E+00 0.593593E-04
 -.210000E+00 0.543878E-04
 -.190000E+00 0.493648E-04
 -.170000E+00 0.442949E-04
 -.150000E+00 0.391831E-04
 -.130000E+00 0.340341E-04
 -.110000E+00 0.288529E-04
 -.900000E-01 0.236443E-04
 -.700000E-01 0.184133E-04
 -.500000E-01 0.131649E-04
 -.300000E-01 0.790391E-05
 -.100000E-01 0.263547E-05
 0.100000E-01 -.263547E-05
 0.300000E-01 -.790391E-05
 0.500000E-01 -.131649E-04
 0.700000E-01 -.184133E-04
 0.900000E-01 -.236443E-04
 0.110000E+00 -.288529E-04
 0.130000E+00 -.340341E-04
 0.150000E+00 -.391831E-04
 0.170000E+00 -.442949E-04
 0.190000E+00 -.493648E-04
 0.210000E+00 -.543878E-04
 0.230000E+00 -.593593E-04
 0.250000E+00 -.642745E-04
 0.270000E+00 -.691287E-04
 0.290000E+00 -.739174E-04
 0.310000E+00 -.786361E-04
 0.330000E+00 -.832802E-04
 0.350000E+00 -.878453E-04
 0.370000E+00 -.923271E-04
 0.390000E+00 -.967214E-04
 0.410000E+00 -.101024E-03
 0.430000E+00 -.105231E-03
 0.450000E+00 -.109338E-03
 0.470000E+00 -.113341E-03
 0.490000E+00 -.117237E-03
 0.510000E+00 -.121022E-03
 0.530000E+00 -.124692E-03
 0.550000E+00 -.128244E-03
 0.570000E+00 -.131674E-03
 0.590000E+00 -.134980E-03
 0.610000E+00 -.138157E-03
 0.630000E+00 -.141203E-03
 0.650000E+00 -.144116E-03
 0.670000E+00 -.146892E-03
 0.690000E+00 -.149528E-03
 0.710000E+00 -.152023E-03
 0.730000E+00 -.154374E-03
 0.750000E+00 -.156578E-03
 0.770000E+00 -.158634E-03
 0.790000E+00 -.160539E-03
 0.810000E+00 -.162292E-03
 0.830000E+00 -.163892E-03
 0.850000E+00 -.165335E-03
 0.870000E+00 -.166622E-03
 0.890000E+00 -.167751E-03
 0.910000E+00 -.280969E+00
 0.930000E+00 -.280970E+00
 0.950000E+00 -.280970E+00
 0.970000E+00 -.280971E+00
 0.990000E+00 -.280971E+00




































































































 -.990000E+00 0.282127E+00
 -.970000E+00 0.282104E+00
 -.950000E+00 0.282081E+00
 -.930000E+00 0.282058E+00
 -.910000E+00 0.282035E+00
 -.890000E+00 0.121165E-02
 -.870000E+00 0.118807E-02
 -.850000E+00 0.116425E-02
 -.830000E+00 0.114018E-02
 -.810000E+00 0.111589E-02
 -.790000E+00 0.109137E-02
 -.770000E+00 0.106663E-02
 -.750000E+00 0.104166E-02
 -.730000E+00 0.101649E-02
 -.710000E+00 0.991109E-03
 -.690000E+00 0.965526E-03
 -.670000E+00 0.939745E-03
 -.650000E+00 0.913773E-03
 -.630000E+00 0.887614E-03
 -.610000E+00 0.861274E-03
 -.590000E+00 0.834758E-03
 -.570000E+00 0.808072E-03
 -.550000E+00 0.781221E-03
 -.530000E+00 0.754211E-03
 -.510000E+00 0.727046E-03
 -.490000E+00 0.699734E-03
 -.470000E+00 0.672278E-03
 -.450000E+00 0.644686E-03
 -.430000E+00 0.616962E-03
 -.410000E+00 0.589112E-03
 -.390000E+00 0.561142E-03
 -.370000E+00 0.533057E-03
 -.350000E+00 0.504863E-03
 -.330000E+00 0.476567E-03
 -.310000E+00 0.448173E-03
 -.290000E+00 0.419688E-03
 -.270000E+00 0.391117E-03
 -.250000E+00 0.362467E-03
 -.230000E+00 0.333742E-03
 -.210000E+00 0.304950E-03
 -.190000E+00 0.276095E-03
 -.170000E+00 0.247184E-03
 -.150000E+00 0.218222E-03
 -.130000E+00 0.189216E-03
 -.110000E+00 0.160171E-03
 -.900000E-01 0.131094E-03
 -.700000E-01 0.101990E-03
 -.500000E-01 0.728645E-04
 -.300000E-01 0.437247E-04
 -.100000E-01 0.145759E-04
 0.100000E-01 -.145759E-04
 0.300000E-01 -.437247E-04
 0.500000E-01 -.728645E-04
 0.700000E-01 -.101990E-03
 0.900000E-01 -.131094E-03
 0.110000E+00 -.160171E-03
 0.130000E+00 -.189216E-03
 0.150000E+00 -.218222E-03
 0.170000E+00 -.247184E-03
 0.190000E+00 -.276095E-03
 0.210000E+00 -.304950E-03
 0.230000E+00 -.333742E-03
 0.250000E+00 -.362467E-03
 0.270000E+00 -.391117E-03
 0.290000E+00 -.419688E-03
 0.310000E+00 -.448173E-03
 0.330000E+00 -.476567E-03
 0.350000E+00 -.504863E-03
 0.370000E+00 -.533057E-03
 0.390000E+00 -.561142E-03
 0.410000E+00 -.589112E-03
 0.430000E+00 -.616962E-03
 0.450000E+00 -.644686E-03
 0.470000E+00 -.672278E-03
 0.490000E+00 -.699734E-03
 0.510000E+00 -.727046E-03
 0.530000E+00 -.754211E-03
 0.550000E+00 -.781221E-03
 0.570000E+00 -.808072E-03
 0.590000E+00 -.834758E-03
 0.610000E+00 -.861274E-03
 0.630000E+00 -.887614E-03
 0.650000E+00 -.913773E-03
 0.670000E+00 -.939745E-03
 0.690000E+00 -.965526E-03
 0.710000E+00 -.991109E-03
 0.730000E+00 -.101649E-02
 0.750000E+00 -.104166E-02
 0.770000E+00 -.106663E-02
 0.790000E+00 -.109137E-02
 0.810000E+00 -.111589E-02
 0.830000E+00 -.114018E-02
 0.850000E+00 -.116425E-02
 0.870000E+00 -.118807E-02
 0.890000E+00 -.121165E-02
 0.910000E+00 -.282035E+00
 0.930000E+00 -.282058E+00
 0.950000E+00 -.282081E+00
 0.970000E+00 -.282104E+00
 0.990000E+00 -.282127E+00




































































































 -.990000E+00 0.281847E+00
 -.970000E+00 0.281828E+00
 -.950000E+00 0.281808E+00
 -.930000E+00 0.281787E+00
 -.910000E+00 0.281767E+00
 -.890000E+00 0.946772E-03
 -.870000E+00 0.926275E-03
 -.850000E+00 0.905726E-03
 -.830000E+00 0.885126E-03
 -.810000E+00 0.864474E-03
 -.790000E+00 0.843774E-03
 -.770000E+00 0.823026E-03
 -.750000E+00 0.802230E-03
 -.730000E+00 0.781389E-03
 -.710000E+00 0.760504E-03
 -.690000E+00 0.739575E-03
 -.670000E+00 0.718604E-03
 -.650000E+00 0.697592E-03
 -.630000E+00 0.676540E-03
 -.610000E+00 0.655450E-03
 -.590000E+00 0.634322E-03
 -.570000E+00 0.613158E-03
 -.550000E+00 0.591960E-03
 -.530000E+00 0.570727E-03
 -.510000E+00 0.549462E-03
 -.490000E+00 0.528166E-03
 -.470000E+00 0.506840E-03
 -.450000E+00 0.485485E-03
 -.430000E+00 0.464102E-03
 -.410000E+00 0.442692E-03
 -.390000E+00 0.421258E-03
 -.370000E+00 0.399799E-03
 -.350000E+00 0.378318E-03
 -.330000E+00 0.356815E-03
 -.310000E+00 0.335292E-03
 -.290000E+00 0.313750E-03
 -.270000E+00 0.292190E-03
 -.250000E+00 0.270613E-03
 -.230000E+00 0.249020E-03
 -.210000E+00 0.227414E-03
 -.190000E+00 0.205795E-03
 -.170000E+00 0.184164E-03
 -.150000E+00 0.162522E-03
 -.130000E+00 0.140871E-03
 -.110000E+00 0.119212E-03
 -.900000E-01 0.975465E-04
 -.700000E-01 0.758753E-04
 -.500000E-01 0.541997E-04
 -.300000E-01 0.325211E-04
 -.100000E-01 0.108406E-04
 0.100000E-01 -.108406E-04
 0.300000E-01 -.325211E-04
 0.500000E-01 -.541997E-04
 0.700000E-01 -.758753E-04
 0.900000E-01 -.975465E-04
 0.110000E+00 -.119212E-03
 0.130000E+00 -.140871E-03
 0.150000E+00 -.162522E-03
 0.170000E+00 -.184164E-03
 0.190000E+00 -.205795E-03
 0.210000E+00 -.227414E-03
 0.230000E+00 -.249020E-03
 0.250000E+00 -.270613E-03
 0.270000E+00 -.292190E-03
 0.290000E+00 -.313750E-03
 0.310000E+00 -.335292E-03
 0.330000E+00 -.356815E-03
 0.350000E+00 -.378318E-03
 0.370000E+00 -.399799E-03
 0.390000E+00 -.421258E-03
 0.410000E+00 -.442692E-03
 0.430000E+00 -.464102E-03
 0.450000E+00 -.485485E-03
 0.470000E+00 -.506840E-03
 0.490000E+00 -.528166E-03
 0.510000E+00 -.549462E-03
 0.530000E+00 -.570727E-03
 0.550000E+00 -.591960E-03
 0.570000E+00 -.613158E-03
 0.590000E+00 -.634322E-03
 0.610000E+00 -.655450E-03
 0.630000E+00 -.676540E-03
 0.650000E+00 -.697592E-03
 0.670000E+00 -.718604E-03
 0.690000E+00 -.739575E-03
 0.710000E+00 -.760504E-03
 0.730000E+00 -.781389E-03
 0.750000E+00 -.802230E-03
 0.770000E+00 -.823026E-03
 0.790000E+00 -.843774E-03
 0.810000E+00 -.864474E-03
 0.830000E+00 -.885126E-03
 0.850000E+00 -.905726E-03
 0.870000E+00 -.926275E-03
 0.890000E+00 -.946772E-03
 0.910000E+00 -.281767E+00
 0.930000E+00 -.281787E+00
 0.950000E+00 -.281808E+00
 0.970000E+00 -.281828E+00
 0.990000E+00 -.281847E+00




































































































 -.990000E+00 0.281747E+00
 -.970000E+00 0.281729E+00
 -.950000E+00 0.281710E+00
 -.930000E+00 0.281692E+00
 -.910000E+00 0.281673E+00
 -.890000E+00 0.853794E-03
 -.870000E+00 0.834735E-03
 -.850000E+00 0.815668E-03
 -.830000E+00 0.796592E-03
 -.810000E+00 0.777508E-03
 -.790000E+00 0.758416E-03
 -.770000E+00 0.739315E-03
 -.750000E+00 0.720207E-03
 -.730000E+00 0.701092E-03
 -.710000E+00 0.681969E-03
 -.690000E+00 0.662839E-03
 -.670000E+00 0.643703E-03
 -.650000E+00 0.624559E-03
 -.630000E+00 0.605409E-03
 -.610000E+00 0.586253E-03
 -.590000E+00 0.567091E-03
 -.570000E+00 0.547923E-03
 -.550000E+00 0.528749E-03
 -.530000E+00 0.509569E-03
 -.510000E+00 0.490384E-03
 -.490000E+00 0.471195E-03
 -.470000E+00 0.452000E-03
 -.450000E+00 0.432800E-03
 -.430000E+00 0.413596E-03
 -.410000E+00 0.394388E-03
 -.390000E+00 0.375176E-03
 -.370000E+00 0.355959E-03
 -.350000E+00 0.336739E-03
 -.330000E+00 0.317516E-03
 -.310000E+00 0.298289E-03
 -.290000E+00 0.279059E-03
 -.270000E+00 0.259826E-03
 -.250000E+00 0.240591E-03
 -.230000E+00 0.221353E-03
 -.210000E+00 0.202112E-03
 -.190000E+00 0.182870E-03
 -.170000E+00 0.163626E-03
 -.150000E+00 0.144379E-03
 -.130000E+00 0.125132E-03
 -.110000E+00 0.105883E-03
 -.900000E-01 0.866331E-04
 -.700000E-01 0.673822E-04
 -.500000E-01 0.481307E-04
 -.300000E-01 0.288786E-04
 -.100000E-01 0.962624E-05
 0.100000E-01 -.962624E-05
 0.300000E-01 -.288786E-04
 0.500000E-01 -.481307E-04
 0.700000E-01 -.673822E-04
 0.900000E-01 -.866331E-04
 0.110000E+00 -.105883E-03
 0.130000E+00 -.125132E-03
 0.150000E+00 -.144379E-03
 0.170000E+00 -.163626E-03
 0.190000E+00 -.182870E-03
 0.210000E+00 -.202112E-03
 0.230000E+00 -.221353E-03
 0.250000E+00 -.240591E-03
 0.270000E+00 -.259826E-03
 0.290000E+00 -.279059E-03
 0.310000E+00 -.298289E-03
 0.330000E+00 -.317516E-03
 0.350000E+00 -.336739E-03
 0.370000E+00 -.355959E-03
 0.390000E+00 -.375176E-03
 0.410000E+00 -.394388E-03
 0.430000E+00 -.413596E-03
 0.450000E+00 -.432800E-03
 0.470000E+00 -.452000E-03
 0.490000E+00 -.471195E-03
 0.510000E+00 -.490384E-03
 0.530000E+00 -.509569E-03
 0.550000E+00 -.528749E-03
 0.570000E+00 -.547923E-03
 0.590000E+00 -.567091E-03
 0.610000E+00 -.586253E-03
 0.630000E+00 -.605409E-03
 0.650000E+00 -.624559E-03
 0.670000E+00 -.643703E-03
 0.690000E+00 -.662839E-03
 0.710000E+00 -.681969E-03
 0.730000E+00 -.701092E-03
 0.750000E+00 -.720207E-03
 0.770000E+00 -.739315E-03
 0.790000E+00 -.758416E-03
 0.810000E+00 -.777508E-03
 0.830000E+00 -.796592E-03
 0.850000E+00 -.815668E-03
 0.870000E+00 -.834735E-03
 0.890000E+00 -.853794E-03
 0.910000E+00 -.281673E+00
 0.930000E+00 -.281692E+00
 0.950000E+00 -.281710E+00
 0.970000E+00 -.281729E+00
 0.990000E+00 -.281747E+00




































































































 -.990000E+00 0.281761E+00
 -.970000E+00 0.281743E+00
 -.950000E+00 0.281725E+00
 -.930000E+00 0.281706E+00
 -.910000E+00 0.281687E+00
 -.890000E+00 0.867761E-03
 -.870000E+00 0.848268E-03
 -.850000E+00 0.828775E-03
 -.830000E+00 0.809281E-03
 -.810000E+00 0.789787E-03
 -.790000E+00 0.770292E-03
 -.770000E+00 0.750797E-03
 -.750000E+00 0.731301E-03
 -.730000E+00 0.711805E-03
 -.710000E+00 0.692308E-03
 -.690000E+00 0.672812E-03
 -.670000E+00 0.653314E-03
 -.650000E+00 0.633816E-03
 -.630000E+00 0.614318E-03
 -.610000E+00 0.594820E-03
 -.590000E+00 0.575321E-03
 -.570000E+00 0.555822E-03
 -.550000E+00 0.536322E-03
 -.530000E+00 0.516822E-03
 -.510000E+00 0.497322E-03
 -.490000E+00 0.477822E-03
 -.470000E+00 0.458321E-03
 -.450000E+00 0.438820E-03
 -.430000E+00 0.419319E-03
 -.410000E+00 0.399817E-03
 -.390000E+00 0.380316E-03
 -.370000E+00 0.360814E-03
 -.350000E+00 0.341311E-03
 -.330000E+00 0.321809E-03
 -.310000E+00 0.302306E-03
 -.290000E+00 0.282804E-03
 -.270000E+00 0.263301E-03
 -.250000E+00 0.243797E-03
 -.230000E+00 0.224294E-03
 -.210000E+00 0.204791E-03
 -.190000E+00 0.185287E-03
 -.170000E+00 0.165784E-03
 -.150000E+00 0.146280E-03
 -.130000E+00 0.126776E-03
 -.110000E+00 0.107272E-03
 -.900000E-01 0.877683E-04
 -.700000E-01 0.682643E-04
 -.500000E-01 0.487602E-04
 -.300000E-01 0.292561E-04
 -.100000E-01 0.975205E-05
 0.100000E-01 -.975205E-05
 0.300000E-01 -.292561E-04
 0.500000E-01 -.487602E-04
 0.700000E-01 -.682643E-04
 0.900000E-01 -.877683E-04
 0.110000E+00 -.107272E-03
 0.130000E+00 -.126776E-03
 0.150000E+00 -.146280E-03
 0.170000E+00 -.165784E-03
 0.190000E+00 -.185287E-03
 0.210000E+00 -.204791E-03
 0.230000E+00 -.224294E-03
 0.250000E+00 -.243797E-03
 0.270000E+00 -.263301E-03
 0.290000E+00 -.282804E-03
 0.310000E+00 -.302306E-03
 0.330000E+00 -.321809E-03
 0.350000E+00 -.341311E-03
 0.370000E+00 -.360814E-03
 0.390000E+00 -.380316E-03
 0.410000E+00 -.399817E-03
 0.430000E+00 -.419319E-03
 0.450000E+00 -.438820E-03
 0.470000E+00 -.458321E-03
 0.490000E+00 -.477822E-03
 0.510000E+00 -.497322E-03
 0.530000E+00 -.516822E-03
 0.550000E+00 -.536322E-03
 0.570000E+00 -.555822E-03
 0.590000E+00 -.575321E-03
 0.610000E+00 -.594820E-03
 0.630000E+00 -.614318E-03
 0.650000E+00 -.633816E-03
 0.670000E+00 -.653314E-03
 0.690000E+00 -.672812E-03
 0.710000E+00 -.692308E-03
 0.730000E+00 -.711805E-03
 0.750000E+00 -.731301E-03
 0.770000E+00 -.750797E-03
 0.790000E+00 -.770292E-03
 0.810000E+00 -.789787E-03
 0.830000E+00 -.809281E-03
 0.850000E+00 -.828775E-03
 0.870000E+00 -.848268E-03
 0.890000E+00 -.867761E-03
 0.910000E+00 -.281687E+00
 0.930000E+00 -.281706E+00
 0.950000E+00 -.281725E+00
 0.970000E+00 -.281743E+00
 0.990000E+00 -.281761E+00




































































































 -.990000E+00 0.281747E+00
 -.970000E+00 0.281729E+00
 -.950000E+00 0.281710E+00
 -.930000E+00 0.281692E+00
 -.910000E+00 0.281673E+00
 -.890000E+00 0.853794E-03
 -.870000E+00 0.834735E-03
 -.850000E+00 0.815668E-03
 -.830000E+00 0.796592E-03
 -.810000E+00 0.777508E-03
 -.790000E+00 0.758416E-03
 -.770000E+00 0.739315E-03
 -.750000E+00 0.720207E-03
 -.730000E+00 0.701092E-03
 -.710000E+00 0.681969E-03
 -.690000E+00 0.662839E-03
 -.670000E+00 0.643703E-03
 -.650000E+00 0.624559E-03
 -.630000E+00 0.605409E-03
 -.610000E+00 0.586253E-03
 -.590000E+00 0.567091E-03
 -.570000E+00 0.547923E-03
 -.550000E+00 0.528749E-03
 -.530000E+00 0.509569E-03
 -.510000E+00 0.490384E-03
 -.490000E+00 0.471195E-03
 -.470000E+00 0.452000E-03
 -.450000E+00 0.432800E-03
 -.430000E+00 0.413596E-03
 -.410000E+00 0.394388E-03
 -.390000E+00 0.375176E-03
 -.370000E+00 0.355959E-03
 -.350000E+00 0.336739E-03
 -.330000E+00 0.317516E-03
 -.310000E+00 0.298289E-03
 -.290000E+00 0.279059E-03
 -.270000E+00 0.259826E-03
 -.250000E+00 0.240591E-03
 -.230000E+00 0.221353E-03
 -.210000E+00 0.202112E-03
 -.190000E+00 0.182870E-03
 -.170000E+00 0.163626E-03
 -.150000E+00 0.144379E-03
 -.130000E+00 0.125132E-03
 -.110000E+00 0.105883E-03
 -.900000E-01 0.866331E-04
 -.700000E-01 0.673822E-04
 -.500000E-01 0.481307E-04
 -.300000E-01 0.288786E-04
 -.100000E-01 0.962624E-05
 0.100000E-01 -.962624E-05
 0.300000E-01 -.288786E-04
 0.500000E-01 -.481307E-04
 0.700000E-01 -.673822E-04
 0.900000E-01 -.866331E-04
 0.110000E+00 -.105883E-03
 0.130000E+00 -.125132E-03
 0.150000E+00 -.144379E-03
 0.170000E+00 -.163626E-03
 0.190000E+00 -.182870E-03
 0.210000E+00 -.202112E-03
 0.230000E+00 -.221353E-03
 0.250000E+00 -.240591E-03
 0.270000E+00 -.259826E-03
 0.290000E+00 -.279059E-03
 0.310000E+00 -.298289E-03
 0.330000E+00 -.317516E-03
 0.350000E+00 -.336739E-03
 0.370000E+00 -.355959E-03
 0.390000E+00 -.375176E-03
 0.410000E+00 -.394388E-03
 0.430000E+00 -.413596E-03
 0.450000E+00 -.432800E-03
 0.470000E+00 -.452000E-03
 0.490000E+00 -.471195E-03
 0.510000E+00 -.490384E-03
 0.530000E+00 -.509569E-03
 0.550000E+00 -.528749E-03
 0.570000E+00 -.547923E-03
 0.590000E+00 -.567091E-03
 0.610000E+00 -.586253E-03
 0.630000E+00 -.605409E-03
 0.650000E+00 -.624559E-03
 0.670000E+00 -.643703E-03
 0.690000E+00 -.662839E-03
 0.710000E+00 -.681969E-03
 0.730000E+00 -.701092E-03
 0.750000E+00 -.720207E-03
 0.770000E+00 -.739315E-03
 0.790000E+00 -.758416E-03
 0.810000E+00 -.777508E-03
 0.830000E+00 -.796592E-03
 0.850000E+00 -.815668E-03
 0.870000E+00 -.834735E-03
 0.890000E+00 -.853794E-03
 0.910000E+00 -.281673E+00
 0.930000E+00 -.281692E+00
 0.950000E+00 -.281710E+00
 0.970000E+00 -.281729E+00
 0.990000E+00 -.281747E+00




































































































 -.990000E+00 0.281847E+00
 -.970000E+00 0.281828E+00
 -.950000E+00 0.281808E+00
 -.930000E+00 0.281787E+00
 -.910000E+00 0.281767E+00
 -.890000E+00 0.946772E-03
 -.870000E+00 0.926275E-03
 -.850000E+00 0.905726E-03
 -.830000E+00 0.885126E-03
 -.810000E+00 0.864474E-03
 -.790000E+00 0.843774E-03
 -.770000E+00 0.823026E-03
 -.750000E+00 0.802230E-03
 -.730000E+00 0.781389E-03
 -.710000E+00 0.760504E-03
 -.690000E+00 0.739575E-03
 -.670000E+00 0.718604E-03
 -.650000E+00 0.697592E-03
 -.630000E+00 0.676540E-03
 -.610000E+00 0.655450E-03
 -.590000E+00 0.634322E-03
 -.570000E+00 0.613158E-03
 -.550000E+00 0.591960E-03
 -.530000E+00 0.570727E-03
 -.510000E+00 0.549462E-03
 -.490000E+00 0.528166E-03
 -.470000E+00 0.506840E-03
 -.450000E+00 0.485485E-03
 -.430000E+00 0.464102E-03
 -.410000E+00 0.442692E-03
 -.390000E+00 0.421258E-03
 -.370000E+00 0.399799E-03
 -.350000E+00 0.378318E-03
 -.330000E+00 0.356815E-03
 -.310000E+00 0.335292E-03
 -.290000E+00 0.313750E-03
 -.270000E+00 0.292190E-03
 -.250000E+00 0.270613E-03
 -.230000E+00 0.249020E-03
 -.210000E+00 0.227414E-03
 -.190000E+00 0.205795E-03
 -.170000E+00 0.184164E-03
 -.150000E+00 0.162522E-03
 -.130000E+00 0.140871E-03
 -.110000E+00 0.119212E-03
 -.900000E-01 0.975465E-04
 -.700000E-01 0.758753E-04
 -.500000E-01 0.541997E-04
 -.300000E-01 0.325211E-04
 -.100000E-01 0.108406E-04
 0.100000E-01 -.108406E-04
 0.300000E-01 -.325211E-04
 0.500000E-01 -.541997E-04
 0.700000E-01 -.758753E-04
 0.900000E-01 -.975465E-04
 0.110000E+00 -.119212E-03
 0.130000E+00 -.140871E-03
 0.150000E+00 -.162522E-03
 0.170000E+00 -.184164E-03
 0.190000E+00 -.205795E-03
 0.210000E+00 -.227414E-03
 0.230000E+00 -.249020E-03
 0.250000E+00 -.270613E-03
 0.270000E+00 -.292190E-03
 0.290000E+00 -.313750E-03
 0.310000E+00 -.335292E-03
 0.330000E+00 -.356815E-03
 0.350000E+00 -.378318E-03
 0.370000E+00 -.399799E-03
 0.390000E+00 -.421258E-03
 0.410000E+00 -.442692E-03
 0.430000E+00 -.464102E-03
 0.450000E+00 -.485485E-03
 0.470000E+00 -.506840E-03
 0.490000E+00 -.528166E-03
 0.510000E+00 -.549462E-03
 0.530000E+00 -.570727E-03
 0.550000E+00 -.591960E-03
 0.570000E+00 -.613158E-03
 0.590000E+00 -.634322E-03
 0.610000E+00 -.655450E-03
 0.630000E+00 -.676540E-03
 0.650000E+00 -.697592E-03
 0.670000E+00 -.718604E-03
 0.690000E+00 -.739575E-03
 0.710000E+00 -.760504E-03
 0.730000E+00 -.781389E-03
 0.750000E+00 -.802230E-03
 0.770000E+00 -.823026E-03
 0.790000E+00 -.843774E-03
 0.810000E+00 -.864474E-03
 0.830000E+00 -.885126E-03
 0.850000E+00 -.905726E-03
 0.870000E+00 -.926275E-03
 0.890000E+00 -.946772E-03
 0.910000E+00 -.281767E+00
 0.930000E+00 -.281787E+00
 0.950000E+00 -.281808E+00
 0.970000E+00 -.281828E+00
 0.990000E+00 -.281847E+00




































































































 -.990000E+00 0.282127E+00
 -.970000E+00 0.282104E+00
 -.950000E+00 0.282081E+00
 -.930000E+00 0.282058E+00
 -.910000E+00 0.282035E+00
 -.890000E+00 0.121165E-02
 -.870000E+00 0.118807E-02
 -.850000E+00 0.116425E-02
 -.830000E+00 0.114018E-02
 -.810000E+00 0.111589E-02
 -.790000E+00 0.109137E-02
 -.770000E+00 0.106663E-02
 -.750000E+00 0.104166E-02
 -.730000E+00 0.101649E-02
 -.710000E+00 0.991109E-03
 -.690000E+00 0.965526E-03
 -.670000E+00 0.939745E-03
 -.650000E+00 0.913773E-03
 -.630000E+00 0.887614E-03
 -.610000E+00 0.861274E-03
 -.590000E+00 0.834758E-03
 -.570000E+00 0.808072E-03
 -.550000E+00 0.781221E-03
 -.530000E+00 0.754211E-03
 -.510000E+00 0.727046E-03
 -.490000E+00 0.699734E-03
 -.470000E+00 0.672278E-03
 -.450000E+00 0.644686E-03
 -.430000E+00 0.616962E-03
 -.410000E+00 0.589112E-03
 -.390000E+00 0.561142E-03
 -.370000E+00 0.533057E-03
 -.350000E+00 0.504863E-03
 -.330000E+00 0.476567E-03
 -.310000E+00 0.448173E-03
 -.290000E+00 0.419688E-03
 -.270000E+00 0.391117E-03
 -.250000E+00 0.362467E-03
 -.230000E+00 0.333742E-03
 -.210000E+00 0.304950E-03
 -.190000E+00 0.276095E-03
 -.170000E+00 0.247184E-03
 -.150000E+00 0.218222E-03
 -.130000E+00 0.189216E-03
 -.110000E+00 0.160171E-03
 -.900000E-01 0.131094E-03
 -.700000E-01 0.101990E-03
 -.500000E-01 0.728645E-04
 -.300000E-01 0.437247E-04
 -.100000E-01 0.145759E-04
 0.100000E-01 -.145759E-04
 0.300000E-01 -.437247E-04
 0.500000E-01 -.728645E-04
 0.700000E-01 -.101990E-03
 0.900000E-01 -.131094E-03
 0.110000E+00 -.160171E-03
 0.130000E+00 -.189216E-03
 0.150000E+00 -.218222E-03
 0.170000E+00 -.247184E-03
 0.190000E+00 -.276095E-03
 0.210000E+00 -.304950E-03
 0.230000E+00 -.333742E-03
 0.250000E+00 -.362467E-03
 0.270000E+00 -.391117E-03
 0.290000E+00 -.419688E-03
 0.310000E+00 -.448173E-03
 0.330000E+00 -.476567E-03
 0.350000E+00 -.504863E-03
 0.370000E+00 -.533057E-03
 0.390000E+00 -.561142E-03
 0.410000E+00 -.589112E-03
 0.430000E+00 -.616962E-03
 0.450000E+00 -.644686E-03
 0.470000E+00 -.672278E-03
 0.490000E+00 -.699734E-03
 0.510000E+00 -.727046E-03
 0.530000E+00 -.754211E-03
 0.550000E+00 -.781221E-03
 0.570000E+00 -.808072E-03
 0.590000E+00 -.834758E-03
 0.610000E+00 -.861274E-03
 0.630000E+00 -.887614E-03
 0.650000E+00 -.913773E-03
 0.670000E+00 -.939745E-03
 0.690000E+00 -.965526E-03
 0.710000E+00 -.991109E-03
 0.730000E+00 -.101649E-02
 0.750000E+00 -.104166E-02
 0.770000E+00 -.106663E-02
 0.790000E+00 -.109137E-02
 0.810000E+00 -.111589E-02
 0.830000E+00 -.114018E-02
 0.850000E+00 -.116425E-02
 0.870000E+00 -.118807E-02
 0.890000E+00 -.121165E-02
 0.910000E+00 -.282035E+00
 0.930000E+00 -.282058E+00
 0.950000E+00 -.282081E+00
 0.970000E+00 -.282104E+00
 0.990000E+00 -.282127E+00




































































































 -.990000E+00 0.280971E+00
 -.970000E+00 0.280971E+00
 -.950000E+00 0.280970E+00
 -.930000E+00 0.280970E+00
 -.910000E+00 0.280969E+00
 -.890000E+00 0.167751E-03
 -.870000E+00 0.166622E-03
 -.850000E+00 0.165335E-03
 -.830000E+00 0.163892E-03
 -.810000E+00 0.162292E-03
 -.790000E+00 0.160539E-03
 -.770000E+00 0.158634E-03
 -.750000E+00 0.156578E-03
 -.730000E+00 0.154374E-03
 -.710000E+00 0.152023E-03
 -.690000E+00 0.149528E-03
 -.670000E+00 0.146892E-03
 -.650000E+00 0.144116E-03
 -.630000E+00 0.141203E-03
 -.610000E+00 0.138157E-03
 -.590000E+00 0.134980E-03
 -.570000E+00 0.131674E-03
 -.550000E+00 0.128244E-03
 -.530000E+00 0.124692E-03
 -.510000E+00 0.121022E-03
 -.490000E+00 0.117237E-03
 -.470000E+00 0.113341E-03
 -.450000E+00 0.109338E-03
 -.430000E+00 0.105231E-03
 -.410000E+00 0.101024E-03
 -.390000E+00 0.967214E-04
 -.370000E+00 0.923271E-04
 -.350000E+00 0.878453E-04
 -.330000E+00 0.832802E-04
 -.310000E+00 0.786361E-04
 -.290000E+00 0.739174E-04
 -.270000E+00 0.691287E-04
 -.250000E+00 0.642745E-04
 -.230000E+00 0.593593E-04
 -.210000E+00 0.543878E-04
 -.190000E+00 0.493648E-04
 -.170000E+00 0.442949E-04
 -.150000E+00 0.391831E-04
 -.130000E+00 0.340341E-04
 -.110000E+00 0.288529E-04
 -.900000E-01 0.236443E-04
 -.700000E-01 0.184133E-04
 -.500000E-01 0.131649E-04
 -.300000E-01 0.790391E-05
 -.100000E-01 0.263547E-05
 0.100000E-01 -.263547E-05
 0.300000E-01 -.790391E-05
 0.500000E-01 -.131649E-04
 0.700000E-01 -.184133E-04
 0.900000E-01 -.236443E-04
 0.110000E+00 -.288529E-04
 0.130000E+00 -.340341E-04
 0.150000E+00 -.391831E-04
 0.170000E+00 -.442949E-04
 0.190000E+00 -.493648E-04
 0.210000E+00 -.543878E-04
 0.230000E+00 -.593593E-04
 0.250000E+00 -.642745E-04
 0.270000E+00 -.691287E-04
 0.290000E+00 -.739174E-04
 0.310000E+00 -.786361E-04
 0.330000E+00 -.832802E-04
 0.350000E+00 -.878453E-04
 0.370000E+00 -.923271E-04
 0.390000E+00 -.967214E-04
 0.410000E+00 -.101024E-03
 0.430000E+00 -.105231E-03
 0.450000E+00 -.109338E-03
 0.470000E+00 -.113341E-03
 0.490000E+00 -.117237E-03
 0.510000E+00 -.121022E-03
 0.530000E+00 -.124692E-03
 0.550000E+00 -.128244E-03
 0.570000E+00 -.131674E-03
 0.590000E+00 -.134980E-03
 0.610000E+00 -.138157E-03
 0.630000E+00 -.141203E-03
 0.650000E+00 -.144116E-03
 0.670000E+00 -.146892E-03
 0.690000E+00 -.149528E-03
 0.710000E+00 -.152023E-03
 0.730000E+00 -.154374E-03
 0.750000E+00 -.156578E-03
 0.770000E+00 -.158634E-03
 0.790000E+00 -.160539E-03
 0.810000E+00 -.162292E-03
 0.830000E+00 -.163892E-03
 0.850000E+00 -.165335E-03
 0.870000E+00 -.166622E-03
 0.890000E+00 -.167751E-03
 0.910000E+00 -.280969E+00
 0.930000E+00 -.280970E+00
 0.950000E+00 -.280970E+00
 0.970000E+00 -.280971E+00
 0.990000E+00 -.280971E+00




































































































 -.990000E+00 0.280813E+00
 -.970000E+00 0.280812E+00
 -.950000E+00 0.280806E+00
 -.930000E+00 0.280797E+00
 -.910000E+00 0.280789E+00
 -.890000E+00 -.137762E-04
 -.870000E+00 -.108494E-04
 -.850000E+00 -.322065E-05
 -.830000E+00 0.580385E-05
 -.810000E+00 0.123130E-04
 -.790000E+00 0.134858E-04
 -.770000E+00 0.881404E-05
 -.750000E+00 0.322385E-06
 -.730000E+00 -.830895E-05
 -.710000E+00 -.133393E-04
 -.690000E+00 -.125885E-04
 -.670000E+00 -.638200E-05
 -.650000E+00 0.259033E-05
 -.630000E+00 0.104400E-04
 -.610000E+00 0.137651E-04
 -.590000E+00 0.111245E-04
 -.570000E+00 0.366275E-05
 -.550000E+00 -.538641E-05
 -.530000E+00 -.121011E-04
 -.510000E+00 -.135714E-04
 -.490000E+00 -.915991E-05
 -.470000E+00 -.778674E-06
 -.450000E+00 0.794001E-05
 -.430000E+00 0.132176E-04
 -.410000E+00 0.127668E-04
 -.390000E+00 0.678301E-05
 -.370000E+00 -.214041E-05
 -.350000E+00 -.101362E-04
 -.330000E+00 -.137391E-04
 -.310000E+00 -.113876E-04
 -.290000E+00 -.410084E-05
 -.270000E+00 0.496313E-05
 -.250000E+00 0.118761E-04
 -.230000E+00 0.136421E-04
 -.210000E+00 0.949580E-05
 -.190000E+00 0.123410E-05
 -.170000E+00 -.756244E-05
 -.150000E+00 -.130815E-04
 -.130000E+00 -.129312E-04
 -.110000E+00 -.717663E-05
 -.900000E-01 0.168817E-05
 -.700000E-01 0.982134E-05
 -.500000E-01 0.136980E-04
 -.300000E-01 0.116382E-04
 -.100000E-01 0.453445E-05
 0.100000E-01 -.453445E-05
 0.300000E-01 -.116382E-04
 0.500000E-01 -.136980E-04
 0.700000E-01 -.982134E-05
 0.900000E-01 -.168817E-05
 0.110000E+00 0.717663E-05
 0.130000E+00 0.129312E-04
 0.150000E+00 0.130815E-04
 0.170000E+00 0.756244E-05
 0.190000E+00 -.123410E-05
 0.210000E+00 -.949580E-05
 0.230000E+00 -.136421E-04
 0.250000E+00 -.118761E-04
 0.270000E+00 -.496313E-05
 0.290000E+00 0.410084E-05
 0.310000E+00 0.113876E-04
 0.330000E+00 0.137391E-04
 0.350000E+00 0.101362E-04
 0.370000E+00 0.214041E-05
 0.390000E+00 -.678301E-05
 0.410000E+00 -.127668E-04
 0.430000E+00 -.132176E-04
 0.450000E+00 -.794001E-05
 0.470000E+00 0.778674E-06
 0.490000E+00 0.915991E-05
 0.510000E+00 0.135714E-04
 0.530000E+00 0.121011E-04
 0.550000E+00 0.538641E-05
 0.570000E+00 -.366275E-05
 0.590000E+00 -.111245E-04
 0.610000E+00 -.137651E-04
 0.630000E+00 -.104400E-04
 0.650000E+00 -.259033E-05
 0.670000E+00 0.638200E-05
 0.690000E+00 0.125885E-04
 0.710000E+00 0.133393E-04
 0.730000E+00 0.830895E-05
 0.750000E+00 -.322385E-06
 0.770000E+00 -.881404E-05
 0.790000E+00 -.134858E-04
 0.810000E+00 -.123130E-04
 0.830000E+00 -.580385E-05
 0.850000E+00 0.322065E-05
 0.870000E+00 0.108494E-04
 0.890000E+00 0.137762E-04
 0.910000E+00 -.280789E+00
 0.930000E+00 -.280797E+00
 0.950000E+00 -.280806E+00
 0.970000E+00 -.280812E+00
 0.990000E+00 -.280813E+00




































































































