 -.990000E+00 0.192514E-06
 -.970000E+00 0.197066E-06
 -.950000E+00 0.238122E-06
 -.930000E+00 0.297885E-06
 -.910000E+00 0.350452E-06
 -.890000E+00 -.275541E-02
 -.870000E+00 -.707297E-02
 -.850000E+00 -.832666E-02
 -.830000E+00 -.597396E-02
 -.810000E+00 -.103435E-02
 -.790000E+00 0.435250E-02
 -.770000E+00 0.785352E-02
 -.750000E+00 0.795275E-02
 -.730000E+00 0.460770E-02
 -.710000E+00 -.732403E-03
 -.690000E+00 -.575452E-02
 -.670000E+00 -.828367E-02
 -.650000E+00 -.722486E-02
 -.630000E+00 -.303720E-02
 -.610000E+00 0.246523E-02
 -.590000E+00 0.689917E-02
 -.570000E+00 0.834450E-02
 -.550000E+00 0.617568E-02
 -.530000E+00 0.133257E-02
 -.510000E+00 -.408696E-02
 -.490000E+00 -.773566E-02
 -.470000E+00 -.803358E-02
 -.450000E+00 -.485219E-02
 -.430000E+00 0.430164E-03
 -.410000E+00 0.552544E-02
 -.390000E+00 0.822694E-02
 -.370000E+00 0.736504E-02
 -.350000E+00 0.331354E-02
 -.330000E+00 -.217243E-02
 -.310000E+00 -.671672E-02
 -.290000E+00 -.835140E-02
 -.270000E+00 -.636892E-02
 -.250000E+00 -.162842E-02
 -.230000E+00 0.381663E-02
 -.210000E+00 0.760793E-02
 -.190000E+00 0.810375E-02
 -.170000E+00 0.508984E-02
 -.150000E+00 -.127988E-03
 -.130000E+00 -.528961E-02
 -.110000E+00 -.815959E-02
 -.900000E-01 -.749530E-02
 -.700000E-01 -.358497E-02
 -.500000E-01 0.187740E-02
 -.300000E-01 0.652587E-02
 -.100000E-01 0.834737E-02
 0.100000E-01 0.655343E-02
 0.300000E-01 0.192153E-02
 0.500000E-01 -.354188E-02
 0.700000E-01 -.747053E-02
 0.900000E-01 -.816318E-02
 0.110000E+00 -.532034E-02
 0.130000E+00 -.173729E-03
 0.150000E+00 0.504736E-02
 0.170000E+00 0.808171E-02
 0.190000E+00 0.761551E-02
 0.210000E+00 0.385117E-02
 0.230000E+00 -.158052E-02
 0.250000E+00 -.632690E-02
 0.270000E+00 -.833245E-02
 0.290000E+00 -.672900E-02
 0.310000E+00 -.221153E-02
 0.330000E+00 0.326307E-02
 0.350000E+00 0.732365E-02
 0.370000E+00 0.821183E-02
 0.390000E+00 0.554342E-02
 0.410000E+00 0.474595E-03
 0.430000E+00 -.479902E-02
 0.450000E+00 -.799344E-02
 0.470000E+00 -.772551E-02
 0.490000E+00 -.411178E-02
 0.510000E+00 0.128220E-02
 0.530000E+00 0.612006E-02
 0.550000E+00 0.830667E-02
 0.570000E+00 0.689542E-02
 0.590000E+00 0.249804E-02
 0.610000E+00 -.298057E-02
 0.630000E+00 -.716751E-02
 0.650000E+00 -.824965E-02
 0.670000E+00 -.575879E-02
 0.690000E+00 -.774218E-03
 0.710000E+00 0.454492E-02
 0.730000E+00 0.789491E-02
 0.750000E+00 0.782520E-02
 0.770000E+00 0.436648E-02
 0.790000E+00 -.982814E-03
 0.810000E+00 -.590566E-02
 0.830000E+00 -.827010E-02
 0.850000E+00 -.705249E-02
 0.870000E+00 -.278069E-02
 0.890000E+00 0.269477E-02
 0.910000E+00 0.424674E-02
 0.930000E+00 0.120390E-02
 0.950000E+00 -.235998E-02
 0.970000E+00 -.490144E-02
 0.990000E+00 -.532023E-02




































































































 -.990000E+00 0.161170E-03
 -.970000E+00 0.161166E-03
 -.950000E+00 0.161158E-03
 -.930000E+00 0.161143E-03
 -.910000E+00 0.161123E-03
 -.890000E+00 -.274398E-02
 -.870000E+00 -.855079E-02
 -.850000E+00 -.143484E-01
 -.830000E+00 -.201311E-01
 -.810000E+00 -.258934E-01
 -.790000E+00 -.316295E-01
 -.770000E+00 -.373339E-01
 -.750000E+00 -.430011E-01
 -.730000E+00 -.486254E-01
 -.710000E+00 -.542015E-01
 -.690000E+00 -.597238E-01
 -.670000E+00 -.651871E-01
 -.650000E+00 -.705859E-01
 -.630000E+00 -.759151E-01
 -.610000E+00 -.811693E-01
 -.590000E+00 -.863436E-01
 -.570000E+00 -.914329E-01
 -.550000E+00 -.964322E-01
 -.530000E+00 -.101337E+00
 -.510000E+00 -.106141E+00
 -.490000E+00 -.110842E+00
 -.470000E+00 -.115433E+00
 -.450000E+00 -.119912E+00
 -.430000E+00 -.124272E+00
 -.410000E+00 -.128511E+00
 -.390000E+00 -.132624E+00
 -.370000E+00 -.136606E+00
 -.350000E+00 -.140455E+00
 -.330000E+00 -.144166E+00
 -.310000E+00 -.147736E+00
 -.290000E+00 -.151161E+00
 -.270000E+00 -.154438E+00
 -.250000E+00 -.157564E+00
 -.230000E+00 -.160535E+00
 -.210000E+00 -.163350E+00
 -.190000E+00 -.166004E+00
 -.170000E+00 -.168496E+00
 -.150000E+00 -.170824E+00
 -.130000E+00 -.172984E+00
 -.110000E+00 -.174976E+00
 -.900000E-01 -.176796E+00
 -.700000E-01 -.178443E+00
 -.500000E-01 -.179917E+00
 -.300000E-01 -.181214E+00
 -.100000E-01 -.182334E+00
 0.100000E-01 -.183277E+00
 0.300000E-01 -.184040E+00
 0.500000E-01 -.184624E+00
 0.700000E-01 -.185027E+00
 0.900000E-01 -.185250E+00
 0.110000E+00 -.185292E+00
 0.130000E+00 -.185154E+00
 0.150000E+00 -.184834E+00
 0.170000E+00 -.184335E+00
 0.190000E+00 -.183656E+00
 0.210000E+00 -.182798E+00
 0.230000E+00 -.181761E+00
 0.250000E+00 -.180548E+00
 0.270000E+00 -.179158E+00
 0.290000E+00 -.177594E+00
 0.310000E+00 -.175858E+00
 0.330000E+00 -.173949E+00
 0.350000E+00 -.171872E+00
 0.370000E+00 -.169627E+00
 0.390000E+00 -.167217E+00
 0.410000E+00 -.164645E+00
 0.430000E+00 -.161912E+00
 0.450000E+00 -.159022E+00
 0.470000E+00 -.155977E+00
 0.490000E+00 -.152781E+00
 0.510000E+00 -.149436E+00
 0.530000E+00 -.145945E+00
 0.550000E+00 -.142313E+00
 0.570000E+00 -.138543E+00
 0.590000E+00 -.134639E+00
 0.610000E+00 -.130603E+00
 0.630000E+00 -.126441E+00
 0.650000E+00 -.122156E+00
 0.670000E+00 -.117753E+00
 0.690000E+00 -.113235E+00
 0.710000E+00 -.108608E+00
 0.730000E+00 -.103876E+00
 0.750000E+00 -.990427E-01
 0.770000E+00 -.941139E-01
 0.790000E+00 -.890940E-01
 0.810000E+00 -.839880E-01
 0.830000E+00 -.788008E-01
 0.850000E+00 -.735376E-01
 0.870000E+00 -.682035E-01
 0.890000E+00 -.628036E-01
 0.910000E+00 -.602275E-01
 0.930000E+00 -.604824E-01
 0.950000E+00 -.606855E-01
 0.970000E+00 -.608367E-01
 0.990000E+00 -.609362E-01




































































































 -.990000E+00 0.376668E-02
 -.970000E+00 0.376661E-02
 -.950000E+00 0.376641E-02
 -.930000E+00 0.376607E-02
 -.910000E+00 0.376560E-02
 -.890000E+00 0.291198E-03
 -.870000E+00 -.665640E-02
 -.850000E+00 -.136021E-01
 -.830000E+00 -.205446E-01
 -.810000E+00 -.274823E-01
 -.790000E+00 -.344139E-01
 -.770000E+00 -.413380E-01
 -.750000E+00 -.482530E-01
 -.730000E+00 -.551578E-01
 -.710000E+00 -.620507E-01
 -.690000E+00 -.689304E-01
 -.670000E+00 -.757955E-01
 -.650000E+00 -.826445E-01
 -.630000E+00 -.894761E-01
 -.610000E+00 -.962889E-01
 -.590000E+00 -.103081E+00
 -.570000E+00 -.109852E+00
 -.550000E+00 -.116600E+00
 -.530000E+00 -.123324E+00
 -.510000E+00 -.130022E+00
 -.490000E+00 -.136692E+00
 -.470000E+00 -.143334E+00
 -.450000E+00 -.149946E+00
 -.430000E+00 -.156527E+00
 -.410000E+00 -.163076E+00
 -.390000E+00 -.169590E+00
 -.370000E+00 -.176069E+00
 -.350000E+00 -.182512E+00
 -.330000E+00 -.188916E+00
 -.310000E+00 -.195281E+00
 -.290000E+00 -.201606E+00
 -.270000E+00 -.207889E+00
 -.250000E+00 -.214128E+00
 -.230000E+00 -.220323E+00
 -.210000E+00 -.226473E+00
 -.190000E+00 -.232575E+00
 -.170000E+00 -.238629E+00
 -.150000E+00 -.244634E+00
 -.130000E+00 -.250588E+00
 -.110000E+00 -.256490E+00
 -.900000E-01 -.262339E+00
 -.700000E-01 -.268133E+00
 -.500000E-01 -.273872E+00
 -.300000E-01 -.279554E+00
 -.100000E-01 -.285178E+00
 0.100000E-01 -.290743E+00
 0.300000E-01 -.296248E+00
 0.500000E-01 -.301691E+00
 0.700000E-01 -.307072E+00
 0.900000E-01 -.312389E+00
 0.110000E+00 -.317642E+00
 0.130000E+00 -.322829E+00
 0.150000E+00 -.327949E+00
 0.170000E+00 -.333001E+00
 0.190000E+00 -.337984E+00
 0.210000E+00 -.342897E+00
 0.230000E+00 -.347739E+00
 0.250000E+00 -.352510E+00
 0.270000E+00 -.357207E+00
 0.290000E+00 -.361831E+00
 0.310000E+00 -.366379E+00
 0.330000E+00 -.370852E+00
 0.350000E+00 -.375248E+00
 0.370000E+00 -.379567E+00
 0.390000E+00 -.383807E+00
 0.410000E+00 -.387967E+00
 0.430000E+00 -.392048E+00
 0.450000E+00 -.396047E+00
 0.470000E+00 -.399965E+00
 0.490000E+00 -.403800E+00
 0.510000E+00 -.407552E+00
 0.530000E+00 -.411219E+00
 0.550000E+00 -.414801E+00
 0.570000E+00 -.418298E+00
 0.590000E+00 -.421709E+00
 0.610000E+00 -.425032E+00
 0.630000E+00 -.428268E+00
 0.650000E+00 -.431415E+00
 0.670000E+00 -.434473E+00
 0.690000E+00 -.437442E+00
 0.710000E+00 -.440320E+00
 0.730000E+00 -.443108E+00
 0.750000E+00 -.445804E+00
 0.770000E+00 -.448408E+00
 0.790000E+00 -.450920E+00
 0.810000E+00 -.453339E+00
 0.830000E+00 -.455664E+00
 0.850000E+00 -.457896E+00
 0.870000E+00 -.460033E+00
 0.890000E+00 -.462076E+00
 0.910000E+00 -.466275E+00
 0.930000E+00 -.472590E+00
 0.950000E+00 -.478753E+00
 0.970000E+00 -.484765E+00
 0.990000E+00 -.490626E+00




































































































 -.990000E+00 0.744370E+00
 -.970000E+00 0.744371E+00
 -.950000E+00 0.744371E+00
 -.930000E+00 0.744373E+00
 -.910000E+00 0.744375E+00
 -.890000E+00 0.741868E+00
 -.870000E+00 0.736821E+00
 -.850000E+00 0.731732E+00
 -.830000E+00 0.726601E+00
 -.810000E+00 0.721430E+00
 -.790000E+00 0.716217E+00
 -.770000E+00 0.710964E+00
 -.750000E+00 0.705671E+00
 -.730000E+00 0.700338E+00
 -.710000E+00 0.694965E+00
 -.690000E+00 0.689553E+00
 -.670000E+00 0.684102E+00
 -.650000E+00 0.678611E+00
 -.630000E+00 0.673083E+00
 -.610000E+00 0.667516E+00
 -.590000E+00 0.661911E+00
 -.570000E+00 0.656268E+00
 -.550000E+00 0.650588E+00
 -.530000E+00 0.644871E+00
 -.510000E+00 0.639118E+00
 -.490000E+00 0.633328E+00
 -.470000E+00 0.627502E+00
 -.450000E+00 0.621640E+00
 -.430000E+00 0.615742E+00
 -.410000E+00 0.609810E+00
 -.390000E+00 0.603842E+00
 -.370000E+00 0.597840E+00
 -.350000E+00 0.591804E+00
 -.330000E+00 0.585734E+00
 -.310000E+00 0.579631E+00
 -.290000E+00 0.573494E+00
 -.270000E+00 0.567324E+00
 -.250000E+00 0.561122E+00
 -.230000E+00 0.554888E+00
 -.210000E+00 0.548621E+00
 -.190000E+00 0.542324E+00
 -.170000E+00 0.535995E+00
 -.150000E+00 0.529635E+00
 -.130000E+00 0.523244E+00
 -.110000E+00 0.516824E+00
 -.900000E-01 0.510373E+00
 -.700000E-01 0.503893E+00
 -.500000E-01 0.497384E+00
 -.300000E-01 0.490846E+00
 -.100000E-01 0.484280E+00
 0.100000E-01 0.477686E+00
 0.300000E-01 0.471064E+00
 0.500000E-01 0.464415E+00
 0.700000E-01 0.457738E+00
 0.900000E-01 0.451035E+00
 0.110000E+00 0.444306E+00
 0.130000E+00 0.437551E+00
 0.150000E+00 0.430771E+00
 0.170000E+00 0.423965E+00
 0.190000E+00 0.417135E+00
 0.210000E+00 0.410280E+00
 0.230000E+00 0.403401E+00
 0.250000E+00 0.396499E+00
 0.270000E+00 0.389573E+00
 0.290000E+00 0.382624E+00
 0.310000E+00 0.375653E+00
 0.330000E+00 0.368660E+00
 0.350000E+00 0.361646E+00
 0.370000E+00 0.354609E+00
 0.390000E+00 0.347552E+00
 0.410000E+00 0.340475E+00
 0.430000E+00 0.333377E+00
 0.450000E+00 0.326259E+00
 0.470000E+00 0.319122E+00
 0.490000E+00 0.311967E+00
 0.510000E+00 0.304792E+00
 0.530000E+00 0.297600E+00
 0.550000E+00 0.290389E+00
 0.570000E+00 0.283162E+00
 0.590000E+00 0.275917E+00
 0.610000E+00 0.268656E+00
 0.630000E+00 0.261378E+00
 0.650000E+00 0.254085E+00
 0.670000E+00 0.246777E+00
 0.690000E+00 0.239454E+00
 0.710000E+00 0.232116E+00
 0.730000E+00 0.224764E+00
 0.750000E+00 0.217398E+00
 0.770000E+00 0.210020E+00
 0.790000E+00 0.202628E+00
 0.810000E+00 0.195224E+00
 0.830000E+00 0.187808E+00
 0.850000E+00 0.180380E+00
 0.870000E+00 0.172942E+00
 0.890000E+00 0.165492E+00
 0.910000E+00 0.152553E+00
 0.930000E+00 0.134069E+00
 0.950000E+00 0.115507E+00
 0.970000E+00 0.968789E-01
 0.990000E+00 0.781938E-01




































































































 -.990000E+00 0.960325E+00
 -.970000E+00 0.960325E+00
 -.950000E+00 0.960326E+00
 -.930000E+00 0.960328E+00
 -.910000E+00 0.960331E+00
 -.890000E+00 0.959897E+00
 -.870000E+00 0.959018E+00
 -.850000E+00 0.958130E+00
 -.830000E+00 0.957232E+00
 -.810000E+00 0.956325E+00
 -.790000E+00 0.955409E+00
 -.770000E+00 0.954483E+00
 -.750000E+00 0.953548E+00
 -.730000E+00 0.952604E+00
 -.710000E+00 0.951650E+00
 -.690000E+00 0.950687E+00
 -.670000E+00 0.949715E+00
 -.650000E+00 0.948733E+00
 -.630000E+00 0.947743E+00
 -.610000E+00 0.946743E+00
 -.590000E+00 0.945733E+00
 -.570000E+00 0.944715E+00
 -.550000E+00 0.943687E+00
 -.530000E+00 0.942650E+00
 -.510000E+00 0.941603E+00
 -.490000E+00 0.940548E+00
 -.470000E+00 0.939483E+00
 -.450000E+00 0.938409E+00
 -.430000E+00 0.937325E+00
 -.410000E+00 0.936233E+00
 -.390000E+00 0.935131E+00
 -.370000E+00 0.934020E+00
 -.350000E+00 0.932900E+00
 -.330000E+00 0.931771E+00
 -.310000E+00 0.930632E+00
 -.290000E+00 0.929485E+00
 -.270000E+00 0.928328E+00
 -.250000E+00 0.927162E+00
 -.230000E+00 0.925987E+00
 -.210000E+00 0.924803E+00
 -.190000E+00 0.923609E+00
 -.170000E+00 0.922407E+00
 -.150000E+00 0.921195E+00
 -.130000E+00 0.919974E+00
 -.110000E+00 0.918745E+00
 -.900000E-01 0.917506E+00
 -.700000E-01 0.916258E+00
 -.500000E-01 0.915001E+00
 -.300000E-01 0.913734E+00
 -.100000E-01 0.912459E+00
 0.100000E-01 0.911175E+00
 0.300000E-01 0.909882E+00
 0.500000E-01 0.908579E+00
 0.700000E-01 0.907268E+00
 0.900000E-01 0.905948E+00
 0.110000E+00 0.904618E+00
 0.130000E+00 0.903280E+00
 0.150000E+00 0.901932E+00
 0.170000E+00 0.900576E+00
 0.190000E+00 0.899211E+00
 0.210000E+00 0.897836E+00
 0.230000E+00 0.896453E+00
 0.250000E+00 0.895061E+00
 0.270000E+00 0.893659E+00
 0.290000E+00 0.892249E+00
 0.310000E+00 0.890830E+00
 0.330000E+00 0.889402E+00
 0.350000E+00 0.887965E+00
 0.370000E+00 0.886519E+00
 0.390000E+00 0.885065E+00
 0.410000E+00 0.883601E+00
 0.430000E+00 0.882129E+00
 0.450000E+00 0.880647E+00
 0.470000E+00 0.879157E+00
 0.490000E+00 0.877658E+00
 0.510000E+00 0.876150E+00
 0.530000E+00 0.874633E+00
 0.550000E+00 0.873108E+00
 0.570000E+00 0.871573E+00
 0.590000E+00 0.870030E+00
 0.610000E+00 0.868478E+00
 0.630000E+00 0.866918E+00
 0.650000E+00 0.865348E+00
 0.670000E+00 0.863770E+00
 0.690000E+00 0.862183E+00
 0.710000E+00 0.860587E+00
 0.730000E+00 0.858983E+00
 0.750000E+00 0.857369E+00
 0.770000E+00 0.855747E+00
 0.790000E+00 0.854117E+00
 0.810000E+00 0.852477E+00
 0.830000E+00 0.850829E+00
 0.850000E+00 0.849173E+00
 0.870000E+00 0.847507E+00
 0.890000E+00 0.845833E+00
 0.910000E+00 0.842530E+00
 0.930000E+00 0.837515E+00
 0.950000E+00 0.832378E+00
 0.970000E+00 0.827116E+00
 0.990000E+00 0.821729E+00




































































































 -.990000E+00 0.920754E+00
 -.970000E+00 0.920749E+00
 -.950000E+00 0.920735E+00
 -.930000E+00 0.920710E+00
 -.910000E+00 0.920677E+00
 -.890000E+00 0.920208E+00
 -.870000E+00 0.919309E+00
 -.850000E+00 0.918412E+00
 -.830000E+00 0.917515E+00
 -.810000E+00 0.916619E+00
 -.790000E+00 0.915724E+00
 -.770000E+00 0.914829E+00
 -.750000E+00 0.913936E+00
 -.730000E+00 0.913043E+00
 -.710000E+00 0.912151E+00
 -.690000E+00 0.911260E+00
 -.670000E+00 0.910370E+00
 -.650000E+00 0.909480E+00
 -.630000E+00 0.908591E+00
 -.610000E+00 0.907704E+00
 -.590000E+00 0.906816E+00
 -.570000E+00 0.905930E+00
 -.550000E+00 0.905045E+00
 -.530000E+00 0.904160E+00
 -.510000E+00 0.903276E+00
 -.490000E+00 0.902393E+00
 -.470000E+00 0.901510E+00
 -.450000E+00 0.900629E+00
 -.430000E+00 0.899748E+00
 -.410000E+00 0.898868E+00
 -.390000E+00 0.897989E+00
 -.370000E+00 0.897110E+00
 -.350000E+00 0.896233E+00
 -.330000E+00 0.895356E+00
 -.310000E+00 0.894480E+00
 -.290000E+00 0.893604E+00
 -.270000E+00 0.892730E+00
 -.250000E+00 0.891856E+00
 -.230000E+00 0.890983E+00
 -.210000E+00 0.890111E+00
 -.190000E+00 0.889240E+00
 -.170000E+00 0.888369E+00
 -.150000E+00 0.887499E+00
 -.130000E+00 0.886630E+00
 -.110000E+00 0.885762E+00
 -.900000E-01 0.884894E+00
 -.700000E-01 0.884027E+00
 -.500000E-01 0.883161E+00
 -.300000E-01 0.882296E+00
 -.100000E-01 0.881431E+00
 0.100000E-01 0.880568E+00
 0.300000E-01 0.879705E+00
 0.500000E-01 0.878842E+00
 0.700000E-01 0.877981E+00
 0.900000E-01 0.877120E+00
 0.110000E+00 0.876260E+00
 0.130000E+00 0.875401E+00
 0.150000E+00 0.874542E+00
 0.170000E+00 0.873685E+00
 0.190000E+00 0.872828E+00
 0.210000E+00 0.871972E+00
 0.230000E+00 0.871116E+00
 0.250000E+00 0.870261E+00
 0.270000E+00 0.869407E+00
 0.290000E+00 0.868554E+00
 0.310000E+00 0.867702E+00
 0.330000E+00 0.866850E+00
 0.350000E+00 0.865999E+00
 0.370000E+00 0.865148E+00
 0.390000E+00 0.864299E+00
 0.410000E+00 0.863450E+00
 0.430000E+00 0.862602E+00
 0.450000E+00 0.861755E+00
 0.470000E+00 0.860908E+00
 0.490000E+00 0.860062E+00
 0.510000E+00 0.859217E+00
 0.530000E+00 0.858373E+00
 0.550000E+00 0.857529E+00
 0.570000E+00 0.856686E+00
 0.590000E+00 0.855844E+00
 0.610000E+00 0.855002E+00
 0.630000E+00 0.854161E+00
 0.650000E+00 0.853321E+00
 0.670000E+00 0.852482E+00
 0.690000E+00 0.851643E+00
 0.710000E+00 0.850805E+00
 0.730000E+00 0.849968E+00
 0.750000E+00 0.849132E+00
 0.770000E+00 0.848296E+00
 0.790000E+00 0.847461E+00
 0.810000E+00 0.846626E+00
 0.830000E+00 0.845793E+00
 0.850000E+00 0.844960E+00
 0.870000E+00 0.844127E+00
 0.890000E+00 0.843296E+00
 0.910000E+00 0.841652E+00
 0.930000E+00 0.839183E+00
 0.950000E+00 0.836702E+00
 0.970000E+00 0.834209E+00
 0.990000E+00 0.831703E+00




































































































 -.990000E+00 0.960325E+00
 -.970000E+00 0.960325E+00
 -.950000E+00 0.960326E+00
 -.930000E+00 0.960328E+00
 -.910000E+00 0.960331E+00
 -.890000E+00 0.959897E+00
 -.870000E+00 0.959018E+00
 -.850000E+00 0.958130E+00
 -.830000E+00 0.957232E+00
 -.810000E+00 0.956325E+00
 -.790000E+00 0.955409E+00
 -.770000E+00 0.954483E+00
 -.750000E+00 0.953548E+00
 -.730000E+00 0.952604E+00
 -.710000E+00 0.951650E+00
 -.690000E+00 0.950687E+00
 -.670000E+00 0.949715E+00
 -.650000E+00 0.948733E+00
 -.630000E+00 0.947743E+00
 -.610000E+00 0.946743E+00
 -.590000E+00 0.945733E+00
 -.570000E+00 0.944715E+00
 -.550000E+00 0.943687E+00
 -.530000E+00 0.942650E+00
 -.510000E+00 0.941603E+00
 -.490000E+00 0.940548E+00
 -.470000E+00 0.939483E+00
 -.450000E+00 0.938409E+00
 -.430000E+00 0.937325E+00
 -.410000E+00 0.936233E+00
 -.390000E+00 0.935131E+00
 -.370000E+00 0.934020E+00
 -.350000E+00 0.932900E+00
 -.330000E+00 0.931771E+00
 -.310000E+00 0.930632E+00
 -.290000E+00 0.929485E+00
 -.270000E+00 0.928328E+00
 -.250000E+00 0.927162E+00
 -.230000E+00 0.925987E+00
 -.210000E+00 0.924803E+00
 -.190000E+00 0.923609E+00
 -.170000E+00 0.922407E+00
 -.150000E+00 0.921195E+00
 -.130000E+00 0.919974E+00
 -.110000E+00 0.918745E+00
 -.900000E-01 0.917506E+00
 -.700000E-01 0.916258E+00
 -.500000E-01 0.915001E+00
 -.300000E-01 0.913734E+00
 -.100000E-01 0.912459E+00
 0.100000E-01 0.911175E+00
 0.300000E-01 0.909882E+00
 0.500000E-01 0.908579E+00
 0.700000E-01 0.907268E+00
 0.900000E-01 0.905948E+00
 0.110000E+00 0.904618E+00
 0.130000E+00 0.903280E+00
 0.150000E+00 0.901932E+00
 0.170000E+00 0.900576E+00
 0.190000E+00 0.899211E+00
 0.210000E+00 0.897836E+00
 0.230000E+00 0.896453E+00
 0.250000E+00 0.895061E+00
 0.270000E+00 0.893659E+00
 0.290000E+00 0.892249E+00
 0.310000E+00 0.890830E+00
 0.330000E+00 0.889402E+00
 0.350000E+00 0.887965E+00
 0.370000E+00 0.886519E+00
 0.390000E+00 0.885065E+00
 0.410000E+00 0.883601E+00
 0.430000E+00 0.882129E+00
 0.450000E+00 0.880647E+00
 0.470000E+00 0.879157E+00
 0.490000E+00 0.877658E+00
 0.510000E+00 0.876150E+00
 0.530000E+00 0.874633E+00
 0.550000E+00 0.873108E+00
 0.570000E+00 0.871573E+00
 0.590000E+00 0.870030E+00
 0.610000E+00 0.868478E+00
 0.630000E+00 0.866918E+00
 0.650000E+00 0.865348E+00
 0.670000E+00 0.863770E+00
 0.690000E+00 0.862183E+00
 0.710000E+00 0.860587E+00
 0.730000E+00 0.858983E+00
 0.750000E+00 0.857369E+00
 0.770000E+00 0.855747E+00
 0.790000E+00 0.854117E+00
 0.810000E+00 0.852477E+00
 0.830000E+00 0.850829E+00
 0.850000E+00 0.849173E+00
 0.870000E+00 0.847507E+00
 0.890000E+00 0.845833E+00
 0.910000E+00 0.842530E+00
 0.930000E+00 0.837515E+00
 0.950000E+00 0.832378E+00
 0.970000E+00 0.827116E+00
 0.990000E+00 0.821729E+00




































































































 -.990000E+00 0.744370E+00
 -.970000E+00 0.744371E+00
 -.950000E+00 0.744371E+00
 -.930000E+00 0.744373E+00
 -.910000E+00 0.744375E+00
 -.890000E+00 0.741868E+00
 -.870000E+00 0.736821E+00
 -.850000E+00 0.731732E+00
 -.830000E+00 0.726601E+00
 -.810000E+00 0.721430E+00
 -.790000E+00 0.716217E+00
 -.770000E+00 0.710964E+00
 -.750000E+00 0.705671E+00
 -.730000E+00 0.700338E+00
 -.710000E+00 0.694965E+00
 -.690000E+00 0.689553E+00
 -.670000E+00 0.684102E+00
 -.650000E+00 0.678611E+00
 -.630000E+00 0.673083E+00
 -.610000E+00 0.667516E+00
 -.590000E+00 0.661911E+00
 -.570000E+00 0.656268E+00
 -.550000E+00 0.650588E+00
 -.530000E+00 0.644871E+00
 -.510000E+00 0.639118E+00
 -.490000E+00 0.633328E+00
 -.470000E+00 0.627502E+00
 -.450000E+00 0.621640E+00
 -.430000E+00 0.615742E+00
 -.410000E+00 0.609810E+00
 -.390000E+00 0.603842E+00
 -.370000E+00 0.597840E+00
 -.350000E+00 0.591804E+00
 -.330000E+00 0.585734E+00
 -.310000E+00 0.579631E+00
 -.290000E+00 0.573494E+00
 -.270000E+00 0.567324E+00
 -.250000E+00 0.561122E+00
 -.230000E+00 0.554888E+00
 -.210000E+00 0.548621E+00
 -.190000E+00 0.542324E+00
 -.170000E+00 0.535995E+00
 -.150000E+00 0.529635E+00
 -.130000E+00 0.523244E+00
 -.110000E+00 0.516824E+00
 -.900000E-01 0.510373E+00
 -.700000E-01 0.503893E+00
 -.500000E-01 0.497384E+00
 -.300000E-01 0.490846E+00
 -.100000E-01 0.484280E+00
 0.100000E-01 0.477686E+00
 0.300000E-01 0.471064E+00
 0.500000E-01 0.464415E+00
 0.700000E-01 0.457738E+00
 0.900000E-01 0.451035E+00
 0.110000E+00 0.444306E+00
 0.130000E+00 0.437551E+00
 0.150000E+00 0.430771E+00
 0.170000E+00 0.423965E+00
 0.190000E+00 0.417135E+00
 0.210000E+00 0.410280E+00
 0.230000E+00 0.403401E+00
 0.250000E+00 0.396499E+00
 0.270000E+00 0.389573E+00
 0.290000E+00 0.382624E+00
 0.310000E+00 0.375653E+00
 0.330000E+00 0.368660E+00
 0.350000E+00 0.361646E+00
 0.370000E+00 0.354609E+00
 0.390000E+00 0.347552E+00
 0.410000E+00 0.340475E+00
 0.430000E+00 0.333377E+00
 0.450000E+00 0.326259E+00
 0.470000E+00 0.319122E+00
 0.490000E+00 0.311967E+00
 0.510000E+00 0.304792E+00
 0.530000E+00 0.297600E+00
 0.550000E+00 0.290389E+00
 0.570000E+00 0.283162E+00
 0.590000E+00 0.275917E+00
 0.610000E+00 0.268656E+00
 0.630000E+00 0.261378E+00
 0.650000E+00 0.254085E+00
 0.670000E+00 0.246777E+00
 0.690000E+00 0.239454E+00
 0.710000E+00 0.232116E+00
 0.730000E+00 0.224764E+00
 0.750000E+00 0.217398E+00
 0.770000E+00 0.210020E+00
 0.790000E+00 0.202628E+00
 0.810000E+00 0.195224E+00
 0.830000E+00 0.187808E+00
 0.850000E+00 0.180380E+00
 0.870000E+00 0.172942E+00
 0.890000E+00 0.165492E+00
 0.910000E+00 0.152553E+00
 0.930000E+00 0.134069E+00
 0.950000E+00 0.115507E+00
 0.970000E+00 0.968789E-01
 0.990000E+00 0.781938E-01




































































































 -.990000E+00 0.376668E-02
 -.970000E+00 0.376661E-02
 -.950000E+00 0.376641E-02
 -.930000E+00 0.376607E-02
 -.910000E+00 0.376560E-02
 -.890000E+00 0.291198E-03
 -.870000E+00 -.665640E-02
 -.850000E+00 -.136021E-01
 -.830000E+00 -.205446E-01
 -.810000E+00 -.274823E-01
 -.790000E+00 -.344139E-01
 -.770000E+00 -.413380E-01
 -.750000E+00 -.482530E-01
 -.730000E+00 -.551578E-01
 -.710000E+00 -.620507E-01
 -.690000E+00 -.689304E-01
 -.670000E+00 -.757955E-01
 -.650000E+00 -.826445E-01
 -.630000E+00 -.894761E-01
 -.610000E+00 -.962889E-01
 -.590000E+00 -.103081E+00
 -.570000E+00 -.109852E+00
 -.550000E+00 -.116600E+00
 -.530000E+00 -.123324E+00
 -.510000E+00 -.130022E+00
 -.490000E+00 -.136692E+00
 -.470000E+00 -.143334E+00
 -.450000E+00 -.149946E+00
 -.430000E+00 -.156527E+00
 -.410000E+00 -.163076E+00
 -.390000E+00 -.169590E+00
 -.370000E+00 -.176069E+00
 -.350000E+00 -.182512E+00
 -.330000E+00 -.188916E+00
 -.310000E+00 -.195281E+00
 -.290000E+00 -.201606E+00
 -.270000E+00 -.207889E+00
 -.250000E+00 -.214128E+00
 -.230000E+00 -.220323E+00
 -.210000E+00 -.226473E+00
 -.190000E+00 -.232575E+00
 -.170000E+00 -.238629E+00
 -.150000E+00 -.244634E+00
 -.130000E+00 -.250588E+00
 -.110000E+00 -.256490E+00
 -.900000E-01 -.262339E+00
 -.700000E-01 -.268133E+00
 -.500000E-01 -.273872E+00
 -.300000E-01 -.279554E+00
 -.100000E-01 -.285178E+00
 0.100000E-01 -.290743E+00
 0.300000E-01 -.296248E+00
 0.500000E-01 -.301691E+00
 0.700000E-01 -.307072E+00
 0.900000E-01 -.312389E+00
 0.110000E+00 -.317642E+00
 0.130000E+00 -.322829E+00
 0.150000E+00 -.327949E+00
 0.170000E+00 -.333001E+00
 0.190000E+00 -.337984E+00
 0.210000E+00 -.342897E+00
 0.230000E+00 -.347739E+00
 0.250000E+00 -.352510E+00
 0.270000E+00 -.357207E+00
 0.290000E+00 -.361831E+00
 0.310000E+00 -.366379E+00
 0.330000E+00 -.370852E+00
 0.350000E+00 -.375248E+00
 0.370000E+00 -.379567E+00
 0.390000E+00 -.383807E+00
 0.410000E+00 -.387967E+00
 0.430000E+00 -.392048E+00
 0.450000E+00 -.396047E+00
 0.470000E+00 -.399965E+00
 0.490000E+00 -.403800E+00
 0.510000E+00 -.407552E+00
 0.530000E+00 -.411219E+00
 0.550000E+00 -.414801E+00
 0.570000E+00 -.418298E+00
 0.590000E+00 -.421709E+00
 0.610000E+00 -.425032E+00
 0.630000E+00 -.428268E+00
 0.650000E+00 -.431415E+00
 0.670000E+00 -.434473E+00
 0.690000E+00 -.437442E+00
 0.710000E+00 -.440320E+00
 0.730000E+00 -.443108E+00
 0.750000E+00 -.445804E+00
 0.770000E+00 -.448408E+00
 0.790000E+00 -.450920E+00
 0.810000E+00 -.453339E+00
 0.830000E+00 -.455664E+00
 0.850000E+00 -.457896E+00
 0.870000E+00 -.460033E+00
 0.890000E+00 -.462076E+00
 0.910000E+00 -.466275E+00
 0.930000E+00 -.472590E+00
 0.950000E+00 -.478753E+00
 0.970000E+00 -.484765E+00
 0.990000E+00 -.490626E+00




































































































 -.990000E+00 0.161170E-03
 -.970000E+00 0.161166E-03
 -.950000E+00 0.161158E-03
 -.930000E+00 0.161143E-03
 -.910000E+00 0.161123E-03
 -.890000E+00 -.274398E-02
 -.870000E+00 -.855079E-02
 -.850000E+00 -.143484E-01
 -.830000E+00 -.201311E-01
 -.810000E+00 -.258934E-01
 -.790000E+00 -.316295E-01
 -.770000E+00 -.373339E-01
 -.750000E+00 -.430011E-01
 -.730000E+00 -.486254E-01
 -.710000E+00 -.542015E-01
 -.690000E+00 -.597238E-01
 -.670000E+00 -.651871E-01
 -.650000E+00 -.705859E-01
 -.630000E+00 -.759151E-01
 -.610000E+00 -.811693E-01
 -.590000E+00 -.863436E-01
 -.570000E+00 -.914329E-01
 -.550000E+00 -.964322E-01
 -.530000E+00 -.101337E+00
 -.510000E+00 -.106141E+00
 -.490000E+00 -.110842E+00
 -.470000E+00 -.115433E+00
 -.450000E+00 -.119912E+00
 -.430000E+00 -.124272E+00
 -.410000E+00 -.128511E+00
 -.390000E+00 -.132624E+00
 -.370000E+00 -.136606E+00
 -.350000E+00 -.140455E+00
 -.330000E+00 -.144166E+00
 -.310000E+00 -.147736E+00
 -.290000E+00 -.151161E+00
 -.270000E+00 -.154438E+00
 -.250000E+00 -.157564E+00
 -.230000E+00 -.160535E+00
 -.210000E+00 -.163350E+00
 -.190000E+00 -.166004E+00
 -.170000E+00 -.168496E+00
 -.150000E+00 -.170824E+00
 -.130000E+00 -.172984E+00
 -.110000E+00 -.174976E+00
 -.900000E-01 -.176796E+00
 -.700000E-01 -.178443E+00
 -.500000E-01 -.179917E+00
 -.300000E-01 -.181214E+00
 -.100000E-01 -.182334E+00
 0.100000E-01 -.183277E+00
 0.300000E-01 -.184040E+00
 0.500000E-01 -.184624E+00
 0.700000E-01 -.185027E+00
 0.900000E-01 -.185250E+00
 0.110000E+00 -.185292E+00
 0.130000E+00 -.185154E+00
 0.150000E+00 -.184834E+00
 0.170000E+00 -.184335E+00
 0.190000E+00 -.183656E+00
 0.210000E+00 -.182798E+00
 0.230000E+00 -.181761E+00
 0.250000E+00 -.180548E+00
 0.270000E+00 -.179158E+00
 0.290000E+00 -.177594E+00
 0.310000E+00 -.175858E+00
 0.330000E+00 -.173949E+00
 0.350000E+00 -.171872E+00
 0.370000E+00 -.169627E+00
 0.390000E+00 -.167217E+00
 0.410000E+00 -.164645E+00
 0.430000E+00 -.161912E+00
 0.450000E+00 -.159022E+00
 0.470000E+00 -.155977E+00
 0.490000E+00 -.152781E+00
 0.510000E+00 -.149436E+00
 0.530000E+00 -.145945E+00
 0.550000E+00 -.142313E+00
 0.570000E+00 -.138543E+00
 0.590000E+00 -.134639E+00
 0.610000E+00 -.130603E+00
 0.630000E+00 -.126441E+00
 0.650000E+00 -.122156E+00
 0.670000E+00 -.117753E+00
 0.690000E+00 -.113235E+00
 0.710000E+00 -.108608E+00
 0.730000E+00 -.103876E+00
 0.750000E+00 -.990427E-01
 0.770000E+00 -.941139E-01
 0.790000E+00 -.890940E-01
 0.810000E+00 -.839880E-01
 0.830000E+00 -.788008E-01
 0.850000E+00 -.735376E-01
 0.870000E+00 -.682035E-01
 0.890000E+00 -.628036E-01
 0.910000E+00 -.602275E-01
 0.930000E+00 -.604824E-01
 0.950000E+00 -.606855E-01
 0.970000E+00 -.608367E-01
 0.990000E+00 -.609362E-01




































































































 -.990000E+00 0.192514E-06
 -.970000E+00 0.197066E-06
 -.950000E+00 0.238122E-06
 -.930000E+00 0.297885E-06
 -.910000E+00 0.350452E-06
 -.890000E+00 -.275541E-02
 -.870000E+00 -.707297E-02
 -.850000E+00 -.832666E-02
 -.830000E+00 -.597396E-02
 -.810000E+00 -.103435E-02
 -.790000E+00 0.435250E-02
 -.770000E+00 0.785352E-02
 -.750000E+00 0.795275E-02
 -.730000E+00 0.460770E-02
 -.710000E+00 -.732403E-03
 -.690000E+00 -.575452E-02
 -.670000E+00 -.828367E-02
 -.650000E+00 -.722486E-02
 -.630000E+00 -.303720E-02
 -.610000E+00 0.246523E-02
 -.590000E+00 0.689917E-02
 -.570000E+00 0.834450E-02
 -.550000E+00 0.617568E-02
 -.530000E+00 0.133257E-02
 -.510000E+00 -.408696E-02
 -.490000E+00 -.773566E-02
 -.470000E+00 -.803358E-02
 -.450000E+00 -.485219E-02
 -.430000E+00 0.430164E-03
 -.410000E+00 0.552544E-02
 -.390000E+00 0.822694E-02
 -.370000E+00 0.736504E-02
 -.350000E+00 0.331354E-02
 -.330000E+00 -.217243E-02
 -.310000E+00 -.671672E-02
 -.290000E+00 -.835140E-02
 -.270000E+00 -.636892E-02
 -.250000E+00 -.162842E-02
 -.230000E+00 0.381663E-02
 -.210000E+00 0.760793E-02
 -.190000E+00 0.810375E-02
 -.170000E+00 0.508984E-02
 -.150000E+00 -.127988E-03
 -.130000E+00 -.528961E-02
 -.110000E+00 -.815959E-02
 -.900000E-01 -.749530E-02
 -.700000E-01 -.358497E-02
 -.500000E-01 0.187740E-02
 -.300000E-01 0.652587E-02
 -.100000E-01 0.834737E-02
 0.100000E-01 0.655343E-02
 0.300000E-01 0.192153E-02
 0.500000E-01 -.354188E-02
 0.700000E-01 -.747053E-02
 0.900000E-01 -.816318E-02
 0.110000E+00 -.532034E-02
 0.130000E+00 -.173729E-03
 0.150000E+00 0.504736E-02
 0.170000E+00 0.808171E-02
 0.190000E+00 0.761551E-02
 0.210000E+00 0.385117E-02
 0.230000E+00 -.158052E-02
 0.250000E+00 -.632690E-02
 0.270000E+00 -.833245E-02
 0.290000E+00 -.672900E-02
 0.310000E+00 -.221153E-02
 0.330000E+00 0.326307E-02
 0.350000E+00 0.732365E-02
 0.370000E+00 0.821183E-02
 0.390000E+00 0.554342E-02
 0.410000E+00 0.474595E-03
 0.430000E+00 -.479902E-02
 0.450000E+00 -.799344E-02
 0.470000E+00 -.772551E-02
 0.490000E+00 -.411178E-02
 0.510000E+00 0.128220E-02
 0.530000E+00 0.612006E-02
 0.550000E+00 0.830667E-02
 0.570000E+00 0.689542E-02
 0.590000E+00 0.249804E-02
 0.610000E+00 -.298057E-02
 0.630000E+00 -.716751E-02
 0.650000E+00 -.824965E-02
 0.670000E+00 -.575879E-02
 0.690000E+00 -.774218E-03
 0.710000E+00 0.454492E-02
 0.730000E+00 0.789491E-02
 0.750000E+00 0.782520E-02
 0.770000E+00 0.436648E-02
 0.790000E+00 -.982814E-03
 0.810000E+00 -.590566E-02
 0.830000E+00 -.827010E-02
 0.850000E+00 -.705249E-02
 0.870000E+00 -.278069E-02
 0.890000E+00 0.269477E-02
 0.910000E+00 0.424674E-02
 0.930000E+00 0.120390E-02
 0.950000E+00 -.235998E-02
 0.970000E+00 -.490144E-02
 0.990000E+00 -.532023E-02




































































































