 -.990000E+00 0.280757E+00
 -.970000E+00 0.280897E+00
 -.950000E+00 0.280995E+00
 -.930000E+00 0.281009E+00
 -.910000E+00 0.280932E+00
 -.890000E+00 -.157965E-05
 -.870000E+00 -.134794E-03
 -.850000E+00 -.209643E-03
 -.830000E+00 -.193718E-03
 -.810000E+00 -.939145E-04
 -.790000E+00 0.465520E-04
 -.770000E+00 0.166861E-03
 -.750000E+00 0.214919E-03
 -.730000E+00 0.169919E-03
 -.710000E+00 0.513463E-04
 -.690000E+00 -.894585E-04
 -.670000E+00 -.191528E-03
 -.650000E+00 -.210666E-03
 -.630000E+00 -.138588E-03
 -.610000E+00 -.650306E-05
 -.590000E+00 0.128397E-03
 -.570000E+00 0.207701E-03
 -.550000E+00 0.197072E-03
 -.530000E+00 0.101113E-03
 -.510000E+00 -.386271E-04
 -.490000E+00 -.161641E-03
 -.470000E+00 -.214665E-03
 -.450000E+00 -.174741E-03
 -.430000E+00 -.591555E-04
 -.410000E+00 0.820434E-04
 -.390000E+00 0.187718E-03
 -.370000E+00 0.212111E-03
 -.350000E+00 0.144662E-03
 -.330000E+00 0.145760E-04
 -.310000E+00 -.121821E-03
 -.290000E+00 -.205470E-03
 -.270000E+00 -.200152E-03
 -.250000E+00 -.108170E-03
 -.230000E+00 0.306489E-04
 -.210000E+00 0.156197E-03
 -.190000E+00 0.214112E-03
 -.170000E+00 0.179319E-03
 -.150000E+00 0.668816E-04
 -.130000E+00 -.745144E-04
 -.110000E+00 -.183646E-03
 -.900000E-01 -.213260E-03
 -.700000E-01 -.150534E-03
 -.500000E-01 -.226283E-04
 -.300000E-01 0.115076E-03
 -.100000E-01 0.202953E-03
 0.100000E-01 0.202953E-03
 0.300000E-01 0.115076E-03
 0.500000E-01 -.226283E-04
 0.700000E-01 -.150534E-03
 0.900000E-01 -.213260E-03
 0.110000E+00 -.183646E-03
 0.130000E+00 -.745144E-04
 0.150000E+00 0.668816E-04
 0.170000E+00 0.179319E-03
 0.190000E+00 0.214112E-03
 0.210000E+00 0.156197E-03
 0.230000E+00 0.306489E-04
 0.250000E+00 -.108170E-03
 0.270000E+00 -.200152E-03
 0.290000E+00 -.205470E-03
 0.310000E+00 -.121821E-03
 0.330000E+00 0.145760E-04
 0.350000E+00 0.144662E-03
 0.370000E+00 0.212111E-03
 0.390000E+00 0.187718E-03
 0.410000E+00 0.820434E-04
 0.430000E+00 -.591555E-04
 0.450000E+00 -.174741E-03
 0.470000E+00 -.214665E-03
 0.490000E+00 -.161641E-03
 0.510000E+00 -.386271E-04
 0.530000E+00 0.101113E-03
 0.550000E+00 0.197072E-03
 0.570000E+00 0.207701E-03
 0.590000E+00 0.128397E-03
 0.610000E+00 -.650306E-05
 0.630000E+00 -.138588E-03
 0.650000E+00 -.210666E-03
 0.670000E+00 -.191528E-03
 0.690000E+00 -.894585E-04
 0.710000E+00 0.513463E-04
 0.730000E+00 0.169919E-03
 0.750000E+00 0.214919E-03
 0.770000E+00 0.166861E-03
 0.790000E+00 0.465520E-04
 0.810000E+00 -.939145E-04
 0.830000E+00 -.193718E-03
 0.850000E+00 -.209643E-03
 0.870000E+00 -.134794E-03
 0.890000E+00 -.157965E-05
 0.910000E+00 0.280932E+00
 0.930000E+00 0.281009E+00
 0.950000E+00 0.280995E+00
 0.970000E+00 0.280897E+00
 0.990000E+00 0.280757E+00




































































































 -.990000E+00 0.280688E+00
 -.970000E+00 0.280538E+00
 -.950000E+00 0.280387E+00
 -.930000E+00 0.280237E+00
 -.910000E+00 0.280087E+00
 -.890000E+00 -.862011E-03
 -.870000E+00 -.101046E-02
 -.850000E+00 -.115792E-02
 -.830000E+00 -.130425E-02
 -.810000E+00 -.144931E-02
 -.790000E+00 -.159294E-02
 -.770000E+00 -.173502E-02
 -.750000E+00 -.187539E-02
 -.730000E+00 -.201394E-02
 -.710000E+00 -.215051E-02
 -.690000E+00 -.228498E-02
 -.670000E+00 -.241721E-02
 -.650000E+00 -.254708E-02
 -.630000E+00 -.267446E-02
 -.610000E+00 -.279922E-02
 -.590000E+00 -.292125E-02
 -.570000E+00 -.304042E-02
 -.550000E+00 -.315661E-02
 -.530000E+00 -.326972E-02
 -.510000E+00 -.337963E-02
 -.490000E+00 -.348623E-02
 -.470000E+00 -.358942E-02
 -.450000E+00 -.368911E-02
 -.430000E+00 -.378518E-02
 -.410000E+00 -.387756E-02
 -.390000E+00 -.396614E-02
 -.370000E+00 -.405084E-02
 -.350000E+00 -.413158E-02
 -.330000E+00 -.420828E-02
 -.310000E+00 -.428087E-02
 -.290000E+00 -.434927E-02
 -.270000E+00 -.441342E-02
 -.250000E+00 -.447325E-02
 -.230000E+00 -.452870E-02
 -.210000E+00 -.457973E-02
 -.190000E+00 -.462628E-02
 -.170000E+00 -.466830E-02
 -.150000E+00 -.470576E-02
 -.130000E+00 -.473861E-02
 -.110000E+00 -.476684E-02
 -.900000E-01 -.479040E-02
 -.700000E-01 -.480928E-02
 -.500000E-01 -.482345E-02
 -.300000E-01 -.483291E-02
 -.100000E-01 -.483764E-02
 0.100000E-01 -.483764E-02
 0.300000E-01 -.483291E-02
 0.500000E-01 -.482345E-02
 0.700000E-01 -.480928E-02
 0.900000E-01 -.479040E-02
 0.110000E+00 -.476684E-02
 0.130000E+00 -.473861E-02
 0.150000E+00 -.470576E-02
 0.170000E+00 -.466830E-02
 0.190000E+00 -.462628E-02
 0.210000E+00 -.457973E-02
 0.230000E+00 -.452870E-02
 0.250000E+00 -.447325E-02
 0.270000E+00 -.441342E-02
 0.290000E+00 -.434927E-02
 0.310000E+00 -.428087E-02
 0.330000E+00 -.420828E-02
 0.350000E+00 -.413158E-02
 0.370000E+00 -.405084E-02
 0.390000E+00 -.396614E-02
 0.410000E+00 -.387756E-02
 0.430000E+00 -.378518E-02
 0.450000E+00 -.368911E-02
 0.470000E+00 -.358942E-02
 0.490000E+00 -.348623E-02
 0.510000E+00 -.337963E-02
 0.530000E+00 -.326972E-02
 0.550000E+00 -.315661E-02
 0.570000E+00 -.304042E-02
 0.590000E+00 -.292125E-02
 0.610000E+00 -.279922E-02
 0.630000E+00 -.267446E-02
 0.650000E+00 -.254708E-02
 0.670000E+00 -.241721E-02
 0.690000E+00 -.228498E-02
 0.710000E+00 -.215051E-02
 0.730000E+00 -.201394E-02
 0.750000E+00 -.187539E-02
 0.770000E+00 -.173502E-02
 0.790000E+00 -.159294E-02
 0.810000E+00 -.144931E-02
 0.830000E+00 -.130425E-02
 0.850000E+00 -.115792E-02
 0.870000E+00 -.101046E-02
 0.890000E+00 -.862011E-03
 0.910000E+00 0.280087E+00
 0.930000E+00 0.280237E+00
 0.950000E+00 0.280387E+00
 0.970000E+00 0.280538E+00
 0.990000E+00 0.280688E+00




































































































 -.990000E+00 0.272986E+00
 -.970000E+00 0.272893E+00
 -.950000E+00 0.272802E+00
 -.930000E+00 0.272711E+00
 -.910000E+00 0.272620E+00
 -.890000E+00 -.826967E-02
 -.870000E+00 -.835790E-02
 -.850000E+00 -.844439E-02
 -.830000E+00 -.852912E-02
 -.810000E+00 -.861207E-02
 -.790000E+00 -.869324E-02
 -.770000E+00 -.877259E-02
 -.750000E+00 -.885012E-02
 -.730000E+00 -.892581E-02
 -.710000E+00 -.899965E-02
 -.690000E+00 -.907161E-02
 -.670000E+00 -.914168E-02
 -.650000E+00 -.920985E-02
 -.630000E+00 -.927611E-02
 -.610000E+00 -.934043E-02
 -.590000E+00 -.940282E-02
 -.570000E+00 -.946325E-02
 -.550000E+00 -.952171E-02
 -.530000E+00 -.957819E-02
 -.510000E+00 -.963268E-02
 -.490000E+00 -.968517E-02
 -.470000E+00 -.973564E-02
 -.450000E+00 -.978409E-02
 -.430000E+00 -.983051E-02
 -.410000E+00 -.987488E-02
 -.390000E+00 -.991720E-02
 -.370000E+00 -.995745E-02
 -.350000E+00 -.999564E-02
 -.330000E+00 -.100317E-01
 -.310000E+00 -.100658E-01
 -.290000E+00 -.100977E-01
 -.270000E+00 -.101275E-01
 -.250000E+00 -.101553E-01
 -.230000E+00 -.101809E-01
 -.210000E+00 -.102044E-01
 -.190000E+00 -.102258E-01
 -.170000E+00 -.102450E-01
 -.150000E+00 -.102621E-01
 -.130000E+00 -.102771E-01
 -.110000E+00 -.102900E-01
 -.900000E-01 -.103007E-01
 -.700000E-01 -.103093E-01
 -.500000E-01 -.103157E-01
 -.300000E-01 -.103200E-01
 -.100000E-01 -.103222E-01
 0.100000E-01 -.103222E-01
 0.300000E-01 -.103200E-01
 0.500000E-01 -.103157E-01
 0.700000E-01 -.103093E-01
 0.900000E-01 -.103007E-01
 0.110000E+00 -.102900E-01
 0.130000E+00 -.102771E-01
 0.150000E+00 -.102621E-01
 0.170000E+00 -.102450E-01
 0.190000E+00 -.102258E-01
 0.210000E+00 -.102044E-01
 0.230000E+00 -.101809E-01
 0.250000E+00 -.101553E-01
 0.270000E+00 -.101275E-01
 0.290000E+00 -.100977E-01
 0.310000E+00 -.100658E-01
 0.330000E+00 -.100317E-01
 0.350000E+00 -.999564E-02
 0.370000E+00 -.995745E-02
 0.390000E+00 -.991720E-02
 0.410000E+00 -.987488E-02
 0.430000E+00 -.983051E-02
 0.450000E+00 -.978409E-02
 0.470000E+00 -.973564E-02
 0.490000E+00 -.968517E-02
 0.510000E+00 -.963268E-02
 0.530000E+00 -.957819E-02
 0.550000E+00 -.952171E-02
 0.570000E+00 -.946325E-02
 0.590000E+00 -.940282E-02
 0.610000E+00 -.934043E-02
 0.630000E+00 -.927611E-02
 0.650000E+00 -.920985E-02
 0.670000E+00 -.914168E-02
 0.690000E+00 -.907161E-02
 0.710000E+00 -.899965E-02
 0.730000E+00 -.892581E-02
 0.750000E+00 -.885012E-02
 0.770000E+00 -.877259E-02
 0.790000E+00 -.869324E-02
 0.810000E+00 -.861207E-02
 0.830000E+00 -.852912E-02
 0.850000E+00 -.844439E-02
 0.870000E+00 -.835790E-02
 0.890000E+00 -.826967E-02
 0.910000E+00 0.272620E+00
 0.930000E+00 0.272711E+00
 0.950000E+00 0.272802E+00
 0.970000E+00 0.272893E+00
 0.990000E+00 0.272986E+00




































































































 -.990000E+00 0.310719E+00
 -.970000E+00 0.310812E+00
 -.950000E+00 0.310905E+00
 -.930000E+00 0.311000E+00
 -.910000E+00 0.311095E+00
 -.890000E+00 0.303910E-01
 -.870000E+00 0.304851E-01
 -.850000E+00 0.305773E-01
 -.830000E+00 0.306674E-01
 -.810000E+00 0.307554E-01
 -.790000E+00 0.308413E-01
 -.770000E+00 0.309252E-01
 -.750000E+00 0.310071E-01
 -.730000E+00 0.310868E-01
 -.710000E+00 0.311644E-01
 -.690000E+00 0.312400E-01
 -.670000E+00 0.313135E-01
 -.650000E+00 0.313848E-01
 -.630000E+00 0.314541E-01
 -.610000E+00 0.315212E-01
 -.590000E+00 0.315862E-01
 -.570000E+00 0.316491E-01
 -.550000E+00 0.317099E-01
 -.530000E+00 0.317685E-01
 -.510000E+00 0.318250E-01
 -.490000E+00 0.318794E-01
 -.470000E+00 0.319316E-01
 -.450000E+00 0.319817E-01
 -.430000E+00 0.320296E-01
 -.410000E+00 0.320753E-01
 -.390000E+00 0.321190E-01
 -.370000E+00 0.321604E-01
 -.350000E+00 0.321997E-01
 -.330000E+00 0.322368E-01
 -.310000E+00 0.322717E-01
 -.290000E+00 0.323045E-01
 -.270000E+00 0.323351E-01
 -.250000E+00 0.323635E-01
 -.230000E+00 0.323898E-01
 -.210000E+00 0.324138E-01
 -.190000E+00 0.324357E-01
 -.170000E+00 0.324554E-01
 -.150000E+00 0.324729E-01
 -.130000E+00 0.324883E-01
 -.110000E+00 0.325014E-01
 -.900000E-01 0.325123E-01
 -.700000E-01 0.325211E-01
 -.500000E-01 0.325277E-01
 -.300000E-01 0.325321E-01
 -.100000E-01 0.325343E-01
 0.100000E-01 0.325343E-01
 0.300000E-01 0.325321E-01
 0.500000E-01 0.325277E-01
 0.700000E-01 0.325211E-01
 0.900000E-01 0.325123E-01
 0.110000E+00 0.325014E-01
 0.130000E+00 0.324883E-01
 0.150000E+00 0.324729E-01
 0.170000E+00 0.324554E-01
 0.190000E+00 0.324357E-01
 0.210000E+00 0.324138E-01
 0.230000E+00 0.323898E-01
 0.250000E+00 0.323635E-01
 0.270000E+00 0.323351E-01
 0.290000E+00 0.323045E-01
 0.310000E+00 0.322717E-01
 0.330000E+00 0.322368E-01
 0.350000E+00 0.321997E-01
 0.370000E+00 0.321604E-01
 0.390000E+00 0.321190E-01
 0.410000E+00 0.320753E-01
 0.430000E+00 0.320296E-01
 0.450000E+00 0.319817E-01
 0.470000E+00 0.319316E-01
 0.490000E+00 0.318794E-01
 0.510000E+00 0.318250E-01
 0.530000E+00 0.317685E-01
 0.550000E+00 0.317099E-01
 0.570000E+00 0.316491E-01
 0.590000E+00 0.315862E-01
 0.610000E+00 0.315212E-01
 0.630000E+00 0.314541E-01
 0.650000E+00 0.313848E-01
 0.670000E+00 0.313135E-01
 0.690000E+00 0.312400E-01
 0.710000E+00 0.311644E-01
 0.730000E+00 0.310868E-01
 0.750000E+00 0.310071E-01
 0.770000E+00 0.309252E-01
 0.790000E+00 0.308413E-01
 0.810000E+00 0.307554E-01
 0.830000E+00 0.306674E-01
 0.850000E+00 0.305773E-01
 0.870000E+00 0.304851E-01
 0.890000E+00 0.303910E-01
 0.910000E+00 0.311095E+00
 0.930000E+00 0.311000E+00
 0.950000E+00 0.310905E+00
 0.970000E+00 0.310812E+00
 0.990000E+00 0.310719E+00




































































































 -.990000E+00 0.296016E+00
 -.970000E+00 0.296025E+00
 -.950000E+00 0.296033E+00
 -.930000E+00 0.296042E+00
 -.910000E+00 0.296050E+00
 -.890000E+00 0.152589E-01
 -.870000E+00 0.152674E-01
 -.850000E+00 0.152757E-01
 -.830000E+00 0.152839E-01
 -.810000E+00 0.152918E-01
 -.790000E+00 0.152996E-01
 -.770000E+00 0.153072E-01
 -.750000E+00 0.153146E-01
 -.730000E+00 0.153218E-01
 -.710000E+00 0.153288E-01
 -.690000E+00 0.153356E-01
 -.670000E+00 0.153422E-01
 -.650000E+00 0.153486E-01
 -.630000E+00 0.153548E-01
 -.610000E+00 0.153608E-01
 -.590000E+00 0.153667E-01
 -.570000E+00 0.153723E-01
 -.550000E+00 0.153778E-01
 -.530000E+00 0.153830E-01
 -.510000E+00 0.153881E-01
 -.490000E+00 0.153929E-01
 -.470000E+00 0.153976E-01
 -.450000E+00 0.154021E-01
 -.430000E+00 0.154064E-01
 -.410000E+00 0.154105E-01
 -.390000E+00 0.154143E-01
 -.370000E+00 0.154180E-01
 -.350000E+00 0.154216E-01
 -.330000E+00 0.154249E-01
 -.310000E+00 0.154280E-01
 -.290000E+00 0.154309E-01
 -.270000E+00 0.154336E-01
 -.250000E+00 0.154362E-01
 -.230000E+00 0.154385E-01
 -.210000E+00 0.154406E-01
 -.190000E+00 0.154426E-01
 -.170000E+00 0.154443E-01
 -.150000E+00 0.154459E-01
 -.130000E+00 0.154473E-01
 -.110000E+00 0.154484E-01
 -.900000E-01 0.154494E-01
 -.700000E-01 0.154502E-01
 -.500000E-01 0.154508E-01
 -.300000E-01 0.154512E-01
 -.100000E-01 0.154514E-01
 0.100000E-01 0.154514E-01
 0.300000E-01 0.154512E-01
 0.500000E-01 0.154508E-01
 0.700000E-01 0.154502E-01
 0.900000E-01 0.154494E-01
 0.110000E+00 0.154484E-01
 0.130000E+00 0.154473E-01
 0.150000E+00 0.154459E-01
 0.170000E+00 0.154443E-01
 0.190000E+00 0.154426E-01
 0.210000E+00 0.154406E-01
 0.230000E+00 0.154385E-01
 0.250000E+00 0.154362E-01
 0.270000E+00 0.154336E-01
 0.290000E+00 0.154309E-01
 0.310000E+00 0.154280E-01
 0.330000E+00 0.154249E-01
 0.350000E+00 0.154216E-01
 0.370000E+00 0.154180E-01
 0.390000E+00 0.154143E-01
 0.410000E+00 0.154105E-01
 0.430000E+00 0.154064E-01
 0.450000E+00 0.154021E-01
 0.470000E+00 0.153976E-01
 0.490000E+00 0.153929E-01
 0.510000E+00 0.153881E-01
 0.530000E+00 0.153830E-01
 0.550000E+00 0.153778E-01
 0.570000E+00 0.153723E-01
 0.590000E+00 0.153667E-01
 0.610000E+00 0.153608E-01
 0.630000E+00 0.153548E-01
 0.650000E+00 0.153486E-01
 0.670000E+00 0.153422E-01
 0.690000E+00 0.153356E-01
 0.710000E+00 0.153288E-01
 0.730000E+00 0.153218E-01
 0.750000E+00 0.153146E-01
 0.770000E+00 0.153072E-01
 0.790000E+00 0.152996E-01
 0.810000E+00 0.152918E-01
 0.830000E+00 0.152839E-01
 0.850000E+00 0.152757E-01
 0.870000E+00 0.152674E-01
 0.890000E+00 0.152589E-01
 0.910000E+00 0.296050E+00
 0.930000E+00 0.296042E+00
 0.950000E+00 0.296033E+00
 0.970000E+00 0.296025E+00
 0.990000E+00 0.296016E+00




































































































 -.990000E+00 0.294559E+00
 -.970000E+00 0.294559E+00
 -.950000E+00 0.294559E+00
 -.930000E+00 0.294559E+00
 -.910000E+00 0.294559E+00
 -.890000E+00 0.137592E-01
 -.870000E+00 0.137592E-01
 -.850000E+00 0.137592E-01
 -.830000E+00 0.137592E-01
 -.810000E+00 0.137592E-01
 -.790000E+00 0.137592E-01
 -.770000E+00 0.137592E-01
 -.750000E+00 0.137592E-01
 -.730000E+00 0.137592E-01
 -.710000E+00 0.137592E-01
 -.690000E+00 0.137592E-01
 -.670000E+00 0.137592E-01
 -.650000E+00 0.137592E-01
 -.630000E+00 0.137592E-01
 -.610000E+00 0.137592E-01
 -.590000E+00 0.137592E-01
 -.570000E+00 0.137592E-01
 -.550000E+00 0.137592E-01
 -.530000E+00 0.137592E-01
 -.510000E+00 0.137592E-01
 -.490000E+00 0.137592E-01
 -.470000E+00 0.137592E-01
 -.450000E+00 0.137592E-01
 -.430000E+00 0.137592E-01
 -.410000E+00 0.137592E-01
 -.390000E+00 0.137592E-01
 -.370000E+00 0.137592E-01
 -.350000E+00 0.137592E-01
 -.330000E+00 0.137592E-01
 -.310000E+00 0.137592E-01
 -.290000E+00 0.137592E-01
 -.270000E+00 0.137592E-01
 -.250000E+00 0.137592E-01
 -.230000E+00 0.137592E-01
 -.210000E+00 0.137592E-01
 -.190000E+00 0.137592E-01
 -.170000E+00 0.137592E-01
 -.150000E+00 0.137592E-01
 -.130000E+00 0.137592E-01
 -.110000E+00 0.137592E-01
 -.900000E-01 0.137592E-01
 -.700000E-01 0.137592E-01
 -.500000E-01 0.137592E-01
 -.300000E-01 0.137592E-01
 -.100000E-01 0.137592E-01
 0.100000E-01 0.137592E-01
 0.300000E-01 0.137592E-01
 0.500000E-01 0.137592E-01
 0.700000E-01 0.137592E-01
 0.900000E-01 0.137592E-01
 0.110000E+00 0.137592E-01
 0.130000E+00 0.137592E-01
 0.150000E+00 0.137592E-01
 0.170000E+00 0.137592E-01
 0.190000E+00 0.137592E-01
 0.210000E+00 0.137592E-01
 0.230000E+00 0.137592E-01
 0.250000E+00 0.137592E-01
 0.270000E+00 0.137592E-01
 0.290000E+00 0.137592E-01
 0.310000E+00 0.137592E-01
 0.330000E+00 0.137592E-01
 0.350000E+00 0.137592E-01
 0.370000E+00 0.137592E-01
 0.390000E+00 0.137592E-01
 0.410000E+00 0.137592E-01
 0.430000E+00 0.137592E-01
 0.450000E+00 0.137592E-01
 0.470000E+00 0.137592E-01
 0.490000E+00 0.137592E-01
 0.510000E+00 0.137592E-01
 0.530000E+00 0.137592E-01
 0.550000E+00 0.137592E-01
 0.570000E+00 0.137592E-01
 0.590000E+00 0.137592E-01
 0.610000E+00 0.137592E-01
 0.630000E+00 0.137592E-01
 0.650000E+00 0.137592E-01
 0.670000E+00 0.137592E-01
 0.690000E+00 0.137592E-01
 0.710000E+00 0.137592E-01
 0.730000E+00 0.137592E-01
 0.750000E+00 0.137592E-01
 0.770000E+00 0.137592E-01
 0.790000E+00 0.137592E-01
 0.810000E+00 0.137592E-01
 0.830000E+00 0.137592E-01
 0.850000E+00 0.137592E-01
 0.870000E+00 0.137592E-01
 0.890000E+00 0.137592E-01
 0.910000E+00 0.294559E+00
 0.930000E+00 0.294559E+00
 0.950000E+00 0.294559E+00
 0.970000E+00 0.294559E+00
 0.990000E+00 0.294559E+00




































































































 -.990000E+00 0.296016E+00
 -.970000E+00 0.296025E+00
 -.950000E+00 0.296033E+00
 -.930000E+00 0.296042E+00
 -.910000E+00 0.296050E+00
 -.890000E+00 0.152589E-01
 -.870000E+00 0.152674E-01
 -.850000E+00 0.152757E-01
 -.830000E+00 0.152839E-01
 -.810000E+00 0.152918E-01
 -.790000E+00 0.152996E-01
 -.770000E+00 0.153072E-01
 -.750000E+00 0.153146E-01
 -.730000E+00 0.153218E-01
 -.710000E+00 0.153288E-01
 -.690000E+00 0.153356E-01
 -.670000E+00 0.153422E-01
 -.650000E+00 0.153486E-01
 -.630000E+00 0.153548E-01
 -.610000E+00 0.153608E-01
 -.590000E+00 0.153667E-01
 -.570000E+00 0.153723E-01
 -.550000E+00 0.153778E-01
 -.530000E+00 0.153830E-01
 -.510000E+00 0.153881E-01
 -.490000E+00 0.153929E-01
 -.470000E+00 0.153976E-01
 -.450000E+00 0.154021E-01
 -.430000E+00 0.154064E-01
 -.410000E+00 0.154105E-01
 -.390000E+00 0.154143E-01
 -.370000E+00 0.154180E-01
 -.350000E+00 0.154216E-01
 -.330000E+00 0.154249E-01
 -.310000E+00 0.154280E-01
 -.290000E+00 0.154309E-01
 -.270000E+00 0.154336E-01
 -.250000E+00 0.154362E-01
 -.230000E+00 0.154385E-01
 -.210000E+00 0.154406E-01
 -.190000E+00 0.154426E-01
 -.170000E+00 0.154443E-01
 -.150000E+00 0.154459E-01
 -.130000E+00 0.154473E-01
 -.110000E+00 0.154484E-01
 -.900000E-01 0.154494E-01
 -.700000E-01 0.154502E-01
 -.500000E-01 0.154508E-01
 -.300000E-01 0.154512E-01
 -.100000E-01 0.154514E-01
 0.100000E-01 0.154514E-01
 0.300000E-01 0.154512E-01
 0.500000E-01 0.154508E-01
 0.700000E-01 0.154502E-01
 0.900000E-01 0.154494E-01
 0.110000E+00 0.154484E-01
 0.130000E+00 0.154473E-01
 0.150000E+00 0.154459E-01
 0.170000E+00 0.154443E-01
 0.190000E+00 0.154426E-01
 0.210000E+00 0.154406E-01
 0.230000E+00 0.154385E-01
 0.250000E+00 0.154362E-01
 0.270000E+00 0.154336E-01
 0.290000E+00 0.154309E-01
 0.310000E+00 0.154280E-01
 0.330000E+00 0.154249E-01
 0.350000E+00 0.154216E-01
 0.370000E+00 0.154180E-01
 0.390000E+00 0.154143E-01
 0.410000E+00 0.154105E-01
 0.430000E+00 0.154064E-01
 0.450000E+00 0.154021E-01
 0.470000E+00 0.153976E-01
 0.490000E+00 0.153929E-01
 0.510000E+00 0.153881E-01
 0.530000E+00 0.153830E-01
 0.550000E+00 0.153778E-01
 0.570000E+00 0.153723E-01
 0.590000E+00 0.153667E-01
 0.610000E+00 0.153608E-01
 0.630000E+00 0.153548E-01
 0.650000E+00 0.153486E-01
 0.670000E+00 0.153422E-01
 0.690000E+00 0.153356E-01
 0.710000E+00 0.153288E-01
 0.730000E+00 0.153218E-01
 0.750000E+00 0.153146E-01
 0.770000E+00 0.153072E-01
 0.790000E+00 0.152996E-01
 0.810000E+00 0.152918E-01
 0.830000E+00 0.152839E-01
 0.850000E+00 0.152757E-01
 0.870000E+00 0.152674E-01
 0.890000E+00 0.152589E-01
 0.910000E+00 0.296050E+00
 0.930000E+00 0.296042E+00
 0.950000E+00 0.296033E+00
 0.970000E+00 0.296025E+00
 0.990000E+00 0.296016E+00




































































































 -.990000E+00 0.310719E+00
 -.970000E+00 0.310812E+00
 -.950000E+00 0.310905E+00
 -.930000E+00 0.311000E+00
 -.910000E+00 0.311095E+00
 -.890000E+00 0.303910E-01
 -.870000E+00 0.304851E-01
 -.850000E+00 0.305773E-01
 -.830000E+00 0.306674E-01
 -.810000E+00 0.307554E-01
 -.790000E+00 0.308413E-01
 -.770000E+00 0.309252E-01
 -.750000E+00 0.310071E-01
 -.730000E+00 0.310868E-01
 -.710000E+00 0.311644E-01
 -.690000E+00 0.312400E-01
 -.670000E+00 0.313135E-01
 -.650000E+00 0.313848E-01
 -.630000E+00 0.314541E-01
 -.610000E+00 0.315212E-01
 -.590000E+00 0.315862E-01
 -.570000E+00 0.316491E-01
 -.550000E+00 0.317099E-01
 -.530000E+00 0.317685E-01
 -.510000E+00 0.318250E-01
 -.490000E+00 0.318794E-01
 -.470000E+00 0.319316E-01
 -.450000E+00 0.319817E-01
 -.430000E+00 0.320296E-01
 -.410000E+00 0.320753E-01
 -.390000E+00 0.321190E-01
 -.370000E+00 0.321604E-01
 -.350000E+00 0.321997E-01
 -.330000E+00 0.322368E-01
 -.310000E+00 0.322717E-01
 -.290000E+00 0.323045E-01
 -.270000E+00 0.323351E-01
 -.250000E+00 0.323635E-01
 -.230000E+00 0.323898E-01
 -.210000E+00 0.324138E-01
 -.190000E+00 0.324357E-01
 -.170000E+00 0.324554E-01
 -.150000E+00 0.324729E-01
 -.130000E+00 0.324883E-01
 -.110000E+00 0.325014E-01
 -.900000E-01 0.325123E-01
 -.700000E-01 0.325211E-01
 -.500000E-01 0.325277E-01
 -.300000E-01 0.325321E-01
 -.100000E-01 0.325343E-01
 0.100000E-01 0.325343E-01
 0.300000E-01 0.325321E-01
 0.500000E-01 0.325277E-01
 0.700000E-01 0.325211E-01
 0.900000E-01 0.325123E-01
 0.110000E+00 0.325014E-01
 0.130000E+00 0.324883E-01
 0.150000E+00 0.324729E-01
 0.170000E+00 0.324554E-01
 0.190000E+00 0.324357E-01
 0.210000E+00 0.324138E-01
 0.230000E+00 0.323898E-01
 0.250000E+00 0.323635E-01
 0.270000E+00 0.323351E-01
 0.290000E+00 0.323045E-01
 0.310000E+00 0.322717E-01
 0.330000E+00 0.322368E-01
 0.350000E+00 0.321997E-01
 0.370000E+00 0.321604E-01
 0.390000E+00 0.321190E-01
 0.410000E+00 0.320753E-01
 0.430000E+00 0.320296E-01
 0.450000E+00 0.319817E-01
 0.470000E+00 0.319316E-01
 0.490000E+00 0.318794E-01
 0.510000E+00 0.318250E-01
 0.530000E+00 0.317685E-01
 0.550000E+00 0.317099E-01
 0.570000E+00 0.316491E-01
 0.590000E+00 0.315862E-01
 0.610000E+00 0.315212E-01
 0.630000E+00 0.314541E-01
 0.650000E+00 0.313848E-01
 0.670000E+00 0.313135E-01
 0.690000E+00 0.312400E-01
 0.710000E+00 0.311644E-01
 0.730000E+00 0.310868E-01
 0.750000E+00 0.310071E-01
 0.770000E+00 0.309252E-01
 0.790000E+00 0.308413E-01
 0.810000E+00 0.307554E-01
 0.830000E+00 0.306674E-01
 0.850000E+00 0.305773E-01
 0.870000E+00 0.304851E-01
 0.890000E+00 0.303910E-01
 0.910000E+00 0.311095E+00
 0.930000E+00 0.311000E+00
 0.950000E+00 0.310905E+00
 0.970000E+00 0.310812E+00
 0.990000E+00 0.310719E+00




































































































 -.990000E+00 0.272986E+00
 -.970000E+00 0.272893E+00
 -.950000E+00 0.272802E+00
 -.930000E+00 0.272711E+00
 -.910000E+00 0.272620E+00
 -.890000E+00 -.826967E-02
 -.870000E+00 -.835790E-02
 -.850000E+00 -.844439E-02
 -.830000E+00 -.852912E-02
 -.810000E+00 -.861207E-02
 -.790000E+00 -.869324E-02
 -.770000E+00 -.877259E-02
 -.750000E+00 -.885012E-02
 -.730000E+00 -.892581E-02
 -.710000E+00 -.899965E-02
 -.690000E+00 -.907161E-02
 -.670000E+00 -.914168E-02
 -.650000E+00 -.920985E-02
 -.630000E+00 -.927611E-02
 -.610000E+00 -.934043E-02
 -.590000E+00 -.940282E-02
 -.570000E+00 -.946325E-02
 -.550000E+00 -.952171E-02
 -.530000E+00 -.957819E-02
 -.510000E+00 -.963268E-02
 -.490000E+00 -.968517E-02
 -.470000E+00 -.973564E-02
 -.450000E+00 -.978409E-02
 -.430000E+00 -.983051E-02
 -.410000E+00 -.987488E-02
 -.390000E+00 -.991720E-02
 -.370000E+00 -.995745E-02
 -.350000E+00 -.999564E-02
 -.330000E+00 -.100317E-01
 -.310000E+00 -.100658E-01
 -.290000E+00 -.100977E-01
 -.270000E+00 -.101275E-01
 -.250000E+00 -.101553E-01
 -.230000E+00 -.101809E-01
 -.210000E+00 -.102044E-01
 -.190000E+00 -.102258E-01
 -.170000E+00 -.102450E-01
 -.150000E+00 -.102621E-01
 -.130000E+00 -.102771E-01
 -.110000E+00 -.102900E-01
 -.900000E-01 -.103007E-01
 -.700000E-01 -.103093E-01
 -.500000E-01 -.103157E-01
 -.300000E-01 -.103200E-01
 -.100000E-01 -.103222E-01
 0.100000E-01 -.103222E-01
 0.300000E-01 -.103200E-01
 0.500000E-01 -.103157E-01
 0.700000E-01 -.103093E-01
 0.900000E-01 -.103007E-01
 0.110000E+00 -.102900E-01
 0.130000E+00 -.102771E-01
 0.150000E+00 -.102621E-01
 0.170000E+00 -.102450E-01
 0.190000E+00 -.102258E-01
 0.210000E+00 -.102044E-01
 0.230000E+00 -.101809E-01
 0.250000E+00 -.101553E-01
 0.270000E+00 -.101275E-01
 0.290000E+00 -.100977E-01
 0.310000E+00 -.100658E-01
 0.330000E+00 -.100317E-01
 0.350000E+00 -.999564E-02
 0.370000E+00 -.995745E-02
 0.390000E+00 -.991720E-02
 0.410000E+00 -.987488E-02
 0.430000E+00 -.983051E-02
 0.450000E+00 -.978409E-02
 0.470000E+00 -.973564E-02
 0.490000E+00 -.968517E-02
 0.510000E+00 -.963268E-02
 0.530000E+00 -.957819E-02
 0.550000E+00 -.952171E-02
 0.570000E+00 -.946325E-02
 0.590000E+00 -.940282E-02
 0.610000E+00 -.934043E-02
 0.630000E+00 -.927611E-02
 0.650000E+00 -.920985E-02
 0.670000E+00 -.914168E-02
 0.690000E+00 -.907161E-02
 0.710000E+00 -.899965E-02
 0.730000E+00 -.892581E-02
 0.750000E+00 -.885012E-02
 0.770000E+00 -.877259E-02
 0.790000E+00 -.869324E-02
 0.810000E+00 -.861207E-02
 0.830000E+00 -.852912E-02
 0.850000E+00 -.844439E-02
 0.870000E+00 -.835790E-02
 0.890000E+00 -.826967E-02
 0.910000E+00 0.272620E+00
 0.930000E+00 0.272711E+00
 0.950000E+00 0.272802E+00
 0.970000E+00 0.272893E+00
 0.990000E+00 0.272986E+00




































































































 -.990000E+00 0.280688E+00
 -.970000E+00 0.280538E+00
 -.950000E+00 0.280387E+00
 -.930000E+00 0.280237E+00
 -.910000E+00 0.280087E+00
 -.890000E+00 -.862011E-03
 -.870000E+00 -.101046E-02
 -.850000E+00 -.115792E-02
 -.830000E+00 -.130425E-02
 -.810000E+00 -.144931E-02
 -.790000E+00 -.159294E-02
 -.770000E+00 -.173502E-02
 -.750000E+00 -.187539E-02
 -.730000E+00 -.201394E-02
 -.710000E+00 -.215051E-02
 -.690000E+00 -.228498E-02
 -.670000E+00 -.241721E-02
 -.650000E+00 -.254708E-02
 -.630000E+00 -.267446E-02
 -.610000E+00 -.279922E-02
 -.590000E+00 -.292125E-02
 -.570000E+00 -.304042E-02
 -.550000E+00 -.315661E-02
 -.530000E+00 -.326972E-02
 -.510000E+00 -.337963E-02
 -.490000E+00 -.348623E-02
 -.470000E+00 -.358942E-02
 -.450000E+00 -.368911E-02
 -.430000E+00 -.378518E-02
 -.410000E+00 -.387756E-02
 -.390000E+00 -.396614E-02
 -.370000E+00 -.405084E-02
 -.350000E+00 -.413158E-02
 -.330000E+00 -.420828E-02
 -.310000E+00 -.428087E-02
 -.290000E+00 -.434927E-02
 -.270000E+00 -.441342E-02
 -.250000E+00 -.447325E-02
 -.230000E+00 -.452870E-02
 -.210000E+00 -.457973E-02
 -.190000E+00 -.462628E-02
 -.170000E+00 -.466830E-02
 -.150000E+00 -.470576E-02
 -.130000E+00 -.473861E-02
 -.110000E+00 -.476684E-02
 -.900000E-01 -.479040E-02
 -.700000E-01 -.480928E-02
 -.500000E-01 -.482345E-02
 -.300000E-01 -.483291E-02
 -.100000E-01 -.483764E-02
 0.100000E-01 -.483764E-02
 0.300000E-01 -.483291E-02
 0.500000E-01 -.482345E-02
 0.700000E-01 -.480928E-02
 0.900000E-01 -.479040E-02
 0.110000E+00 -.476684E-02
 0.130000E+00 -.473861E-02
 0.150000E+00 -.470576E-02
 0.170000E+00 -.466830E-02
 0.190000E+00 -.462628E-02
 0.210000E+00 -.457973E-02
 0.230000E+00 -.452870E-02
 0.250000E+00 -.447325E-02
 0.270000E+00 -.441342E-02
 0.290000E+00 -.434927E-02
 0.310000E+00 -.428087E-02
 0.330000E+00 -.420828E-02
 0.350000E+00 -.413158E-02
 0.370000E+00 -.405084E-02
 0.390000E+00 -.396614E-02
 0.410000E+00 -.387756E-02
 0.430000E+00 -.378518E-02
 0.450000E+00 -.368911E-02
 0.470000E+00 -.358942E-02
 0.490000E+00 -.348623E-02
 0.510000E+00 -.337963E-02
 0.530000E+00 -.326972E-02
 0.550000E+00 -.315661E-02
 0.570000E+00 -.304042E-02
 0.590000E+00 -.292125E-02
 0.610000E+00 -.279922E-02
 0.630000E+00 -.267446E-02
 0.650000E+00 -.254708E-02
 0.670000E+00 -.241721E-02
 0.690000E+00 -.228498E-02
 0.710000E+00 -.215051E-02
 0.730000E+00 -.201394E-02
 0.750000E+00 -.187539E-02
 0.770000E+00 -.173502E-02
 0.790000E+00 -.159294E-02
 0.810000E+00 -.144931E-02
 0.830000E+00 -.130425E-02
 0.850000E+00 -.115792E-02
 0.870000E+00 -.101046E-02
 0.890000E+00 -.862011E-03
 0.910000E+00 0.280087E+00
 0.930000E+00 0.280237E+00
 0.950000E+00 0.280387E+00
 0.970000E+00 0.280538E+00
 0.990000E+00 0.280688E+00




































































































 -.990000E+00 0.280757E+00
 -.970000E+00 0.280897E+00
 -.950000E+00 0.280995E+00
 -.930000E+00 0.281009E+00
 -.910000E+00 0.280932E+00
 -.890000E+00 -.157965E-05
 -.870000E+00 -.134794E-03
 -.850000E+00 -.209643E-03
 -.830000E+00 -.193718E-03
 -.810000E+00 -.939145E-04
 -.790000E+00 0.465520E-04
 -.770000E+00 0.166861E-03
 -.750000E+00 0.214919E-03
 -.730000E+00 0.169919E-03
 -.710000E+00 0.513463E-04
 -.690000E+00 -.894585E-04
 -.670000E+00 -.191528E-03
 -.650000E+00 -.210666E-03
 -.630000E+00 -.138588E-03
 -.610000E+00 -.650306E-05
 -.590000E+00 0.128397E-03
 -.570000E+00 0.207701E-03
 -.550000E+00 0.197072E-03
 -.530000E+00 0.101113E-03
 -.510000E+00 -.386271E-04
 -.490000E+00 -.161641E-03
 -.470000E+00 -.214665E-03
 -.450000E+00 -.174741E-03
 -.430000E+00 -.591555E-04
 -.410000E+00 0.820434E-04
 -.390000E+00 0.187718E-03
 -.370000E+00 0.212111E-03
 -.350000E+00 0.144662E-03
 -.330000E+00 0.145760E-04
 -.310000E+00 -.121821E-03
 -.290000E+00 -.205470E-03
 -.270000E+00 -.200152E-03
 -.250000E+00 -.108170E-03
 -.230000E+00 0.306489E-04
 -.210000E+00 0.156197E-03
 -.190000E+00 0.214112E-03
 -.170000E+00 0.179319E-03
 -.150000E+00 0.668816E-04
 -.130000E+00 -.745144E-04
 -.110000E+00 -.183646E-03
 -.900000E-01 -.213260E-03
 -.700000E-01 -.150534E-03
 -.500000E-01 -.226283E-04
 -.300000E-01 0.115076E-03
 -.100000E-01 0.202953E-03
 0.100000E-01 0.202953E-03
 0.300000E-01 0.115076E-03
 0.500000E-01 -.226283E-04
 0.700000E-01 -.150534E-03
 0.900000E-01 -.213260E-03
 0.110000E+00 -.183646E-03
 0.130000E+00 -.745144E-04
 0.150000E+00 0.668816E-04
 0.170000E+00 0.179319E-03
 0.190000E+00 0.214112E-03
 0.210000E+00 0.156197E-03
 0.230000E+00 0.306489E-04
 0.250000E+00 -.108170E-03
 0.270000E+00 -.200152E-03
 0.290000E+00 -.205470E-03
 0.310000E+00 -.121821E-03
 0.330000E+00 0.145760E-04
 0.350000E+00 0.144662E-03
 0.370000E+00 0.212111E-03
 0.390000E+00 0.187718E-03
 0.410000E+00 0.820434E-04
 0.430000E+00 -.591555E-04
 0.450000E+00 -.174741E-03
 0.470000E+00 -.214665E-03
 0.490000E+00 -.161641E-03
 0.510000E+00 -.386271E-04
 0.530000E+00 0.101113E-03
 0.550000E+00 0.197072E-03
 0.570000E+00 0.207701E-03
 0.590000E+00 0.128397E-03
 0.610000E+00 -.650306E-05
 0.630000E+00 -.138588E-03
 0.650000E+00 -.210666E-03
 0.670000E+00 -.191528E-03
 0.690000E+00 -.894585E-04
 0.710000E+00 0.513463E-04
 0.730000E+00 0.169919E-03
 0.750000E+00 0.214919E-03
 0.770000E+00 0.166861E-03
 0.790000E+00 0.465520E-04
 0.810000E+00 -.939145E-04
 0.830000E+00 -.193718E-03
 0.850000E+00 -.209643E-03
 0.870000E+00 -.134794E-03
 0.890000E+00 -.157965E-05
 0.910000E+00 0.280932E+00
 0.930000E+00 0.281009E+00
 0.950000E+00 0.280995E+00
 0.970000E+00 0.280897E+00
 0.990000E+00 0.280757E+00




































































































