 -.990000E+00 -.440702E-03
 -.970000E+00 -.422160E-03
 -.950000E+00 -.320585E-03
 -.930000E+00 -.179921E-03
 -.910000E+00 -.610716E-04
 -.890000E+00 -.269567E-05
 -.870000E+00 0.440145E-04
 -.850000E+00 0.716102E-04
 -.830000E+00 0.681111E-04
 -.810000E+00 0.350386E-04
 -.790000E+00 -.132452E-04
 -.770000E+00 -.557747E-04
 -.750000E+00 -.740842E-04
 -.730000E+00 -.602252E-04
 -.710000E+00 -.202174E-04
 -.690000E+00 0.285663E-04
 -.670000E+00 0.649437E-04
 -.650000E+00 0.731204E-04
 -.630000E+00 0.495477E-04
 -.610000E+00 0.446266E-05
 -.590000E+00 -.425577E-04
 -.570000E+00 -.710971E-04
 -.550000E+00 -.687645E-04
 -.530000E+00 -.365743E-04
 -.510000E+00 0.114951E-04
 -.490000E+00 0.545711E-04
 -.470000E+00 0.739504E-04
 -.450000E+00 0.612193E-04
 -.430000E+00 0.219070E-04
 -.410000E+00 -.269160E-04
 -.390000E+00 -.640502E-04
 -.370000E+00 -.733722E-04
 -.350000E+00 -.508352E-04
 -.330000E+00 -.622589E-05
 -.310000E+00 0.410855E-04
 -.290000E+00 0.705559E-04
 -.270000E+00 0.693897E-04
 -.250000E+00 0.380939E-04
 -.230000E+00 -.974189E-05
 -.210000E+00 -.533468E-04
 -.190000E+00 -.737872E-04
 -.170000E+00 -.621881E-04
 -.150000E+00 -.235865E-04
 -.130000E+00 0.252561E-04
 -.110000E+00 0.631317E-04
 -.900000E-01 0.735944E-04
 -.700000E-01 0.521015E-04
 -.500000E-01 0.798557E-05
 -.300000E-01 -.395976E-04
 -.100000E-01 -.699868E-04
 0.100000E-01 -.699868E-04
 0.300000E-01 -.395976E-04
 0.500000E-01 0.798557E-05
 0.700000E-01 0.521015E-04
 0.900000E-01 0.735944E-04
 0.110000E+00 0.631317E-04
 0.130000E+00 0.252561E-04
 0.150000E+00 -.235865E-04
 0.170000E+00 -.621881E-04
 0.190000E+00 -.737872E-04
 0.210000E+00 -.533468E-04
 0.230000E+00 -.974189E-05
 0.250000E+00 0.380939E-04
 0.270000E+00 0.693897E-04
 0.290000E+00 0.705559E-04
 0.310000E+00 0.410855E-04
 0.330000E+00 -.622589E-05
 0.350000E+00 -.508352E-04
 0.370000E+00 -.733722E-04
 0.390000E+00 -.640502E-04
 0.410000E+00 -.269160E-04
 0.430000E+00 0.219070E-04
 0.450000E+00 0.612193E-04
 0.470000E+00 0.739504E-04
 0.490000E+00 0.545711E-04
 0.510000E+00 0.114951E-04
 0.530000E+00 -.365743E-04
 0.550000E+00 -.687645E-04
 0.570000E+00 -.710971E-04
 0.590000E+00 -.425577E-04
 0.610000E+00 0.446266E-05
 0.630000E+00 0.495477E-04
 0.650000E+00 0.731204E-04
 0.670000E+00 0.649437E-04
 0.690000E+00 0.285663E-04
 0.710000E+00 -.202174E-04
 0.730000E+00 -.602252E-04
 0.750000E+00 -.740842E-04
 0.770000E+00 -.557747E-04
 0.790000E+00 -.132452E-04
 0.810000E+00 0.350386E-04
 0.830000E+00 0.681111E-04
 0.850000E+00 0.716102E-04
 0.870000E+00 0.440145E-04
 0.890000E+00 -.269567E-05
 0.910000E+00 -.610716E-04
 0.930000E+00 -.179921E-03
 0.950000E+00 -.320585E-03
 0.970000E+00 -.422160E-03
 0.990000E+00 -.440702E-03




































































































 -.990000E+00 -.132585E-03
 -.970000E+00 -.138034E-03
 -.950000E+00 -.147873E-03
 -.930000E+00 -.162093E-03
 -.910000E+00 -.180686E-03
 -.890000E+00 -.203072E-03
 -.870000E+00 -.225839E-03
 -.850000E+00 -.248405E-03
 -.830000E+00 -.270748E-03
 -.810000E+00 -.292850E-03
 -.790000E+00 -.314691E-03
 -.770000E+00 -.336254E-03
 -.750000E+00 -.357519E-03
 -.730000E+00 -.378469E-03
 -.710000E+00 -.399084E-03
 -.690000E+00 -.419348E-03
 -.670000E+00 -.439243E-03
 -.650000E+00 -.458752E-03
 -.630000E+00 -.477858E-03
 -.610000E+00 -.496545E-03
 -.590000E+00 -.514797E-03
 -.570000E+00 -.532598E-03
 -.550000E+00 -.549932E-03
 -.530000E+00 -.566786E-03
 -.510000E+00 -.583144E-03
 -.490000E+00 -.598992E-03
 -.470000E+00 -.614317E-03
 -.450000E+00 -.629106E-03
 -.430000E+00 -.643346E-03
 -.410000E+00 -.657024E-03
 -.390000E+00 -.670130E-03
 -.370000E+00 -.682652E-03
 -.350000E+00 -.694578E-03
 -.330000E+00 -.705900E-03
 -.310000E+00 -.716607E-03
 -.290000E+00 -.726689E-03
 -.270000E+00 -.736139E-03
 -.250000E+00 -.744949E-03
 -.230000E+00 -.753110E-03
 -.210000E+00 -.760615E-03
 -.190000E+00 -.767459E-03
 -.170000E+00 -.773636E-03
 -.150000E+00 -.779139E-03
 -.130000E+00 -.783965E-03
 -.110000E+00 -.788110E-03
 -.900000E-01 -.791569E-03
 -.700000E-01 -.794339E-03
 -.500000E-01 -.796419E-03
 -.300000E-01 -.797807E-03
 -.100000E-01 -.798501E-03
 0.100000E-01 -.798501E-03
 0.300000E-01 -.797807E-03
 0.500000E-01 -.796419E-03
 0.700000E-01 -.794339E-03
 0.900000E-01 -.791569E-03
 0.110000E+00 -.788110E-03
 0.130000E+00 -.783965E-03
 0.150000E+00 -.779139E-03
 0.170000E+00 -.773636E-03
 0.190000E+00 -.767459E-03
 0.210000E+00 -.760615E-03
 0.230000E+00 -.753110E-03
 0.250000E+00 -.744949E-03
 0.270000E+00 -.736139E-03
 0.290000E+00 -.726689E-03
 0.310000E+00 -.716607E-03
 0.330000E+00 -.705900E-03
 0.350000E+00 -.694578E-03
 0.370000E+00 -.682652E-03
 0.390000E+00 -.670130E-03
 0.410000E+00 -.657024E-03
 0.430000E+00 -.643346E-03
 0.450000E+00 -.629106E-03
 0.470000E+00 -.614317E-03
 0.490000E+00 -.598992E-03
 0.510000E+00 -.583144E-03
 0.530000E+00 -.566786E-03
 0.550000E+00 -.549932E-03
 0.570000E+00 -.532598E-03
 0.590000E+00 -.514797E-03
 0.610000E+00 -.496545E-03
 0.630000E+00 -.477858E-03
 0.650000E+00 -.458752E-03
 0.670000E+00 -.439243E-03
 0.690000E+00 -.419348E-03
 0.710000E+00 -.399084E-03
 0.730000E+00 -.378469E-03
 0.750000E+00 -.357519E-03
 0.770000E+00 -.336254E-03
 0.790000E+00 -.314691E-03
 0.810000E+00 -.292850E-03
 0.830000E+00 -.270748E-03
 0.850000E+00 -.248405E-03
 0.870000E+00 -.225839E-03
 0.890000E+00 -.203072E-03
 0.910000E+00 -.180686E-03
 0.930000E+00 -.162093E-03
 0.950000E+00 -.147873E-03
 0.970000E+00 -.138034E-03
 0.990000E+00 -.132585E-03




































































































 -.990000E+00 -.707892E-02
 -.970000E+00 -.714846E-02
 -.950000E+00 -.721882E-02
 -.930000E+00 -.729000E-02
 -.910000E+00 -.736200E-02
 -.890000E+00 -.743452E-02
 -.870000E+00 -.750590E-02
 -.850000E+00 -.757586E-02
 -.830000E+00 -.764438E-02
 -.810000E+00 -.771145E-02
 -.790000E+00 -.777706E-02
 -.770000E+00 -.784119E-02
 -.750000E+00 -.790383E-02
 -.730000E+00 -.796496E-02
 -.710000E+00 -.802459E-02
 -.690000E+00 -.808269E-02
 -.670000E+00 -.813926E-02
 -.650000E+00 -.819428E-02
 -.630000E+00 -.824775E-02
 -.610000E+00 -.829965E-02
 -.590000E+00 -.834998E-02
 -.570000E+00 -.839871E-02
 -.550000E+00 -.844586E-02
 -.530000E+00 -.849140E-02
 -.510000E+00 -.853533E-02
 -.490000E+00 -.857764E-02
 -.470000E+00 -.861831E-02
 -.450000E+00 -.865736E-02
 -.430000E+00 -.869476E-02
 -.410000E+00 -.873050E-02
 -.390000E+00 -.876459E-02
 -.370000E+00 -.879702E-02
 -.350000E+00 -.882777E-02
 -.330000E+00 -.885685E-02
 -.310000E+00 -.888425E-02
 -.290000E+00 -.890996E-02
 -.270000E+00 -.893398E-02
 -.250000E+00 -.895630E-02
 -.230000E+00 -.897692E-02
 -.210000E+00 -.899584E-02
 -.190000E+00 -.901305E-02
 -.170000E+00 -.902854E-02
 -.150000E+00 -.904233E-02
 -.130000E+00 -.905439E-02
 -.110000E+00 -.906474E-02
 -.900000E-01 -.907336E-02
 -.700000E-01 -.908026E-02
 -.500000E-01 -.908544E-02
 -.300000E-01 -.908889E-02
 -.100000E-01 -.909062E-02
 0.100000E-01 -.909062E-02
 0.300000E-01 -.908889E-02
 0.500000E-01 -.908544E-02
 0.700000E-01 -.908026E-02
 0.900000E-01 -.907336E-02
 0.110000E+00 -.906474E-02
 0.130000E+00 -.905439E-02
 0.150000E+00 -.904233E-02
 0.170000E+00 -.902854E-02
 0.190000E+00 -.901305E-02
 0.210000E+00 -.899584E-02
 0.230000E+00 -.897692E-02
 0.250000E+00 -.895630E-02
 0.270000E+00 -.893398E-02
 0.290000E+00 -.890996E-02
 0.310000E+00 -.888425E-02
 0.330000E+00 -.885685E-02
 0.350000E+00 -.882777E-02
 0.370000E+00 -.879702E-02
 0.390000E+00 -.876459E-02
 0.410000E+00 -.873050E-02
 0.430000E+00 -.869476E-02
 0.450000E+00 -.865736E-02
 0.470000E+00 -.861831E-02
 0.490000E+00 -.857764E-02
 0.510000E+00 -.853533E-02
 0.530000E+00 -.849140E-02
 0.550000E+00 -.844586E-02
 0.570000E+00 -.839871E-02
 0.590000E+00 -.834998E-02
 0.610000E+00 -.829965E-02
 0.630000E+00 -.824775E-02
 0.650000E+00 -.819428E-02
 0.670000E+00 -.813926E-02
 0.690000E+00 -.808269E-02
 0.710000E+00 -.802459E-02
 0.730000E+00 -.796496E-02
 0.750000E+00 -.790383E-02
 0.770000E+00 -.784119E-02
 0.790000E+00 -.777706E-02
 0.810000E+00 -.771145E-02
 0.830000E+00 -.764438E-02
 0.850000E+00 -.757586E-02
 0.870000E+00 -.750590E-02
 0.890000E+00 -.743452E-02
 0.910000E+00 -.736200E-02
 0.930000E+00 -.729000E-02
 0.950000E+00 -.721882E-02
 0.970000E+00 -.714846E-02
 0.990000E+00 -.707892E-02




































































































 -.990000E+00 -.629300E-06
 -.970000E+00 -.632971E-06
 -.950000E+00 -.636673E-06
 -.930000E+00 -.640406E-06
 -.910000E+00 -.644171E-06
 -.890000E+00 -.647954E-06
 -.870000E+00 -.651673E-06
 -.850000E+00 -.655313E-06
 -.830000E+00 -.658873E-06
 -.810000E+00 -.662354E-06
 -.790000E+00 -.665755E-06
 -.770000E+00 -.669075E-06
 -.750000E+00 -.672315E-06
 -.730000E+00 -.675474E-06
 -.710000E+00 -.678551E-06
 -.690000E+00 -.681547E-06
 -.670000E+00 -.684461E-06
 -.650000E+00 -.687292E-06
 -.630000E+00 -.690040E-06
 -.610000E+00 -.692706E-06
 -.590000E+00 -.695289E-06
 -.570000E+00 -.697788E-06
 -.550000E+00 -.700203E-06
 -.530000E+00 -.702534E-06
 -.510000E+00 -.704782E-06
 -.490000E+00 -.706944E-06
 -.470000E+00 -.709022E-06
 -.450000E+00 -.711015E-06
 -.430000E+00 -.712923E-06
 -.410000E+00 -.714746E-06
 -.390000E+00 -.716483E-06
 -.370000E+00 -.718134E-06
 -.350000E+00 -.719699E-06
 -.330000E+00 -.721179E-06
 -.310000E+00 -.722572E-06
 -.290000E+00 -.723879E-06
 -.270000E+00 -.725099E-06
 -.250000E+00 -.726233E-06
 -.230000E+00 -.727280E-06
 -.210000E+00 -.728240E-06
 -.190000E+00 -.729113E-06
 -.170000E+00 -.729899E-06
 -.150000E+00 -.730598E-06
 -.130000E+00 -.731210E-06
 -.110000E+00 -.731734E-06
 -.900000E-01 -.732171E-06
 -.700000E-01 -.732521E-06
 -.500000E-01 -.732783E-06
 -.300000E-01 -.732958E-06
 -.100000E-01 -.733046E-06
 0.100000E-01 -.733046E-06
 0.300000E-01 -.732958E-06
 0.500000E-01 -.732783E-06
 0.700000E-01 -.732521E-06
 0.900000E-01 -.732171E-06
 0.110000E+00 -.731734E-06
 0.130000E+00 -.731210E-06
 0.150000E+00 -.730598E-06
 0.170000E+00 -.729899E-06
 0.190000E+00 -.729113E-06
 0.210000E+00 -.728240E-06
 0.230000E+00 -.727280E-06
 0.250000E+00 -.726233E-06
 0.270000E+00 -.725099E-06
 0.290000E+00 -.723879E-06
 0.310000E+00 -.722572E-06
 0.330000E+00 -.721179E-06
 0.350000E+00 -.719699E-06
 0.370000E+00 -.718134E-06
 0.390000E+00 -.716483E-06
 0.410000E+00 -.714746E-06
 0.430000E+00 -.712923E-06
 0.450000E+00 -.711015E-06
 0.470000E+00 -.709022E-06
 0.490000E+00 -.706944E-06
 0.510000E+00 -.704782E-06
 0.530000E+00 -.702534E-06
 0.550000E+00 -.700203E-06
 0.570000E+00 -.697788E-06
 0.590000E+00 -.695289E-06
 0.610000E+00 -.692706E-06
 0.630000E+00 -.690040E-06
 0.650000E+00 -.687292E-06
 0.670000E+00 -.684461E-06
 0.690000E+00 -.681547E-06
 0.710000E+00 -.678551E-06
 0.730000E+00 -.675474E-06
 0.750000E+00 -.672315E-06
 0.770000E+00 -.669075E-06
 0.790000E+00 -.665755E-06
 0.810000E+00 -.662354E-06
 0.830000E+00 -.658873E-06
 0.850000E+00 -.655313E-06
 0.870000E+00 -.651673E-06
 0.890000E+00 -.647954E-06
 0.910000E+00 -.644171E-06
 0.930000E+00 -.640406E-06
 0.950000E+00 -.636673E-06
 0.970000E+00 -.632971E-06
 0.990000E+00 -.629300E-06




































































































 -.990000E+00 -.531652E-07
 -.970000E+00 -.534688E-07
 -.950000E+00 -.537758E-07
 -.930000E+00 -.540862E-07
 -.910000E+00 -.544000E-07
 -.890000E+00 -.547161E-07
 -.870000E+00 -.550265E-07
 -.850000E+00 -.553300E-07
 -.830000E+00 -.556266E-07
 -.810000E+00 -.559162E-07
 -.790000E+00 -.561988E-07
 -.770000E+00 -.564744E-07
 -.750000E+00 -.567431E-07
 -.730000E+00 -.570047E-07
 -.710000E+00 -.572594E-07
 -.690000E+00 -.575071E-07
 -.670000E+00 -.577478E-07
 -.650000E+00 -.579814E-07
 -.630000E+00 -.582081E-07
 -.610000E+00 -.584277E-07
 -.590000E+00 -.586403E-07
 -.570000E+00 -.588458E-07
 -.550000E+00 -.590443E-07
 -.530000E+00 -.592358E-07
 -.510000E+00 -.594202E-07
 -.490000E+00 -.595976E-07
 -.470000E+00 -.597679E-07
 -.450000E+00 -.599311E-07
 -.430000E+00 -.600873E-07
 -.410000E+00 -.602364E-07
 -.390000E+00 -.603784E-07
 -.370000E+00 -.605134E-07
 -.350000E+00 -.606412E-07
 -.330000E+00 -.607620E-07
 -.310000E+00 -.608757E-07
 -.290000E+00 -.609823E-07
 -.270000E+00 -.610818E-07
 -.250000E+00 -.611742E-07
 -.230000E+00 -.612595E-07
 -.210000E+00 -.613377E-07
 -.190000E+00 -.614088E-07
 -.170000E+00 -.614728E-07
 -.150000E+00 -.615297E-07
 -.130000E+00 -.615795E-07
 -.110000E+00 -.616221E-07
 -.900000E-01 -.616577E-07
 -.700000E-01 -.616861E-07
 -.500000E-01 -.617075E-07
 -.300000E-01 -.617217E-07
 -.100000E-01 -.617288E-07
 0.100000E-01 -.617288E-07
 0.300000E-01 -.617217E-07
 0.500000E-01 -.617075E-07
 0.700000E-01 -.616861E-07
 0.900000E-01 -.616577E-07
 0.110000E+00 -.616221E-07
 0.130000E+00 -.615795E-07
 0.150000E+00 -.615297E-07
 0.170000E+00 -.614728E-07
 0.190000E+00 -.614088E-07
 0.210000E+00 -.613377E-07
 0.230000E+00 -.612595E-07
 0.250000E+00 -.611742E-07
 0.270000E+00 -.610818E-07
 0.290000E+00 -.609823E-07
 0.310000E+00 -.608757E-07
 0.330000E+00 -.607620E-07
 0.350000E+00 -.606412E-07
 0.370000E+00 -.605134E-07
 0.390000E+00 -.603784E-07
 0.410000E+00 -.602364E-07
 0.430000E+00 -.600873E-07
 0.450000E+00 -.599311E-07
 0.470000E+00 -.597679E-07
 0.490000E+00 -.595976E-07
 0.510000E+00 -.594202E-07
 0.530000E+00 -.592358E-07
 0.550000E+00 -.590443E-07
 0.570000E+00 -.588458E-07
 0.590000E+00 -.586403E-07
 0.610000E+00 -.584277E-07
 0.630000E+00 -.582081E-07
 0.650000E+00 -.579814E-07
 0.670000E+00 -.577478E-07
 0.690000E+00 -.575071E-07
 0.710000E+00 -.572594E-07
 0.730000E+00 -.570047E-07
 0.750000E+00 -.567431E-07
 0.770000E+00 -.564744E-07
 0.790000E+00 -.561988E-07
 0.810000E+00 -.559162E-07
 0.830000E+00 -.556266E-07
 0.850000E+00 -.553300E-07
 0.870000E+00 -.550265E-07
 0.890000E+00 -.547161E-07
 0.910000E+00 -.544000E-07
 0.930000E+00 -.540862E-07
 0.950000E+00 -.537758E-07
 0.970000E+00 -.534688E-07
 0.990000E+00 -.531652E-07




































































































 -.990000E+00 -.100499E-10
 -.970000E+00 -.101075E-10
 -.950000E+00 -.101658E-10
 -.930000E+00 -.102248E-10
 -.910000E+00 -.102846E-10
 -.890000E+00 -.103448E-10
 -.870000E+00 -.104039E-10
 -.850000E+00 -.104617E-10
 -.830000E+00 -.105181E-10
 -.810000E+00 -.105732E-10
 -.790000E+00 -.106269E-10
 -.770000E+00 -.106794E-10
 -.750000E+00 -.107304E-10
 -.730000E+00 -.107801E-10
 -.710000E+00 -.108285E-10
 -.690000E+00 -.108755E-10
 -.670000E+00 -.109212E-10
 -.650000E+00 -.109656E-10
 -.630000E+00 -.110086E-10
 -.610000E+00 -.110502E-10
 -.590000E+00 -.110906E-10
 -.570000E+00 -.111295E-10
 -.550000E+00 -.111672E-10
 -.530000E+00 -.112034E-10
 -.510000E+00 -.112384E-10
 -.490000E+00 -.112720E-10
 -.470000E+00 -.113042E-10
 -.450000E+00 -.113351E-10
 -.430000E+00 -.113647E-10
 -.410000E+00 -.113929E-10
 -.390000E+00 -.114198E-10
 -.370000E+00 -.114453E-10
 -.350000E+00 -.114695E-10
 -.330000E+00 -.114924E-10
 -.310000E+00 -.115139E-10
 -.290000E+00 -.115340E-10
 -.270000E+00 -.115529E-10
 -.250000E+00 -.115703E-10
 -.230000E+00 -.115865E-10
 -.210000E+00 -.116012E-10
 -.190000E+00 -.116147E-10
 -.170000E+00 -.116268E-10
 -.150000E+00 -.116375E-10
 -.130000E+00 -.116469E-10
 -.110000E+00 -.116550E-10
 -.900000E-01 -.116617E-10
 -.700000E-01 -.116671E-10
 -.500000E-01 -.116711E-10
 -.300000E-01 -.116738E-10
 -.100000E-01 -.116752E-10
 0.100000E-01 -.116752E-10
 0.300000E-01 -.116738E-10
 0.500000E-01 -.116711E-10
 0.700000E-01 -.116671E-10
 0.900000E-01 -.116617E-10
 0.110000E+00 -.116550E-10
 0.130000E+00 -.116469E-10
 0.150000E+00 -.116375E-10
 0.170000E+00 -.116268E-10
 0.190000E+00 -.116147E-10
 0.210000E+00 -.116012E-10
 0.230000E+00 -.115865E-10
 0.250000E+00 -.115703E-10
 0.270000E+00 -.115529E-10
 0.290000E+00 -.115340E-10
 0.310000E+00 -.115139E-10
 0.330000E+00 -.114924E-10
 0.350000E+00 -.114695E-10
 0.370000E+00 -.114453E-10
 0.390000E+00 -.114198E-10
 0.410000E+00 -.113929E-10
 0.430000E+00 -.113647E-10
 0.450000E+00 -.113351E-10
 0.470000E+00 -.113042E-10
 0.490000E+00 -.112720E-10
 0.510000E+00 -.112384E-10
 0.530000E+00 -.112034E-10
 0.550000E+00 -.111672E-10
 0.570000E+00 -.111295E-10
 0.590000E+00 -.110906E-10
 0.610000E+00 -.110502E-10
 0.630000E+00 -.110086E-10
 0.650000E+00 -.109656E-10
 0.670000E+00 -.109212E-10
 0.690000E+00 -.108755E-10
 0.710000E+00 -.108285E-10
 0.730000E+00 -.107801E-10
 0.750000E+00 -.107304E-10
 0.770000E+00 -.106794E-10
 0.790000E+00 -.106269E-10
 0.810000E+00 -.105732E-10
 0.830000E+00 -.105181E-10
 0.850000E+00 -.104617E-10
 0.870000E+00 -.104039E-10
 0.890000E+00 -.103448E-10
 0.910000E+00 -.102846E-10
 0.930000E+00 -.102248E-10
 0.950000E+00 -.101658E-10
 0.970000E+00 -.101075E-10
 0.990000E+00 -.100499E-10




































































































 -.990000E+00 0.531652E-07
 -.970000E+00 0.534688E-07
 -.950000E+00 0.537758E-07
 -.930000E+00 0.540862E-07
 -.910000E+00 0.544000E-07
 -.890000E+00 0.547161E-07
 -.870000E+00 0.550265E-07
 -.850000E+00 0.553300E-07
 -.830000E+00 0.556266E-07
 -.810000E+00 0.559162E-07
 -.790000E+00 0.561988E-07
 -.770000E+00 0.564744E-07
 -.750000E+00 0.567431E-07
 -.730000E+00 0.570047E-07
 -.710000E+00 0.572594E-07
 -.690000E+00 0.575071E-07
 -.670000E+00 0.577478E-07
 -.650000E+00 0.579814E-07
 -.630000E+00 0.582081E-07
 -.610000E+00 0.584277E-07
 -.590000E+00 0.586403E-07
 -.570000E+00 0.588458E-07
 -.550000E+00 0.590443E-07
 -.530000E+00 0.592358E-07
 -.510000E+00 0.594202E-07
 -.490000E+00 0.595976E-07
 -.470000E+00 0.597679E-07
 -.450000E+00 0.599311E-07
 -.430000E+00 0.600873E-07
 -.410000E+00 0.602364E-07
 -.390000E+00 0.603784E-07
 -.370000E+00 0.605134E-07
 -.350000E+00 0.606412E-07
 -.330000E+00 0.607620E-07
 -.310000E+00 0.608757E-07
 -.290000E+00 0.609823E-07
 -.270000E+00 0.610818E-07
 -.250000E+00 0.611742E-07
 -.230000E+00 0.612595E-07
 -.210000E+00 0.613377E-07
 -.190000E+00 0.614088E-07
 -.170000E+00 0.614728E-07
 -.150000E+00 0.615297E-07
 -.130000E+00 0.615795E-07
 -.110000E+00 0.616221E-07
 -.900000E-01 0.616577E-07
 -.700000E-01 0.616861E-07
 -.500000E-01 0.617075E-07
 -.300000E-01 0.617217E-07
 -.100000E-01 0.617288E-07
 0.100000E-01 0.617288E-07
 0.300000E-01 0.617217E-07
 0.500000E-01 0.617075E-07
 0.700000E-01 0.616861E-07
 0.900000E-01 0.616577E-07
 0.110000E+00 0.616221E-07
 0.130000E+00 0.615795E-07
 0.150000E+00 0.615297E-07
 0.170000E+00 0.614728E-07
 0.190000E+00 0.614088E-07
 0.210000E+00 0.613377E-07
 0.230000E+00 0.612595E-07
 0.250000E+00 0.611742E-07
 0.270000E+00 0.610818E-07
 0.290000E+00 0.609823E-07
 0.310000E+00 0.608757E-07
 0.330000E+00 0.607620E-07
 0.350000E+00 0.606412E-07
 0.370000E+00 0.605134E-07
 0.390000E+00 0.603784E-07
 0.410000E+00 0.602364E-07
 0.430000E+00 0.600873E-07
 0.450000E+00 0.599311E-07
 0.470000E+00 0.597679E-07
 0.490000E+00 0.595976E-07
 0.510000E+00 0.594202E-07
 0.530000E+00 0.592358E-07
 0.550000E+00 0.590443E-07
 0.570000E+00 0.588458E-07
 0.590000E+00 0.586403E-07
 0.610000E+00 0.584277E-07
 0.630000E+00 0.582081E-07
 0.650000E+00 0.579814E-07
 0.670000E+00 0.577478E-07
 0.690000E+00 0.575071E-07
 0.710000E+00 0.572594E-07
 0.730000E+00 0.570047E-07
 0.750000E+00 0.567431E-07
 0.770000E+00 0.564744E-07
 0.790000E+00 0.561988E-07
 0.810000E+00 0.559162E-07
 0.830000E+00 0.556266E-07
 0.850000E+00 0.553300E-07
 0.870000E+00 0.550265E-07
 0.890000E+00 0.547161E-07
 0.910000E+00 0.544000E-07
 0.930000E+00 0.540862E-07
 0.950000E+00 0.537758E-07
 0.970000E+00 0.534688E-07
 0.990000E+00 0.531652E-07




































































































 -.990000E+00 0.629300E-06
 -.970000E+00 0.632971E-06
 -.950000E+00 0.636673E-06
 -.930000E+00 0.640406E-06
 -.910000E+00 0.644171E-06
 -.890000E+00 0.647954E-06
 -.870000E+00 0.651673E-06
 -.850000E+00 0.655313E-06
 -.830000E+00 0.658873E-06
 -.810000E+00 0.662354E-06
 -.790000E+00 0.665755E-06
 -.770000E+00 0.669075E-06
 -.750000E+00 0.672315E-06
 -.730000E+00 0.675474E-06
 -.710000E+00 0.678551E-06
 -.690000E+00 0.681547E-06
 -.670000E+00 0.684461E-06
 -.650000E+00 0.687292E-06
 -.630000E+00 0.690040E-06
 -.610000E+00 0.692706E-06
 -.590000E+00 0.695289E-06
 -.570000E+00 0.697788E-06
 -.550000E+00 0.700203E-06
 -.530000E+00 0.702534E-06
 -.510000E+00 0.704782E-06
 -.490000E+00 0.706944E-06
 -.470000E+00 0.709022E-06
 -.450000E+00 0.711015E-06
 -.430000E+00 0.712923E-06
 -.410000E+00 0.714746E-06
 -.390000E+00 0.716483E-06
 -.370000E+00 0.718134E-06
 -.350000E+00 0.719699E-06
 -.330000E+00 0.721179E-06
 -.310000E+00 0.722572E-06
 -.290000E+00 0.723879E-06
 -.270000E+00 0.725099E-06
 -.250000E+00 0.726233E-06
 -.230000E+00 0.727280E-06
 -.210000E+00 0.728240E-06
 -.190000E+00 0.729113E-06
 -.170000E+00 0.729899E-06
 -.150000E+00 0.730598E-06
 -.130000E+00 0.731210E-06
 -.110000E+00 0.731734E-06
 -.900000E-01 0.732171E-06
 -.700000E-01 0.732521E-06
 -.500000E-01 0.732783E-06
 -.300000E-01 0.732958E-06
 -.100000E-01 0.733046E-06
 0.100000E-01 0.733046E-06
 0.300000E-01 0.732958E-06
 0.500000E-01 0.732783E-06
 0.700000E-01 0.732521E-06
 0.900000E-01 0.732171E-06
 0.110000E+00 0.731734E-06
 0.130000E+00 0.731210E-06
 0.150000E+00 0.730598E-06
 0.170000E+00 0.729899E-06
 0.190000E+00 0.729113E-06
 0.210000E+00 0.728240E-06
 0.230000E+00 0.727280E-06
 0.250000E+00 0.726233E-06
 0.270000E+00 0.725099E-06
 0.290000E+00 0.723879E-06
 0.310000E+00 0.722572E-06
 0.330000E+00 0.721179E-06
 0.350000E+00 0.719699E-06
 0.370000E+00 0.718134E-06
 0.390000E+00 0.716483E-06
 0.410000E+00 0.714746E-06
 0.430000E+00 0.712923E-06
 0.450000E+00 0.711015E-06
 0.470000E+00 0.709022E-06
 0.490000E+00 0.706944E-06
 0.510000E+00 0.704782E-06
 0.530000E+00 0.702534E-06
 0.550000E+00 0.700203E-06
 0.570000E+00 0.697788E-06
 0.590000E+00 0.695289E-06
 0.610000E+00 0.692706E-06
 0.630000E+00 0.690040E-06
 0.650000E+00 0.687292E-06
 0.670000E+00 0.684461E-06
 0.690000E+00 0.681547E-06
 0.710000E+00 0.678551E-06
 0.730000E+00 0.675474E-06
 0.750000E+00 0.672315E-06
 0.770000E+00 0.669075E-06
 0.790000E+00 0.665755E-06
 0.810000E+00 0.662354E-06
 0.830000E+00 0.658873E-06
 0.850000E+00 0.655313E-06
 0.870000E+00 0.651673E-06
 0.890000E+00 0.647954E-06
 0.910000E+00 0.644171E-06
 0.930000E+00 0.640406E-06
 0.950000E+00 0.636673E-06
 0.970000E+00 0.632971E-06
 0.990000E+00 0.629300E-06




































































































 -.990000E+00 0.707892E-02
 -.970000E+00 0.714846E-02
 -.950000E+00 0.721882E-02
 -.930000E+00 0.729000E-02
 -.910000E+00 0.736200E-02
 -.890000E+00 0.743452E-02
 -.870000E+00 0.750590E-02
 -.850000E+00 0.757586E-02
 -.830000E+00 0.764438E-02
 -.810000E+00 0.771145E-02
 -.790000E+00 0.777706E-02
 -.770000E+00 0.784119E-02
 -.750000E+00 0.790383E-02
 -.730000E+00 0.796496E-02
 -.710000E+00 0.802459E-02
 -.690000E+00 0.808269E-02
 -.670000E+00 0.813926E-02
 -.650000E+00 0.819428E-02
 -.630000E+00 0.824775E-02
 -.610000E+00 0.829965E-02
 -.590000E+00 0.834998E-02
 -.570000E+00 0.839871E-02
 -.550000E+00 0.844586E-02
 -.530000E+00 0.849140E-02
 -.510000E+00 0.853533E-02
 -.490000E+00 0.857764E-02
 -.470000E+00 0.861831E-02
 -.450000E+00 0.865736E-02
 -.430000E+00 0.869476E-02
 -.410000E+00 0.873050E-02
 -.390000E+00 0.876459E-02
 -.370000E+00 0.879702E-02
 -.350000E+00 0.882777E-02
 -.330000E+00 0.885685E-02
 -.310000E+00 0.888425E-02
 -.290000E+00 0.890996E-02
 -.270000E+00 0.893398E-02
 -.250000E+00 0.895630E-02
 -.230000E+00 0.897692E-02
 -.210000E+00 0.899584E-02
 -.190000E+00 0.901305E-02
 -.170000E+00 0.902854E-02
 -.150000E+00 0.904233E-02
 -.130000E+00 0.905439E-02
 -.110000E+00 0.906474E-02
 -.900000E-01 0.907336E-02
 -.700000E-01 0.908026E-02
 -.500000E-01 0.908544E-02
 -.300000E-01 0.908889E-02
 -.100000E-01 0.909062E-02
 0.100000E-01 0.909062E-02
 0.300000E-01 0.908889E-02
 0.500000E-01 0.908544E-02
 0.700000E-01 0.908026E-02
 0.900000E-01 0.907336E-02
 0.110000E+00 0.906474E-02
 0.130000E+00 0.905439E-02
 0.150000E+00 0.904233E-02
 0.170000E+00 0.902854E-02
 0.190000E+00 0.901305E-02
 0.210000E+00 0.899584E-02
 0.230000E+00 0.897692E-02
 0.250000E+00 0.895630E-02
 0.270000E+00 0.893398E-02
 0.290000E+00 0.890996E-02
 0.310000E+00 0.888425E-02
 0.330000E+00 0.885685E-02
 0.350000E+00 0.882777E-02
 0.370000E+00 0.879702E-02
 0.390000E+00 0.876459E-02
 0.410000E+00 0.873050E-02
 0.430000E+00 0.869476E-02
 0.450000E+00 0.865736E-02
 0.470000E+00 0.861831E-02
 0.490000E+00 0.857764E-02
 0.510000E+00 0.853533E-02
 0.530000E+00 0.849140E-02
 0.550000E+00 0.844586E-02
 0.570000E+00 0.839871E-02
 0.590000E+00 0.834998E-02
 0.610000E+00 0.829965E-02
 0.630000E+00 0.824775E-02
 0.650000E+00 0.819428E-02
 0.670000E+00 0.813926E-02
 0.690000E+00 0.808269E-02
 0.710000E+00 0.802459E-02
 0.730000E+00 0.796496E-02
 0.750000E+00 0.790383E-02
 0.770000E+00 0.784119E-02
 0.790000E+00 0.777706E-02
 0.810000E+00 0.771145E-02
 0.830000E+00 0.764438E-02
 0.850000E+00 0.757586E-02
 0.870000E+00 0.750590E-02
 0.890000E+00 0.743452E-02
 0.910000E+00 0.736200E-02
 0.930000E+00 0.729000E-02
 0.950000E+00 0.721882E-02
 0.970000E+00 0.714846E-02
 0.990000E+00 0.707892E-02




































































































 -.990000E+00 0.132585E-03
 -.970000E+00 0.138034E-03
 -.950000E+00 0.147873E-03
 -.930000E+00 0.162093E-03
 -.910000E+00 0.180686E-03
 -.890000E+00 0.203072E-03
 -.870000E+00 0.225839E-03
 -.850000E+00 0.248405E-03
 -.830000E+00 0.270748E-03
 -.810000E+00 0.292850E-03
 -.790000E+00 0.314691E-03
 -.770000E+00 0.336254E-03
 -.750000E+00 0.357519E-03
 -.730000E+00 0.378469E-03
 -.710000E+00 0.399084E-03
 -.690000E+00 0.419348E-03
 -.670000E+00 0.439243E-03
 -.650000E+00 0.458752E-03
 -.630000E+00 0.477858E-03
 -.610000E+00 0.496545E-03
 -.590000E+00 0.514797E-03
 -.570000E+00 0.532598E-03
 -.550000E+00 0.549932E-03
 -.530000E+00 0.566786E-03
 -.510000E+00 0.583144E-03
 -.490000E+00 0.598992E-03
 -.470000E+00 0.614317E-03
 -.450000E+00 0.629106E-03
 -.430000E+00 0.643346E-03
 -.410000E+00 0.657024E-03
 -.390000E+00 0.670130E-03
 -.370000E+00 0.682652E-03
 -.350000E+00 0.694578E-03
 -.330000E+00 0.705900E-03
 -.310000E+00 0.716607E-03
 -.290000E+00 0.726689E-03
 -.270000E+00 0.736139E-03
 -.250000E+00 0.744949E-03
 -.230000E+00 0.753110E-03
 -.210000E+00 0.760615E-03
 -.190000E+00 0.767459E-03
 -.170000E+00 0.773636E-03
 -.150000E+00 0.779139E-03
 -.130000E+00 0.783965E-03
 -.110000E+00 0.788110E-03
 -.900000E-01 0.791569E-03
 -.700000E-01 0.794339E-03
 -.500000E-01 0.796419E-03
 -.300000E-01 0.797807E-03
 -.100000E-01 0.798501E-03
 0.100000E-01 0.798501E-03
 0.300000E-01 0.797807E-03
 0.500000E-01 0.796419E-03
 0.700000E-01 0.794339E-03
 0.900000E-01 0.791569E-03
 0.110000E+00 0.788110E-03
 0.130000E+00 0.783965E-03
 0.150000E+00 0.779139E-03
 0.170000E+00 0.773636E-03
 0.190000E+00 0.767459E-03
 0.210000E+00 0.760615E-03
 0.230000E+00 0.753110E-03
 0.250000E+00 0.744949E-03
 0.270000E+00 0.736139E-03
 0.290000E+00 0.726689E-03
 0.310000E+00 0.716607E-03
 0.330000E+00 0.705900E-03
 0.350000E+00 0.694578E-03
 0.370000E+00 0.682652E-03
 0.390000E+00 0.670130E-03
 0.410000E+00 0.657024E-03
 0.430000E+00 0.643346E-03
 0.450000E+00 0.629106E-03
 0.470000E+00 0.614317E-03
 0.490000E+00 0.598992E-03
 0.510000E+00 0.583144E-03
 0.530000E+00 0.566786E-03
 0.550000E+00 0.549932E-03
 0.570000E+00 0.532598E-03
 0.590000E+00 0.514797E-03
 0.610000E+00 0.496545E-03
 0.630000E+00 0.477858E-03
 0.650000E+00 0.458752E-03
 0.670000E+00 0.439243E-03
 0.690000E+00 0.419348E-03
 0.710000E+00 0.399084E-03
 0.730000E+00 0.378469E-03
 0.750000E+00 0.357519E-03
 0.770000E+00 0.336254E-03
 0.790000E+00 0.314691E-03
 0.810000E+00 0.292850E-03
 0.830000E+00 0.270748E-03
 0.850000E+00 0.248405E-03
 0.870000E+00 0.225839E-03
 0.890000E+00 0.203072E-03
 0.910000E+00 0.180686E-03
 0.930000E+00 0.162093E-03
 0.950000E+00 0.147873E-03
 0.970000E+00 0.138034E-03
 0.990000E+00 0.132585E-03




































































































 -.990000E+00 0.440702E-03
 -.970000E+00 0.422160E-03
 -.950000E+00 0.320585E-03
 -.930000E+00 0.179921E-03
 -.910000E+00 0.610716E-04
 -.890000E+00 0.269567E-05
 -.870000E+00 -.440145E-04
 -.850000E+00 -.716102E-04
 -.830000E+00 -.681111E-04
 -.810000E+00 -.350386E-04
 -.790000E+00 0.132452E-04
 -.770000E+00 0.557747E-04
 -.750000E+00 0.740842E-04
 -.730000E+00 0.602252E-04
 -.710000E+00 0.202174E-04
 -.690000E+00 -.285663E-04
 -.670000E+00 -.649437E-04
 -.650000E+00 -.731204E-04
 -.630000E+00 -.495477E-04
 -.610000E+00 -.446266E-05
 -.590000E+00 0.425577E-04
 -.570000E+00 0.710971E-04
 -.550000E+00 0.687645E-04
 -.530000E+00 0.365743E-04
 -.510000E+00 -.114951E-04
 -.490000E+00 -.545711E-04
 -.470000E+00 -.739504E-04
 -.450000E+00 -.612193E-04
 -.430000E+00 -.219070E-04
 -.410000E+00 0.269160E-04
 -.390000E+00 0.640502E-04
 -.370000E+00 0.733722E-04
 -.350000E+00 0.508352E-04
 -.330000E+00 0.622589E-05
 -.310000E+00 -.410855E-04
 -.290000E+00 -.705559E-04
 -.270000E+00 -.693897E-04
 -.250000E+00 -.380939E-04
 -.230000E+00 0.974189E-05
 -.210000E+00 0.533468E-04
 -.190000E+00 0.737872E-04
 -.170000E+00 0.621881E-04
 -.150000E+00 0.235865E-04
 -.130000E+00 -.252561E-04
 -.110000E+00 -.631317E-04
 -.900000E-01 -.735944E-04
 -.700000E-01 -.521015E-04
 -.500000E-01 -.798557E-05
 -.300000E-01 0.395976E-04
 -.100000E-01 0.699868E-04
 0.100000E-01 0.699868E-04
 0.300000E-01 0.395976E-04
 0.500000E-01 -.798557E-05
 0.700000E-01 -.521015E-04
 0.900000E-01 -.735944E-04
 0.110000E+00 -.631317E-04
 0.130000E+00 -.252561E-04
 0.150000E+00 0.235865E-04
 0.170000E+00 0.621881E-04
 0.190000E+00 0.737872E-04
 0.210000E+00 0.533468E-04
 0.230000E+00 0.974189E-05
 0.250000E+00 -.380939E-04
 0.270000E+00 -.693897E-04
 0.290000E+00 -.705559E-04
 0.310000E+00 -.410855E-04
 0.330000E+00 0.622589E-05
 0.350000E+00 0.508352E-04
 0.370000E+00 0.733722E-04
 0.390000E+00 0.640502E-04
 0.410000E+00 0.269160E-04
 0.430000E+00 -.219070E-04
 0.450000E+00 -.612193E-04
 0.470000E+00 -.739504E-04
 0.490000E+00 -.545711E-04
 0.510000E+00 -.114951E-04
 0.530000E+00 0.365743E-04
 0.550000E+00 0.687645E-04
 0.570000E+00 0.710971E-04
 0.590000E+00 0.425577E-04
 0.610000E+00 -.446266E-05
 0.630000E+00 -.495477E-04
 0.650000E+00 -.731204E-04
 0.670000E+00 -.649437E-04
 0.690000E+00 -.285663E-04
 0.710000E+00 0.202174E-04
 0.730000E+00 0.602252E-04
 0.750000E+00 0.740842E-04
 0.770000E+00 0.557747E-04
 0.790000E+00 0.132452E-04
 0.810000E+00 -.350386E-04
 0.830000E+00 -.681111E-04
 0.850000E+00 -.716102E-04
 0.870000E+00 -.440145E-04
 0.890000E+00 0.269567E-05
 0.910000E+00 0.610716E-04
 0.930000E+00 0.179921E-03
 0.950000E+00 0.320585E-03
 0.970000E+00 0.422160E-03
 0.990000E+00 0.440702E-03




































































































