 -.990000E+00 0.598874E-05
 -.970000E+00 0.458387E-05
 -.950000E+00 0.107283E-05
 -.930000E+00 -.302432E-05
 -.910000E+00 -.593381E-05
 -.890000E+00 0.274906E-02
 -.870000E+00 0.706668E-02
 -.850000E+00 0.832188E-02
 -.830000E+00 0.597301E-02
 -.810000E+00 0.103931E-02
 -.790000E+00 -.434142E-02
 -.770000E+00 -.783910E-02
 -.750000E+00 -.794039E-02
 -.730000E+00 -.460350E-02
 -.710000E+00 0.724640E-03
 -.690000E+00 0.573579E-02
 -.670000E+00 0.826036E-02
 -.650000E+00 0.720674E-02
 -.630000E+00 0.303330E-02
 -.610000E+00 -.245101E-02
 -.590000E+00 -.687073E-02
 -.570000E+00 -.831281E-02
 -.550000E+00 -.615464E-02
 -.530000E+00 -.133287E-02
 -.510000E+00 0.406309E-02
 -.490000E+00 0.769651E-02
 -.470000E+00 0.799520E-02
 -.450000E+00 0.483186E-02
 -.430000E+00 -.421717E-03
 -.410000E+00 -.548952E-02
 -.390000E+00 -.817733E-02
 -.370000E+00 -.732281E-02
 -.350000E+00 -.329809E-02
 -.330000E+00 0.215224E-02
 -.310000E+00 0.666736E-02
 -.290000E+00 0.829284E-02
 -.270000E+00 0.632661E-02
 -.250000E+00 0.162220E-02
 -.230000E+00 -.378176E-02
 -.210000E+00 -.754498E-02
 -.190000E+00 -.803901E-02
 -.170000E+00 -.505192E-02
 -.150000E+00 0.120796E-03
 -.130000E+00 0.523808E-02
 -.110000E+00 0.808422E-02
 -.900000E-01 0.742824E-02
 -.700000E-01 0.355629E-02
 -.500000E-01 -.185315E-02
 -.300000E-01 -.645692E-02
 -.100000E-01 -.826211E-02
 0.100000E-01 -.648879E-02
 0.300000E-01 -.190695E-02
 0.500000E-01 0.349781E-02
 0.700000E-01 0.738477E-02
 0.900000E-01 0.807184E-02
 0.110000E+00 0.526346E-02
 0.130000E+00 0.177744E-03
 0.150000E+00 -.498185E-02
 0.170000E+00 -.798122E-02
 0.190000E+00 -.752298E-02
 0.210000E+00 -.380763E-02
 0.230000E+00 0.155414E-02
 0.250000E+00 0.623974E-02
 0.270000E+00 0.822074E-02
 0.290000E+00 0.664104E-02
 0.310000E+00 0.218678E-02
 0.330000E+00 -.321164E-02
 0.350000E+00 -.721618E-02
 0.370000E+00 -.809375E-02
 0.390000E+00 -.546626E-02
 0.410000E+00 -.473528E-03
 0.430000E+00 0.472122E-02
 0.450000E+00 0.786857E-02
 0.470000E+00 0.760700E-02
 0.490000E+00 0.405182E-02
 0.510000E+00 -.125561E-02
 0.530000E+00 -.601616E-02
 0.550000E+00 -.816888E-02
 0.570000E+00 -.678324E-02
 0.590000E+00 -.246136E-02
 0.610000E+00 0.292365E-02
 0.630000E+00 0.703949E-02
 0.650000E+00 0.810479E-02
 0.670000E+00 0.566015E-02
 0.690000E+00 0.766190E-03
 0.710000E+00 -.445656E-02
 0.730000E+00 -.774649E-02
 0.750000E+00 -.768027E-02
 0.770000E+00 -.428860E-02
 0.790000E+00 0.957945E-03
 0.810000E+00 0.578653E-02
 0.830000E+00 0.810668E-02
 0.850000E+00 0.691530E-02
 0.870000E+00 0.273037E-02
 0.890000E+00 -.263424E-02
 0.910000E+00 -.961016E-02
 0.930000E+00 -.151743E-01
 0.950000E+00 -.141656E-01
 0.970000E+00 -.702746E-02
 0.990000E+00 0.314646E-02




































































































 -.990000E+00 -.332912E-02
 -.970000E+00 -.332777E-02
 -.950000E+00 -.332372E-02
 -.930000E+00 -.331698E-02
 -.910000E+00 -.330755E-02
 -.890000E+00 -.390799E-03
 -.870000E+00 0.542846E-02
 -.850000E+00 0.112394E-01
 -.830000E+00 0.170364E-01
 -.810000E+00 0.228137E-01
 -.790000E+00 0.285658E-01
 -.770000E+00 0.342870E-01
 -.750000E+00 0.399718E-01
 -.730000E+00 0.456146E-01
 -.710000E+00 0.512099E-01
 -.690000E+00 0.567524E-01
 -.670000E+00 0.622366E-01
 -.650000E+00 0.676572E-01
 -.630000E+00 0.730089E-01
 -.610000E+00 0.782865E-01
 -.590000E+00 0.834849E-01
 -.570000E+00 0.885991E-01
 -.550000E+00 0.936240E-01
 -.530000E+00 0.985550E-01
 -.510000E+00 0.103387E+00
 -.490000E+00 0.108116E+00
 -.470000E+00 0.112736E+00
 -.450000E+00 0.117244E+00
 -.430000E+00 0.121635E+00
 -.410000E+00 0.125905E+00
 -.390000E+00 0.130050E+00
 -.370000E+00 0.134065E+00
 -.350000E+00 0.137947E+00
 -.330000E+00 0.141693E+00
 -.310000E+00 0.145298E+00
 -.290000E+00 0.148759E+00
 -.270000E+00 0.152073E+00
 -.250000E+00 0.155237E+00
 -.230000E+00 0.158248E+00
 -.210000E+00 0.161102E+00
 -.190000E+00 0.163798E+00
 -.170000E+00 0.166332E+00
 -.150000E+00 0.168703E+00
 -.130000E+00 0.170908E+00
 -.110000E+00 0.172944E+00
 -.900000E-01 0.174811E+00
 -.700000E-01 0.176506E+00
 -.500000E-01 0.178028E+00
 -.300000E-01 0.179375E+00
 -.100000E-01 0.180547E+00
 0.100000E-01 0.181542E+00
 0.300000E-01 0.182359E+00
 0.500000E-01 0.182998E+00
 0.700000E-01 0.183458E+00
 0.900000E-01 0.183739E+00
 0.110000E+00 0.183841E+00
 0.130000E+00 0.183763E+00
 0.150000E+00 0.183507E+00
 0.170000E+00 0.183072E+00
 0.190000E+00 0.182458E+00
 0.210000E+00 0.181667E+00
 0.230000E+00 0.180700E+00
 0.250000E+00 0.179557E+00
 0.270000E+00 0.178240E+00
 0.290000E+00 0.176750E+00
 0.310000E+00 0.175089E+00
 0.330000E+00 0.173258E+00
 0.350000E+00 0.171259E+00
 0.370000E+00 0.169095E+00
 0.390000E+00 0.166767E+00
 0.410000E+00 0.164279E+00
 0.430000E+00 0.161631E+00
 0.450000E+00 0.158828E+00
 0.470000E+00 0.155872E+00
 0.490000E+00 0.152766E+00
 0.510000E+00 0.149513E+00
 0.530000E+00 0.146116E+00
 0.550000E+00 0.142578E+00
 0.570000E+00 0.138904E+00
 0.590000E+00 0.135097E+00
 0.610000E+00 0.131160E+00
 0.630000E+00 0.127098E+00
 0.650000E+00 0.122914E+00
 0.670000E+00 0.118613E+00
 0.690000E+00 0.114199E+00
 0.710000E+00 0.109676E+00
 0.730000E+00 0.105048E+00
 0.750000E+00 0.100321E+00
 0.770000E+00 0.954989E-01
 0.790000E+00 0.905863E-01
 0.810000E+00 0.855881E-01
 0.830000E+00 0.805093E-01
 0.850000E+00 0.753547E-01
 0.870000E+00 0.701295E-01
 0.890000E+00 0.648388E-01
 0.910000E+00 0.566072E-01
 0.930000E+00 0.454348E-01
 0.950000E+00 0.342125E-01
 0.970000E+00 0.229540E-01
 0.990000E+00 0.116730E-01




































































































 -.990000E+00 -.124430E-01
 -.970000E+00 -.124425E-01
 -.950000E+00 -.124412E-01
 -.930000E+00 -.124391E-01
 -.910000E+00 -.124360E-01
 -.890000E+00 -.898401E-02
 -.870000E+00 -.208471E-02
 -.850000E+00 0.481251E-02
 -.830000E+00 0.117063E-01
 -.810000E+00 0.185951E-01
 -.790000E+00 0.254777E-01
 -.770000E+00 0.323526E-01
 -.750000E+00 0.392185E-01
 -.730000E+00 0.460738E-01
 -.710000E+00 0.529173E-01
 -.690000E+00 0.597475E-01
 -.670000E+00 0.665630E-01
 -.650000E+00 0.733624E-01
 -.630000E+00 0.801443E-01
 -.610000E+00 0.869074E-01
 -.590000E+00 0.936501E-01
 -.570000E+00 0.100371E+00
 -.550000E+00 0.107069E+00
 -.530000E+00 0.113743E+00
 -.510000E+00 0.120391E+00
 -.490000E+00 0.127011E+00
 -.470000E+00 0.133603E+00
 -.450000E+00 0.140165E+00
 -.430000E+00 0.146696E+00
 -.410000E+00 0.153194E+00
 -.390000E+00 0.159658E+00
 -.370000E+00 0.166087E+00
 -.350000E+00 0.172478E+00
 -.330000E+00 0.178832E+00
 -.310000E+00 0.185147E+00
 -.290000E+00 0.191421E+00
 -.270000E+00 0.197653E+00
 -.250000E+00 0.203841E+00
 -.230000E+00 0.209985E+00
 -.210000E+00 0.216084E+00
 -.190000E+00 0.222135E+00
 -.170000E+00 0.228137E+00
 -.150000E+00 0.234090E+00
 -.130000E+00 0.239993E+00
 -.110000E+00 0.245843E+00
 -.900000E-01 0.251640E+00
 -.700000E-01 0.257382E+00
 -.500000E-01 0.263069E+00
 -.300000E-01 0.268699E+00
 -.100000E-01 0.274270E+00
 0.100000E-01 0.279783E+00
 0.300000E-01 0.285235E+00
 0.500000E-01 0.290626E+00
 0.700000E-01 0.295955E+00
 0.900000E-01 0.301219E+00
 0.110000E+00 0.306420E+00
 0.130000E+00 0.311554E+00
 0.150000E+00 0.316622E+00
 0.170000E+00 0.321621E+00
 0.190000E+00 0.326552E+00
 0.210000E+00 0.331413E+00
 0.230000E+00 0.336204E+00
 0.250000E+00 0.340923E+00
 0.270000E+00 0.345568E+00
 0.290000E+00 0.350141E+00
 0.310000E+00 0.354639E+00
 0.330000E+00 0.359061E+00
 0.350000E+00 0.363407E+00
 0.370000E+00 0.367677E+00
 0.390000E+00 0.371868E+00
 0.410000E+00 0.375980E+00
 0.430000E+00 0.380013E+00
 0.450000E+00 0.383966E+00
 0.470000E+00 0.387837E+00
 0.490000E+00 0.391627E+00
 0.510000E+00 0.395334E+00
 0.530000E+00 0.398959E+00
 0.550000E+00 0.402499E+00
 0.570000E+00 0.405955E+00
 0.590000E+00 0.409325E+00
 0.610000E+00 0.412610E+00
 0.630000E+00 0.415809E+00
 0.650000E+00 0.418921E+00
 0.670000E+00 0.421945E+00
 0.690000E+00 0.424881E+00
 0.710000E+00 0.427729E+00
 0.730000E+00 0.430488E+00
 0.750000E+00 0.433157E+00
 0.770000E+00 0.435737E+00
 0.790000E+00 0.438226E+00
 0.810000E+00 0.440625E+00
 0.830000E+00 0.442932E+00
 0.850000E+00 0.445148E+00
 0.870000E+00 0.447273E+00
 0.890000E+00 0.449305E+00
 0.910000E+00 0.448947E+00
 0.930000E+00 0.446207E+00
 0.950000E+00 0.443384E+00
 0.970000E+00 0.440479E+00
 0.990000E+00 0.437491E+00




































































































 -.990000E+00 -.707883E+00
 -.970000E+00 -.707882E+00
 -.950000E+00 -.707879E+00
 -.930000E+00 -.707874E+00
 -.910000E+00 -.707867E+00
 -.890000E+00 -.705052E+00
 -.870000E+00 -.699401E+00
 -.850000E+00 -.693712E+00
 -.830000E+00 -.687986E+00
 -.810000E+00 -.682224E+00
 -.790000E+00 -.676425E+00
 -.770000E+00 -.670590E+00
 -.750000E+00 -.664720E+00
 -.730000E+00 -.658815E+00
 -.710000E+00 -.652875E+00
 -.690000E+00 -.646901E+00
 -.670000E+00 -.640894E+00
 -.650000E+00 -.634853E+00
 -.630000E+00 -.628779E+00
 -.610000E+00 -.622673E+00
 -.590000E+00 -.616535E+00
 -.570000E+00 -.610366E+00
 -.550000E+00 -.604165E+00
 -.530000E+00 -.597933E+00
 -.510000E+00 -.591671E+00
 -.490000E+00 -.585379E+00
 -.470000E+00 -.579058E+00
 -.450000E+00 -.572707E+00
 -.430000E+00 -.566328E+00
 -.410000E+00 -.559920E+00
 -.390000E+00 -.553484E+00
 -.370000E+00 -.547020E+00
 -.350000E+00 -.540530E+00
 -.330000E+00 -.534012E+00
 -.310000E+00 -.527468E+00
 -.290000E+00 -.520897E+00
 -.270000E+00 -.514301E+00
 -.250000E+00 -.507680E+00
 -.230000E+00 -.501033E+00
 -.210000E+00 -.494362E+00
 -.190000E+00 -.487666E+00
 -.170000E+00 -.480946E+00
 -.150000E+00 -.474203E+00
 -.130000E+00 -.467436E+00
 -.110000E+00 -.460646E+00
 -.900000E-01 -.453834E+00
 -.700000E-01 -.446999E+00
 -.500000E-01 -.440142E+00
 -.300000E-01 -.433264E+00
 -.100000E-01 -.426364E+00
 0.100000E-01 -.419443E+00
 0.300000E-01 -.412502E+00
 0.500000E-01 -.405540E+00
 0.700000E-01 -.398558E+00
 0.900000E-01 -.391556E+00
 0.110000E+00 -.384535E+00
 0.130000E+00 -.377495E+00
 0.150000E+00 -.370436E+00
 0.170000E+00 -.363358E+00
 0.190000E+00 -.356262E+00
 0.210000E+00 -.349149E+00
 0.230000E+00 -.342017E+00
 0.250000E+00 -.334869E+00
 0.270000E+00 -.327703E+00
 0.290000E+00 -.320520E+00
 0.310000E+00 -.313321E+00
 0.330000E+00 -.306106E+00
 0.350000E+00 -.298875E+00
 0.370000E+00 -.291629E+00
 0.390000E+00 -.284367E+00
 0.410000E+00 -.277090E+00
 0.430000E+00 -.269799E+00
 0.450000E+00 -.262493E+00
 0.470000E+00 -.255173E+00
 0.490000E+00 -.247838E+00
 0.510000E+00 -.240491E+00
 0.530000E+00 -.233130E+00
 0.550000E+00 -.225756E+00
 0.570000E+00 -.218369E+00
 0.590000E+00 -.210970E+00
 0.610000E+00 -.203559E+00
 0.630000E+00 -.196135E+00
 0.650000E+00 -.188700E+00
 0.670000E+00 -.181254E+00
 0.690000E+00 -.173796E+00
 0.710000E+00 -.166328E+00
 0.730000E+00 -.158849E+00
 0.750000E+00 -.151360E+00
 0.770000E+00 -.143861E+00
 0.790000E+00 -.136352E+00
 0.810000E+00 -.128834E+00
 0.830000E+00 -.121307E+00
 0.850000E+00 -.113770E+00
 0.870000E+00 -.106226E+00
 0.890000E+00 -.986725E-01
 0.910000E+00 -.966780E-01
 0.930000E+00 -.100244E+00
 0.950000E+00 -.103806E+00
 0.970000E+00 -.107364E+00
 0.990000E+00 -.110917E+00




































































































 -.990000E+00 -.950239E+00
 -.970000E+00 -.950239E+00
 -.950000E+00 -.950238E+00
 -.930000E+00 -.950238E+00
 -.910000E+00 -.950237E+00
 -.890000E+00 -.949689E+00
 -.870000E+00 -.948586E+00
 -.850000E+00 -.947473E+00
 -.830000E+00 -.946349E+00
 -.810000E+00 -.945213E+00
 -.790000E+00 -.944067E+00
 -.770000E+00 -.942910E+00
 -.750000E+00 -.941743E+00
 -.730000E+00 -.940564E+00
 -.710000E+00 -.939375E+00
 -.690000E+00 -.938175E+00
 -.670000E+00 -.936965E+00
 -.650000E+00 -.935743E+00
 -.630000E+00 -.934512E+00
 -.610000E+00 -.933269E+00
 -.590000E+00 -.932016E+00
 -.570000E+00 -.930753E+00
 -.550000E+00 -.929479E+00
 -.530000E+00 -.928195E+00
 -.510000E+00 -.926900E+00
 -.490000E+00 -.925595E+00
 -.470000E+00 -.924280E+00
 -.450000E+00 -.922954E+00
 -.430000E+00 -.921618E+00
 -.410000E+00 -.920272E+00
 -.390000E+00 -.918916E+00
 -.370000E+00 -.917549E+00
 -.350000E+00 -.916172E+00
 -.330000E+00 -.914786E+00
 -.310000E+00 -.913389E+00
 -.290000E+00 -.911982E+00
 -.270000E+00 -.910565E+00
 -.250000E+00 -.909138E+00
 -.230000E+00 -.907702E+00
 -.210000E+00 -.906255E+00
 -.190000E+00 -.904799E+00
 -.170000E+00 -.903332E+00
 -.150000E+00 -.901856E+00
 -.130000E+00 -.900370E+00
 -.110000E+00 -.898875E+00
 -.900000E-01 -.897369E+00
 -.700000E-01 -.895855E+00
 -.500000E-01 -.894330E+00
 -.300000E-01 -.892796E+00
 -.100000E-01 -.891252E+00
 0.100000E-01 -.889699E+00
 0.300000E-01 -.888136E+00
 0.500000E-01 -.886563E+00
 0.700000E-01 -.884982E+00
 0.900000E-01 -.883391E+00
 0.110000E+00 -.881790E+00
 0.130000E+00 -.880180E+00
 0.150000E+00 -.878561E+00
 0.170000E+00 -.876933E+00
 0.190000E+00 -.875295E+00
 0.210000E+00 -.873648E+00
 0.230000E+00 -.871992E+00
 0.250000E+00 -.870327E+00
 0.270000E+00 -.868652E+00
 0.290000E+00 -.866969E+00
 0.310000E+00 -.865276E+00
 0.330000E+00 -.863574E+00
 0.350000E+00 -.861864E+00
 0.370000E+00 -.860144E+00
 0.390000E+00 -.858416E+00
 0.410000E+00 -.856678E+00
 0.430000E+00 -.854932E+00
 0.450000E+00 -.853177E+00
 0.470000E+00 -.851413E+00
 0.490000E+00 -.849640E+00
 0.510000E+00 -.847859E+00
 0.530000E+00 -.846069E+00
 0.550000E+00 -.844270E+00
 0.570000E+00 -.842462E+00
 0.590000E+00 -.840646E+00
 0.610000E+00 -.838821E+00
 0.630000E+00 -.836988E+00
 0.650000E+00 -.835146E+00
 0.670000E+00 -.833296E+00
 0.690000E+00 -.831437E+00
 0.710000E+00 -.829569E+00
 0.730000E+00 -.827694E+00
 0.750000E+00 -.825809E+00
 0.770000E+00 -.823917E+00
 0.790000E+00 -.822016E+00
 0.810000E+00 -.820107E+00
 0.830000E+00 -.818189E+00
 0.850000E+00 -.816264E+00
 0.870000E+00 -.814330E+00
 0.890000E+00 -.812387E+00
 0.910000E+00 -.812353E+00
 0.930000E+00 -.814214E+00
 0.950000E+00 -.816049E+00
 0.970000E+00 -.817859E+00
 0.990000E+00 -.819644E+00




































































































 -.990000E+00 -.999995E+00
 -.970000E+00 -.999995E+00
 -.950000E+00 -.999995E+00
 -.930000E+00 -.999995E+00
 -.910000E+00 -.999995E+00
 -.890000E+00 -.999995E+00
 -.870000E+00 -.999995E+00
 -.850000E+00 -.999995E+00
 -.830000E+00 -.999995E+00
 -.810000E+00 -.999995E+00
 -.790000E+00 -.999995E+00
 -.770000E+00 -.999995E+00
 -.750000E+00 -.999995E+00
 -.730000E+00 -.999995E+00
 -.710000E+00 -.999994E+00
 -.690000E+00 -.999994E+00
 -.670000E+00 -.999994E+00
 -.650000E+00 -.999994E+00
 -.630000E+00 -.999994E+00
 -.610000E+00 -.999994E+00
 -.590000E+00 -.999994E+00
 -.570000E+00 -.999994E+00
 -.550000E+00 -.999994E+00
 -.530000E+00 -.999994E+00
 -.510000E+00 -.999994E+00
 -.490000E+00 -.999994E+00
 -.470000E+00 -.999994E+00
 -.450000E+00 -.999994E+00
 -.430000E+00 -.999994E+00
 -.410000E+00 -.999994E+00
 -.390000E+00 -.999994E+00
 -.370000E+00 -.999993E+00
 -.350000E+00 -.999993E+00
 -.330000E+00 -.999993E+00
 -.310000E+00 -.999993E+00
 -.290000E+00 -.999993E+00
 -.270000E+00 -.999993E+00
 -.250000E+00 -.999993E+00
 -.230000E+00 -.999993E+00
 -.210000E+00 -.999993E+00
 -.190000E+00 -.999993E+00
 -.170000E+00 -.999993E+00
 -.150000E+00 -.999993E+00
 -.130000E+00 -.999993E+00
 -.110000E+00 -.999993E+00
 -.900000E-01 -.999993E+00
 -.700000E-01 -.999993E+00
 -.500000E-01 -.999993E+00
 -.300000E-01 -.999993E+00
 -.100000E-01 -.999993E+00
 0.100000E-01 -.999992E+00
 0.300000E-01 -.999992E+00
 0.500000E-01 -.999992E+00
 0.700000E-01 -.999992E+00
 0.900000E-01 -.999992E+00
 0.110000E+00 -.999992E+00
 0.130000E+00 -.999992E+00
 0.150000E+00 -.999992E+00
 0.170000E+00 -.999992E+00
 0.190000E+00 -.999992E+00
 0.210000E+00 -.999992E+00
 0.230000E+00 -.999992E+00
 0.250000E+00 -.999992E+00
 0.270000E+00 -.999992E+00
 0.290000E+00 -.999992E+00
 0.310000E+00 -.999992E+00
 0.330000E+00 -.999992E+00
 0.350000E+00 -.999992E+00
 0.370000E+00 -.999991E+00
 0.390000E+00 -.999991E+00
 0.410000E+00 -.999991E+00
 0.430000E+00 -.999991E+00
 0.450000E+00 -.999991E+00
 0.470000E+00 -.999991E+00
 0.490000E+00 -.999991E+00
 0.510000E+00 -.999991E+00
 0.530000E+00 -.999991E+00
 0.550000E+00 -.999991E+00
 0.570000E+00 -.999991E+00
 0.590000E+00 -.999991E+00
 0.610000E+00 -.999991E+00
 0.630000E+00 -.999991E+00
 0.650000E+00 -.999991E+00
 0.670000E+00 -.999991E+00
 0.690000E+00 -.999991E+00
 0.710000E+00 -.999991E+00
 0.730000E+00 -.999990E+00
 0.750000E+00 -.999990E+00
 0.770000E+00 -.999990E+00
 0.790000E+00 -.999990E+00
 0.810000E+00 -.999990E+00
 0.830000E+00 -.999990E+00
 0.850000E+00 -.999990E+00
 0.870000E+00 -.999990E+00
 0.890000E+00 -.999990E+00
 0.910000E+00 -.999990E+00
 0.930000E+00 -.999990E+00
 0.950000E+00 -.999990E+00
 0.970000E+00 -.999990E+00
 0.990000E+00 -.999990E+00




































































































 -.990000E+00 -.950239E+00
 -.970000E+00 -.950239E+00
 -.950000E+00 -.950238E+00
 -.930000E+00 -.950238E+00
 -.910000E+00 -.950237E+00
 -.890000E+00 -.949689E+00
 -.870000E+00 -.948586E+00
 -.850000E+00 -.947473E+00
 -.830000E+00 -.946349E+00
 -.810000E+00 -.945213E+00
 -.790000E+00 -.944067E+00
 -.770000E+00 -.942910E+00
 -.750000E+00 -.941743E+00
 -.730000E+00 -.940564E+00
 -.710000E+00 -.939375E+00
 -.690000E+00 -.938175E+00
 -.670000E+00 -.936965E+00
 -.650000E+00 -.935743E+00
 -.630000E+00 -.934512E+00
 -.610000E+00 -.933269E+00
 -.590000E+00 -.932016E+00
 -.570000E+00 -.930753E+00
 -.550000E+00 -.929479E+00
 -.530000E+00 -.928195E+00
 -.510000E+00 -.926900E+00
 -.490000E+00 -.925595E+00
 -.470000E+00 -.924280E+00
 -.450000E+00 -.922954E+00
 -.430000E+00 -.921618E+00
 -.410000E+00 -.920272E+00
 -.390000E+00 -.918916E+00
 -.370000E+00 -.917549E+00
 -.350000E+00 -.916172E+00
 -.330000E+00 -.914786E+00
 -.310000E+00 -.913389E+00
 -.290000E+00 -.911982E+00
 -.270000E+00 -.910565E+00
 -.250000E+00 -.909138E+00
 -.230000E+00 -.907702E+00
 -.210000E+00 -.906255E+00
 -.190000E+00 -.904799E+00
 -.170000E+00 -.903332E+00
 -.150000E+00 -.901856E+00
 -.130000E+00 -.900370E+00
 -.110000E+00 -.898875E+00
 -.900000E-01 -.897369E+00
 -.700000E-01 -.895855E+00
 -.500000E-01 -.894330E+00
 -.300000E-01 -.892796E+00
 -.100000E-01 -.891252E+00
 0.100000E-01 -.889699E+00
 0.300000E-01 -.888136E+00
 0.500000E-01 -.886563E+00
 0.700000E-01 -.884982E+00
 0.900000E-01 -.883391E+00
 0.110000E+00 -.881790E+00
 0.130000E+00 -.880180E+00
 0.150000E+00 -.878561E+00
 0.170000E+00 -.876933E+00
 0.190000E+00 -.875295E+00
 0.210000E+00 -.873648E+00
 0.230000E+00 -.871992E+00
 0.250000E+00 -.870327E+00
 0.270000E+00 -.868652E+00
 0.290000E+00 -.866969E+00
 0.310000E+00 -.865276E+00
 0.330000E+00 -.863574E+00
 0.350000E+00 -.861864E+00
 0.370000E+00 -.860144E+00
 0.390000E+00 -.858416E+00
 0.410000E+00 -.856678E+00
 0.430000E+00 -.854932E+00
 0.450000E+00 -.853177E+00
 0.470000E+00 -.851413E+00
 0.490000E+00 -.849640E+00
 0.510000E+00 -.847859E+00
 0.530000E+00 -.846069E+00
 0.550000E+00 -.844270E+00
 0.570000E+00 -.842462E+00
 0.590000E+00 -.840646E+00
 0.610000E+00 -.838821E+00
 0.630000E+00 -.836988E+00
 0.650000E+00 -.835146E+00
 0.670000E+00 -.833296E+00
 0.690000E+00 -.831437E+00
 0.710000E+00 -.829569E+00
 0.730000E+00 -.827694E+00
 0.750000E+00 -.825809E+00
 0.770000E+00 -.823917E+00
 0.790000E+00 -.822016E+00
 0.810000E+00 -.820107E+00
 0.830000E+00 -.818189E+00
 0.850000E+00 -.816264E+00
 0.870000E+00 -.814330E+00
 0.890000E+00 -.812387E+00
 0.910000E+00 -.812353E+00
 0.930000E+00 -.814214E+00
 0.950000E+00 -.816049E+00
 0.970000E+00 -.817859E+00
 0.990000E+00 -.819644E+00




































































































 -.990000E+00 -.707883E+00
 -.970000E+00 -.707882E+00
 -.950000E+00 -.707879E+00
 -.930000E+00 -.707874E+00
 -.910000E+00 -.707867E+00
 -.890000E+00 -.705052E+00
 -.870000E+00 -.699401E+00
 -.850000E+00 -.693712E+00
 -.830000E+00 -.687986E+00
 -.810000E+00 -.682224E+00
 -.790000E+00 -.676425E+00
 -.770000E+00 -.670590E+00
 -.750000E+00 -.664720E+00
 -.730000E+00 -.658815E+00
 -.710000E+00 -.652875E+00
 -.690000E+00 -.646901E+00
 -.670000E+00 -.640894E+00
 -.650000E+00 -.634853E+00
 -.630000E+00 -.628779E+00
 -.610000E+00 -.622673E+00
 -.590000E+00 -.616535E+00
 -.570000E+00 -.610366E+00
 -.550000E+00 -.604165E+00
 -.530000E+00 -.597933E+00
 -.510000E+00 -.591671E+00
 -.490000E+00 -.585379E+00
 -.470000E+00 -.579058E+00
 -.450000E+00 -.572707E+00
 -.430000E+00 -.566328E+00
 -.410000E+00 -.559920E+00
 -.390000E+00 -.553484E+00
 -.370000E+00 -.547020E+00
 -.350000E+00 -.540530E+00
 -.330000E+00 -.534012E+00
 -.310000E+00 -.527468E+00
 -.290000E+00 -.520897E+00
 -.270000E+00 -.514301E+00
 -.250000E+00 -.507680E+00
 -.230000E+00 -.501033E+00
 -.210000E+00 -.494362E+00
 -.190000E+00 -.487666E+00
 -.170000E+00 -.480946E+00
 -.150000E+00 -.474203E+00
 -.130000E+00 -.467436E+00
 -.110000E+00 -.460646E+00
 -.900000E-01 -.453834E+00
 -.700000E-01 -.446999E+00
 -.500000E-01 -.440142E+00
 -.300000E-01 -.433264E+00
 -.100000E-01 -.426364E+00
 0.100000E-01 -.419443E+00
 0.300000E-01 -.412502E+00
 0.500000E-01 -.405540E+00
 0.700000E-01 -.398558E+00
 0.900000E-01 -.391556E+00
 0.110000E+00 -.384535E+00
 0.130000E+00 -.377495E+00
 0.150000E+00 -.370436E+00
 0.170000E+00 -.363358E+00
 0.190000E+00 -.356262E+00
 0.210000E+00 -.349149E+00
 0.230000E+00 -.342017E+00
 0.250000E+00 -.334869E+00
 0.270000E+00 -.327703E+00
 0.290000E+00 -.320520E+00
 0.310000E+00 -.313321E+00
 0.330000E+00 -.306106E+00
 0.350000E+00 -.298875E+00
 0.370000E+00 -.291629E+00
 0.390000E+00 -.284367E+00
 0.410000E+00 -.277090E+00
 0.430000E+00 -.269799E+00
 0.450000E+00 -.262493E+00
 0.470000E+00 -.255173E+00
 0.490000E+00 -.247838E+00
 0.510000E+00 -.240491E+00
 0.530000E+00 -.233130E+00
 0.550000E+00 -.225756E+00
 0.570000E+00 -.218369E+00
 0.590000E+00 -.210970E+00
 0.610000E+00 -.203559E+00
 0.630000E+00 -.196135E+00
 0.650000E+00 -.188700E+00
 0.670000E+00 -.181254E+00
 0.690000E+00 -.173796E+00
 0.710000E+00 -.166328E+00
 0.730000E+00 -.158849E+00
 0.750000E+00 -.151360E+00
 0.770000E+00 -.143861E+00
 0.790000E+00 -.136352E+00
 0.810000E+00 -.128834E+00
 0.830000E+00 -.121307E+00
 0.850000E+00 -.113770E+00
 0.870000E+00 -.106226E+00
 0.890000E+00 -.986725E-01
 0.910000E+00 -.966780E-01
 0.930000E+00 -.100244E+00
 0.950000E+00 -.103806E+00
 0.970000E+00 -.107364E+00
 0.990000E+00 -.110917E+00




































































































 -.990000E+00 -.124430E-01
 -.970000E+00 -.124425E-01
 -.950000E+00 -.124412E-01
 -.930000E+00 -.124391E-01
 -.910000E+00 -.124360E-01
 -.890000E+00 -.898401E-02
 -.870000E+00 -.208471E-02
 -.850000E+00 0.481251E-02
 -.830000E+00 0.117063E-01
 -.810000E+00 0.185951E-01
 -.790000E+00 0.254777E-01
 -.770000E+00 0.323526E-01
 -.750000E+00 0.392185E-01
 -.730000E+00 0.460738E-01
 -.710000E+00 0.529173E-01
 -.690000E+00 0.597475E-01
 -.670000E+00 0.665630E-01
 -.650000E+00 0.733624E-01
 -.630000E+00 0.801443E-01
 -.610000E+00 0.869074E-01
 -.590000E+00 0.936501E-01
 -.570000E+00 0.100371E+00
 -.550000E+00 0.107069E+00
 -.530000E+00 0.113743E+00
 -.510000E+00 0.120391E+00
 -.490000E+00 0.127011E+00
 -.470000E+00 0.133603E+00
 -.450000E+00 0.140165E+00
 -.430000E+00 0.146696E+00
 -.410000E+00 0.153194E+00
 -.390000E+00 0.159658E+00
 -.370000E+00 0.166087E+00
 -.350000E+00 0.172478E+00
 -.330000E+00 0.178832E+00
 -.310000E+00 0.185147E+00
 -.290000E+00 0.191421E+00
 -.270000E+00 0.197653E+00
 -.250000E+00 0.203841E+00
 -.230000E+00 0.209985E+00
 -.210000E+00 0.216084E+00
 -.190000E+00 0.222135E+00
 -.170000E+00 0.228137E+00
 -.150000E+00 0.234090E+00
 -.130000E+00 0.239993E+00
 -.110000E+00 0.245843E+00
 -.900000E-01 0.251640E+00
 -.700000E-01 0.257382E+00
 -.500000E-01 0.263069E+00
 -.300000E-01 0.268699E+00
 -.100000E-01 0.274270E+00
 0.100000E-01 0.279783E+00
 0.300000E-01 0.285235E+00
 0.500000E-01 0.290626E+00
 0.700000E-01 0.295955E+00
 0.900000E-01 0.301219E+00
 0.110000E+00 0.306420E+00
 0.130000E+00 0.311554E+00
 0.150000E+00 0.316622E+00
 0.170000E+00 0.321621E+00
 0.190000E+00 0.326552E+00
 0.210000E+00 0.331413E+00
 0.230000E+00 0.336204E+00
 0.250000E+00 0.340923E+00
 0.270000E+00 0.345568E+00
 0.290000E+00 0.350141E+00
 0.310000E+00 0.354639E+00
 0.330000E+00 0.359061E+00
 0.350000E+00 0.363407E+00
 0.370000E+00 0.367677E+00
 0.390000E+00 0.371868E+00
 0.410000E+00 0.375980E+00
 0.430000E+00 0.380013E+00
 0.450000E+00 0.383966E+00
 0.470000E+00 0.387837E+00
 0.490000E+00 0.391627E+00
 0.510000E+00 0.395334E+00
 0.530000E+00 0.398959E+00
 0.550000E+00 0.402499E+00
 0.570000E+00 0.405955E+00
 0.590000E+00 0.409325E+00
 0.610000E+00 0.412610E+00
 0.630000E+00 0.415809E+00
 0.650000E+00 0.418921E+00
 0.670000E+00 0.421945E+00
 0.690000E+00 0.424881E+00
 0.710000E+00 0.427729E+00
 0.730000E+00 0.430488E+00
 0.750000E+00 0.433157E+00
 0.770000E+00 0.435737E+00
 0.790000E+00 0.438226E+00
 0.810000E+00 0.440625E+00
 0.830000E+00 0.442932E+00
 0.850000E+00 0.445148E+00
 0.870000E+00 0.447273E+00
 0.890000E+00 0.449305E+00
 0.910000E+00 0.448947E+00
 0.930000E+00 0.446207E+00
 0.950000E+00 0.443384E+00
 0.970000E+00 0.440479E+00
 0.990000E+00 0.437491E+00




































































































 -.990000E+00 -.332912E-02
 -.970000E+00 -.332777E-02
 -.950000E+00 -.332372E-02
 -.930000E+00 -.331698E-02
 -.910000E+00 -.330755E-02
 -.890000E+00 -.390799E-03
 -.870000E+00 0.542846E-02
 -.850000E+00 0.112394E-01
 -.830000E+00 0.170364E-01
 -.810000E+00 0.228137E-01
 -.790000E+00 0.285658E-01
 -.770000E+00 0.342870E-01
 -.750000E+00 0.399718E-01
 -.730000E+00 0.456146E-01
 -.710000E+00 0.512099E-01
 -.690000E+00 0.567524E-01
 -.670000E+00 0.622366E-01
 -.650000E+00 0.676572E-01
 -.630000E+00 0.730089E-01
 -.610000E+00 0.782865E-01
 -.590000E+00 0.834849E-01
 -.570000E+00 0.885991E-01
 -.550000E+00 0.936240E-01
 -.530000E+00 0.985550E-01
 -.510000E+00 0.103387E+00
 -.490000E+00 0.108116E+00
 -.470000E+00 0.112736E+00
 -.450000E+00 0.117244E+00
 -.430000E+00 0.121635E+00
 -.410000E+00 0.125905E+00
 -.390000E+00 0.130050E+00
 -.370000E+00 0.134065E+00
 -.350000E+00 0.137947E+00
 -.330000E+00 0.141693E+00
 -.310000E+00 0.145298E+00
 -.290000E+00 0.148759E+00
 -.270000E+00 0.152073E+00
 -.250000E+00 0.155237E+00
 -.230000E+00 0.158248E+00
 -.210000E+00 0.161102E+00
 -.190000E+00 0.163798E+00
 -.170000E+00 0.166332E+00
 -.150000E+00 0.168703E+00
 -.130000E+00 0.170908E+00
 -.110000E+00 0.172944E+00
 -.900000E-01 0.174811E+00
 -.700000E-01 0.176506E+00
 -.500000E-01 0.178028E+00
 -.300000E-01 0.179375E+00
 -.100000E-01 0.180547E+00
 0.100000E-01 0.181542E+00
 0.300000E-01 0.182359E+00
 0.500000E-01 0.182998E+00
 0.700000E-01 0.183458E+00
 0.900000E-01 0.183739E+00
 0.110000E+00 0.183841E+00
 0.130000E+00 0.183763E+00
 0.150000E+00 0.183507E+00
 0.170000E+00 0.183072E+00
 0.190000E+00 0.182458E+00
 0.210000E+00 0.181667E+00
 0.230000E+00 0.180700E+00
 0.250000E+00 0.179557E+00
 0.270000E+00 0.178240E+00
 0.290000E+00 0.176750E+00
 0.310000E+00 0.175089E+00
 0.330000E+00 0.173258E+00
 0.350000E+00 0.171259E+00
 0.370000E+00 0.169095E+00
 0.390000E+00 0.166767E+00
 0.410000E+00 0.164279E+00
 0.430000E+00 0.161631E+00
 0.450000E+00 0.158828E+00
 0.470000E+00 0.155872E+00
 0.490000E+00 0.152766E+00
 0.510000E+00 0.149513E+00
 0.530000E+00 0.146116E+00
 0.550000E+00 0.142578E+00
 0.570000E+00 0.138904E+00
 0.590000E+00 0.135097E+00
 0.610000E+00 0.131160E+00
 0.630000E+00 0.127098E+00
 0.650000E+00 0.122914E+00
 0.670000E+00 0.118613E+00
 0.690000E+00 0.114199E+00
 0.710000E+00 0.109676E+00
 0.730000E+00 0.105048E+00
 0.750000E+00 0.100321E+00
 0.770000E+00 0.954989E-01
 0.790000E+00 0.905863E-01
 0.810000E+00 0.855881E-01
 0.830000E+00 0.805093E-01
 0.850000E+00 0.753547E-01
 0.870000E+00 0.701295E-01
 0.890000E+00 0.648388E-01
 0.910000E+00 0.566072E-01
 0.930000E+00 0.454348E-01
 0.950000E+00 0.342125E-01
 0.970000E+00 0.229540E-01
 0.990000E+00 0.116730E-01




































































































 -.990000E+00 0.598874E-05
 -.970000E+00 0.458387E-05
 -.950000E+00 0.107283E-05
 -.930000E+00 -.302432E-05
 -.910000E+00 -.593381E-05
 -.890000E+00 0.274906E-02
 -.870000E+00 0.706668E-02
 -.850000E+00 0.832188E-02
 -.830000E+00 0.597301E-02
 -.810000E+00 0.103931E-02
 -.790000E+00 -.434142E-02
 -.770000E+00 -.783910E-02
 -.750000E+00 -.794039E-02
 -.730000E+00 -.460350E-02
 -.710000E+00 0.724640E-03
 -.690000E+00 0.573579E-02
 -.670000E+00 0.826036E-02
 -.650000E+00 0.720674E-02
 -.630000E+00 0.303330E-02
 -.610000E+00 -.245101E-02
 -.590000E+00 -.687073E-02
 -.570000E+00 -.831281E-02
 -.550000E+00 -.615464E-02
 -.530000E+00 -.133287E-02
 -.510000E+00 0.406309E-02
 -.490000E+00 0.769651E-02
 -.470000E+00 0.799520E-02
 -.450000E+00 0.483186E-02
 -.430000E+00 -.421717E-03
 -.410000E+00 -.548952E-02
 -.390000E+00 -.817733E-02
 -.370000E+00 -.732281E-02
 -.350000E+00 -.329809E-02
 -.330000E+00 0.215224E-02
 -.310000E+00 0.666736E-02
 -.290000E+00 0.829284E-02
 -.270000E+00 0.632661E-02
 -.250000E+00 0.162220E-02
 -.230000E+00 -.378176E-02
 -.210000E+00 -.754498E-02
 -.190000E+00 -.803901E-02
 -.170000E+00 -.505192E-02
 -.150000E+00 0.120796E-03
 -.130000E+00 0.523808E-02
 -.110000E+00 0.808422E-02
 -.900000E-01 0.742824E-02
 -.700000E-01 0.355629E-02
 -.500000E-01 -.185315E-02
 -.300000E-01 -.645692E-02
 -.100000E-01 -.826211E-02
 0.100000E-01 -.648879E-02
 0.300000E-01 -.190695E-02
 0.500000E-01 0.349781E-02
 0.700000E-01 0.738477E-02
 0.900000E-01 0.807184E-02
 0.110000E+00 0.526346E-02
 0.130000E+00 0.177744E-03
 0.150000E+00 -.498185E-02
 0.170000E+00 -.798122E-02
 0.190000E+00 -.752298E-02
 0.210000E+00 -.380763E-02
 0.230000E+00 0.155414E-02
 0.250000E+00 0.623974E-02
 0.270000E+00 0.822074E-02
 0.290000E+00 0.664104E-02
 0.310000E+00 0.218678E-02
 0.330000E+00 -.321164E-02
 0.350000E+00 -.721618E-02
 0.370000E+00 -.809375E-02
 0.390000E+00 -.546626E-02
 0.410000E+00 -.473528E-03
 0.430000E+00 0.472122E-02
 0.450000E+00 0.786857E-02
 0.470000E+00 0.760700E-02
 0.490000E+00 0.405182E-02
 0.510000E+00 -.125561E-02
 0.530000E+00 -.601616E-02
 0.550000E+00 -.816888E-02
 0.570000E+00 -.678324E-02
 0.590000E+00 -.246136E-02
 0.610000E+00 0.292365E-02
 0.630000E+00 0.703949E-02
 0.650000E+00 0.810479E-02
 0.670000E+00 0.566015E-02
 0.690000E+00 0.766190E-03
 0.710000E+00 -.445656E-02
 0.730000E+00 -.774649E-02
 0.750000E+00 -.768027E-02
 0.770000E+00 -.428860E-02
 0.790000E+00 0.957945E-03
 0.810000E+00 0.578653E-02
 0.830000E+00 0.810668E-02
 0.850000E+00 0.691530E-02
 0.870000E+00 0.273037E-02
 0.890000E+00 -.263424E-02
 0.910000E+00 -.961016E-02
 0.930000E+00 -.151743E-01
 0.950000E+00 -.141656E-01
 0.970000E+00 -.702746E-02
 0.990000E+00 0.314646E-02




































































































