 -.990000E+00 -.314646E-02
 -.970000E+00 0.702746E-02
 -.950000E+00 0.141656E-01
 -.930000E+00 0.151743E-01
 -.910000E+00 0.961016E-02
 -.890000E+00 0.263424E-02
 -.870000E+00 -.273037E-02
 -.850000E+00 -.691530E-02
 -.830000E+00 -.810668E-02
 -.810000E+00 -.578653E-02
 -.790000E+00 -.957945E-03
 -.770000E+00 0.428860E-02
 -.750000E+00 0.768027E-02
 -.730000E+00 0.774649E-02
 -.710000E+00 0.445656E-02
 -.690000E+00 -.766190E-03
 -.670000E+00 -.566015E-02
 -.650000E+00 -.810479E-02
 -.630000E+00 -.703949E-02
 -.610000E+00 -.292365E-02
 -.590000E+00 0.246136E-02
 -.570000E+00 0.678324E-02
 -.550000E+00 0.816888E-02
 -.530000E+00 0.601616E-02
 -.510000E+00 0.125561E-02
 -.490000E+00 -.405182E-02
 -.470000E+00 -.760700E-02
 -.450000E+00 -.786857E-02
 -.430000E+00 -.472122E-02
 -.410000E+00 0.473528E-03
 -.390000E+00 0.546626E-02
 -.370000E+00 0.809375E-02
 -.350000E+00 0.721618E-02
 -.330000E+00 0.321164E-02
 -.310000E+00 -.218678E-02
 -.290000E+00 -.664104E-02
 -.270000E+00 -.822074E-02
 -.250000E+00 -.623974E-02
 -.230000E+00 -.155414E-02
 -.210000E+00 0.380763E-02
 -.190000E+00 0.752298E-02
 -.170000E+00 0.798122E-02
 -.150000E+00 0.498185E-02
 -.130000E+00 -.177744E-03
 -.110000E+00 -.526346E-02
 -.900000E-01 -.807184E-02
 -.700000E-01 -.738477E-02
 -.500000E-01 -.349781E-02
 -.300000E-01 0.190695E-02
 -.100000E-01 0.648879E-02
 0.100000E-01 0.826211E-02
 0.300000E-01 0.645692E-02
 0.500000E-01 0.185315E-02
 0.700000E-01 -.355629E-02
 0.900000E-01 -.742824E-02
 0.110000E+00 -.808422E-02
 0.130000E+00 -.523808E-02
 0.150000E+00 -.120796E-03
 0.170000E+00 0.505192E-02
 0.190000E+00 0.803901E-02
 0.210000E+00 0.754498E-02
 0.230000E+00 0.378176E-02
 0.250000E+00 -.162220E-02
 0.270000E+00 -.632661E-02
 0.290000E+00 -.829284E-02
 0.310000E+00 -.666736E-02
 0.330000E+00 -.215224E-02
 0.350000E+00 0.329809E-02
 0.370000E+00 0.732281E-02
 0.390000E+00 0.817733E-02
 0.410000E+00 0.548952E-02
 0.430000E+00 0.421717E-03
 0.450000E+00 -.483186E-02
 0.470000E+00 -.799520E-02
 0.490000E+00 -.769651E-02
 0.510000E+00 -.406309E-02
 0.530000E+00 0.133287E-02
 0.550000E+00 0.615464E-02
 0.570000E+00 0.831281E-02
 0.590000E+00 0.687073E-02
 0.610000E+00 0.245101E-02
 0.630000E+00 -.303330E-02
 0.650000E+00 -.720674E-02
 0.670000E+00 -.826036E-02
 0.690000E+00 -.573579E-02
 0.710000E+00 -.724640E-03
 0.730000E+00 0.460350E-02
 0.750000E+00 0.794039E-02
 0.770000E+00 0.783910E-02
 0.790000E+00 0.434142E-02
 0.810000E+00 -.103931E-02
 0.830000E+00 -.597301E-02
 0.850000E+00 -.832188E-02
 0.870000E+00 -.706668E-02
 0.890000E+00 -.274906E-02
 0.910000E+00 0.593381E-05
 0.930000E+00 0.302432E-05
 0.950000E+00 -.107283E-05
 0.970000E+00 -.458387E-05
 0.990000E+00 -.598874E-05




































































































 -.990000E+00 -.116730E-01
 -.970000E+00 -.229540E-01
 -.950000E+00 -.342125E-01
 -.930000E+00 -.454348E-01
 -.910000E+00 -.566072E-01
 -.890000E+00 -.648388E-01
 -.870000E+00 -.701295E-01
 -.850000E+00 -.753547E-01
 -.830000E+00 -.805093E-01
 -.810000E+00 -.855881E-01
 -.790000E+00 -.905863E-01
 -.770000E+00 -.954989E-01
 -.750000E+00 -.100321E+00
 -.730000E+00 -.105048E+00
 -.710000E+00 -.109676E+00
 -.690000E+00 -.114199E+00
 -.670000E+00 -.118613E+00
 -.650000E+00 -.122914E+00
 -.630000E+00 -.127098E+00
 -.610000E+00 -.131160E+00
 -.590000E+00 -.135097E+00
 -.570000E+00 -.138904E+00
 -.550000E+00 -.142578E+00
 -.530000E+00 -.146116E+00
 -.510000E+00 -.149513E+00
 -.490000E+00 -.152766E+00
 -.470000E+00 -.155872E+00
 -.450000E+00 -.158828E+00
 -.430000E+00 -.161631E+00
 -.410000E+00 -.164279E+00
 -.390000E+00 -.166767E+00
 -.370000E+00 -.169095E+00
 -.350000E+00 -.171259E+00
 -.330000E+00 -.173258E+00
 -.310000E+00 -.175089E+00
 -.290000E+00 -.176750E+00
 -.270000E+00 -.178240E+00
 -.250000E+00 -.179557E+00
 -.230000E+00 -.180700E+00
 -.210000E+00 -.181667E+00
 -.190000E+00 -.182458E+00
 -.170000E+00 -.183072E+00
 -.150000E+00 -.183507E+00
 -.130000E+00 -.183763E+00
 -.110000E+00 -.183841E+00
 -.900000E-01 -.183739E+00
 -.700000E-01 -.183458E+00
 -.500000E-01 -.182998E+00
 -.300000E-01 -.182359E+00
 -.100000E-01 -.181542E+00
 0.100000E-01 -.180547E+00
 0.300000E-01 -.179375E+00
 0.500000E-01 -.178028E+00
 0.700000E-01 -.176506E+00
 0.900000E-01 -.174811E+00
 0.110000E+00 -.172944E+00
 0.130000E+00 -.170908E+00
 0.150000E+00 -.168703E+00
 0.170000E+00 -.166332E+00
 0.190000E+00 -.163798E+00
 0.210000E+00 -.161102E+00
 0.230000E+00 -.158248E+00
 0.250000E+00 -.155237E+00
 0.270000E+00 -.152073E+00
 0.290000E+00 -.148759E+00
 0.310000E+00 -.145298E+00
 0.330000E+00 -.141693E+00
 0.350000E+00 -.137947E+00
 0.370000E+00 -.134065E+00
 0.390000E+00 -.130050E+00
 0.410000E+00 -.125905E+00
 0.430000E+00 -.121635E+00
 0.450000E+00 -.117244E+00
 0.470000E+00 -.112736E+00
 0.490000E+00 -.108116E+00
 0.510000E+00 -.103387E+00
 0.530000E+00 -.985550E-01
 0.550000E+00 -.936240E-01
 0.570000E+00 -.885991E-01
 0.590000E+00 -.834849E-01
 0.610000E+00 -.782865E-01
 0.630000E+00 -.730089E-01
 0.650000E+00 -.676572E-01
 0.670000E+00 -.622366E-01
 0.690000E+00 -.567524E-01
 0.710000E+00 -.512099E-01
 0.730000E+00 -.456146E-01
 0.750000E+00 -.399718E-01
 0.770000E+00 -.342870E-01
 0.790000E+00 -.285658E-01
 0.810000E+00 -.228137E-01
 0.830000E+00 -.170364E-01
 0.850000E+00 -.112394E-01
 0.870000E+00 -.542846E-02
 0.890000E+00 0.390799E-03
 0.910000E+00 0.330755E-02
 0.930000E+00 0.331698E-02
 0.950000E+00 0.332372E-02
 0.970000E+00 0.332777E-02
 0.990000E+00 0.332912E-02




































































































 -.990000E+00 -.437491E+00
 -.970000E+00 -.440479E+00
 -.950000E+00 -.443384E+00
 -.930000E+00 -.446207E+00
 -.910000E+00 -.448947E+00
 -.890000E+00 -.449305E+00
 -.870000E+00 -.447273E+00
 -.850000E+00 -.445148E+00
 -.830000E+00 -.442932E+00
 -.810000E+00 -.440625E+00
 -.790000E+00 -.438226E+00
 -.770000E+00 -.435737E+00
 -.750000E+00 -.433157E+00
 -.730000E+00 -.430488E+00
 -.710000E+00 -.427729E+00
 -.690000E+00 -.424881E+00
 -.670000E+00 -.421945E+00
 -.650000E+00 -.418921E+00
 -.630000E+00 -.415809E+00
 -.610000E+00 -.412610E+00
 -.590000E+00 -.409325E+00
 -.570000E+00 -.405955E+00
 -.550000E+00 -.402499E+00
 -.530000E+00 -.398959E+00
 -.510000E+00 -.395334E+00
 -.490000E+00 -.391627E+00
 -.470000E+00 -.387837E+00
 -.450000E+00 -.383966E+00
 -.430000E+00 -.380013E+00
 -.410000E+00 -.375980E+00
 -.390000E+00 -.371868E+00
 -.370000E+00 -.367677E+00
 -.350000E+00 -.363407E+00
 -.330000E+00 -.359061E+00
 -.310000E+00 -.354639E+00
 -.290000E+00 -.350141E+00
 -.270000E+00 -.345568E+00
 -.250000E+00 -.340923E+00
 -.230000E+00 -.336204E+00
 -.210000E+00 -.331413E+00
 -.190000E+00 -.326552E+00
 -.170000E+00 -.321621E+00
 -.150000E+00 -.316622E+00
 -.130000E+00 -.311554E+00
 -.110000E+00 -.306420E+00
 -.900000E-01 -.301219E+00
 -.700000E-01 -.295955E+00
 -.500000E-01 -.290626E+00
 -.300000E-01 -.285235E+00
 -.100000E-01 -.279783E+00
 0.100000E-01 -.274270E+00
 0.300000E-01 -.268699E+00
 0.500000E-01 -.263069E+00
 0.700000E-01 -.257382E+00
 0.900000E-01 -.251640E+00
 0.110000E+00 -.245843E+00
 0.130000E+00 -.239993E+00
 0.150000E+00 -.234090E+00
 0.170000E+00 -.228137E+00
 0.190000E+00 -.222135E+00
 0.210000E+00 -.216084E+00
 0.230000E+00 -.209985E+00
 0.250000E+00 -.203841E+00
 0.270000E+00 -.197653E+00
 0.290000E+00 -.191421E+00
 0.310000E+00 -.185147E+00
 0.330000E+00 -.178832E+00
 0.350000E+00 -.172478E+00
 0.370000E+00 -.166087E+00
 0.390000E+00 -.159658E+00
 0.410000E+00 -.153194E+00
 0.430000E+00 -.146696E+00
 0.450000E+00 -.140165E+00
 0.470000E+00 -.133603E+00
 0.490000E+00 -.127011E+00
 0.510000E+00 -.120391E+00
 0.530000E+00 -.113743E+00
 0.550000E+00 -.107069E+00
 0.570000E+00 -.100371E+00
 0.590000E+00 -.936501E-01
 0.610000E+00 -.869074E-01
 0.630000E+00 -.801443E-01
 0.650000E+00 -.733624E-01
 0.670000E+00 -.665630E-01
 0.690000E+00 -.597475E-01
 0.710000E+00 -.529173E-01
 0.730000E+00 -.460738E-01
 0.750000E+00 -.392185E-01
 0.770000E+00 -.323526E-01
 0.790000E+00 -.254777E-01
 0.810000E+00 -.185951E-01
 0.830000E+00 -.117063E-01
 0.850000E+00 -.481251E-02
 0.870000E+00 0.208471E-02
 0.890000E+00 0.898401E-02
 0.910000E+00 0.124360E-01
 0.930000E+00 0.124391E-01
 0.950000E+00 0.124412E-01
 0.970000E+00 0.124425E-01
 0.990000E+00 0.124430E-01




































































































 -.990000E+00 0.110917E+00
 -.970000E+00 0.107364E+00
 -.950000E+00 0.103806E+00
 -.930000E+00 0.100244E+00
 -.910000E+00 0.966780E-01
 -.890000E+00 0.986725E-01
 -.870000E+00 0.106226E+00
 -.850000E+00 0.113770E+00
 -.830000E+00 0.121307E+00
 -.810000E+00 0.128834E+00
 -.790000E+00 0.136352E+00
 -.770000E+00 0.143861E+00
 -.750000E+00 0.151360E+00
 -.730000E+00 0.158849E+00
 -.710000E+00 0.166328E+00
 -.690000E+00 0.173796E+00
 -.670000E+00 0.181254E+00
 -.650000E+00 0.188700E+00
 -.630000E+00 0.196135E+00
 -.610000E+00 0.203559E+00
 -.590000E+00 0.210970E+00
 -.570000E+00 0.218369E+00
 -.550000E+00 0.225756E+00
 -.530000E+00 0.233130E+00
 -.510000E+00 0.240491E+00
 -.490000E+00 0.247838E+00
 -.470000E+00 0.255173E+00
 -.450000E+00 0.262493E+00
 -.430000E+00 0.269799E+00
 -.410000E+00 0.277090E+00
 -.390000E+00 0.284367E+00
 -.370000E+00 0.291629E+00
 -.350000E+00 0.298875E+00
 -.330000E+00 0.306106E+00
 -.310000E+00 0.313321E+00
 -.290000E+00 0.320520E+00
 -.270000E+00 0.327703E+00
 -.250000E+00 0.334869E+00
 -.230000E+00 0.342017E+00
 -.210000E+00 0.349149E+00
 -.190000E+00 0.356262E+00
 -.170000E+00 0.363358E+00
 -.150000E+00 0.370436E+00
 -.130000E+00 0.377495E+00
 -.110000E+00 0.384535E+00
 -.900000E-01 0.391556E+00
 -.700000E-01 0.398558E+00
 -.500000E-01 0.405540E+00
 -.300000E-01 0.412502E+00
 -.100000E-01 0.419443E+00
 0.100000E-01 0.426364E+00
 0.300000E-01 0.433264E+00
 0.500000E-01 0.440142E+00
 0.700000E-01 0.446999E+00
 0.900000E-01 0.453834E+00
 0.110000E+00 0.460646E+00
 0.130000E+00 0.467436E+00
 0.150000E+00 0.474203E+00
 0.170000E+00 0.480946E+00
 0.190000E+00 0.487666E+00
 0.210000E+00 0.494362E+00
 0.230000E+00 0.501033E+00
 0.250000E+00 0.507680E+00
 0.270000E+00 0.514301E+00
 0.290000E+00 0.520897E+00
 0.310000E+00 0.527468E+00
 0.330000E+00 0.534012E+00
 0.350000E+00 0.540530E+00
 0.370000E+00 0.547020E+00
 0.390000E+00 0.553484E+00
 0.410000E+00 0.559920E+00
 0.430000E+00 0.566328E+00
 0.450000E+00 0.572707E+00
 0.470000E+00 0.579058E+00
 0.490000E+00 0.585379E+00
 0.510000E+00 0.591671E+00
 0.530000E+00 0.597933E+00
 0.550000E+00 0.604165E+00
 0.570000E+00 0.610366E+00
 0.590000E+00 0.616535E+00
 0.610000E+00 0.622673E+00
 0.630000E+00 0.628779E+00
 0.650000E+00 0.634853E+00
 0.670000E+00 0.640894E+00
 0.690000E+00 0.646901E+00
 0.710000E+00 0.652875E+00
 0.730000E+00 0.658815E+00
 0.750000E+00 0.664720E+00
 0.770000E+00 0.670590E+00
 0.790000E+00 0.676425E+00
 0.810000E+00 0.682224E+00
 0.830000E+00 0.687986E+00
 0.850000E+00 0.693712E+00
 0.870000E+00 0.699401E+00
 0.890000E+00 0.705052E+00
 0.910000E+00 0.707867E+00
 0.930000E+00 0.707874E+00
 0.950000E+00 0.707879E+00
 0.970000E+00 0.707882E+00
 0.990000E+00 0.707883E+00




































































































 -.990000E+00 0.819644E+00
 -.970000E+00 0.817859E+00
 -.950000E+00 0.816049E+00
 -.930000E+00 0.814214E+00
 -.910000E+00 0.812353E+00
 -.890000E+00 0.812387E+00
 -.870000E+00 0.814330E+00
 -.850000E+00 0.816264E+00
 -.830000E+00 0.818189E+00
 -.810000E+00 0.820107E+00
 -.790000E+00 0.822016E+00
 -.770000E+00 0.823917E+00
 -.750000E+00 0.825809E+00
 -.730000E+00 0.827694E+00
 -.710000E+00 0.829569E+00
 -.690000E+00 0.831437E+00
 -.670000E+00 0.833296E+00
 -.650000E+00 0.835146E+00
 -.630000E+00 0.836988E+00
 -.610000E+00 0.838821E+00
 -.590000E+00 0.840646E+00
 -.570000E+00 0.842462E+00
 -.550000E+00 0.844270E+00
 -.530000E+00 0.846069E+00
 -.510000E+00 0.847859E+00
 -.490000E+00 0.849640E+00
 -.470000E+00 0.851413E+00
 -.450000E+00 0.853177E+00
 -.430000E+00 0.854932E+00
 -.410000E+00 0.856678E+00
 -.390000E+00 0.858416E+00
 -.370000E+00 0.860144E+00
 -.350000E+00 0.861864E+00
 -.330000E+00 0.863574E+00
 -.310000E+00 0.865276E+00
 -.290000E+00 0.866969E+00
 -.270000E+00 0.868652E+00
 -.250000E+00 0.870327E+00
 -.230000E+00 0.871992E+00
 -.210000E+00 0.873648E+00
 -.190000E+00 0.875295E+00
 -.170000E+00 0.876933E+00
 -.150000E+00 0.878561E+00
 -.130000E+00 0.880180E+00
 -.110000E+00 0.881790E+00
 -.900000E-01 0.883391E+00
 -.700000E-01 0.884982E+00
 -.500000E-01 0.886563E+00
 -.300000E-01 0.888136E+00
 -.100000E-01 0.889699E+00
 0.100000E-01 0.891252E+00
 0.300000E-01 0.892796E+00
 0.500000E-01 0.894330E+00
 0.700000E-01 0.895855E+00
 0.900000E-01 0.897369E+00
 0.110000E+00 0.898875E+00
 0.130000E+00 0.900370E+00
 0.150000E+00 0.901856E+00
 0.170000E+00 0.903332E+00
 0.190000E+00 0.904799E+00
 0.210000E+00 0.906255E+00
 0.230000E+00 0.907702E+00
 0.250000E+00 0.909138E+00
 0.270000E+00 0.910565E+00
 0.290000E+00 0.911982E+00
 0.310000E+00 0.913389E+00
 0.330000E+00 0.914786E+00
 0.350000E+00 0.916172E+00
 0.370000E+00 0.917549E+00
 0.390000E+00 0.918916E+00
 0.410000E+00 0.920272E+00
 0.430000E+00 0.921618E+00
 0.450000E+00 0.922954E+00
 0.470000E+00 0.924280E+00
 0.490000E+00 0.925595E+00
 0.510000E+00 0.926900E+00
 0.530000E+00 0.928195E+00
 0.550000E+00 0.929479E+00
 0.570000E+00 0.930753E+00
 0.590000E+00 0.932016E+00
 0.610000E+00 0.933269E+00
 0.630000E+00 0.934512E+00
 0.650000E+00 0.935743E+00
 0.670000E+00 0.936965E+00
 0.690000E+00 0.938175E+00
 0.710000E+00 0.939375E+00
 0.730000E+00 0.940564E+00
 0.750000E+00 0.941743E+00
 0.770000E+00 0.942910E+00
 0.790000E+00 0.944067E+00
 0.810000E+00 0.945213E+00
 0.830000E+00 0.946349E+00
 0.850000E+00 0.947473E+00
 0.870000E+00 0.948586E+00
 0.890000E+00 0.949689E+00
 0.910000E+00 0.950237E+00
 0.930000E+00 0.950238E+00
 0.950000E+00 0.950238E+00
 0.970000E+00 0.950239E+00
 0.990000E+00 0.950239E+00




































































































 -.990000E+00 0.999990E+00
 -.970000E+00 0.999990E+00
 -.950000E+00 0.999990E+00
 -.930000E+00 0.999990E+00
 -.910000E+00 0.999990E+00
 -.890000E+00 0.999990E+00
 -.870000E+00 0.999990E+00
 -.850000E+00 0.999990E+00
 -.830000E+00 0.999990E+00
 -.810000E+00 0.999990E+00
 -.790000E+00 0.999990E+00
 -.770000E+00 0.999990E+00
 -.750000E+00 0.999990E+00
 -.730000E+00 0.999990E+00
 -.710000E+00 0.999991E+00
 -.690000E+00 0.999991E+00
 -.670000E+00 0.999991E+00
 -.650000E+00 0.999991E+00
 -.630000E+00 0.999991E+00
 -.610000E+00 0.999991E+00
 -.590000E+00 0.999991E+00
 -.570000E+00 0.999991E+00
 -.550000E+00 0.999991E+00
 -.530000E+00 0.999991E+00
 -.510000E+00 0.999991E+00
 -.490000E+00 0.999991E+00
 -.470000E+00 0.999991E+00
 -.450000E+00 0.999991E+00
 -.430000E+00 0.999991E+00
 -.410000E+00 0.999991E+00
 -.390000E+00 0.999991E+00
 -.370000E+00 0.999991E+00
 -.350000E+00 0.999992E+00
 -.330000E+00 0.999992E+00
 -.310000E+00 0.999992E+00
 -.290000E+00 0.999992E+00
 -.270000E+00 0.999992E+00
 -.250000E+00 0.999992E+00
 -.230000E+00 0.999992E+00
 -.210000E+00 0.999992E+00
 -.190000E+00 0.999992E+00
 -.170000E+00 0.999992E+00
 -.150000E+00 0.999992E+00
 -.130000E+00 0.999992E+00
 -.110000E+00 0.999992E+00
 -.900000E-01 0.999992E+00
 -.700000E-01 0.999992E+00
 -.500000E-01 0.999992E+00
 -.300000E-01 0.999992E+00
 -.100000E-01 0.999992E+00
 0.100000E-01 0.999993E+00
 0.300000E-01 0.999993E+00
 0.500000E-01 0.999993E+00
 0.700000E-01 0.999993E+00
 0.900000E-01 0.999993E+00
 0.110000E+00 0.999993E+00
 0.130000E+00 0.999993E+00
 0.150000E+00 0.999993E+00
 0.170000E+00 0.999993E+00
 0.190000E+00 0.999993E+00
 0.210000E+00 0.999993E+00
 0.230000E+00 0.999993E+00
 0.250000E+00 0.999993E+00
 0.270000E+00 0.999993E+00
 0.290000E+00 0.999993E+00
 0.310000E+00 0.999993E+00
 0.330000E+00 0.999993E+00
 0.350000E+00 0.999993E+00
 0.370000E+00 0.999993E+00
 0.390000E+00 0.999994E+00
 0.410000E+00 0.999994E+00
 0.430000E+00 0.999994E+00
 0.450000E+00 0.999994E+00
 0.470000E+00 0.999994E+00
 0.490000E+00 0.999994E+00
 0.510000E+00 0.999994E+00
 0.530000E+00 0.999994E+00
 0.550000E+00 0.999994E+00
 0.570000E+00 0.999994E+00
 0.590000E+00 0.999994E+00
 0.610000E+00 0.999994E+00
 0.630000E+00 0.999994E+00
 0.650000E+00 0.999994E+00
 0.670000E+00 0.999994E+00
 0.690000E+00 0.999994E+00
 0.710000E+00 0.999994E+00
 0.730000E+00 0.999995E+00
 0.750000E+00 0.999995E+00
 0.770000E+00 0.999995E+00
 0.790000E+00 0.999995E+00
 0.810000E+00 0.999995E+00
 0.830000E+00 0.999995E+00
 0.850000E+00 0.999995E+00
 0.870000E+00 0.999995E+00
 0.890000E+00 0.999995E+00
 0.910000E+00 0.999995E+00
 0.930000E+00 0.999995E+00
 0.950000E+00 0.999995E+00
 0.970000E+00 0.999995E+00
 0.990000E+00 0.999995E+00




































































































 -.990000E+00 0.819644E+00
 -.970000E+00 0.817859E+00
 -.950000E+00 0.816049E+00
 -.930000E+00 0.814214E+00
 -.910000E+00 0.812353E+00
 -.890000E+00 0.812387E+00
 -.870000E+00 0.814330E+00
 -.850000E+00 0.816264E+00
 -.830000E+00 0.818189E+00
 -.810000E+00 0.820107E+00
 -.790000E+00 0.822016E+00
 -.770000E+00 0.823917E+00
 -.750000E+00 0.825809E+00
 -.730000E+00 0.827694E+00
 -.710000E+00 0.829569E+00
 -.690000E+00 0.831437E+00
 -.670000E+00 0.833296E+00
 -.650000E+00 0.835146E+00
 -.630000E+00 0.836988E+00
 -.610000E+00 0.838821E+00
 -.590000E+00 0.840646E+00
 -.570000E+00 0.842462E+00
 -.550000E+00 0.844270E+00
 -.530000E+00 0.846069E+00
 -.510000E+00 0.847859E+00
 -.490000E+00 0.849640E+00
 -.470000E+00 0.851413E+00
 -.450000E+00 0.853177E+00
 -.430000E+00 0.854932E+00
 -.410000E+00 0.856678E+00
 -.390000E+00 0.858416E+00
 -.370000E+00 0.860144E+00
 -.350000E+00 0.861864E+00
 -.330000E+00 0.863574E+00
 -.310000E+00 0.865276E+00
 -.290000E+00 0.866969E+00
 -.270000E+00 0.868652E+00
 -.250000E+00 0.870327E+00
 -.230000E+00 0.871992E+00
 -.210000E+00 0.873648E+00
 -.190000E+00 0.875295E+00
 -.170000E+00 0.876933E+00
 -.150000E+00 0.878561E+00
 -.130000E+00 0.880180E+00
 -.110000E+00 0.881790E+00
 -.900000E-01 0.883391E+00
 -.700000E-01 0.884982E+00
 -.500000E-01 0.886563E+00
 -.300000E-01 0.888136E+00
 -.100000E-01 0.889699E+00
 0.100000E-01 0.891252E+00
 0.300000E-01 0.892796E+00
 0.500000E-01 0.894330E+00
 0.700000E-01 0.895855E+00
 0.900000E-01 0.897369E+00
 0.110000E+00 0.898875E+00
 0.130000E+00 0.900370E+00
 0.150000E+00 0.901856E+00
 0.170000E+00 0.903332E+00
 0.190000E+00 0.904799E+00
 0.210000E+00 0.906255E+00
 0.230000E+00 0.907702E+00
 0.250000E+00 0.909138E+00
 0.270000E+00 0.910565E+00
 0.290000E+00 0.911982E+00
 0.310000E+00 0.913389E+00
 0.330000E+00 0.914786E+00
 0.350000E+00 0.916172E+00
 0.370000E+00 0.917549E+00
 0.390000E+00 0.918916E+00
 0.410000E+00 0.920272E+00
 0.430000E+00 0.921618E+00
 0.450000E+00 0.922954E+00
 0.470000E+00 0.924280E+00
 0.490000E+00 0.925595E+00
 0.510000E+00 0.926900E+00
 0.530000E+00 0.928195E+00
 0.550000E+00 0.929479E+00
 0.570000E+00 0.930753E+00
 0.590000E+00 0.932016E+00
 0.610000E+00 0.933269E+00
 0.630000E+00 0.934512E+00
 0.650000E+00 0.935743E+00
 0.670000E+00 0.936965E+00
 0.690000E+00 0.938175E+00
 0.710000E+00 0.939375E+00
 0.730000E+00 0.940564E+00
 0.750000E+00 0.941743E+00
 0.770000E+00 0.942910E+00
 0.790000E+00 0.944067E+00
 0.810000E+00 0.945213E+00
 0.830000E+00 0.946349E+00
 0.850000E+00 0.947473E+00
 0.870000E+00 0.948586E+00
 0.890000E+00 0.949689E+00
 0.910000E+00 0.950237E+00
 0.930000E+00 0.950238E+00
 0.950000E+00 0.950238E+00
 0.970000E+00 0.950239E+00
 0.990000E+00 0.950239E+00




































































































 -.990000E+00 0.110917E+00
 -.970000E+00 0.107364E+00
 -.950000E+00 0.103806E+00
 -.930000E+00 0.100244E+00
 -.910000E+00 0.966780E-01
 -.890000E+00 0.986725E-01
 -.870000E+00 0.106226E+00
 -.850000E+00 0.113770E+00
 -.830000E+00 0.121307E+00
 -.810000E+00 0.128834E+00
 -.790000E+00 0.136352E+00
 -.770000E+00 0.143861E+00
 -.750000E+00 0.151360E+00
 -.730000E+00 0.158849E+00
 -.710000E+00 0.166328E+00
 -.690000E+00 0.173796E+00
 -.670000E+00 0.181254E+00
 -.650000E+00 0.188700E+00
 -.630000E+00 0.196135E+00
 -.610000E+00 0.203559E+00
 -.590000E+00 0.210970E+00
 -.570000E+00 0.218369E+00
 -.550000E+00 0.225756E+00
 -.530000E+00 0.233130E+00
 -.510000E+00 0.240491E+00
 -.490000E+00 0.247838E+00
 -.470000E+00 0.255173E+00
 -.450000E+00 0.262493E+00
 -.430000E+00 0.269799E+00
 -.410000E+00 0.277090E+00
 -.390000E+00 0.284367E+00
 -.370000E+00 0.291629E+00
 -.350000E+00 0.298875E+00
 -.330000E+00 0.306106E+00
 -.310000E+00 0.313321E+00
 -.290000E+00 0.320520E+00
 -.270000E+00 0.327703E+00
 -.250000E+00 0.334869E+00
 -.230000E+00 0.342017E+00
 -.210000E+00 0.349149E+00
 -.190000E+00 0.356262E+00
 -.170000E+00 0.363358E+00
 -.150000E+00 0.370436E+00
 -.130000E+00 0.377495E+00
 -.110000E+00 0.384535E+00
 -.900000E-01 0.391556E+00
 -.700000E-01 0.398558E+00
 -.500000E-01 0.405540E+00
 -.300000E-01 0.412502E+00
 -.100000E-01 0.419443E+00
 0.100000E-01 0.426364E+00
 0.300000E-01 0.433264E+00
 0.500000E-01 0.440142E+00
 0.700000E-01 0.446999E+00
 0.900000E-01 0.453834E+00
 0.110000E+00 0.460646E+00
 0.130000E+00 0.467436E+00
 0.150000E+00 0.474203E+00
 0.170000E+00 0.480946E+00
 0.190000E+00 0.487666E+00
 0.210000E+00 0.494362E+00
 0.230000E+00 0.501033E+00
 0.250000E+00 0.507680E+00
 0.270000E+00 0.514301E+00
 0.290000E+00 0.520897E+00
 0.310000E+00 0.527468E+00
 0.330000E+00 0.534012E+00
 0.350000E+00 0.540530E+00
 0.370000E+00 0.547020E+00
 0.390000E+00 0.553484E+00
 0.410000E+00 0.559920E+00
 0.430000E+00 0.566328E+00
 0.450000E+00 0.572707E+00
 0.470000E+00 0.579058E+00
 0.490000E+00 0.585379E+00
 0.510000E+00 0.591671E+00
 0.530000E+00 0.597933E+00
 0.550000E+00 0.604165E+00
 0.570000E+00 0.610366E+00
 0.590000E+00 0.616535E+00
 0.610000E+00 0.622673E+00
 0.630000E+00 0.628779E+00
 0.650000E+00 0.634853E+00
 0.670000E+00 0.640894E+00
 0.690000E+00 0.646901E+00
 0.710000E+00 0.652875E+00
 0.730000E+00 0.658815E+00
 0.750000E+00 0.664720E+00
 0.770000E+00 0.670590E+00
 0.790000E+00 0.676425E+00
 0.810000E+00 0.682224E+00
 0.830000E+00 0.687986E+00
 0.850000E+00 0.693712E+00
 0.870000E+00 0.699401E+00
 0.890000E+00 0.705052E+00
 0.910000E+00 0.707867E+00
 0.930000E+00 0.707874E+00
 0.950000E+00 0.707879E+00
 0.970000E+00 0.707882E+00
 0.990000E+00 0.707883E+00




































































































 -.990000E+00 -.437491E+00
 -.970000E+00 -.440479E+00
 -.950000E+00 -.443384E+00
 -.930000E+00 -.446207E+00
 -.910000E+00 -.448947E+00
 -.890000E+00 -.449305E+00
 -.870000E+00 -.447273E+00
 -.850000E+00 -.445148E+00
 -.830000E+00 -.442932E+00
 -.810000E+00 -.440625E+00
 -.790000E+00 -.438226E+00
 -.770000E+00 -.435737E+00
 -.750000E+00 -.433157E+00
 -.730000E+00 -.430488E+00
 -.710000E+00 -.427729E+00
 -.690000E+00 -.424881E+00
 -.670000E+00 -.421945E+00
 -.650000E+00 -.418921E+00
 -.630000E+00 -.415809E+00
 -.610000E+00 -.412610E+00
 -.590000E+00 -.409325E+00
 -.570000E+00 -.405955E+00
 -.550000E+00 -.402499E+00
 -.530000E+00 -.398959E+00
 -.510000E+00 -.395334E+00
 -.490000E+00 -.391627E+00
 -.470000E+00 -.387837E+00
 -.450000E+00 -.383966E+00
 -.430000E+00 -.380013E+00
 -.410000E+00 -.375980E+00
 -.390000E+00 -.371868E+00
 -.370000E+00 -.367677E+00
 -.350000E+00 -.363407E+00
 -.330000E+00 -.359061E+00
 -.310000E+00 -.354639E+00
 -.290000E+00 -.350141E+00
 -.270000E+00 -.345568E+00
 -.250000E+00 -.340923E+00
 -.230000E+00 -.336204E+00
 -.210000E+00 -.331413E+00
 -.190000E+00 -.326552E+00
 -.170000E+00 -.321621E+00
 -.150000E+00 -.316622E+00
 -.130000E+00 -.311554E+00
 -.110000E+00 -.306420E+00
 -.900000E-01 -.301219E+00
 -.700000E-01 -.295955E+00
 -.500000E-01 -.290626E+00
 -.300000E-01 -.285235E+00
 -.100000E-01 -.279783E+00
 0.100000E-01 -.274270E+00
 0.300000E-01 -.268699E+00
 0.500000E-01 -.263069E+00
 0.700000E-01 -.257382E+00
 0.900000E-01 -.251640E+00
 0.110000E+00 -.245843E+00
 0.130000E+00 -.239993E+00
 0.150000E+00 -.234090E+00
 0.170000E+00 -.228137E+00
 0.190000E+00 -.222135E+00
 0.210000E+00 -.216084E+00
 0.230000E+00 -.209985E+00
 0.250000E+00 -.203841E+00
 0.270000E+00 -.197653E+00
 0.290000E+00 -.191421E+00
 0.310000E+00 -.185147E+00
 0.330000E+00 -.178832E+00
 0.350000E+00 -.172478E+00
 0.370000E+00 -.166087E+00
 0.390000E+00 -.159658E+00
 0.410000E+00 -.153194E+00
 0.430000E+00 -.146696E+00
 0.450000E+00 -.140165E+00
 0.470000E+00 -.133603E+00
 0.490000E+00 -.127011E+00
 0.510000E+00 -.120391E+00
 0.530000E+00 -.113743E+00
 0.550000E+00 -.107069E+00
 0.570000E+00 -.100371E+00
 0.590000E+00 -.936501E-01
 0.610000E+00 -.869074E-01
 0.630000E+00 -.801443E-01
 0.650000E+00 -.733624E-01
 0.670000E+00 -.665630E-01
 0.690000E+00 -.597475E-01
 0.710000E+00 -.529173E-01
 0.730000E+00 -.460738E-01
 0.750000E+00 -.392185E-01
 0.770000E+00 -.323526E-01
 0.790000E+00 -.254777E-01
 0.810000E+00 -.185951E-01
 0.830000E+00 -.117063E-01
 0.850000E+00 -.481251E-02
 0.870000E+00 0.208471E-02
 0.890000E+00 0.898401E-02
 0.910000E+00 0.124360E-01
 0.930000E+00 0.124391E-01
 0.950000E+00 0.124412E-01
 0.970000E+00 0.124425E-01
 0.990000E+00 0.124430E-01




































































































 -.990000E+00 -.116730E-01
 -.970000E+00 -.229540E-01
 -.950000E+00 -.342125E-01
 -.930000E+00 -.454348E-01
 -.910000E+00 -.566072E-01
 -.890000E+00 -.648388E-01
 -.870000E+00 -.701295E-01
 -.850000E+00 -.753547E-01
 -.830000E+00 -.805093E-01
 -.810000E+00 -.855881E-01
 -.790000E+00 -.905863E-01
 -.770000E+00 -.954989E-01
 -.750000E+00 -.100321E+00
 -.730000E+00 -.105048E+00
 -.710000E+00 -.109676E+00
 -.690000E+00 -.114199E+00
 -.670000E+00 -.118613E+00
 -.650000E+00 -.122914E+00
 -.630000E+00 -.127098E+00
 -.610000E+00 -.131160E+00
 -.590000E+00 -.135097E+00
 -.570000E+00 -.138904E+00
 -.550000E+00 -.142578E+00
 -.530000E+00 -.146116E+00
 -.510000E+00 -.149513E+00
 -.490000E+00 -.152766E+00
 -.470000E+00 -.155872E+00
 -.450000E+00 -.158828E+00
 -.430000E+00 -.161631E+00
 -.410000E+00 -.164279E+00
 -.390000E+00 -.166767E+00
 -.370000E+00 -.169095E+00
 -.350000E+00 -.171259E+00
 -.330000E+00 -.173258E+00
 -.310000E+00 -.175089E+00
 -.290000E+00 -.176750E+00
 -.270000E+00 -.178240E+00
 -.250000E+00 -.179557E+00
 -.230000E+00 -.180700E+00
 -.210000E+00 -.181667E+00
 -.190000E+00 -.182458E+00
 -.170000E+00 -.183072E+00
 -.150000E+00 -.183507E+00
 -.130000E+00 -.183763E+00
 -.110000E+00 -.183841E+00
 -.900000E-01 -.183739E+00
 -.700000E-01 -.183458E+00
 -.500000E-01 -.182998E+00
 -.300000E-01 -.182359E+00
 -.100000E-01 -.181542E+00
 0.100000E-01 -.180547E+00
 0.300000E-01 -.179375E+00
 0.500000E-01 -.178028E+00
 0.700000E-01 -.176506E+00
 0.900000E-01 -.174811E+00
 0.110000E+00 -.172944E+00
 0.130000E+00 -.170908E+00
 0.150000E+00 -.168703E+00
 0.170000E+00 -.166332E+00
 0.190000E+00 -.163798E+00
 0.210000E+00 -.161102E+00
 0.230000E+00 -.158248E+00
 0.250000E+00 -.155237E+00
 0.270000E+00 -.152073E+00
 0.290000E+00 -.148759E+00
 0.310000E+00 -.145298E+00
 0.330000E+00 -.141693E+00
 0.350000E+00 -.137947E+00
 0.370000E+00 -.134065E+00
 0.390000E+00 -.130050E+00
 0.410000E+00 -.125905E+00
 0.430000E+00 -.121635E+00
 0.450000E+00 -.117244E+00
 0.470000E+00 -.112736E+00
 0.490000E+00 -.108116E+00
 0.510000E+00 -.103387E+00
 0.530000E+00 -.985550E-01
 0.550000E+00 -.936240E-01
 0.570000E+00 -.885991E-01
 0.590000E+00 -.834849E-01
 0.610000E+00 -.782865E-01
 0.630000E+00 -.730089E-01
 0.650000E+00 -.676572E-01
 0.670000E+00 -.622366E-01
 0.690000E+00 -.567524E-01
 0.710000E+00 -.512099E-01
 0.730000E+00 -.456146E-01
 0.750000E+00 -.399718E-01
 0.770000E+00 -.342870E-01
 0.790000E+00 -.285658E-01
 0.810000E+00 -.228137E-01
 0.830000E+00 -.170364E-01
 0.850000E+00 -.112394E-01
 0.870000E+00 -.542846E-02
 0.890000E+00 0.390799E-03
 0.910000E+00 0.330755E-02
 0.930000E+00 0.331698E-02
 0.950000E+00 0.332372E-02
 0.970000E+00 0.332777E-02
 0.990000E+00 0.332912E-02




































































































 -.990000E+00 -.314646E-02
 -.970000E+00 0.702746E-02
 -.950000E+00 0.141656E-01
 -.930000E+00 0.151743E-01
 -.910000E+00 0.961016E-02
 -.890000E+00 0.263424E-02
 -.870000E+00 -.273037E-02
 -.850000E+00 -.691530E-02
 -.830000E+00 -.810668E-02
 -.810000E+00 -.578653E-02
 -.790000E+00 -.957945E-03
 -.770000E+00 0.428860E-02
 -.750000E+00 0.768027E-02
 -.730000E+00 0.774649E-02
 -.710000E+00 0.445656E-02
 -.690000E+00 -.766190E-03
 -.670000E+00 -.566015E-02
 -.650000E+00 -.810479E-02
 -.630000E+00 -.703949E-02
 -.610000E+00 -.292365E-02
 -.590000E+00 0.246136E-02
 -.570000E+00 0.678324E-02
 -.550000E+00 0.816888E-02
 -.530000E+00 0.601616E-02
 -.510000E+00 0.125561E-02
 -.490000E+00 -.405182E-02
 -.470000E+00 -.760700E-02
 -.450000E+00 -.786857E-02
 -.430000E+00 -.472122E-02
 -.410000E+00 0.473528E-03
 -.390000E+00 0.546626E-02
 -.370000E+00 0.809375E-02
 -.350000E+00 0.721618E-02
 -.330000E+00 0.321164E-02
 -.310000E+00 -.218678E-02
 -.290000E+00 -.664104E-02
 -.270000E+00 -.822074E-02
 -.250000E+00 -.623974E-02
 -.230000E+00 -.155414E-02
 -.210000E+00 0.380763E-02
 -.190000E+00 0.752298E-02
 -.170000E+00 0.798122E-02
 -.150000E+00 0.498185E-02
 -.130000E+00 -.177744E-03
 -.110000E+00 -.526346E-02
 -.900000E-01 -.807184E-02
 -.700000E-01 -.738477E-02
 -.500000E-01 -.349781E-02
 -.300000E-01 0.190695E-02
 -.100000E-01 0.648879E-02
 0.100000E-01 0.826211E-02
 0.300000E-01 0.645692E-02
 0.500000E-01 0.185315E-02
 0.700000E-01 -.355629E-02
 0.900000E-01 -.742824E-02
 0.110000E+00 -.808422E-02
 0.130000E+00 -.523808E-02
 0.150000E+00 -.120796E-03
 0.170000E+00 0.505192E-02
 0.190000E+00 0.803901E-02
 0.210000E+00 0.754498E-02
 0.230000E+00 0.378176E-02
 0.250000E+00 -.162220E-02
 0.270000E+00 -.632661E-02
 0.290000E+00 -.829284E-02
 0.310000E+00 -.666736E-02
 0.330000E+00 -.215224E-02
 0.350000E+00 0.329809E-02
 0.370000E+00 0.732281E-02
 0.390000E+00 0.817733E-02
 0.410000E+00 0.548952E-02
 0.430000E+00 0.421717E-03
 0.450000E+00 -.483186E-02
 0.470000E+00 -.799520E-02
 0.490000E+00 -.769651E-02
 0.510000E+00 -.406309E-02
 0.530000E+00 0.133287E-02
 0.550000E+00 0.615464E-02
 0.570000E+00 0.831281E-02
 0.590000E+00 0.687073E-02
 0.610000E+00 0.245101E-02
 0.630000E+00 -.303330E-02
 0.650000E+00 -.720674E-02
 0.670000E+00 -.826036E-02
 0.690000E+00 -.573579E-02
 0.710000E+00 -.724640E-03
 0.730000E+00 0.460350E-02
 0.750000E+00 0.794039E-02
 0.770000E+00 0.783910E-02
 0.790000E+00 0.434142E-02
 0.810000E+00 -.103931E-02
 0.830000E+00 -.597301E-02
 0.850000E+00 -.832188E-02
 0.870000E+00 -.706668E-02
 0.890000E+00 -.274906E-02
 0.910000E+00 0.593381E-05
 0.930000E+00 0.302432E-05
 0.950000E+00 -.107283E-05
 0.970000E+00 -.458387E-05
 0.990000E+00 -.598874E-05




































































































