 -.990000E+00 -.236497E-01
 -.970000E+00 -.223030E-01
 -.950000E+00 -.149241E-01
 -.930000E+00 -.470263E-02
 -.910000E+00 0.393645E-02
 -.890000E+00 0.771394E-02
 -.870000E+00 0.768472E-02
 -.850000E+00 0.432605E-02
 -.830000E+00 -.908930E-03
 -.810000E+00 -.575329E-02
 -.790000E+00 -.810794E-02
 -.770000E+00 -.695123E-02
 -.750000E+00 -.278217E-02
 -.730000E+00 0.259480E-02
 -.710000E+00 0.685082E-02
 -.690000E+00 0.814127E-02
 -.670000E+00 0.590527E-02
 -.650000E+00 0.110943E-02
 -.630000E+00 -.416998E-02
 -.610000E+00 -.764592E-02
 -.590000E+00 -.781135E-02
 -.570000E+00 -.459258E-02
 -.550000E+00 0.617894E-03
 -.530000E+00 0.556382E-02
 -.510000E+00 0.810219E-02
 -.490000E+00 0.713180E-02
 -.470000E+00 0.307094E-02
 -.450000E+00 -.232288E-02
 -.430000E+00 -.671356E-02
 -.410000E+00 -.819823E-02
 -.390000E+00 -.613188E-02
 -.370000E+00 -.140762E-02
 -.350000E+00 0.392936E-02
 -.330000E+00 0.756716E-02
 -.310000E+00 0.792867E-02
 -.290000E+00 0.485526E-02
 -.270000E+00 -.323559E-03
 -.250000E+00 -.536534E-02
 -.230000E+00 -.808562E-02
 -.210000E+00 -.730442E-02
 -.190000E+00 -.335808E-02
 -.170000E+00 0.204555E-02
 -.150000E+00 0.656621E-02
 -.130000E+00 0.824477E-02
 -.110000E+00 0.635227E-02
 -.900000E-01 0.170648E-02
 -.700000E-01 -.368146E-02
 -.500000E-01 -.747766E-02
 -.300000E-01 -.803643E-02
 -.100000E-01 -.511373E-02
 0.100000E-01 0.262886E-04
 0.300000E-01 0.515803E-02
 0.500000E-01 0.805814E-02
 0.700000E-01 0.746879E-02
 0.900000E-01 0.364320E-02
 0.110000E+00 -.176314E-02
 0.130000E+00 -.640886E-02
 0.150000E+00 -.828074E-02
 0.170000E+00 -.656609E-02
 0.190000E+00 -.200561E-02
 0.210000E+00 0.342656E-02
 0.230000E+00 0.737746E-02
 0.250000E+00 0.813443E-02
 0.270000E+00 0.536759E-02
 0.290000E+00 0.273548E-03
 0.310000E+00 -.494210E-02
 0.330000E+00 -.801972E-02
 0.350000E+00 -.762463E-02
 0.370000E+00 -.392590E-02
 0.390000E+00 0.147598E-02
 0.410000E+00 0.624166E-02
 0.430000E+00 0.830600E-02
 0.450000E+00 0.677299E-02
 0.470000E+00 0.230462E-02
 0.490000E+00 -.316493E-02
 0.510000E+00 -.726658E-02
 0.530000E+00 -.822244E-02
 0.550000E+00 -.561648E-02
 0.570000E+00 -.575573E-03
 0.590000E+00 0.471775E-02
 0.610000E+00 0.797030E-02
 0.630000E+00 0.777166E-02
 0.650000E+00 0.420579E-02
 0.670000E+00 -.118441E-02
 0.690000E+00 -.606472E-02
 0.710000E+00 -.832043E-02
 0.730000E+00 -.697264E-02
 0.750000E+00 -.260312E-02
 0.770000E+00 0.289687E-02
 0.790000E+00 0.714510E-02
 0.810000E+00 0.830027E-02
 0.830000E+00 0.586001E-02
 0.850000E+00 0.879403E-03
 0.870000E+00 -.448523E-02
 0.890000E+00 -.790986E-02
 0.910000E+00 -.837597E-02
 0.930000E+00 -.837520E-02
 0.950000E+00 -.837432E-02
 0.970000E+00 -.837374E-02
 0.990000E+00 -.837369E-02




































































































 -.990000E+00 0.175933E+00
 -.970000E+00 0.175456E+00
 -.950000E+00 0.174604E+00
 -.930000E+00 0.173379E+00
 -.910000E+00 0.171784E+00
 -.890000E+00 0.169904E+00
 -.870000E+00 0.167893E+00
 -.850000E+00 0.165717E+00
 -.830000E+00 0.163378E+00
 -.810000E+00 0.160878E+00
 -.790000E+00 0.158221E+00
 -.770000E+00 0.155408E+00
 -.750000E+00 0.152442E+00
 -.730000E+00 0.149325E+00
 -.710000E+00 0.146062E+00
 -.690000E+00 0.142654E+00
 -.670000E+00 0.139105E+00
 -.650000E+00 0.135419E+00
 -.630000E+00 0.131599E+00
 -.610000E+00 0.127649E+00
 -.590000E+00 0.123572E+00
 -.570000E+00 0.119372E+00
 -.550000E+00 0.115053E+00
 -.530000E+00 0.110620E+00
 -.510000E+00 0.106077E+00
 -.490000E+00 0.101427E+00
 -.470000E+00 0.966762E-01
 -.450000E+00 0.918283E-01
 -.430000E+00 0.868880E-01
 -.410000E+00 0.818603E-01
 -.390000E+00 0.767498E-01
 -.370000E+00 0.715615E-01
 -.350000E+00 0.663005E-01
 -.330000E+00 0.609717E-01
 -.310000E+00 0.555803E-01
 -.290000E+00 0.501315E-01
 -.270000E+00 0.446307E-01
 -.250000E+00 0.390831E-01
 -.230000E+00 0.334940E-01
 -.210000E+00 0.278690E-01
 -.190000E+00 0.222135E-01
 -.170000E+00 0.165329E-01
 -.150000E+00 0.108328E-01
 -.130000E+00 0.511880E-02
 -.110000E+00 -.603657E-03
 -.900000E-01 -.632893E-02
 -.700000E-01 -.120515E-01
 -.500000E-01 -.177656E-01
 -.300000E-01 -.234659E-01
 -.100000E-01 -.291466E-01
 0.100000E-01 -.348023E-01
 0.300000E-01 -.404273E-01
 0.500000E-01 -.460163E-01
 0.700000E-01 -.515636E-01
 0.900000E-01 -.570639E-01
 0.110000E+00 -.625117E-01
 0.130000E+00 -.679016E-01
 0.150000E+00 -.732285E-01
 0.170000E+00 -.784869E-01
 0.190000E+00 -.836718E-01
 0.210000E+00 -.887780E-01
 0.230000E+00 -.938004E-01
 0.250000E+00 -.987342E-01
 0.270000E+00 -.103574E+00
 0.290000E+00 -.108316E+00
 0.310000E+00 -.112955E+00
 0.330000E+00 -.117486E+00
 0.350000E+00 -.121905E+00
 0.370000E+00 -.126207E+00
 0.390000E+00 -.130388E+00
 0.410000E+00 -.134445E+00
 0.430000E+00 -.138372E+00
 0.450000E+00 -.142167E+00
 0.470000E+00 -.145824E+00
 0.490000E+00 -.149342E+00
 0.510000E+00 -.152715E+00
 0.530000E+00 -.155941E+00
 0.550000E+00 -.159016E+00
 0.570000E+00 -.161938E+00
 0.590000E+00 -.164704E+00
 0.610000E+00 -.167310E+00
 0.630000E+00 -.169754E+00
 0.650000E+00 -.172033E+00
 0.670000E+00 -.174146E+00
 0.690000E+00 -.176090E+00
 0.710000E+00 -.177863E+00
 0.730000E+00 -.179463E+00
 0.750000E+00 -.180889E+00
 0.770000E+00 -.182139E+00
 0.790000E+00 -.183213E+00
 0.810000E+00 -.184107E+00
 0.830000E+00 -.184823E+00
 0.850000E+00 -.185359E+00
 0.870000E+00 -.185714E+00
 0.890000E+00 -.185888E+00
 0.910000E+00 -.185907E+00
 0.930000E+00 -.185907E+00
 0.950000E+00 -.185907E+00
 0.970000E+00 -.185907E+00
 0.990000E+00 -.185907E+00




































































































 -.990000E+00 -.121937E+00
 -.970000E+00 -.127453E+00
 -.950000E+00 -.132981E+00
 -.930000E+00 -.138520E+00
 -.910000E+00 -.144068E+00
 -.890000E+00 -.149992E+00
 -.870000E+00 -.156266E+00
 -.850000E+00 -.162515E+00
 -.830000E+00 -.168735E+00
 -.810000E+00 -.174928E+00
 -.790000E+00 -.181090E+00
 -.770000E+00 -.187221E+00
 -.750000E+00 -.193319E+00
 -.730000E+00 -.199383E+00
 -.710000E+00 -.205413E+00
 -.690000E+00 -.211405E+00
 -.670000E+00 -.217360E+00
 -.650000E+00 -.223276E+00
 -.630000E+00 -.229151E+00
 -.610000E+00 -.234985E+00
 -.590000E+00 -.240776E+00
 -.570000E+00 -.246523E+00
 -.550000E+00 -.252225E+00
 -.530000E+00 -.257879E+00
 -.510000E+00 -.263486E+00
 -.490000E+00 -.269044E+00
 -.470000E+00 -.274551E+00
 -.450000E+00 -.280007E+00
 -.430000E+00 -.285410E+00
 -.410000E+00 -.290759E+00
 -.390000E+00 -.296054E+00
 -.370000E+00 -.301291E+00
 -.350000E+00 -.306472E+00
 -.330000E+00 -.311593E+00
 -.310000E+00 -.316656E+00
 -.290000E+00 -.321657E+00
 -.270000E+00 -.326596E+00
 -.250000E+00 -.331472E+00
 -.230000E+00 -.336284E+00
 -.210000E+00 -.341031E+00
 -.190000E+00 -.345712E+00
 -.170000E+00 -.350325E+00
 -.150000E+00 -.354870E+00
 -.130000E+00 -.359346E+00
 -.110000E+00 -.363751E+00
 -.900000E-01 -.368085E+00
 -.700000E-01 -.372347E+00
 -.500000E-01 -.376535E+00
 -.300000E-01 -.380649E+00
 -.100000E-01 -.384689E+00
 0.100000E-01 -.388652E+00
 0.300000E-01 -.392538E+00
 0.500000E-01 -.396347E+00
 0.700000E-01 -.400077E+00
 0.900000E-01 -.403728E+00
 0.110000E+00 -.407299E+00
 0.130000E+00 -.410788E+00
 0.150000E+00 -.414196E+00
 0.170000E+00 -.417522E+00
 0.190000E+00 -.420764E+00
 0.210000E+00 -.423922E+00
 0.230000E+00 -.426996E+00
 0.250000E+00 -.429984E+00
 0.270000E+00 -.432886E+00
 0.290000E+00 -.435702E+00
 0.310000E+00 -.438431E+00
 0.330000E+00 -.441072E+00
 0.350000E+00 -.443624E+00
 0.370000E+00 -.446087E+00
 0.390000E+00 -.448461E+00
 0.410000E+00 -.450746E+00
 0.430000E+00 -.452939E+00
 0.450000E+00 -.455042E+00
 0.470000E+00 -.457053E+00
 0.490000E+00 -.458973E+00
 0.510000E+00 -.460800E+00
 0.530000E+00 -.462535E+00
 0.550000E+00 -.464177E+00
 0.570000E+00 -.465725E+00
 0.590000E+00 -.467180E+00
 0.610000E+00 -.468541E+00
 0.630000E+00 -.469808E+00
 0.650000E+00 -.470980E+00
 0.670000E+00 -.472058E+00
 0.690000E+00 -.473041E+00
 0.710000E+00 -.473929E+00
 0.730000E+00 -.474721E+00
 0.750000E+00 -.475418E+00
 0.770000E+00 -.476020E+00
 0.790000E+00 -.476525E+00
 0.810000E+00 -.476935E+00
 0.830000E+00 -.477250E+00
 0.850000E+00 -.477468E+00
 0.870000E+00 -.477591E+00
 0.890000E+00 -.477617E+00
 0.910000E+00 -.477593E+00
 0.930000E+00 -.477591E+00
 0.950000E+00 -.477589E+00
 0.970000E+00 -.477589E+00
 0.990000E+00 -.477588E+00




































































































 -.990000E+00 -.993816E+00
 -.970000E+00 -.994206E+00
 -.950000E+00 -.994584E+00
 -.930000E+00 -.994950E+00
 -.910000E+00 -.995303E+00
 -.890000E+00 -.995107E+00
 -.870000E+00 -.994329E+00
 -.850000E+00 -.993494E+00
 -.830000E+00 -.992602E+00
 -.810000E+00 -.991653E+00
 -.790000E+00 -.990648E+00
 -.770000E+00 -.989585E+00
 -.750000E+00 -.988466E+00
 -.730000E+00 -.987290E+00
 -.710000E+00 -.986058E+00
 -.690000E+00 -.984769E+00
 -.670000E+00 -.983424E+00
 -.650000E+00 -.982022E+00
 -.630000E+00 -.980564E+00
 -.610000E+00 -.979050E+00
 -.590000E+00 -.977480E+00
 -.570000E+00 -.975854E+00
 -.550000E+00 -.974172E+00
 -.530000E+00 -.972433E+00
 -.510000E+00 -.970639E+00
 -.490000E+00 -.968789E+00
 -.470000E+00 -.966883E+00
 -.450000E+00 -.964922E+00
 -.430000E+00 -.962905E+00
 -.410000E+00 -.960832E+00
 -.390000E+00 -.958703E+00
 -.370000E+00 -.956519E+00
 -.350000E+00 -.954280E+00
 -.330000E+00 -.951985E+00
 -.310000E+00 -.949635E+00
 -.290000E+00 -.947230E+00
 -.270000E+00 -.944769E+00
 -.250000E+00 -.942253E+00
 -.230000E+00 -.939682E+00
 -.210000E+00 -.937056E+00
 -.190000E+00 -.934374E+00
 -.170000E+00 -.931638E+00
 -.150000E+00 -.928846E+00
 -.130000E+00 -.926000E+00
 -.110000E+00 -.923099E+00
 -.900000E-01 -.920142E+00
 -.700000E-01 -.917131E+00
 -.500000E-01 -.914066E+00
 -.300000E-01 -.910945E+00
 -.100000E-01 -.907770E+00
 0.100000E-01 -.904540E+00
 0.300000E-01 -.901256E+00
 0.500000E-01 -.897917E+00
 0.700000E-01 -.894523E+00
 0.900000E-01 -.891075E+00
 0.110000E+00 -.887572E+00
 0.130000E+00 -.884015E+00
 0.150000E+00 -.880404E+00
 0.170000E+00 -.876739E+00
 0.190000E+00 -.873019E+00
 0.210000E+00 -.869245E+00
 0.230000E+00 -.865417E+00
 0.250000E+00 -.861534E+00
 0.270000E+00 -.857598E+00
 0.290000E+00 -.853608E+00
 0.310000E+00 -.849564E+00
 0.330000E+00 -.845466E+00
 0.350000E+00 -.841314E+00
 0.370000E+00 -.837108E+00
 0.390000E+00 -.832849E+00
 0.410000E+00 -.828535E+00
 0.430000E+00 -.824169E+00
 0.450000E+00 -.819749E+00
 0.470000E+00 -.815275E+00
 0.490000E+00 -.810748E+00
 0.510000E+00 -.806168E+00
 0.530000E+00 -.801535E+00
 0.550000E+00 -.796848E+00
 0.570000E+00 -.792109E+00
 0.590000E+00 -.787316E+00
 0.610000E+00 -.782471E+00
 0.630000E+00 -.777573E+00
 0.650000E+00 -.772622E+00
 0.670000E+00 -.767619E+00
 0.690000E+00 -.762563E+00
 0.710000E+00 -.757455E+00
 0.730000E+00 -.752294E+00
 0.750000E+00 -.747082E+00
 0.770000E+00 -.741817E+00
 0.790000E+00 -.736500E+00
 0.810000E+00 -.731132E+00
 0.830000E+00 -.725712E+00
 0.850000E+00 -.720241E+00
 0.870000E+00 -.714718E+00
 0.890000E+00 -.709145E+00
 0.910000E+00 -.706335E+00
 0.930000E+00 -.706328E+00
 0.950000E+00 -.706323E+00
 0.970000E+00 -.706320E+00
 0.990000E+00 -.706319E+00




































































































 -.990000E+00 -.572855E+00
 -.970000E+00 -.575401E+00
 -.950000E+00 -.577965E+00
 -.930000E+00 -.580547E+00
 -.910000E+00 -.583148E+00
 -.890000E+00 -.583100E+00
 -.870000E+00 -.580385E+00
 -.850000E+00 -.577662E+00
 -.830000E+00 -.574931E+00
 -.810000E+00 -.572193E+00
 -.790000E+00 -.569447E+00
 -.770000E+00 -.566693E+00
 -.750000E+00 -.563932E+00
 -.730000E+00 -.561163E+00
 -.710000E+00 -.558386E+00
 -.690000E+00 -.555602E+00
 -.670000E+00 -.552810E+00
 -.650000E+00 -.550011E+00
 -.630000E+00 -.547204E+00
 -.610000E+00 -.544389E+00
 -.590000E+00 -.541567E+00
 -.570000E+00 -.538738E+00
 -.550000E+00 -.535901E+00
 -.530000E+00 -.533056E+00
 -.510000E+00 -.530204E+00
 -.490000E+00 -.527345E+00
 -.470000E+00 -.524478E+00
 -.450000E+00 -.521604E+00
 -.430000E+00 -.518722E+00
 -.410000E+00 -.515833E+00
 -.390000E+00 -.512937E+00
 -.370000E+00 -.510033E+00
 -.350000E+00 -.507122E+00
 -.330000E+00 -.504204E+00
 -.310000E+00 -.501278E+00
 -.290000E+00 -.498345E+00
 -.270000E+00 -.495405E+00
 -.250000E+00 -.492458E+00
 -.230000E+00 -.489503E+00
 -.210000E+00 -.486541E+00
 -.190000E+00 -.483572E+00
 -.170000E+00 -.480596E+00
 -.150000E+00 -.477613E+00
 -.130000E+00 -.474622E+00
 -.110000E+00 -.471625E+00
 -.900000E-01 -.468620E+00
 -.700000E-01 -.465608E+00
 -.500000E-01 -.462590E+00
 -.300000E-01 -.459564E+00
 -.100000E-01 -.456531E+00
 0.100000E-01 -.453491E+00
 0.300000E-01 -.450445E+00
 0.500000E-01 -.447391E+00
 0.700000E-01 -.444330E+00
 0.900000E-01 -.441263E+00
 0.110000E+00 -.438188E+00
 0.130000E+00 -.435107E+00
 0.150000E+00 -.432019E+00
 0.170000E+00 -.428924E+00
 0.190000E+00 -.425822E+00
 0.210000E+00 -.422714E+00
 0.230000E+00 -.419599E+00
 0.250000E+00 -.416477E+00
 0.270000E+00 -.413348E+00
 0.290000E+00 -.410213E+00
 0.310000E+00 -.407071E+00
 0.330000E+00 -.403922E+00
 0.350000E+00 -.400767E+00
 0.370000E+00 -.397605E+00
 0.390000E+00 -.394437E+00
 0.410000E+00 -.391262E+00
 0.430000E+00 -.388081E+00
 0.450000E+00 -.384893E+00
 0.470000E+00 -.381699E+00
 0.490000E+00 -.378498E+00
 0.510000E+00 -.375291E+00
 0.530000E+00 -.372078E+00
 0.550000E+00 -.368858E+00
 0.570000E+00 -.365632E+00
 0.590000E+00 -.362399E+00
 0.610000E+00 -.359161E+00
 0.630000E+00 -.355916E+00
 0.650000E+00 -.352665E+00
 0.670000E+00 -.349407E+00
 0.690000E+00 -.346144E+00
 0.710000E+00 -.342874E+00
 0.730000E+00 -.339599E+00
 0.750000E+00 -.336317E+00
 0.770000E+00 -.333029E+00
 0.790000E+00 -.329736E+00
 0.810000E+00 -.326436E+00
 0.830000E+00 -.323130E+00
 0.850000E+00 -.319819E+00
 0.870000E+00 -.316501E+00
 0.890000E+00 -.313178E+00
 0.910000E+00 -.311512E+00
 0.930000E+00 -.311509E+00
 0.950000E+00 -.311507E+00
 0.970000E+00 -.311505E+00
 0.990000E+00 -.311505E+00




































































































 -.990000E+00 -.145714E-03
 -.970000E+00 -.146549E-03
 -.950000E+00 -.147394E-03
 -.930000E+00 -.148249E-03
 -.910000E+00 -.149113E-03
 -.890000E+00 -.149147E-03
 -.870000E+00 -.148341E-03
 -.850000E+00 -.147535E-03
 -.830000E+00 -.146728E-03
 -.810000E+00 -.145921E-03
 -.790000E+00 -.145114E-03
 -.770000E+00 -.144306E-03
 -.750000E+00 -.143497E-03
 -.730000E+00 -.142689E-03
 -.710000E+00 -.141879E-03
 -.690000E+00 -.141069E-03
 -.670000E+00 -.140259E-03
 -.650000E+00 -.139448E-03
 -.630000E+00 -.138637E-03
 -.610000E+00 -.137826E-03
 -.590000E+00 -.137014E-03
 -.570000E+00 -.136201E-03
 -.550000E+00 -.135388E-03
 -.530000E+00 -.134575E-03
 -.510000E+00 -.133761E-03
 -.490000E+00 -.132947E-03
 -.470000E+00 -.132132E-03
 -.450000E+00 -.131317E-03
 -.430000E+00 -.130501E-03
 -.410000E+00 -.129685E-03
 -.390000E+00 -.128868E-03
 -.370000E+00 -.128051E-03
 -.350000E+00 -.127234E-03
 -.330000E+00 -.126416E-03
 -.310000E+00 -.125597E-03
 -.290000E+00 -.124778E-03
 -.270000E+00 -.123959E-03
 -.250000E+00 -.123139E-03
 -.230000E+00 -.122319E-03
 -.210000E+00 -.121498E-03
 -.190000E+00 -.120677E-03
 -.170000E+00 -.119856E-03
 -.150000E+00 -.119034E-03
 -.130000E+00 -.118211E-03
 -.110000E+00 -.117388E-03
 -.900000E-01 -.116565E-03
 -.700000E-01 -.115741E-03
 -.500000E-01 -.114916E-03
 -.300000E-01 -.114092E-03
 -.100000E-01 -.113266E-03
 0.100000E-01 -.112441E-03
 0.300000E-01 -.111615E-03
 0.500000E-01 -.110788E-03
 0.700000E-01 -.109961E-03
 0.900000E-01 -.109133E-03
 0.110000E+00 -.108305E-03
 0.130000E+00 -.107477E-03
 0.150000E+00 -.106648E-03
 0.170000E+00 -.105819E-03
 0.190000E+00 -.104989E-03
 0.210000E+00 -.104159E-03
 0.230000E+00 -.103328E-03
 0.250000E+00 -.102497E-03
 0.270000E+00 -.101665E-03
 0.290000E+00 -.100833E-03
 0.310000E+00 -.100001E-03
 0.330000E+00 -.991679E-04
 0.350000E+00 -.983345E-04
 0.370000E+00 -.975006E-04
 0.390000E+00 -.966663E-04
 0.410000E+00 -.958315E-04
 0.430000E+00 -.949962E-04
 0.450000E+00 -.941606E-04
 0.470000E+00 -.933244E-04
 0.490000E+00 -.924878E-04
 0.510000E+00 -.916508E-04
 0.530000E+00 -.908133E-04
 0.550000E+00 -.899753E-04
 0.570000E+00 -.891369E-04
 0.590000E+00 -.882980E-04
 0.610000E+00 -.874587E-04
 0.630000E+00 -.866189E-04
 0.650000E+00 -.857787E-04
 0.670000E+00 -.849380E-04
 0.690000E+00 -.840969E-04
 0.710000E+00 -.832553E-04
 0.730000E+00 -.824132E-04
 0.750000E+00 -.815707E-04
 0.770000E+00 -.807278E-04
 0.790000E+00 -.798844E-04
 0.810000E+00 -.790405E-04
 0.830000E+00 -.781962E-04
 0.850000E+00 -.773514E-04
 0.870000E+00 -.765062E-04
 0.890000E+00 -.756605E-04
 0.910000E+00 -.752370E-04
 0.930000E+00 -.752362E-04
 0.950000E+00 -.752356E-04
 0.970000E+00 -.752352E-04
 0.990000E+00 -.752351E-04




































































































 -.990000E+00 0.572855E+00
 -.970000E+00 0.575401E+00
 -.950000E+00 0.577965E+00
 -.930000E+00 0.580547E+00
 -.910000E+00 0.583148E+00
 -.890000E+00 0.583100E+00
 -.870000E+00 0.580385E+00
 -.850000E+00 0.577662E+00
 -.830000E+00 0.574931E+00
 -.810000E+00 0.572193E+00
 -.790000E+00 0.569447E+00
 -.770000E+00 0.566693E+00
 -.750000E+00 0.563932E+00
 -.730000E+00 0.561163E+00
 -.710000E+00 0.558386E+00
 -.690000E+00 0.555602E+00
 -.670000E+00 0.552810E+00
 -.650000E+00 0.550011E+00
 -.630000E+00 0.547204E+00
 -.610000E+00 0.544389E+00
 -.590000E+00 0.541567E+00
 -.570000E+00 0.538738E+00
 -.550000E+00 0.535901E+00
 -.530000E+00 0.533056E+00
 -.510000E+00 0.530204E+00
 -.490000E+00 0.527345E+00
 -.470000E+00 0.524478E+00
 -.450000E+00 0.521604E+00
 -.430000E+00 0.518722E+00
 -.410000E+00 0.515833E+00
 -.390000E+00 0.512937E+00
 -.370000E+00 0.510033E+00
 -.350000E+00 0.507122E+00
 -.330000E+00 0.504204E+00
 -.310000E+00 0.501278E+00
 -.290000E+00 0.498345E+00
 -.270000E+00 0.495405E+00
 -.250000E+00 0.492458E+00
 -.230000E+00 0.489503E+00
 -.210000E+00 0.486541E+00
 -.190000E+00 0.483572E+00
 -.170000E+00 0.480596E+00
 -.150000E+00 0.477613E+00
 -.130000E+00 0.474622E+00
 -.110000E+00 0.471625E+00
 -.900000E-01 0.468620E+00
 -.700000E-01 0.465608E+00
 -.500000E-01 0.462590E+00
 -.300000E-01 0.459564E+00
 -.100000E-01 0.456531E+00
 0.100000E-01 0.453491E+00
 0.300000E-01 0.450445E+00
 0.500000E-01 0.447391E+00
 0.700000E-01 0.444330E+00
 0.900000E-01 0.441263E+00
 0.110000E+00 0.438188E+00
 0.130000E+00 0.435107E+00
 0.150000E+00 0.432019E+00
 0.170000E+00 0.428924E+00
 0.190000E+00 0.425822E+00
 0.210000E+00 0.422714E+00
 0.230000E+00 0.419599E+00
 0.250000E+00 0.416477E+00
 0.270000E+00 0.413348E+00
 0.290000E+00 0.410213E+00
 0.310000E+00 0.407071E+00
 0.330000E+00 0.403922E+00
 0.350000E+00 0.400767E+00
 0.370000E+00 0.397605E+00
 0.390000E+00 0.394437E+00
 0.410000E+00 0.391262E+00
 0.430000E+00 0.388081E+00
 0.450000E+00 0.384893E+00
 0.470000E+00 0.381699E+00
 0.490000E+00 0.378498E+00
 0.510000E+00 0.375291E+00
 0.530000E+00 0.372078E+00
 0.550000E+00 0.368858E+00
 0.570000E+00 0.365632E+00
 0.590000E+00 0.362399E+00
 0.610000E+00 0.359161E+00
 0.630000E+00 0.355916E+00
 0.650000E+00 0.352665E+00
 0.670000E+00 0.349407E+00
 0.690000E+00 0.346144E+00
 0.710000E+00 0.342874E+00
 0.730000E+00 0.339599E+00
 0.750000E+00 0.336317E+00
 0.770000E+00 0.333029E+00
 0.790000E+00 0.329736E+00
 0.810000E+00 0.326436E+00
 0.830000E+00 0.323130E+00
 0.850000E+00 0.319819E+00
 0.870000E+00 0.316501E+00
 0.890000E+00 0.313178E+00
 0.910000E+00 0.311512E+00
 0.930000E+00 0.311509E+00
 0.950000E+00 0.311507E+00
 0.970000E+00 0.311505E+00
 0.990000E+00 0.311505E+00




































































































 -.990000E+00 0.993816E+00
 -.970000E+00 0.994206E+00
 -.950000E+00 0.994584E+00
 -.930000E+00 0.994950E+00
 -.910000E+00 0.995303E+00
 -.890000E+00 0.995107E+00
 -.870000E+00 0.994329E+00
 -.850000E+00 0.993494E+00
 -.830000E+00 0.992602E+00
 -.810000E+00 0.991653E+00
 -.790000E+00 0.990648E+00
 -.770000E+00 0.989585E+00
 -.750000E+00 0.988466E+00
 -.730000E+00 0.987290E+00
 -.710000E+00 0.986058E+00
 -.690000E+00 0.984769E+00
 -.670000E+00 0.983424E+00
 -.650000E+00 0.982022E+00
 -.630000E+00 0.980564E+00
 -.610000E+00 0.979050E+00
 -.590000E+00 0.977480E+00
 -.570000E+00 0.975854E+00
 -.550000E+00 0.974172E+00
 -.530000E+00 0.972433E+00
 -.510000E+00 0.970639E+00
 -.490000E+00 0.968789E+00
 -.470000E+00 0.966883E+00
 -.450000E+00 0.964922E+00
 -.430000E+00 0.962905E+00
 -.410000E+00 0.960832E+00
 -.390000E+00 0.958703E+00
 -.370000E+00 0.956519E+00
 -.350000E+00 0.954280E+00
 -.330000E+00 0.951985E+00
 -.310000E+00 0.949635E+00
 -.290000E+00 0.947230E+00
 -.270000E+00 0.944769E+00
 -.250000E+00 0.942253E+00
 -.230000E+00 0.939682E+00
 -.210000E+00 0.937056E+00
 -.190000E+00 0.934374E+00
 -.170000E+00 0.931638E+00
 -.150000E+00 0.928846E+00
 -.130000E+00 0.926000E+00
 -.110000E+00 0.923099E+00
 -.900000E-01 0.920142E+00
 -.700000E-01 0.917131E+00
 -.500000E-01 0.914066E+00
 -.300000E-01 0.910945E+00
 -.100000E-01 0.907770E+00
 0.100000E-01 0.904540E+00
 0.300000E-01 0.901256E+00
 0.500000E-01 0.897917E+00
 0.700000E-01 0.894523E+00
 0.900000E-01 0.891075E+00
 0.110000E+00 0.887572E+00
 0.130000E+00 0.884015E+00
 0.150000E+00 0.880404E+00
 0.170000E+00 0.876739E+00
 0.190000E+00 0.873019E+00
 0.210000E+00 0.869245E+00
 0.230000E+00 0.865417E+00
 0.250000E+00 0.861534E+00
 0.270000E+00 0.857598E+00
 0.290000E+00 0.853608E+00
 0.310000E+00 0.849564E+00
 0.330000E+00 0.845466E+00
 0.350000E+00 0.841314E+00
 0.370000E+00 0.837108E+00
 0.390000E+00 0.832849E+00
 0.410000E+00 0.828535E+00
 0.430000E+00 0.824169E+00
 0.450000E+00 0.819749E+00
 0.470000E+00 0.815275E+00
 0.490000E+00 0.810748E+00
 0.510000E+00 0.806168E+00
 0.530000E+00 0.801535E+00
 0.550000E+00 0.796848E+00
 0.570000E+00 0.792109E+00
 0.590000E+00 0.787316E+00
 0.610000E+00 0.782471E+00
 0.630000E+00 0.777573E+00
 0.650000E+00 0.772622E+00
 0.670000E+00 0.767619E+00
 0.690000E+00 0.762563E+00
 0.710000E+00 0.757455E+00
 0.730000E+00 0.752294E+00
 0.750000E+00 0.747082E+00
 0.770000E+00 0.741817E+00
 0.790000E+00 0.736500E+00
 0.810000E+00 0.731132E+00
 0.830000E+00 0.725712E+00
 0.850000E+00 0.720241E+00
 0.870000E+00 0.714718E+00
 0.890000E+00 0.709145E+00
 0.910000E+00 0.706335E+00
 0.930000E+00 0.706328E+00
 0.950000E+00 0.706323E+00
 0.970000E+00 0.706320E+00
 0.990000E+00 0.706319E+00




































































































 -.990000E+00 0.121937E+00
 -.970000E+00 0.127453E+00
 -.950000E+00 0.132981E+00
 -.930000E+00 0.138520E+00
 -.910000E+00 0.144068E+00
 -.890000E+00 0.149992E+00
 -.870000E+00 0.156266E+00
 -.850000E+00 0.162515E+00
 -.830000E+00 0.168735E+00
 -.810000E+00 0.174928E+00
 -.790000E+00 0.181090E+00
 -.770000E+00 0.187221E+00
 -.750000E+00 0.193319E+00
 -.730000E+00 0.199383E+00
 -.710000E+00 0.205413E+00
 -.690000E+00 0.211405E+00
 -.670000E+00 0.217360E+00
 -.650000E+00 0.223276E+00
 -.630000E+00 0.229151E+00
 -.610000E+00 0.234985E+00
 -.590000E+00 0.240776E+00
 -.570000E+00 0.246523E+00
 -.550000E+00 0.252225E+00
 -.530000E+00 0.257879E+00
 -.510000E+00 0.263486E+00
 -.490000E+00 0.269044E+00
 -.470000E+00 0.274551E+00
 -.450000E+00 0.280007E+00
 -.430000E+00 0.285410E+00
 -.410000E+00 0.290759E+00
 -.390000E+00 0.296054E+00
 -.370000E+00 0.301291E+00
 -.350000E+00 0.306472E+00
 -.330000E+00 0.311593E+00
 -.310000E+00 0.316656E+00
 -.290000E+00 0.321657E+00
 -.270000E+00 0.326596E+00
 -.250000E+00 0.331472E+00
 -.230000E+00 0.336284E+00
 -.210000E+00 0.341031E+00
 -.190000E+00 0.345712E+00
 -.170000E+00 0.350325E+00
 -.150000E+00 0.354870E+00
 -.130000E+00 0.359346E+00
 -.110000E+00 0.363751E+00
 -.900000E-01 0.368085E+00
 -.700000E-01 0.372347E+00
 -.500000E-01 0.376535E+00
 -.300000E-01 0.380649E+00
 -.100000E-01 0.384689E+00
 0.100000E-01 0.388652E+00
 0.300000E-01 0.392538E+00
 0.500000E-01 0.396347E+00
 0.700000E-01 0.400077E+00
 0.900000E-01 0.403728E+00
 0.110000E+00 0.407299E+00
 0.130000E+00 0.410788E+00
 0.150000E+00 0.414196E+00
 0.170000E+00 0.417522E+00
 0.190000E+00 0.420764E+00
 0.210000E+00 0.423922E+00
 0.230000E+00 0.426996E+00
 0.250000E+00 0.429984E+00
 0.270000E+00 0.432886E+00
 0.290000E+00 0.435702E+00
 0.310000E+00 0.438431E+00
 0.330000E+00 0.441072E+00
 0.350000E+00 0.443624E+00
 0.370000E+00 0.446087E+00
 0.390000E+00 0.448461E+00
 0.410000E+00 0.450746E+00
 0.430000E+00 0.452939E+00
 0.450000E+00 0.455042E+00
 0.470000E+00 0.457053E+00
 0.490000E+00 0.458973E+00
 0.510000E+00 0.460800E+00
 0.530000E+00 0.462535E+00
 0.550000E+00 0.464177E+00
 0.570000E+00 0.465725E+00
 0.590000E+00 0.467180E+00
 0.610000E+00 0.468541E+00
 0.630000E+00 0.469808E+00
 0.650000E+00 0.470980E+00
 0.670000E+00 0.472058E+00
 0.690000E+00 0.473041E+00
 0.710000E+00 0.473929E+00
 0.730000E+00 0.474721E+00
 0.750000E+00 0.475418E+00
 0.770000E+00 0.476020E+00
 0.790000E+00 0.476525E+00
 0.810000E+00 0.476935E+00
 0.830000E+00 0.477250E+00
 0.850000E+00 0.477468E+00
 0.870000E+00 0.477591E+00
 0.890000E+00 0.477617E+00
 0.910000E+00 0.477593E+00
 0.930000E+00 0.477591E+00
 0.950000E+00 0.477589E+00
 0.970000E+00 0.477589E+00
 0.990000E+00 0.477588E+00




































































































 -.990000E+00 -.175933E+00
 -.970000E+00 -.175456E+00
 -.950000E+00 -.174604E+00
 -.930000E+00 -.173379E+00
 -.910000E+00 -.171784E+00
 -.890000E+00 -.169904E+00
 -.870000E+00 -.167893E+00
 -.850000E+00 -.165717E+00
 -.830000E+00 -.163378E+00
 -.810000E+00 -.160878E+00
 -.790000E+00 -.158221E+00
 -.770000E+00 -.155408E+00
 -.750000E+00 -.152442E+00
 -.730000E+00 -.149325E+00
 -.710000E+00 -.146062E+00
 -.690000E+00 -.142654E+00
 -.670000E+00 -.139105E+00
 -.650000E+00 -.135419E+00
 -.630000E+00 -.131599E+00
 -.610000E+00 -.127649E+00
 -.590000E+00 -.123572E+00
 -.570000E+00 -.119372E+00
 -.550000E+00 -.115053E+00
 -.530000E+00 -.110620E+00
 -.510000E+00 -.106077E+00
 -.490000E+00 -.101427E+00
 -.470000E+00 -.966762E-01
 -.450000E+00 -.918283E-01
 -.430000E+00 -.868880E-01
 -.410000E+00 -.818603E-01
 -.390000E+00 -.767498E-01
 -.370000E+00 -.715615E-01
 -.350000E+00 -.663005E-01
 -.330000E+00 -.609717E-01
 -.310000E+00 -.555803E-01
 -.290000E+00 -.501315E-01
 -.270000E+00 -.446307E-01
 -.250000E+00 -.390831E-01
 -.230000E+00 -.334940E-01
 -.210000E+00 -.278690E-01
 -.190000E+00 -.222135E-01
 -.170000E+00 -.165329E-01
 -.150000E+00 -.108328E-01
 -.130000E+00 -.511880E-02
 -.110000E+00 0.603657E-03
 -.900000E-01 0.632893E-02
 -.700000E-01 0.120515E-01
 -.500000E-01 0.177656E-01
 -.300000E-01 0.234659E-01
 -.100000E-01 0.291466E-01
 0.100000E-01 0.348023E-01
 0.300000E-01 0.404273E-01
 0.500000E-01 0.460163E-01
 0.700000E-01 0.515636E-01
 0.900000E-01 0.570639E-01
 0.110000E+00 0.625117E-01
 0.130000E+00 0.679016E-01
 0.150000E+00 0.732285E-01
 0.170000E+00 0.784869E-01
 0.190000E+00 0.836718E-01
 0.210000E+00 0.887780E-01
 0.230000E+00 0.938004E-01
 0.250000E+00 0.987342E-01
 0.270000E+00 0.103574E+00
 0.290000E+00 0.108316E+00
 0.310000E+00 0.112955E+00
 0.330000E+00 0.117486E+00
 0.350000E+00 0.121905E+00
 0.370000E+00 0.126207E+00
 0.390000E+00 0.130388E+00
 0.410000E+00 0.134445E+00
 0.430000E+00 0.138372E+00
 0.450000E+00 0.142167E+00
 0.470000E+00 0.145824E+00
 0.490000E+00 0.149342E+00
 0.510000E+00 0.152715E+00
 0.530000E+00 0.155941E+00
 0.550000E+00 0.159016E+00
 0.570000E+00 0.161938E+00
 0.590000E+00 0.164704E+00
 0.610000E+00 0.167310E+00
 0.630000E+00 0.169754E+00
 0.650000E+00 0.172033E+00
 0.670000E+00 0.174146E+00
 0.690000E+00 0.176090E+00
 0.710000E+00 0.177863E+00
 0.730000E+00 0.179463E+00
 0.750000E+00 0.180889E+00
 0.770000E+00 0.182139E+00
 0.790000E+00 0.183213E+00
 0.810000E+00 0.184107E+00
 0.830000E+00 0.184823E+00
 0.850000E+00 0.185359E+00
 0.870000E+00 0.185714E+00
 0.890000E+00 0.185888E+00
 0.910000E+00 0.185907E+00
 0.930000E+00 0.185907E+00
 0.950000E+00 0.185907E+00
 0.970000E+00 0.185907E+00
 0.990000E+00 0.185907E+00




































































































 -.990000E+00 0.236497E-01
 -.970000E+00 0.223030E-01
 -.950000E+00 0.149241E-01
 -.930000E+00 0.470263E-02
 -.910000E+00 -.393645E-02
 -.890000E+00 -.771394E-02
 -.870000E+00 -.768472E-02
 -.850000E+00 -.432605E-02
 -.830000E+00 0.908930E-03
 -.810000E+00 0.575329E-02
 -.790000E+00 0.810794E-02
 -.770000E+00 0.695123E-02
 -.750000E+00 0.278217E-02
 -.730000E+00 -.259480E-02
 -.710000E+00 -.685082E-02
 -.690000E+00 -.814127E-02
 -.670000E+00 -.590527E-02
 -.650000E+00 -.110943E-02
 -.630000E+00 0.416998E-02
 -.610000E+00 0.764592E-02
 -.590000E+00 0.781135E-02
 -.570000E+00 0.459258E-02
 -.550000E+00 -.617894E-03
 -.530000E+00 -.556382E-02
 -.510000E+00 -.810219E-02
 -.490000E+00 -.713180E-02
 -.470000E+00 -.307094E-02
 -.450000E+00 0.232288E-02
 -.430000E+00 0.671356E-02
 -.410000E+00 0.819823E-02
 -.390000E+00 0.613188E-02
 -.370000E+00 0.140762E-02
 -.350000E+00 -.392936E-02
 -.330000E+00 -.756716E-02
 -.310000E+00 -.792867E-02
 -.290000E+00 -.485526E-02
 -.270000E+00 0.323559E-03
 -.250000E+00 0.536534E-02
 -.230000E+00 0.808562E-02
 -.210000E+00 0.730442E-02
 -.190000E+00 0.335808E-02
 -.170000E+00 -.204555E-02
 -.150000E+00 -.656621E-02
 -.130000E+00 -.824477E-02
 -.110000E+00 -.635227E-02
 -.900000E-01 -.170648E-02
 -.700000E-01 0.368146E-02
 -.500000E-01 0.747766E-02
 -.300000E-01 0.803643E-02
 -.100000E-01 0.511373E-02
 0.100000E-01 -.262886E-04
 0.300000E-01 -.515803E-02
 0.500000E-01 -.805814E-02
 0.700000E-01 -.746879E-02
 0.900000E-01 -.364320E-02
 0.110000E+00 0.176314E-02
 0.130000E+00 0.640886E-02
 0.150000E+00 0.828074E-02
 0.170000E+00 0.656609E-02
 0.190000E+00 0.200561E-02
 0.210000E+00 -.342656E-02
 0.230000E+00 -.737746E-02
 0.250000E+00 -.813443E-02
 0.270000E+00 -.536759E-02
 0.290000E+00 -.273548E-03
 0.310000E+00 0.494210E-02
 0.330000E+00 0.801972E-02
 0.350000E+00 0.762463E-02
 0.370000E+00 0.392590E-02
 0.390000E+00 -.147598E-02
 0.410000E+00 -.624166E-02
 0.430000E+00 -.830600E-02
 0.450000E+00 -.677299E-02
 0.470000E+00 -.230462E-02
 0.490000E+00 0.316493E-02
 0.510000E+00 0.726658E-02
 0.530000E+00 0.822244E-02
 0.550000E+00 0.561648E-02
 0.570000E+00 0.575573E-03
 0.590000E+00 -.471775E-02
 0.610000E+00 -.797030E-02
 0.630000E+00 -.777166E-02
 0.650000E+00 -.420579E-02
 0.670000E+00 0.118441E-02
 0.690000E+00 0.606472E-02
 0.710000E+00 0.832043E-02
 0.730000E+00 0.697264E-02
 0.750000E+00 0.260312E-02
 0.770000E+00 -.289687E-02
 0.790000E+00 -.714510E-02
 0.810000E+00 -.830027E-02
 0.830000E+00 -.586001E-02
 0.850000E+00 -.879403E-03
 0.870000E+00 0.448523E-02
 0.890000E+00 0.790986E-02
 0.910000E+00 0.837597E-02
 0.930000E+00 0.837520E-02
 0.950000E+00 0.837432E-02
 0.970000E+00 0.837374E-02
 0.990000E+00 0.837369E-02




































































































