 0.10000000E-01 0.40868907E-05 0.40868907E-05 0.40868907E-05 0.40868907E-05
 0.12000000E-01 0.39922144E-05 0.39922144E-05 0.39922144E-05 0.39922144E-05
 0.14000000E-01 0.38813686E-05 0.38813686E-05 0.38813686E-05 0.38813686E-05
 0.16000000E-01 0.38044840E-05 0.38044840E-05 0.38044840E-05 0.38044840E-05
 0.18000000E-01 0.37407996E-05 0.37407996E-05 0.37407996E-05 0.37407996E-05
 0.20000000E-01 0.37496432E-05 0.37496432E-05 0.37496432E-05 0.37496432E-05
 0.22000000E-01 0.38553248E-05 0.38553248E-05 0.38553248E-05 0.38553248E-05
 0.24000000E-01 0.39426348E-05 0.39426348E-05 0.39426348E-05 0.39426348E-05
 0.26000000E-01 0.39330326E-05 0.39330326E-05 0.39330326E-05 0.39330326E-05
 0.28000000E-01 0.38829018E-05 0.38829018E-05 0.38829018E-05 0.38829018E-05
 0.30000000E-01 0.38419637E-05 0.38419637E-05 0.38419637E-05 0.38419637E-05
 0.32000000E-01 0.38029477E-05 0.38029477E-05 0.38029477E-05 0.38029477E-05
 0.34000000E-01 0.37868714E-05 0.37868714E-05 0.37868714E-05 0.37868714E-05
 0.36000000E-01 0.38319609E-05 0.38319609E-05 0.38319609E-05 0.38319609E-05
 0.38000000E-01 0.38983870E-05 0.38983870E-05 0.38983870E-05 0.38983870E-05
 0.40000000E-01 0.39131196E-05 0.39131196E-05 0.39131196E-05 0.39131196E-05
 0.42000000E-01 0.38850671E-05 0.38850671E-05 0.38850671E-05 0.38850671E-05
 0.44000000E-01 0.38560775E-05 0.38560775E-05 0.38560775E-05 0.38560775E-05
 0.46000000E-01 0.38295656E-05 0.38295656E-05 0.38295656E-05 0.38295656E-05
 0.48000000E-01 0.38088782E-05 0.38088782E-05 0.38088782E-05 0.38088782E-05
 0.50000000E-01 0.38251798E-05 0.38251798E-05 0.38251798E-05 0.38251798E-05
 0.52000000E-01 0.38743774E-05 0.38743774E-05 0.38743774E-05 0.38743774E-05
 0.54000000E-01 0.39007450E-05 0.39007450E-05 0.39007450E-05 0.39007450E-05
 0.56000000E-01 0.38872825E-05 0.38872825E-05 0.38872825E-05 0.38872825E-05
 0.58000000E-01 0.38644876E-05 0.38644876E-05 0.38644876E-05 0.38644876E-05
 0.60000000E-01 0.38448781E-05 0.38448781E-05 0.38448781E-05 0.38448781E-05
 0.62000000E-01 0.38253726E-05 0.38253726E-05 0.38253726E-05 0.38253726E-05
 0.64000000E-01 0.38259022E-05 0.38259022E-05 0.38259022E-05 0.38259022E-05
 0.66000000E-01 0.38594129E-05 0.38594129E-05 0.38594129E-05 0.38594129E-05
 0.68000000E-01 0.38907251E-05 0.38907251E-05 0.38907251E-05 0.38907251E-05
 0.70000000E-01 0.38890940E-05 0.38890940E-05 0.38890940E-05 0.38890940E-05
 0.72000000E-01 0.38711521E-05 0.38711521E-05 0.38711521E-05 0.38711521E-05
 0.74000000E-01 0.38552500E-05 0.38552500E-05 0.38552500E-05 0.38552500E-05
 0.76000000E-01 0.38388514E-05 0.38388514E-05 0.38388514E-05 0.38388514E-05
 0.78000000E-01 0.38311621E-05 0.38311621E-05 0.38311621E-05 0.38311621E-05
 0.80000000E-01 0.38506505E-05 0.38506505E-05 0.38506505E-05 0.38506505E-05
 0.82000000E-01 0.38816698E-05 0.38816698E-05 0.38816698E-05 0.38816698E-05
 0.84000000E-01 0.38898698E-05 0.38898698E-05 0.38898698E-05 0.38898698E-05
 0.86000000E-01 0.38772188E-05 0.38772188E-05 0.38772188E-05 0.38772188E-05
 0.88000000E-01 0.38632937E-05 0.38632937E-05 0.38632937E-05 0.38632937E-05
 0.90000000E-01 0.38499979E-05 0.38499979E-05 0.38499979E-05 0.38499979E-05
 0.92000000E-01 0.38389343E-05 0.38389343E-05 0.38389343E-05 0.38389343E-05
 0.94000000E-01 0.38469918E-05 0.38469918E-05 0.38469918E-05 0.38469918E-05
 0.96000000E-01 0.38737909E-05 0.38737909E-05 0.38737909E-05 0.38737909E-05
 0.98000000E-01 0.38894755E-05 0.38894755E-05 0.38894755E-05 0.38894755E-05
 0.10000000E+00 0.38829389E-05 0.38829389E-05 0.38829389E-05 0.38829389E-05
 0.11000000E+00 0.38676723E-05 0.38676723E-05 0.38676723E-05 0.38676723E-05
 0.12000000E+00 0.38575646E-05 0.38575646E-05 0.38575646E-05 0.38575646E-05
 0.13000000E+00 0.38844594E-05 0.38844594E-05 0.38844594E-05 0.38844594E-05
 0.14000000E+00 0.38821964E-05 0.38821964E-05 0.38821964E-05 0.38821964E-05
 0.15000000E+00 0.38677253E-05 0.38677253E-05 0.38677253E-05 0.38677253E-05
 0.16000000E+00 0.38909593E-05 0.38909593E-05 0.38909593E-05 0.38909593E-05
 0.17000000E+00 0.38962512E-05 0.38962512E-05 0.38962512E-05 0.38962512E-05
 0.18000000E+00 0.38805013E-05 0.38805013E-05 0.38805013E-05 0.38805013E-05
 0.19000000E+00 0.39013347E-05 0.39013347E-05 0.39013347E-05 0.39013347E-05
 0.20000000E+00 0.39109737E-05 0.39109737E-05 0.39109737E-05 0.39109737E-05
 0.21000000E+00 0.38958262E-05 0.38958262E-05 0.38958262E-05 0.38958262E-05
 0.22000000E+00 0.39150510E-05 0.39150510E-05 0.39150510E-05 0.39150510E-05
 0.23000000E+00 0.39271468E-05 0.39271468E-05 0.39271468E-05 0.39271468E-05
 0.24000000E+00 0.39136159E-05 0.39136159E-05 0.39136159E-05 0.39136159E-05
 0.25000000E+00 0.39318601E-05 0.39318601E-05 0.39318601E-05 0.39318601E-05
 0.26000000E+00 0.39453172E-05 0.39453172E-05 0.39453172E-05 0.39453172E-05
 0.27000000E+00 0.39338369E-05 0.39338369E-05 0.39338369E-05 0.39338369E-05
 0.28000000E+00 0.39516819E-05 0.39516819E-05 0.39516819E-05 0.39516819E-05
 0.29000000E+00 0.39658426E-05 0.39658426E-05 0.39658426E-05 0.39658426E-05
 0.30000000E+00 0.39565527E-05 0.39565527E-05 0.39565527E-05 0.39565527E-05
 0.31000000E+00 0.39745404E-05 0.39745404E-05 0.39745404E-05 0.39745404E-05
 0.32000000E+00 0.39889262E-05 0.39889262E-05 0.39889262E-05 0.39889262E-05
 0.33000000E+00 0.39819483E-05 0.39819483E-05 0.39819483E-05 0.39819483E-05
 0.34000000E+00 0.40005324E-05 0.40005324E-05 0.40005324E-05 0.40005324E-05
 0.35000000E+00 0.40146389E-05 0.40146389E-05 0.40146389E-05 0.40146389E-05
 0.36000000E+00 0.40103350E-05 0.40103350E-05 0.40103350E-05 0.40103350E-05
 0.37000000E+00 0.40298214E-05 0.40298214E-05 0.40298214E-05 0.40298214E-05
 0.38000000E+00 0.40429372E-05 0.40429372E-05 0.40429372E-05 0.40429372E-05
 0.39000000E+00 0.40421222E-05 0.40421222E-05 0.40421222E-05 0.40421222E-05
 0.40000000E+00 0.40626478E-05 0.40626478E-05 0.40626478E-05 0.40626478E-05
 0.41000000E+00 0.40737327E-05 0.40737327E-05 0.40737327E-05 0.40737327E-05
 0.42000000E+00 0.40777233E-05 0.40777233E-05 0.40777233E-05 0.40777233E-05
 0.43000000E+00 0.40993056E-05 0.40993056E-05 0.40993056E-05 0.40993056E-05
 0.44000000E+00 0.41071418E-05 0.41071418E-05 0.41071418E-05 0.41071418E-05
 0.45000000E+00 0.41173915E-05 0.41173915E-05 0.41173915E-05 0.41173915E-05
 0.46000000E+00 0.41399638E-05 0.41399638E-05 0.41399638E-05 0.41399638E-05
 0.47000000E+00 0.41440083E-05 0.41440083E-05 0.41440083E-05 0.41440083E-05
 0.48000000E+00 0.41611327E-05 0.41611327E-05 0.41611327E-05 0.41611327E-05
 0.49000000E+00 0.41842087E-05 0.41842087E-05 0.41842087E-05 0.41842087E-05
 0.50000000E+00 0.41862616E-05 0.41862616E-05 0.41862616E-05 0.41862616E-05
 0.51000000E+00 0.42090694E-05 0.42090694E-05 0.42090694E-05 0.42090694E-05
 0.52000000E+00 0.42306235E-05 0.42306235E-05 0.42306235E-05 0.42306235E-05
 0.53000000E+00 0.42359519E-05 0.42359519E-05 0.42359519E-05 0.42359519E-05
 0.54000000E+00 0.42621720E-05 0.42621720E-05 0.42621720E-05 0.42621720E-05
 0.55000000E+00 0.42780449E-05 0.42780449E-05 0.42780449E-05 0.42780449E-05
 0.56000000E+00 0.42931235E-05 0.42931235E-05 0.42931235E-05 0.42931235E-05
 0.57000000E+00 0.43212702E-05 0.43212702E-05 0.43212702E-05 0.43212702E-05
 0.58000000E+00 0.43299421E-05 0.43299421E-05 0.43299421E-05 0.43299421E-05
 0.59000000E+00 0.43559937E-05 0.43559937E-05 0.43559937E-05 0.43559937E-05
 0.60000000E+00 0.43834975E-05 0.43834975E-05 0.43834975E-05 0.43834975E-05
 0.61000000E+00 0.43935788E-05 0.43935788E-05 0.43935788E-05 0.43935788E-05
 0.62000000E+00 0.44255614E-05 0.44255614E-05 0.44255614E-05 0.44255614E-05
 0.63000000E+00 0.44449596E-05 0.44449596E-05 0.44449596E-05 0.44449596E-05
 0.64000000E+00 0.44688325E-05 0.44688325E-05 0.44688325E-05 0.44688325E-05
 0.65000000E+00 0.45029938E-05 0.45029938E-05 0.45029938E-05 0.45029938E-05
 0.66000000E+00 0.45156520E-05 0.45156520E-05 0.45156520E-05 0.45156520E-05
 0.67000000E+00 0.45515221E-05 0.45515221E-05 0.45515221E-05 0.45515221E-05
 0.68000000E+00 0.45796554E-05 0.45796554E-05 0.45796554E-05 0.45796554E-05
 0.69000000E+00 0.46049244E-05 0.46049244E-05 0.46049244E-05 0.46049244E-05
 0.70000000E+00 0.46450797E-05 0.46450797E-05 0.46450797E-05 0.46450797E-05
 0.71000000E+00 0.46628813E-05 0.46628813E-05 0.46628813E-05 0.46628813E-05
 0.72000000E+00 0.47049282E-05 0.47049282E-05 0.47049282E-05 0.47049282E-05
 0.73000000E+00 0.47388607E-05 0.47388607E-05 0.47388607E-05 0.47388607E-05
 0.74000000E+00 0.47714773E-05 0.47714773E-05 0.47714773E-05 0.47714773E-05
 0.75000000E+00 0.48190742E-05 0.48190742E-05 0.48190742E-05 0.48190742E-05
 0.76000000E+00 0.48431873E-05 0.48431873E-05 0.48431873E-05 0.48431873E-05
 0.77000000E+00 0.48948034E-05 0.48948034E-05 0.48948034E-05 0.48948034E-05
 0.78000000E+00 0.49315650E-05 0.49315650E-05 0.49315650E-05 0.49315650E-05
 0.79000000E+00 0.49792332E-05 0.49792332E-05 0.49792332E-05 0.49792332E-05
 0.80000000E+00 0.50346023E-05 0.50346023E-05 0.50346023E-05 0.50346023E-05
 0.81000000E+00 0.50717441E-05 0.50717441E-05 0.50717441E-05 0.50717441E-05
 0.82000000E+00 0.51372829E-05 0.51372829E-05 0.51372829E-05 0.51372829E-05
 0.83000000E+00 0.51769039E-05 0.51769039E-05 0.51769039E-05 0.51769039E-05
 0.84000000E+00 0.52470097E-05 0.52470097E-05 0.52470097E-05 0.52470097E-05
 0.85000000E+00 0.53057873E-05 0.53057873E-05 0.53057873E-05 0.53057873E-05
 0.86000000E+00 0.53736730E-05 0.53736730E-05 0.53736730E-05 0.53736730E-05
 0.87000000E+00 0.54550000E-05 0.54550000E-05 0.54550000E-05 0.54550000E-05
 0.88000000E+00 0.55177682E-05 0.55177682E-05 0.55177682E-05 0.55177682E-05
 0.89000000E+00 0.56174728E-05 0.56174728E-05 0.56174728E-05 0.56174728E-05
 0.90000000E+00 0.56862318E-05 0.56862318E-05 0.56862318E-05 0.56862318E-05
 0.91000000E+00 0.58027986E-05 0.58027986E-05 0.58027986E-05 0.58027986E-05
 0.92000000E+00 0.58955420E-05 0.58955420E-05 0.58955420E-05 0.58955420E-05
 0.93000000E+00 0.60315082E-05 0.60315082E-05 0.60315082E-05 0.60315082E-05
 0.94000000E+00 0.61688059E-05 0.61688059E-05 0.61688059E-05 0.61688059E-05
 0.95000000E+00 0.63320471E-05 0.63320471E-05 0.63320471E-05 0.63320471E-05
 0.96000000E+00 0.65458284E-05 0.65458284E-05 0.65458284E-05 0.65458284E-05
 0.97000000E+00 0.67897524E-05 0.67897524E-05 0.67897524E-05 0.67897524E-05
 0.98000000E+00 0.73612018E-05 0.73612018E-05 0.73612018E-05 0.73612018E-05
 0.99000000E+00 0.84588321E-05 0.84588321E-05 0.84588321E-05 0.84588321E-05
 0.10000000E+01 0.96262267E-05 0.96262267E-05 0.96262267E-05 0.96262267E-05
 0.10100000E+01 0.10425608E-04 0.10425608E-04 0.10425608E-04 0.10425608E-04
 0.10200000E+01 0.11200851E-04 0.11200851E-04 0.11200851E-04 0.11200851E-04
 0.10300000E+01 0.11686318E-04 0.11686318E-04 0.11686318E-04 0.11686318E-04
 0.10400000E+01 0.12155913E-04 0.12155913E-04 0.12155913E-04 0.12155913E-04
 0.10500000E+01 0.12421345E-04 0.12421345E-04 0.12421345E-04 0.12421345E-04
 0.10600000E+01 0.12717554E-04 0.12717554E-04 0.12717554E-04 0.12717554E-04
 0.10700000E+01 0.12885834E-04 0.12885834E-04 0.12885834E-04 0.12885834E-04
 0.10800000E+01 0.13080596E-04 0.13080596E-04 0.13080596E-04 0.13080596E-04
 0.10900000E+01 0.13190129E-04 0.13190129E-04 0.13190129E-04 0.13190129E-04
 0.11000000E+01 0.13318506E-04 0.13318506E-04 0.13318506E-04 0.13318506E-04
 0.11100000E+01 0.13388850E-04 0.13388850E-04 0.13388850E-04 0.13388850E-04
 0.11200000E+01 0.13469903E-04 0.13469903E-04 0.13469903E-04 0.13469903E-04
 0.11300000E+01 0.13508531E-04 0.13508531E-04 0.13508531E-04 0.13508531E-04
 0.11400000E+01 0.13559736E-04 0.13559736E-04 0.13559736E-04 0.13559736E-04
 0.11500000E+01 0.13574014E-04 0.13574014E-04 0.13574014E-04 0.13574014E-04
 0.11600000E+01 0.13602611E-04 0.13602611E-04 0.13602611E-04 0.13602611E-04
 0.11700000E+01 0.13597297E-04 0.13597297E-04 0.13597297E-04 0.13597297E-04
 0.11800000E+01 0.13613715E-04 0.13613715E-04 0.13613715E-04 0.13613715E-04
 0.11900000E+01 0.13588314E-04 0.13588314E-04 0.13588314E-04 0.13588314E-04
 0.12000000E+01 0.13592244E-04 0.13592244E-04 0.13592244E-04 0.13592244E-04
 0.12100000E+01 0.13556358E-04 0.13556358E-04 0.13556358E-04 0.13556358E-04
 0.12200000E+01 0.13553477E-04 0.13553477E-04 0.13553477E-04 0.13553477E-04
 0.12300000E+01 0.13505978E-04 0.13505978E-04 0.13505978E-04 0.13505978E-04
 0.12400000E+01 0.13499946E-04 0.13499946E-04 0.13499946E-04 0.13499946E-04
 0.12500000E+01 0.13444345E-04 0.13444345E-04 0.13444345E-04 0.13444345E-04
 0.12600000E+01 0.13434450E-04 0.13434450E-04 0.13434450E-04 0.13434450E-04
 0.12700000E+01 0.13373983E-04 0.13373983E-04 0.13373983E-04 0.13373983E-04
 0.12800000E+01 0.13361211E-04 0.13361211E-04 0.13361211E-04 0.13361211E-04
 0.12900000E+01 0.13298005E-04 0.13298005E-04 0.13298005E-04 0.13298005E-04
 0.13000000E+01 0.13275437E-04 0.13275437E-04 0.13275437E-04 0.13275437E-04
 0.13100000E+01 0.13215187E-04 0.13215187E-04 0.13215187E-04 0.13215187E-04
 0.13200000E+01 0.13179982E-04 0.13179982E-04 0.13179982E-04 0.13179982E-04
 0.13300000E+01 0.13125988E-04 0.13125988E-04 0.13125988E-04 0.13125988E-04
 0.13400000E+01 0.13074978E-04 0.13074978E-04 0.13074978E-04 0.13074978E-04
 0.13500000E+01 0.13033032E-04 0.13033032E-04 0.13033032E-04 0.13033032E-04
 0.13600000E+01 0.12971661E-04 0.12971661E-04 0.12971661E-04 0.12971661E-04
 0.13700000E+01 0.12943466E-04 0.12943466E-04 0.12943466E-04 0.12943466E-04
 0.13800000E+01 0.12879783E-04 0.12879783E-04 0.12879783E-04 0.12879783E-04
 0.13900000E+01 0.12855961E-04 0.12855961E-04 0.12855961E-04 0.12855961E-04
 0.14000000E+01 0.12794047E-04 0.12794047E-04 0.12794047E-04 0.12794047E-04
 0.14100000E+01 0.12763390E-04 0.12763390E-04 0.12763390E-04 0.12763390E-04
 0.14200000E+01 0.12706289E-04 0.12706289E-04 0.12706289E-04 0.12706289E-04
 0.14300000E+01 0.12656355E-04 0.12656355E-04 0.12656355E-04 0.12656355E-04
 0.14400000E+01 0.12619588E-04 0.12619588E-04 0.12619588E-04 0.12619588E-04
 0.14500000E+01 0.12562658E-04 0.12562658E-04 0.12562658E-04 0.12562658E-04
 0.14600000E+01 0.12542517E-04 0.12542517E-04 0.12542517E-04 0.12542517E-04
 0.14700000E+01 0.12498801E-04 0.12498801E-04 0.12498801E-04 0.12498801E-04
 0.14800000E+01 0.12463297E-04 0.12463297E-04 0.12463297E-04 0.12463297E-04
 0.14900000E+01 0.12415245E-04 0.12415245E-04 0.12415245E-04 0.12415245E-04
 0.15000000E+01 0.12370617E-04 0.12370617E-04 0.12370617E-04 0.12370617E-04
 0.15100000E+01 0.12345733E-04 0.12345733E-04 0.12345733E-04 0.12345733E-04
 0.15200000E+01 0.12300928E-04 0.12300928E-04 0.12300928E-04 0.12300928E-04
 0.15300000E+01 0.12289385E-04 0.12289385E-04 0.12289385E-04 0.12289385E-04
 0.15400000E+01 0.12247920E-04 0.12247920E-04 0.12247920E-04 0.12247920E-04
 0.15500000E+01 0.12221363E-04 0.12221363E-04 0.12221363E-04 0.12221363E-04
 0.15600000E+01 0.12194976E-04 0.12194976E-04 0.12194976E-04 0.12194976E-04
 0.15700000E+01 0.12160290E-04 0.12160290E-04 0.12160290E-04 0.12160290E-04
 0.15800000E+01 0.12159648E-04 0.12159648E-04 0.12159648E-04 0.12159648E-04
 0.15900000E+01 0.12130533E-04 0.12130533E-04 0.12130533E-04 0.12130533E-04
 0.16000000E+01 0.12116353E-04 0.12116353E-04 0.12116353E-04 0.12116353E-04
 0.16100000E+01 0.12102223E-04 0.12102223E-04 0.12102223E-04 0.12102223E-04
 0.16200000E+01 0.12081833E-04 0.12081833E-04 0.12081833E-04 0.12081833E-04
 0.16300000E+01 0.12094738E-04 0.12094738E-04 0.12094738E-04 0.12094738E-04
 0.16400000E+01 0.12081279E-04 0.12081279E-04 0.12081279E-04 0.12081279E-04
 0.16500000E+01 0.12076412E-04 0.12076412E-04 0.12076412E-04 0.12076412E-04
 0.16600000E+01 0.12086445E-04 0.12086445E-04 0.12086445E-04 0.12086445E-04
 0.16700000E+01 0.12086163E-04 0.12086163E-04 0.12086163E-04 0.12086163E-04
 0.16800000E+01 0.12114517E-04 0.12114517E-04 0.12114517E-04 0.12114517E-04
 0.16900000E+01 0.12121654E-04 0.12121654E-04 0.12121654E-04 0.12121654E-04
 0.17000000E+01 0.12132970E-04 0.12132970E-04 0.12132970E-04 0.12132970E-04
 0.17100000E+01 0.12178477E-04 0.12178477E-04 0.12178477E-04 0.12178477E-04
 0.17200000E+01 0.12204113E-04 0.12204113E-04 0.12204113E-04 0.12204113E-04
 0.17300000E+01 0.12246750E-04 0.12246750E-04 0.12246750E-04 0.12246750E-04
 0.17400000E+01 0.12294365E-04 0.12294365E-04 0.12294365E-04 0.12294365E-04
 0.17500000E+01 0.12340415E-04 0.12340415E-04 0.12340415E-04 0.12340415E-04
 0.17600000E+01 0.12418359E-04 0.12418359E-04 0.12418359E-04 0.12418359E-04
 0.17700000E+01 0.12481379E-04 0.12481379E-04 0.12481379E-04 0.12481379E-04
 0.17800000E+01 0.12555417E-04 0.12555417E-04 0.12555417E-04 0.12555417E-04
 0.17900000E+01 0.12669114E-04 0.12669114E-04 0.12669114E-04 0.12669114E-04
 0.18000000E+01 0.12768028E-04 0.12768028E-04 0.12768028E-04 0.12768028E-04
 0.18100000E+01 0.12879932E-04 0.12879932E-04 0.12879932E-04 0.12879932E-04
 0.18140000E+01 0.12946933E-04 0.12946933E-04 0.12946933E-04 0.12946933E-04
 0.18180000E+01 0.13009169E-04 0.13009169E-04 0.13009169E-04 0.13009169E-04
 0.18220000E+01 0.13061802E-04 0.13061802E-04 0.13061802E-04 0.13061802E-04
 0.18260000E+01 0.13120768E-04 0.13120768E-04 0.13120768E-04 0.13120768E-04
 0.18300000E+01 0.13187750E-04 0.13187750E-04 0.13187750E-04 0.13187750E-04
 0.18340000E+01 0.13251556E-04 0.13251556E-04 0.13251556E-04 0.13251556E-04
 0.18380000E+01 0.13320414E-04 0.13320414E-04 0.13320414E-04 0.13320414E-04
 0.18420000E+01 0.13409257E-04 0.13409257E-04 0.13409257E-04 0.13409257E-04
 0.18460000E+01 0.13498462E-04 0.13498462E-04 0.13498462E-04 0.13498462E-04
 0.18500000E+01 0.13578769E-04 0.13578769E-04 0.13578769E-04 0.13578769E-04
 0.18540000E+01 0.13665881E-04 0.13665881E-04 0.13665881E-04 0.13665881E-04
 0.18580000E+01 0.13763864E-04 0.13763864E-04 0.13763864E-04 0.13763864E-04
 0.18620000E+01 0.13861100E-04 0.13861100E-04 0.13861100E-04 0.13861100E-04
 0.18660000E+01 0.13963855E-04 0.13963855E-04 0.13963855E-04 0.13963855E-04
 0.18700000E+01 0.14087468E-04 0.14087468E-04 0.14087468E-04 0.14087468E-04
 0.18740000E+01 0.14221276E-04 0.14221276E-04 0.14221276E-04 0.14221276E-04
 0.18780000E+01 0.14347776E-04 0.14347776E-04 0.14347776E-04 0.14347776E-04
 0.18820000E+01 0.14480984E-04 0.14480984E-04 0.14480984E-04 0.14480984E-04
 0.18860000E+01 0.14630971E-04 0.14630971E-04 0.14630971E-04 0.14630971E-04
 0.18900000E+01 0.14788088E-04 0.14788088E-04 0.14788088E-04 0.14788088E-04
 0.18940000E+01 0.14952756E-04 0.14952756E-04 0.14952756E-04 0.14952756E-04
 0.18980000E+01 0.15139708E-04 0.15139708E-04 0.15139708E-04 0.15139708E-04
 0.19020000E+01 0.15352576E-04 0.15352576E-04 0.15352576E-04 0.15352576E-04
 0.19060000E+01 0.15568685E-04 0.15568685E-04 0.15568685E-04 0.15568685E-04
 0.19100000E+01 0.15797252E-04 0.15797252E-04 0.15797252E-04 0.15797252E-04
 0.19140000E+01 0.16053563E-04 0.16053563E-04 0.16053563E-04 0.16053563E-04
 0.19180000E+01 0.16336646E-04 0.16336646E-04 0.16336646E-04 0.16336646E-04
 0.19220000E+01 0.16643867E-04 0.16643867E-04 0.16643867E-04 0.16643867E-04
 0.19260000E+01 0.16990124E-04 0.16990124E-04 0.16990124E-04 0.16990124E-04
 0.19300000E+01 0.17396289E-04 0.17396289E-04 0.17396289E-04 0.17396289E-04
 0.19340000E+01 0.17854923E-04 0.17854923E-04 0.17854923E-04 0.17854923E-04
 0.19380000E+01 0.18375461E-04 0.18375461E-04 0.18375461E-04 0.18375461E-04
 0.19420000E+01 0.18999740E-04 0.18999740E-04 0.18999740E-04 0.18999740E-04
 0.19460000E+01 0.19789010E-04 0.19789010E-04 0.19789010E-04 0.19789010E-04
 0.19500000E+01 0.20946876E-04 0.20946876E-04 0.20946876E-04 0.20946876E-04
 0.19540000E+01 0.70145731E-04 0.70145731E-04 0.70145731E-04 0.70145731E-04
 0.19580000E+01 0.69221502E-03 0.69221502E-03 0.69221502E-03 0.69221502E-03
 0.19620000E+01 0.20026782E-02 0.20026782E-02 0.20026782E-02 0.20026782E-02
 0.19660000E+01 0.39613830E-02 0.39613830E-02 0.39613830E-02 0.39613830E-02
 0.19700000E+01 0.65271942E-02 0.65271942E-02 0.65271942E-02 0.65271942E-02
 0.19740000E+01 0.96586879E-02 0.96586879E-02 0.96586879E-02 0.96586879E-02
 0.19780000E+01 0.13315245E-01 0.13315245E-01 0.13315245E-01 0.13315245E-01
 0.19820000E+01 0.17456454E-01 0.17456454E-01 0.17456454E-01 0.17456454E-01
 0.19860000E+01 0.22043979E-01 0.22043979E-01 0.22043979E-01 0.22043979E-01
 0.19900000E+01 0.27042316E-01 0.27042316E-01 0.27042316E-01 0.27042316E-01
 0.19940000E+01 0.32417845E-01 0.32417845E-01 0.32417845E-01 0.32417845E-01
 0.19980000E+01 0.38136363E-01 0.38136363E-01 0.38136363E-01 0.38136363E-01
 0.20020000E+01 0.44162802E-01 0.44162802E-01 0.44162802E-01 0.44162802E-01
 0.20060000E+01 0.50458935E-01 0.50458935E-01 0.50458935E-01 0.50458935E-01
 0.20100000E+01 0.56987433E-01 0.56987433E-01 0.56987433E-01 0.56987433E-01
 0.20140000E+01 0.63706420E-01 0.63706420E-01 0.63706420E-01 0.63706420E-01
 0.20180000E+01 0.70574888E-01 0.70574888E-01 0.70574888E-01 0.70574888E-01
 0.20220000E+01 0.77552847E-01 0.77552847E-01 0.77552847E-01 0.77552847E-01
 0.20260000E+01 0.84603837E-01 0.84603837E-01 0.84603837E-01 0.84603837E-01
 0.20300000E+01 0.91692261E-01 0.91692261E-01 0.91692261E-01 0.91692261E-01
 0.20340000E+01 0.98787386E-01 0.98787386E-01 0.98787386E-01 0.98787386E-01
 0.20380000E+01 0.10586300E+00 0.10586300E+00 0.10586300E+00 0.10586300E+00
 0.20420000E+01 0.11289623E+00 0.11289623E+00 0.11289623E+00 0.11289623E+00
 0.20460000E+01 0.11986723E+00 0.11986723E+00 0.11986723E+00 0.11986723E+00
 0.20500000E+01 0.12676054E+00 0.12676054E+00 0.12676054E+00 0.12676054E+00
 0.20540000E+01 0.13356418E+00 0.13356418E+00 0.13356418E+00 0.13356418E+00
 0.20580000E+01 0.14026776E+00 0.14026776E+00 0.14026776E+00 0.14026776E+00
 0.20620000E+01 0.14686283E+00 0.14686283E+00 0.14686283E+00 0.14686283E+00
 0.20660000E+01 0.15334524E+00 0.15334524E+00 0.15334524E+00 0.15334524E+00
 0.20700000E+01 0.15971019E+00 0.15971019E+00 0.15971019E+00 0.15971019E+00
 0.20740000E+01 0.16595419E+00 0.16595419E+00 0.16595419E+00 0.16595419E+00
 0.20780000E+01 0.17207583E+00 0.17207583E+00 0.17207583E+00 0.17207583E+00
 0.20820000E+01 0.17807337E+00 0.17807337E+00 0.17807337E+00 0.17807337E+00
 0.20860000E+01 0.18394738E+00 0.18394738E+00 0.18394738E+00 0.18394738E+00
 0.20900000E+01 0.18969722E+00 0.18969722E+00 0.18969722E+00 0.18969722E+00
 0.20940000E+01 0.19532329E+00 0.19532329E+00 0.19532329E+00 0.19532329E+00
 0.20980000E+01 0.20082751E+00 0.20082751E+00 0.20082751E+00 0.20082751E+00
 0.21020000E+01 0.20621084E+00 0.20621084E+00 0.20621084E+00 0.20621084E+00
 0.21060000E+01 0.21147437E+00 0.21147437E+00 0.21147437E+00 0.21147437E+00
 0.21100000E+01 0.21661954E+00 0.21661954E+00 0.21661954E+00 0.21661954E+00
 0.21140000E+01 0.22164881E+00 0.22164881E+00 0.22164881E+00 0.22164881E+00
 0.21180000E+01 0.22656360E+00 0.22656360E+00 0.22656360E+00 0.22656360E+00
 0.21220000E+01 0.23136513E+00 0.23136513E+00 0.23136513E+00 0.23136513E+00
 0.21260000E+01 0.23605670E+00 0.23605670E+00 0.23605670E+00 0.23605670E+00
 0.21300000E+01 0.24064042E+00 0.24064042E+00 0.24064042E+00 0.24064042E+00
 0.21340000E+01 0.24511733E+00 0.24511733E+00 0.24511733E+00 0.24511733E+00
 0.21380000E+01 0.24949003E+00 0.24949003E+00 0.24949003E+00 0.24949003E+00
 0.21420000E+01 0.25375998E+00 0.25375998E+00 0.25375998E+00 0.25375998E+00
 0.21460000E+01 0.25793022E+00 0.25793022E+00 0.25793022E+00 0.25793022E+00
 0.21500000E+01 0.26200212E+00 0.26200212E+00 0.26200212E+00 0.26200212E+00
 0.21540000E+01 0.26597711E+00 0.26597711E+00 0.26597711E+00 0.26597711E+00
 0.21580000E+01 0.26985910E+00 0.26985910E+00 0.26985910E+00 0.26985910E+00
 0.21620000E+01 0.27364882E+00 0.27364882E+00 0.27364882E+00 0.27364882E+00
 0.21660000E+01 0.27734816E+00 0.27734816E+00 0.27734816E+00 0.27734816E+00
 0.21700000E+01 0.28095895E+00 0.28095895E+00 0.28095895E+00 0.28095895E+00
 0.21740000E+01 0.28448363E+00 0.28448363E+00 0.28448363E+00 0.28448363E+00
 0.21780000E+01 0.28792351E+00 0.28792351E+00 0.28792351E+00 0.28792351E+00
 0.21820000E+01 0.29128032E+00 0.29128032E+00 0.29128032E+00 0.29128032E+00
 0.21860000E+01 0.29455655E+00 0.29455655E+00 0.29455655E+00 0.29455655E+00
 0.21900000E+01 0.29775396E+00 0.29775396E+00 0.29775396E+00 0.29775396E+00
 0.21940000E+01 0.30087346E+00 0.30087346E+00 0.30087346E+00 0.30087346E+00
 0.21980000E+01 0.30391724E+00 0.30391724E+00 0.30391724E+00 0.30391724E+00
 0.22020000E+01 0.30688648E+00 0.30688648E+00 0.30688648E+00 0.30688648E+00
 0.22220000E+01 0.32067468E+00 0.32067468E+00 0.32067468E+00 0.32067468E+00
 0.22420000E+01 0.33283113E+00 0.33283113E+00 0.33283113E+00 0.33283113E+00
 0.22620000E+01 0.34352309E+00 0.34352309E+00 0.34352309E+00 0.34352309E+00
 0.22820000E+01 0.35289699E+00 0.35289699E+00 0.35289699E+00 0.35289699E+00
 0.23020000E+01 0.36108367E+00 0.36108367E+00 0.36108367E+00 0.36108367E+00
 0.23220000E+01 0.36820109E+00 0.36820109E+00 0.36820109E+00 0.36820109E+00
 0.23420000E+01 0.37435225E+00 0.37435225E+00 0.37435225E+00 0.37435225E+00
 0.23620000E+01 0.37962961E+00 0.37962961E+00 0.37962961E+00 0.37962961E+00
 0.23820000E+01 0.38411755E+00 0.38411755E+00 0.38411755E+00 0.38411755E+00
 0.24020000E+01 0.38788963E+00 0.38788963E+00 0.38788963E+00 0.38788963E+00
 0.24220000E+01 0.39101278E+00 0.39101278E+00 0.39101278E+00 0.39101278E+00
 0.24420000E+01 0.39354728E+00 0.39354728E+00 0.39354728E+00 0.39354728E+00
 0.24620000E+01 0.39554684E+00 0.39554684E+00 0.39554684E+00 0.39554684E+00
 0.24820000E+01 0.39706164E+00 0.39706164E+00 0.39706164E+00 0.39706164E+00
 0.25020000E+01 0.39813495E+00 0.39813495E+00 0.39813495E+00 0.39813495E+00
 0.25220000E+01 0.39880677E+00 0.39880677E+00 0.39880677E+00 0.39880677E+00
 0.25420000E+01 0.39911499E+00 0.39911499E+00 0.39911499E+00 0.39911499E+00
 0.25620000E+01 0.39909129E+00 0.39909129E+00 0.39909129E+00 0.39909129E+00
 0.25820000E+01 0.39876626E+00 0.39876626E+00 0.39876626E+00 0.39876626E+00
 0.26020000E+01 0.39816736E+00 0.39816736E+00 0.39816736E+00 0.39816736E+00
 0.26220000E+01 0.39731903E+00 0.39731903E+00 0.39731903E+00 0.39731903E+00
 0.26420000E+01 0.39624544E+00 0.39624544E+00 0.39624544E+00 0.39624544E+00
 0.26620000E+01 0.39496627E+00 0.39496627E+00 0.39496627E+00 0.39496627E+00
 0.26820000E+01 0.39350048E+00 0.39350048E+00 0.39350048E+00 0.39350048E+00
 0.27020000E+01 0.39186705E+00 0.39186705E+00 0.39186705E+00 0.39186705E+00
 0.27220000E+01 0.39008002E+00 0.39008002E+00 0.39008002E+00 0.39008002E+00
 0.27420000E+01 0.38815578E+00 0.38815578E+00 0.38815578E+00 0.38815578E+00
 0.27620000E+01 0.38610669E+00 0.38610669E+00 0.38610669E+00 0.38610669E+00
 0.27820000E+01 0.38394551E+00 0.38394551E+00 0.38394551E+00 0.38394551E+00
 0.28020000E+01 0.38168353E+00 0.38168353E+00 0.38168353E+00 0.38168353E+00
 0.28220000E+01 0.37933088E+00 0.37933088E+00 0.37933088E+00 0.37933088E+00
 0.28420000E+01 0.37689811E+00 0.37689811E+00 0.37689811E+00 0.37689811E+00
 0.28620000E+01 0.37439308E+00 0.37439308E+00 0.37439308E+00 0.37439308E+00
 0.28820000E+01 0.37182396E+00 0.37182396E+00 0.37182396E+00 0.37182396E+00
 0.29020000E+01 0.36919911E+00 0.36919911E+00 0.36919911E+00 0.36919911E+00
 0.29220000E+01 0.36652408E+00 0.36652408E+00 0.36652408E+00 0.36652408E+00
 0.29420000E+01 0.36380658E+00 0.36380658E+00 0.36380658E+00 0.36380658E+00
 0.29620000E+01 0.36105134E+00 0.36105134E+00 0.36105134E+00 0.36105134E+00
 0.29820000E+01 0.35826398E+00 0.35826398E+00 0.35826398E+00 0.35826398E+00
 0.30020000E+01 0.35544957E+00 0.35544957E+00 0.35544957E+00 0.35544957E+00
 0.31020000E+01 0.34112120E+00 0.34112120E+00 0.34112120E+00 0.34112120E+00
 0.32020000E+01 0.32666600E+00 0.32666600E+00 0.32666600E+00 0.32666600E+00
 0.33020000E+01 0.31238165E+00 0.31238165E+00 0.31238165E+00 0.31238165E+00
 0.34020000E+01 0.29845982E+00 0.29845982E+00 0.29845982E+00 0.29845982E+00
 0.35020000E+01 0.28502061E+00 0.28502061E+00 0.28502061E+00 0.28502061E+00
 0.36020000E+01 0.27213460E+00 0.27213460E+00 0.27213460E+00 0.27213460E+00
 0.37020000E+01 0.25983858E+00 0.25983858E+00 0.25983858E+00 0.25983858E+00
 0.38020000E+01 0.24814604E+00 0.24814604E+00 0.24814604E+00 0.24814604E+00
 0.39020000E+01 0.23705480E+00 0.23705480E+00 0.23705480E+00 0.23705480E+00
 0.40020000E+01 0.22655217E+00 0.22655217E+00 0.22655217E+00 0.22655217E+00
 0.41020000E+01 0.21661874E+00 0.21661874E+00 0.21661874E+00 0.21661874E+00
 0.42020000E+01 0.20723088E+00 0.20723088E+00 0.20723088E+00 0.20723088E+00
 0.43020000E+01 0.19836257E+00 0.19836257E+00 0.19836257E+00 0.19836257E+00
 0.44020000E+01 0.18998660E+00 0.18998660E+00 0.18998660E+00 0.18998660E+00
 0.45020000E+01 0.18207556E+00 0.18207556E+00 0.18207556E+00 0.18207556E+00
 0.46020000E+01 0.17460269E+00 0.17460269E+00 0.17460269E+00 0.17460269E+00
 0.47020000E+01 0.16754165E+00 0.16754165E+00 0.16754165E+00 0.16754165E+00
 0.48020000E+01 0.16086736E+00 0.16086736E+00 0.16086736E+00 0.16086736E+00
 0.49020000E+01 0.15455570E+00 0.15455570E+00 0.15455570E+00 0.15455570E+00
 0.50020000E+01 0.14858419E+00 0.14858419E+00 0.14858419E+00 0.14858419E+00
 0.51020000E+01 0.14293156E+00 0.14293156E+00 0.14293156E+00 0.14293156E+00
 0.52020000E+01 0.13757684E+00 0.13757684E+00 0.13757684E+00 0.13757684E+00
 0.53020000E+01 0.13250295E+00 0.13250295E+00 0.13250295E+00 0.13250295E+00
 0.54020000E+01 0.12769073E+00 0.12769073E+00 0.12769073E+00 0.12769073E+00
 0.55020000E+01 0.12312426E+00 0.12312426E+00 0.12312426E+00 0.12312426E+00
 0.56020000E+01 0.11878811E+00 0.11878811E+00 0.11878811E+00 0.11878811E+00
 0.57020000E+01 0.11466816E+00 0.11466816E+00 0.11466816E+00 0.11466816E+00
 0.58020000E+01 0.11075107E+00 0.11075107E+00 0.11075107E+00 0.11075107E+00
 0.59020000E+01 0.10702440E+00 0.10702440E+00 0.10702440E+00 0.10702440E+00
 0.60020000E+01 0.10347665E+00 0.10347665E+00 0.10347665E+00 0.10347665E+00
 0.61020000E+01 0.10009706E+00 0.10009706E+00 0.10009706E+00 0.10009706E+00
 0.62020000E+01 0.96875654E-01 0.96875654E-01 0.96875654E-01 0.96875654E-01
 0.63020000E+01 0.93803204E-01 0.93803204E-01 0.93803204E-01 0.93803204E-01
 0.64020000E+01 0.90870795E-01 0.90870795E-01 0.90870795E-01 0.90870795E-01
 0.65020000E+01 0.88070598E-01 0.88070598E-01 0.88070598E-01 0.88070598E-01
 0.66020000E+01 0.85394877E-01 0.85394877E-01 0.85394877E-01 0.85394877E-01
 0.67020000E+01 0.82836720E-01 0.82836720E-01 0.82836720E-01 0.82836720E-01
 0.68020000E+01 0.80389432E-01 0.80389432E-01 0.80389432E-01 0.80389432E-01
 0.69020000E+01 0.78046720E-01 0.78046720E-01 0.78046720E-01 0.78046720E-01
 0.70020000E+01 0.75803561E-01 0.75803561E-01 0.75803561E-01 0.75803561E-01
 0.71020000E+01 0.73653893E-01 0.73653893E-01 0.73653893E-01 0.73653893E-01
 0.72020000E+01 0.71592365E-01 0.71592365E-01 0.71592365E-01 0.71592365E-01
 0.73020000E+01 0.69615693E-01 0.69615693E-01 0.69615693E-01 0.69615693E-01
 0.74020000E+01 0.67718220E-01 0.67718220E-01 0.67718220E-01 0.67718220E-01
 0.75020000E+01 0.65896154E-01 0.65896154E-01 0.65896154E-01 0.65896154E-01
 0.76020000E+01 0.64145747E-01 0.64145747E-01 0.64145747E-01 0.64145747E-01
 0.77020000E+01 0.62463199E-01 0.62463199E-01 0.62463199E-01 0.62463199E-01
 0.78020000E+01 0.60845226E-01 0.60845226E-01 0.60845226E-01 0.60845226E-01
 0.79020000E+01 0.59288588E-01 0.59288588E-01 0.59288588E-01 0.59288588E-01
 0.80020000E+01 0.57790328E-01 0.57790328E-01 0.57790328E-01 0.57790328E-01
 0.81020000E+01 0.56347542E-01 0.56347542E-01 0.56347542E-01 0.56347542E-01
 0.82020000E+01 0.54957560E-01 0.54957560E-01 0.54957560E-01 0.54957560E-01
 0.83020000E+01 0.53617965E-01 0.53617965E-01 0.53617965E-01 0.53617965E-01
 0.84020000E+01 0.52326263E-01 0.52326263E-01 0.52326263E-01 0.52326263E-01
 0.85020000E+01 0.51080305E-01 0.51080305E-01 0.51080305E-01 0.51080305E-01
 0.86020000E+01 0.49877965E-01 0.49877965E-01 0.49877965E-01 0.49877965E-01
 0.87020000E+01 0.48717296E-01 0.48717296E-01 0.48717296E-01 0.48717296E-01
 0.88020000E+01 0.47596315E-01 0.47596315E-01 0.47596315E-01 0.47596315E-01
 0.89020000E+01 0.46513313E-01 0.46513313E-01 0.46513313E-01 0.46513313E-01
 0.90020000E+01 0.45466658E-01 0.45466658E-01 0.45466658E-01 0.45466658E-01
 0.91020000E+01 0.44454734E-01 0.44454734E-01 0.44454734E-01 0.44454734E-01
 0.92020000E+01 0.43475964E-01 0.43475964E-01 0.43475964E-01 0.43475964E-01
 0.93020000E+01 0.42528999E-01 0.42528999E-01 0.42528999E-01 0.42528999E-01
 0.94020000E+01 0.41612467E-01 0.41612467E-01 0.41612467E-01 0.41612467E-01
 0.95020000E+01 0.40725124E-01 0.40725124E-01 0.40725124E-01 0.40725124E-01
 0.96020000E+01 0.39865690E-01 0.39865690E-01 0.39865690E-01 0.39865690E-01
 0.97020000E+01 0.39033039E-01 0.39033039E-01 0.39033039E-01 0.39033039E-01
 0.98020000E+01 0.38226108E-01 0.38226108E-01 0.38226108E-01 0.38226108E-01
 0.99020000E+01 0.37443827E-01 0.37443827E-01 0.37443827E-01 0.37443827E-01
 0.10002000E+02 0.36685254E-01 0.36685254E-01 0.36685254E-01 0.36685254E-01
 0.10102000E+02 0.35949371E-01 0.35949371E-01 0.35949371E-01 0.35949371E-01
 0.10202000E+02 0.35235325E-01 0.35235325E-01 0.35235325E-01 0.35235325E-01
 0.10302000E+02 0.34542301E-01 0.34542301E-01 0.34542301E-01 0.34542301E-01
 0.10402000E+02 0.33869429E-01 0.33869429E-01 0.33869429E-01 0.33869429E-01
 0.10502000E+02 0.33215979E-01 0.33215979E-01 0.33215979E-01 0.33215979E-01
 0.10602000E+02 0.32581228E-01 0.32581228E-01 0.32581228E-01 0.32581228E-01
 0.10702000E+02 0.31964418E-01 0.31964418E-01 0.31964418E-01 0.31964418E-01
 0.10802000E+02 0.31364909E-01 0.31364909E-01 0.31364909E-01 0.31364909E-01
 0.10902000E+02 0.30782049E-01 0.30782049E-01 0.30782049E-01 0.30782049E-01
 0.11002000E+02 0.30215293E-01 0.30215293E-01 0.30215293E-01 0.30215293E-01
 0.11102000E+02 0.29663987E-01 0.29663987E-01 0.29663987E-01 0.29663987E-01
 0.11202000E+02 0.29127610E-01 0.29127610E-01 0.29127610E-01 0.29127610E-01
 0.11302000E+02 0.28605640E-01 0.28605640E-01 0.28605640E-01 0.28605640E-01
 0.11402000E+02 0.28097522E-01 0.28097522E-01 0.28097522E-01 0.28097522E-01
 0.11502000E+02 0.27602801E-01 0.27602801E-01 0.27602801E-01 0.27602801E-01
 0.11602000E+02 0.27121005E-01 0.27121005E-01 0.27121005E-01 0.27121005E-01
 0.11702000E+02 0.26651713E-01 0.26651713E-01 0.26651713E-01 0.26651713E-01
 0.11802000E+02 0.26194462E-01 0.26194462E-01 0.26194462E-01 0.26194462E-01
 0.11902000E+02 0.25748868E-01 0.25748868E-01 0.25748868E-01 0.25748868E-01
 0.12002000E+02 0.25314527E-01 0.25314527E-01 0.25314527E-01 0.25314527E-01
 0.12102000E+02 0.24891098E-01 0.24891098E-01 0.24891098E-01 0.24891098E-01
 0.12202000E+02 0.24478168E-01 0.24478168E-01 0.24478168E-01 0.24478168E-01
 0.12302000E+02 0.24075421E-01 0.24075421E-01 0.24075421E-01 0.24075421E-01
 0.12402000E+02 0.23682519E-01 0.23682519E-01 0.23682519E-01 0.23682519E-01
 0.12502000E+02 0.23299150E-01 0.23299150E-01 0.23299150E-01 0.23299150E-01
 0.12602000E+02 0.22925020E-01 0.22925020E-01 0.22925020E-01 0.22925020E-01
 0.12702000E+02 0.22559809E-01 0.22559809E-01 0.22559809E-01 0.22559809E-01
 0.12802000E+02 0.22203253E-01 0.22203253E-01 0.22203253E-01 0.22203253E-01
 0.12902000E+02 0.21855081E-01 0.21855081E-01 0.21855081E-01 0.21855081E-01
 0.13002000E+02 0.21515046E-01 0.21515046E-01 0.21515046E-01 0.21515046E-01
 0.13102000E+02 0.21182876E-01 0.21182876E-01 0.21182876E-01 0.21182876E-01
 0.13202000E+02 0.20858314E-01 0.20858314E-01 0.20858314E-01 0.20858314E-01
 0.13302000E+02 0.20541159E-01 0.20541159E-01 0.20541159E-01 0.20541159E-01
 0.13402000E+02 0.20231185E-01 0.20231185E-01 0.20231185E-01 0.20231185E-01
 0.13502000E+02 0.19928170E-01 0.19928170E-01 0.19928170E-01 0.19928170E-01
 0.13602000E+02 0.19631922E-01 0.19631922E-01 0.19631922E-01 0.19631922E-01
 0.13702000E+02 0.19342220E-01 0.19342220E-01 0.19342220E-01 0.19342220E-01
 0.13802000E+02 0.19058882E-01 0.19058882E-01 0.19058882E-01 0.19058882E-01
 0.13902000E+02 0.18781728E-01 0.18781728E-01 0.18781728E-01 0.18781728E-01
 0.14002000E+02 0.18510574E-01 0.18510574E-01 0.18510574E-01 0.18510574E-01
 0.14102000E+02 0.18245261E-01 0.18245261E-01 0.18245261E-01 0.18245261E-01
 0.14202000E+02 0.17985599E-01 0.17985599E-01 0.17985599E-01 0.17985599E-01
 0.14302000E+02 0.17731448E-01 0.17731448E-01 0.17731448E-01 0.17731448E-01
 0.14402000E+02 0.17482636E-01 0.17482636E-01 0.17482636E-01 0.17482636E-01
 0.14502000E+02 0.17239033E-01 0.17239033E-01 0.17239033E-01 0.17239033E-01
 0.14602000E+02 0.17000480E-01 0.17000480E-01 0.17000480E-01 0.17000480E-01
 0.14702000E+02 0.16766852E-01 0.16766852E-01 0.16766852E-01 0.16766852E-01
 0.14802000E+02 0.16538013E-01 0.16538013E-01 0.16538013E-01 0.16538013E-01
 0.14902000E+02 0.16313824E-01 0.16313824E-01 0.16313824E-01 0.16313824E-01
 0.15002000E+02 0.16094160E-01 0.16094160E-01 0.16094160E-01 0.16094160E-01
 0.15102000E+02 0.15878906E-01 0.15878906E-01 0.15878906E-01 0.15878906E-01
 0.15202000E+02 0.15667944E-01 0.15667944E-01 0.15667944E-01 0.15667944E-01
 0.15302000E+02 0.15461161E-01 0.15461161E-01 0.15461161E-01 0.15461161E-01
 0.15402000E+02 0.15258461E-01 0.15258461E-01 0.15258461E-01 0.15258461E-01
 0.15502000E+02 0.15059705E-01 0.15059705E-01 0.15059705E-01 0.15059705E-01
 0.15602000E+02 0.14864812E-01 0.14864812E-01 0.14864812E-01 0.14864812E-01
 0.15702000E+02 0.14673684E-01 0.14673684E-01 0.14673684E-01 0.14673684E-01
 0.15802000E+02 0.14486213E-01 0.14486213E-01 0.14486213E-01 0.14486213E-01
 0.15902000E+02 0.14302319E-01 0.14302319E-01 0.14302319E-01 0.14302319E-01
 0.16002000E+02 0.14121903E-01 0.14121903E-01 0.14121903E-01 0.14121903E-01
 0.16102000E+02 0.13944881E-01 0.13944881E-01 0.13944881E-01 0.13944881E-01
 0.16202000E+02 0.13771171E-01 0.13771171E-01 0.13771171E-01 0.13771171E-01
 0.16302000E+02 0.13600687E-01 0.13600687E-01 0.13600687E-01 0.13600687E-01
 0.16402000E+02 0.13433357E-01 0.13433357E-01 0.13433357E-01 0.13433357E-01
 0.16502000E+02 0.13269096E-01 0.13269096E-01 0.13269096E-01 0.13269096E-01
 0.16602000E+02 0.13107828E-01 0.13107828E-01 0.13107828E-01 0.13107828E-01
 0.16702000E+02 0.12949485E-01 0.12949485E-01 0.12949485E-01 0.12949485E-01
 0.16802000E+02 0.12793996E-01 0.12793996E-01 0.12793996E-01 0.12793996E-01
 0.16902000E+02 0.12641295E-01 0.12641295E-01 0.12641295E-01 0.12641295E-01
 0.17002000E+02 0.12491311E-01 0.12491311E-01 0.12491311E-01 0.12491311E-01
 0.17102000E+02 0.12343993E-01 0.12343993E-01 0.12343993E-01 0.12343993E-01
 0.17202000E+02 0.12199256E-01 0.12199256E-01 0.12199256E-01 0.12199256E-01
 0.17302000E+02 0.12057055E-01 0.12057055E-01 0.12057055E-01 0.12057055E-01
 0.17402000E+02 0.11917330E-01 0.11917330E-01 0.11917330E-01 0.11917330E-01
 0.17502000E+02 0.11780017E-01 0.11780017E-01 0.11780017E-01 0.11780017E-01
 0.17602000E+02 0.11645065E-01 0.11645065E-01 0.11645065E-01 0.11645065E-01
 0.17702000E+02 0.11512421E-01 0.11512421E-01 0.11512421E-01 0.11512421E-01
 0.17802000E+02 0.11382034E-01 0.11382034E-01 0.11382034E-01 0.11382034E-01
 0.17902000E+02 0.11253851E-01 0.11253851E-01 0.11253851E-01 0.11253851E-01
 0.18002000E+02 0.11127823E-01 0.11127823E-01 0.11127823E-01 0.11127823E-01
 0.18102000E+02 0.11003902E-01 0.11003902E-01 0.11003902E-01 0.11003902E-01
 0.18202000E+02 0.10882041E-01 0.10882041E-01 0.10882041E-01 0.10882041E-01
 0.18302000E+02 0.10762199E-01 0.10762199E-01 0.10762199E-01 0.10762199E-01
 0.18402000E+02 0.10644323E-01 0.10644323E-01 0.10644323E-01 0.10644323E-01
 0.18502000E+02 0.10528378E-01 0.10528378E-01 0.10528378E-01 0.10528378E-01
 0.18602000E+02 0.10414315E-01 0.10414315E-01 0.10414315E-01 0.10414315E-01
 0.18702000E+02 0.10302099E-01 0.10302099E-01 0.10302099E-01 0.10302099E-01
 0.18802000E+02 0.10191685E-01 0.10191685E-01 0.10191685E-01 0.10191685E-01
 0.18902000E+02 0.10083044E-01 0.10083044E-01 0.10083044E-01 0.10083044E-01
 0.19002000E+02 0.99761313E-02 0.99761313E-02 0.99761313E-02 0.99761313E-02
 0.19102000E+02 0.98709199E-02 0.98709199E-02 0.98709199E-02 0.98709199E-02
 0.19202000E+02 0.97673543E-02 0.97673543E-02 0.97673543E-02 0.97673543E-02
 0.19302000E+02 0.96654116E-02 0.96654116E-02 0.96654116E-02 0.96654116E-02
 0.19402000E+02 0.95650593E-02 0.95650593E-02 0.95650593E-02 0.95650593E-02
 0.19502000E+02 0.94662634E-02 0.94662634E-02 0.94662634E-02 0.94662634E-02
 0.19602000E+02 0.93689926E-02 0.93689926E-02 0.93689926E-02 0.93689926E-02
 0.19702000E+02 0.92732178E-02 0.92732178E-02 0.92732178E-02 0.92732178E-02
 0.19802000E+02 0.91789012E-02 0.91789012E-02 0.91789012E-02 0.91789012E-02
 0.19902000E+02 0.90860165E-02 0.90860165E-02 0.90860165E-02 0.90860165E-02
 0.20002000E+02 0.89945373E-02 0.89945373E-02 0.89945373E-02 0.89945373E-02
 0.20102000E+02 0.89044357E-02 0.89044357E-02 0.89044357E-02 0.89044357E-02
 0.20202000E+02 0.88156806E-02 0.88156806E-02 0.88156806E-02 0.88156806E-02
 0.20302000E+02 0.87282467E-02 0.87282467E-02 0.87282467E-02 0.87282467E-02
 0.20402000E+02 0.86421106E-02 0.86421106E-02 0.86421106E-02 0.86421106E-02
 0.20502000E+02 0.85572435E-02 0.85572435E-02 0.85572435E-02 0.85572435E-02
 0.20602000E+02 0.84736201E-02 0.84736201E-02 0.84736201E-02 0.84736201E-02
 0.20702000E+02 0.83912209E-02 0.83912209E-02 0.83912209E-02 0.83912209E-02
 0.20802000E+02 0.83100129E-02 0.83100129E-02 0.83100129E-02 0.83100129E-02
 0.20902000E+02 0.82299902E-02 0.82299902E-02 0.82299902E-02 0.82299902E-02
 0.21002000E+02 0.81511121E-02 0.81511121E-02 0.81511121E-02 0.81511121E-02
 0.21102000E+02 0.80733655E-02 0.80733655E-02 0.80733655E-02 0.80733655E-02
 0.21202000E+02 0.79967253E-02 0.79967253E-02 0.79967253E-02 0.79967253E-02
 0.21302000E+02 0.79211713E-02 0.79211713E-02 0.79211713E-02 0.79211713E-02
 0.21402000E+02 0.78466863E-02 0.78466863E-02 0.78466863E-02 0.78466863E-02
 0.21502000E+02 0.77732463E-02 0.77732463E-02 0.77732463E-02 0.77732463E-02
 0.21602000E+02 0.77008341E-02 0.77008341E-02 0.77008341E-02 0.77008341E-02
 0.21702000E+02 0.76294308E-02 0.76294308E-02 0.76294308E-02 0.76294308E-02
 0.21802000E+02 0.75590231E-02 0.75590231E-02 0.75590231E-02 0.75590231E-02
 0.21902000E+02 0.74895803E-02 0.74895803E-02 0.74895803E-02 0.74895803E-02
 0.22002000E+02 0.74210895E-02 0.74210895E-02 0.74210895E-02 0.74210895E-02
 0.22102000E+02 0.73535356E-02 0.73535356E-02 0.73535356E-02 0.73535356E-02
 0.22202000E+02 0.72869002E-02 0.72869002E-02 0.72869002E-02 0.72869002E-02
 0.22302000E+02 0.72211678E-02 0.72211678E-02 0.72211678E-02 0.72211678E-02
 0.22402000E+02 0.71563226E-02 0.71563226E-02 0.71563226E-02 0.71563226E-02
 0.22502000E+02 0.70923467E-02 0.70923467E-02 0.70923467E-02 0.70923467E-02
 0.22602000E+02 0.70292270E-02 0.70292270E-02 0.70292270E-02 0.70292270E-02
 0.22702000E+02 0.69669490E-02 0.69669490E-02 0.69669490E-02 0.69669490E-02
 0.22802000E+02 0.69054928E-02 0.69054928E-02 0.69054928E-02 0.69054928E-02
 0.22902000E+02 0.68448473E-02 0.68448473E-02 0.68448473E-02 0.68448473E-02
 0.23002000E+02 0.67849971E-02 0.67849971E-02 0.67849971E-02 0.67849971E-02
 0.23102000E+02 0.67259297E-02 0.67259297E-02 0.67259297E-02 0.67259297E-02
 0.23202000E+02 0.66676318E-02 0.66676318E-02 0.66676318E-02 0.66676318E-02
 0.23302000E+02 0.66100898E-02 0.66100898E-02 0.66100898E-02 0.66100898E-02
 0.23402000E+02 0.65532898E-02 0.65532898E-02 0.65532898E-02 0.65532898E-02
 0.23502000E+02 0.64972184E-02 0.64972184E-02 0.64972184E-02 0.64972184E-02
 0.23602000E+02 0.64418654E-02 0.64418654E-02 0.64418654E-02 0.64418654E-02
 0.23702000E+02 0.63872171E-02 0.63872171E-02 0.63872171E-02 0.63872171E-02
 0.23802000E+02 0.63332612E-02 0.63332612E-02 0.63332612E-02 0.63332612E-02
 0.23902000E+02 0.62799887E-02 0.62799887E-02 0.62799887E-02 0.62799887E-02
 0.24002000E+02 0.62273846E-02 0.62273846E-02 0.62273846E-02 0.62273846E-02
 0.24102000E+02 0.61754428E-02 0.61754428E-02 0.61754428E-02 0.61754428E-02
 0.24202000E+02 0.61241455E-02 0.61241455E-02 0.61241455E-02 0.61241455E-02
 0.24302000E+02 0.60734852E-02 0.60734852E-02 0.60734852E-02 0.60734852E-02
 0.24402000E+02 0.60234522E-02 0.60234522E-02 0.60234522E-02 0.60234522E-02
 0.24502000E+02 0.59740347E-02 0.59740347E-02 0.59740347E-02 0.59740347E-02
 0.24602000E+02 0.59252247E-02 0.59252247E-02 0.59252247E-02 0.59252247E-02
 0.24702000E+02 0.58770102E-02 0.58770102E-02 0.58770102E-02 0.58770102E-02
 0.24802000E+02 0.58293834E-02 0.58293834E-02 0.58293834E-02 0.58293834E-02
 0.24902000E+02 0.57823328E-02 0.57823328E-02 0.57823328E-02 0.57823328E-02
 0.25002000E+02 0.57358497E-02 0.57358497E-02 0.57358497E-02 0.57358497E-02
 0.25102000E+02 0.56899264E-02 0.56899264E-02 0.56899264E-02 0.56899264E-02
 0.25202000E+02 0.56445524E-02 0.56445524E-02 0.56445524E-02 0.56445524E-02
 0.25302000E+02 0.55997108E-02 0.55997108E-02 0.55997108E-02 0.55997108E-02
 0.25402000E+02 0.55554194E-02 0.55554194E-02 0.55554194E-02 0.55554194E-02
 0.25502000E+02 0.55116481E-02 0.55116481E-02 0.55116481E-02 0.55116481E-02
 0.25602000E+02 0.54683877E-02 0.54683877E-02 0.54683877E-02 0.54683877E-02
 0.25702000E+02 0.54256348E-02 0.54256348E-02 0.54256348E-02 0.54256348E-02
 0.25802000E+02 0.53833826E-02 0.53833826E-02 0.53833826E-02 0.53833826E-02
 0.25902000E+02 0.53416219E-02 0.53416219E-02 0.53416219E-02 0.53416219E-02
 0.26002000E+02 0.53003454E-02 0.53003454E-02 0.53003454E-02 0.53003454E-02
 0.26102000E+02 0.52595467E-02 0.52595467E-02 0.52595467E-02 0.52595467E-02
 0.26202000E+02 0.52192172E-02 0.52192172E-02 0.52192172E-02 0.52192172E-02
 0.26302000E+02 0.51793501E-02 0.51793501E-02 0.51793501E-02 0.51793501E-02
 0.26402000E+02 0.51399387E-02 0.51399387E-02 0.51399387E-02 0.51399387E-02
 0.26502000E+02 0.51009760E-02 0.51009760E-02 0.51009760E-02 0.51009760E-02
 0.26602000E+02 0.50624552E-02 0.50624552E-02 0.50624552E-02 0.50624552E-02
 0.26702000E+02 0.50243704E-02 0.50243704E-02 0.50243704E-02 0.50243704E-02
 0.26802000E+02 0.49867130E-02 0.49867130E-02 0.49867130E-02 0.49867130E-02
 0.26902000E+02 0.49494796E-02 0.49494796E-02 0.49494796E-02 0.49494796E-02
 0.27002000E+02 0.49126602E-02 0.49126602E-02 0.49126602E-02 0.49126602E-02
 0.27102000E+02 0.48762505E-02 0.48762505E-02 0.48762505E-02 0.48762505E-02
 0.27202000E+02 0.48402444E-02 0.48402444E-02 0.48402444E-02 0.48402444E-02
 0.27302000E+02 0.48046362E-02 0.48046362E-02 0.48046362E-02 0.48046362E-02
 0.27402000E+02 0.47694198E-02 0.47694198E-02 0.47694198E-02 0.47694198E-02
 0.27502000E+02 0.47345893E-02 0.47345893E-02 0.47345893E-02 0.47345893E-02
 0.27602000E+02 0.47001398E-02 0.47001398E-02 0.47001398E-02 0.47001398E-02
 0.27702000E+02 0.46660662E-02 0.46660662E-02 0.46660662E-02 0.46660662E-02
 0.27802000E+02 0.46323606E-02 0.46323606E-02 0.46323606E-02 0.46323606E-02
 0.27902000E+02 0.45990193E-02 0.45990193E-02 0.45990193E-02 0.45990193E-02
 0.28002000E+02 0.45660374E-02 0.45660374E-02 0.45660374E-02 0.45660374E-02
 0.28102000E+02 0.45334094E-02 0.45334094E-02 0.45334094E-02 0.45334094E-02
 0.28202000E+02 0.45011298E-02 0.45011298E-02 0.45011298E-02 0.45011298E-02
 0.28302000E+02 0.44691949E-02 0.44691949E-02 0.44691949E-02 0.44691949E-02
 0.28402000E+02 0.44375982E-02 0.44375982E-02 0.44375982E-02 0.44375982E-02
 0.28502000E+02 0.44063362E-02 0.44063362E-02 0.44063362E-02 0.44063362E-02
 0.28602000E+02 0.43754032E-02 0.43754032E-02 0.43754032E-02 0.43754032E-02
 0.28702000E+02 0.43447953E-02 0.43447953E-02 0.43447953E-02 0.43447953E-02
 0.28802000E+02 0.43145098E-02 0.43145098E-02 0.43145098E-02 0.43145098E-02
 0.28902000E+02 0.42845380E-02 0.42845380E-02 0.42845380E-02 0.42845380E-02
 0.29002000E+02 0.42548779E-02 0.42548779E-02 0.42548779E-02 0.42548779E-02
 0.29102000E+02 0.42255248E-02 0.42255248E-02 0.42255248E-02 0.42255248E-02
 0.29202000E+02 0.41964746E-02 0.41964746E-02 0.41964746E-02 0.41964746E-02
 0.29302000E+02 0.41677232E-02 0.41677232E-02 0.41677232E-02 0.41677232E-02
 0.29402000E+02 0.41392666E-02 0.41392666E-02 0.41392666E-02 0.41392666E-02
 0.29502000E+02 0.41111007E-02 0.41111007E-02 0.41111007E-02 0.41111007E-02
 0.29602000E+02 0.40832218E-02 0.40832218E-02 0.40832218E-02 0.40832218E-02
 0.29702000E+02 0.40556254E-02 0.40556254E-02 0.40556254E-02 0.40556254E-02
 0.29802000E+02 0.40283087E-02 0.40283087E-02 0.40283087E-02 0.40283087E-02
 0.29902000E+02 0.40012669E-02 0.40012669E-02 0.40012669E-02 0.40012669E-02
