 0.10000000E-01 0.18072667E+00 0.18072667E+00 0.18072667E+00 0.18072667E+00
 0.12000000E-01 0.18072648E+00 0.18072648E+00 0.18072648E+00 0.18072648E+00
 0.14000000E-01 0.18072627E+00 0.18072627E+00 0.18072627E+00 0.18072627E+00
 0.16000000E-01 0.18072602E+00 0.18072602E+00 0.18072602E+00 0.18072602E+00
 0.18000000E-01 0.18072575E+00 0.18072575E+00 0.18072575E+00 0.18072575E+00
 0.20000000E-01 0.18072546E+00 0.18072546E+00 0.18072546E+00 0.18072546E+00
 0.22000000E-01 0.18072504E+00 0.18072504E+00 0.18072504E+00 0.18072504E+00
 0.24000000E-01 0.18072466E+00 0.18072466E+00 0.18072466E+00 0.18072466E+00
 0.26000000E-01 0.18072435E+00 0.18072435E+00 0.18072435E+00 0.18072435E+00
 0.28000000E-01 0.18072378E+00 0.18072378E+00 0.18072378E+00 0.18072378E+00
 0.30000000E-01 0.18072334E+00 0.18072334E+00 0.18072334E+00 0.18072334E+00
 0.32000000E-01 0.18072258E+00 0.18072258E+00 0.18072258E+00 0.18072258E+00
 0.34000000E-01 0.18072204E+00 0.18072204E+00 0.18072204E+00 0.18072204E+00
 0.36000000E-01 0.18072133E+00 0.18072133E+00 0.18072133E+00 0.18072133E+00
 0.38000000E-01 0.18072065E+00 0.18072065E+00 0.18072065E+00 0.18072065E+00
 0.40000000E-01 0.18071997E+00 0.18071997E+00 0.18071997E+00 0.18071997E+00
 0.42000000E-01 0.18071926E+00 0.18071926E+00 0.18071926E+00 0.18071926E+00
 0.44000000E-01 0.18071854E+00 0.18071854E+00 0.18071854E+00 0.18071854E+00
 0.46000000E-01 0.18071771E+00 0.18071771E+00 0.18071771E+00 0.18071771E+00
 0.48000000E-01 0.18071694E+00 0.18071694E+00 0.18071694E+00 0.18071694E+00
 0.50000000E-01 0.18071611E+00 0.18071611E+00 0.18071611E+00 0.18071611E+00
 0.52000000E-01 0.18071515E+00 0.18071515E+00 0.18071515E+00 0.18071515E+00
 0.54000000E-01 0.18071409E+00 0.18071409E+00 0.18071409E+00 0.18071409E+00
 0.56000000E-01 0.18071326E+00 0.18071326E+00 0.18071326E+00 0.18071326E+00
 0.58000000E-01 0.18072192E+00 0.18072192E+00 0.18072192E+00 0.18072192E+00
 0.60000000E-01 0.18071125E+00 0.18071125E+00 0.18071125E+00 0.18071125E+00
 0.62000000E-01 0.18071020E+00 0.18071020E+00 0.18071020E+00 0.18071020E+00
 0.64000000E-01 0.18070920E+00 0.18070920E+00 0.18070920E+00 0.18070920E+00
 0.66000000E-01 0.18070790E+00 0.18070790E+00 0.18070790E+00 0.18070790E+00
 0.68000000E-01 0.18070665E+00 0.18070665E+00 0.18070665E+00 0.18070665E+00
 0.70000000E-01 0.18070551E+00 0.18070551E+00 0.18070551E+00 0.18070551E+00
 0.72000000E-01 0.18070427E+00 0.18070427E+00 0.18070427E+00 0.18070427E+00
 0.74000000E-01 0.18070301E+00 0.18070301E+00 0.18070301E+00 0.18070301E+00
 0.76000000E-01 0.18070166E+00 0.18070166E+00 0.18070166E+00 0.18070166E+00
 0.78000000E-01 0.18070034E+00 0.18070034E+00 0.18070034E+00 0.18070034E+00
 0.80000000E-01 0.18069892E+00 0.18069892E+00 0.18069892E+00 0.18069892E+00
 0.82000000E-01 0.18069742E+00 0.18069742E+00 0.18069742E+00 0.18069742E+00
 0.84000000E-01 0.18069597E+00 0.18069597E+00 0.18069597E+00 0.18069597E+00
 0.86000000E-01 0.18069447E+00 0.18069447E+00 0.18069447E+00 0.18069447E+00
 0.88000000E-01 0.18069308E+00 0.18069308E+00 0.18069308E+00 0.18069308E+00
 0.90000000E-01 0.18069156E+00 0.18069156E+00 0.18069156E+00 0.18069156E+00
 0.92000000E-01 0.18069012E+00 0.18069012E+00 0.18069012E+00 0.18069012E+00
 0.94000000E-01 0.18068825E+00 0.18068825E+00 0.18068825E+00 0.18068825E+00
 0.96000000E-01 0.18068644E+00 0.18068644E+00 0.18068644E+00 0.18068644E+00
 0.98000000E-01 0.18068463E+00 0.18068463E+00 0.18068463E+00 0.18068463E+00
 0.10000000E+00 0.18068297E+00 0.18068297E+00 0.18068297E+00 0.18068297E+00
 0.11000000E+00 0.18067373E+00 0.18067373E+00 0.18067373E+00 0.18067373E+00
 0.12000000E+00 0.18066366E+00 0.18066366E+00 0.18066366E+00 0.18066366E+00
 0.13000000E+00 0.18065250E+00 0.18065250E+00 0.18065250E+00 0.18065250E+00
 0.14000000E+00 0.18064014E+00 0.18064014E+00 0.18064014E+00 0.18064014E+00
 0.15000000E+00 0.18062815E+00 0.18062815E+00 0.18062815E+00 0.18062815E+00
 0.16000000E+00 0.18061403E+00 0.18061403E+00 0.18061403E+00 0.18061403E+00
 0.17000000E+00 0.18059935E+00 0.18059935E+00 0.18059935E+00 0.18059935E+00
 0.18000000E+00 0.18058396E+00 0.18058396E+00 0.18058396E+00 0.18058396E+00
 0.19000000E+00 0.18056742E+00 0.18056742E+00 0.18056742E+00 0.18056742E+00
 0.20000000E+00 0.18054995E+00 0.18054995E+00 0.18054995E+00 0.18054995E+00
 0.21000000E+00 0.18053200E+00 0.18053200E+00 0.18053200E+00 0.18053200E+00
 0.22000000E+00 0.18051290E+00 0.18051290E+00 0.18051290E+00 0.18051290E+00
 0.23000000E+00 0.18049280E+00 0.18049280E+00 0.18049280E+00 0.18049280E+00
 0.24000000E+00 0.18047170E+00 0.18047170E+00 0.18047170E+00 0.18047170E+00
 0.25000000E+00 0.18044983E+00 0.18044983E+00 0.18044983E+00 0.18044983E+00
 0.26000000E+00 0.18042743E+00 0.18042743E+00 0.18042743E+00 0.18042743E+00
 0.27000000E+00 0.18040345E+00 0.18040345E+00 0.18040345E+00 0.18040345E+00
 0.28000000E+00 0.18037877E+00 0.18037877E+00 0.18037877E+00 0.18037877E+00
 0.29000000E+00 0.18035323E+00 0.18035323E+00 0.18035323E+00 0.18035323E+00
 0.30000000E+00 0.18032663E+00 0.18032663E+00 0.18032663E+00 0.18032663E+00
 0.31000000E+00 0.18029903E+00 0.18029903E+00 0.18029903E+00 0.18029903E+00
 0.32000000E+00 0.18027056E+00 0.18027056E+00 0.18027056E+00 0.18027056E+00
 0.33000000E+00 0.18024129E+00 0.18024129E+00 0.18024129E+00 0.18024129E+00
 0.34000000E+00 0.18021093E+00 0.18021093E+00 0.18021093E+00 0.18021093E+00
 0.35000000E+00 0.18017974E+00 0.18017974E+00 0.18017974E+00 0.18017974E+00
 0.36000000E+00 0.18014753E+00 0.18014753E+00 0.18014753E+00 0.18014753E+00
 0.37000000E+00 0.18011422E+00 0.18011422E+00 0.18011422E+00 0.18011422E+00
 0.38000000E+00 0.18008009E+00 0.18008009E+00 0.18008009E+00 0.18008009E+00
 0.39000000E+00 0.18004366E+00 0.18004366E+00 0.18004366E+00 0.18004366E+00
 0.40000000E+00 0.18000871E+00 0.18000871E+00 0.18000871E+00 0.18000871E+00
 0.41000000E+00 0.17997174E+00 0.17997174E+00 0.17997174E+00 0.17997174E+00
 0.42000000E+00 0.17993344E+00 0.17993344E+00 0.17993344E+00 0.17993344E+00
 0.43000000E+00 0.17989434E+00 0.17989434E+00 0.17989434E+00 0.17989434E+00
 0.44000000E+00 0.17985328E+00 0.17985328E+00 0.17985328E+00 0.17985328E+00
 0.45000000E+00 0.17981302E+00 0.17981302E+00 0.17981302E+00 0.17981302E+00
 0.46000000E+00 0.17977125E+00 0.17977125E+00 0.17977125E+00 0.17977125E+00
 0.47000000E+00 0.17972756E+00 0.17972756E+00 0.17972756E+00 0.17972756E+00
 0.48000000E+00 0.17968347E+00 0.17968347E+00 0.17968347E+00 0.17968347E+00
 0.49000000E+00 0.17963814E+00 0.17963814E+00 0.17963814E+00 0.17963814E+00
 0.50000000E+00 0.17959181E+00 0.17959181E+00 0.17959181E+00 0.17959181E+00
 0.51000000E+00 0.17954435E+00 0.17954435E+00 0.17954435E+00 0.17954435E+00
 0.52000000E+00 0.17949589E+00 0.17949589E+00 0.17949589E+00 0.17949589E+00
 0.53000000E+00 0.17944637E+00 0.17944637E+00 0.17944637E+00 0.17944637E+00
 0.54000000E+00 0.17939579E+00 0.17939579E+00 0.17939579E+00 0.17939579E+00
 0.55000000E+00 0.17934447E+00 0.17934447E+00 0.17934447E+00 0.17934447E+00
 0.56000000E+00 0.17929114E+00 0.17929114E+00 0.17929114E+00 0.17929114E+00
 0.57000000E+00 0.17923733E+00 0.17923733E+00 0.17923733E+00 0.17923733E+00
 0.58000000E+00 0.17918236E+00 0.17918236E+00 0.17918236E+00 0.17918236E+00
 0.59000000E+00 0.17912613E+00 0.17912613E+00 0.17912613E+00 0.17912613E+00
 0.60000000E+00 0.17906929E+00 0.17906929E+00 0.17906929E+00 0.17906929E+00
 0.61000000E+00 0.17901032E+00 0.17901032E+00 0.17901032E+00 0.17901032E+00
 0.62000000E+00 0.17895081E+00 0.17895081E+00 0.17895081E+00 0.17895081E+00
 0.63000000E+00 0.17889008E+00 0.17889008E+00 0.17889008E+00 0.17889008E+00
 0.64000000E+00 0.17882849E+00 0.17882849E+00 0.17882849E+00 0.17882849E+00
 0.65000000E+00 0.17876495E+00 0.17876495E+00 0.17876495E+00 0.17876495E+00
 0.66000000E+00 0.17870064E+00 0.17870064E+00 0.17870064E+00 0.17870064E+00
 0.67000000E+00 0.17863513E+00 0.17863513E+00 0.17863513E+00 0.17863513E+00
 0.68000000E+00 0.17856835E+00 0.17856835E+00 0.17856835E+00 0.17856835E+00
 0.69000000E+00 0.17850015E+00 0.17850015E+00 0.17850015E+00 0.17850015E+00
 0.70000000E+00 0.17843096E+00 0.17843096E+00 0.17843096E+00 0.17843096E+00
 0.71000000E+00 0.17836054E+00 0.17836054E+00 0.17836054E+00 0.17836054E+00
 0.72000000E+00 0.17828871E+00 0.17828871E+00 0.17828871E+00 0.17828871E+00
 0.73000000E+00 0.17821557E+00 0.17821557E+00 0.17821557E+00 0.17821557E+00
 0.74000000E+00 0.17814209E+00 0.17814209E+00 0.17814209E+00 0.17814209E+00
 0.75000000E+00 0.17806580E+00 0.17806580E+00 0.17806580E+00 0.17806580E+00
 0.76000000E+00 0.17798842E+00 0.17798842E+00 0.17798842E+00 0.17798842E+00
 0.77000000E+00 0.17791041E+00 0.17791041E+00 0.17791041E+00 0.17791041E+00
 0.78000000E+00 0.17783022E+00 0.17783022E+00 0.17783022E+00 0.17783022E+00
 0.79000000E+00 0.17774925E+00 0.17774925E+00 0.17774925E+00 0.17774925E+00
 0.80000000E+00 0.17766648E+00 0.17766648E+00 0.17766648E+00 0.17766648E+00
 0.81000000E+00 0.17758283E+00 0.17758283E+00 0.17758283E+00 0.17758283E+00
 0.82000000E+00 0.17749715E+00 0.17749715E+00 0.17749715E+00 0.17749715E+00
 0.83000000E+00 0.17741050E+00 0.17741050E+00 0.17741050E+00 0.17741050E+00
 0.84000000E+00 0.17732303E+00 0.17732303E+00 0.17732303E+00 0.17732303E+00
 0.85000000E+00 0.17723246E+00 0.17723246E+00 0.17723246E+00 0.17723246E+00
 0.86000000E+00 0.17714084E+00 0.17714084E+00 0.17714084E+00 0.17714084E+00
 0.87000000E+00 0.17704820E+00 0.17704820E+00 0.17704820E+00 0.17704820E+00
 0.88000000E+00 0.17695379E+00 0.17695379E+00 0.17695379E+00 0.17695379E+00
 0.89000000E+00 0.17685780E+00 0.17685780E+00 0.17685780E+00 0.17685780E+00
 0.90000000E+00 0.17676002E+00 0.17676002E+00 0.17676002E+00 0.17676002E+00
 0.91000000E+00 0.17666094E+00 0.17666094E+00 0.17666094E+00 0.17666094E+00
 0.92000000E+00 0.17656027E+00 0.17656027E+00 0.17656027E+00 0.17656027E+00
 0.93000000E+00 0.17645784E+00 0.17645784E+00 0.17645784E+00 0.17645784E+00
 0.94000000E+00 0.17635350E+00 0.17635350E+00 0.17635350E+00 0.17635350E+00
 0.95000000E+00 0.17624773E+00 0.17624773E+00 0.17624773E+00 0.17624773E+00
 0.96000000E+00 0.17614014E+00 0.17614014E+00 0.17614014E+00 0.17614014E+00
 0.97000000E+00 0.17603082E+00 0.17603082E+00 0.17603082E+00 0.17603082E+00
 0.98000000E+00 0.17591962E+00 0.17591962E+00 0.17591962E+00 0.17591962E+00
 0.99000000E+00 0.17580672E+00 0.17580672E+00 0.17580672E+00 0.17580672E+00
 0.10000000E+01 0.17569187E+00 0.17569187E+00 0.17569187E+00 0.17569187E+00
 0.10100000E+01 0.17557556E+00 0.17557556E+00 0.17557556E+00 0.17557556E+00
 0.10200000E+01 0.17545678E+00 0.17545678E+00 0.17545678E+00 0.17545678E+00
 0.10300000E+01 0.17533628E+00 0.17533628E+00 0.17533628E+00 0.17533628E+00
 0.10400000E+01 0.17521395E+00 0.17521395E+00 0.17521395E+00 0.17521395E+00
 0.10500000E+01 0.17508937E+00 0.17508937E+00 0.17508937E+00 0.17508937E+00
 0.10600000E+01 0.17496302E+00 0.17496302E+00 0.17496302E+00 0.17496302E+00
 0.10700000E+01 0.17483450E+00 0.17483450E+00 0.17483450E+00 0.17483450E+00
 0.10800000E+01 0.17470396E+00 0.17470396E+00 0.17470396E+00 0.17470396E+00
 0.10900000E+01 0.17457107E+00 0.17457107E+00 0.17457107E+00 0.17457107E+00
 0.11000000E+01 0.17443625E+00 0.17443625E+00 0.17443625E+00 0.17443625E+00
 0.11100000E+01 0.17429917E+00 0.17429917E+00 0.17429917E+00 0.17429917E+00
 0.11200000E+01 0.17415957E+00 0.17415957E+00 0.17415957E+00 0.17415957E+00
 0.11300000E+01 0.17401779E+00 0.17401779E+00 0.17401779E+00 0.17401779E+00
 0.11400000E+01 0.17387379E+00 0.17387379E+00 0.17387379E+00 0.17387379E+00
 0.11500000E+01 0.17373001E+00 0.17373001E+00 0.17373001E+00 0.17373001E+00
 0.11600000E+01 0.17357824E+00 0.17357824E+00 0.17357824E+00 0.17357824E+00
 0.11700000E+01 0.17342960E+00 0.17342960E+00 0.17342960E+00 0.17342960E+00
 0.11800000E+01 0.17327368E+00 0.17327368E+00 0.17327368E+00 0.17327368E+00
 0.11900000E+01 0.17311651E+00 0.17311651E+00 0.17311651E+00 0.17311651E+00
 0.12000000E+01 0.17295756E+00 0.17295756E+00 0.17295756E+00 0.17295756E+00
 0.12100000E+01 0.17279551E+00 0.17279551E+00 0.17279551E+00 0.17279551E+00
 0.12200000E+01 0.17263086E+00 0.17263086E+00 0.17263086E+00 0.17263086E+00
 0.12300000E+01 0.17246337E+00 0.17246337E+00 0.17246337E+00 0.17246337E+00
 0.12400000E+01 0.17229304E+00 0.17229304E+00 0.17229304E+00 0.17229304E+00
 0.12500000E+01 0.17211998E+00 0.17211998E+00 0.17211998E+00 0.17211998E+00
 0.12600000E+01 0.17194360E+00 0.17194360E+00 0.17194360E+00 0.17194360E+00
 0.12700000E+01 0.17176431E+00 0.17176431E+00 0.17176431E+00 0.17176431E+00
 0.12800000E+01 0.17158191E+00 0.17158191E+00 0.17158191E+00 0.17158191E+00
 0.12900000E+01 0.17139534E+00 0.17139534E+00 0.17139534E+00 0.17139534E+00
 0.13000000E+01 0.17120712E+00 0.17120712E+00 0.17120712E+00 0.17120712E+00
 0.13100000E+01 0.17101479E+00 0.17101479E+00 0.17101479E+00 0.17101479E+00
 0.13200000E+01 0.17081909E+00 0.17081909E+00 0.17081909E+00 0.17081909E+00
 0.13300000E+01 0.17061992E+00 0.17061992E+00 0.17061992E+00 0.17061992E+00
 0.13400000E+01 0.17041684E+00 0.17041684E+00 0.17041684E+00 0.17041684E+00
 0.13500000E+01 0.17021009E+00 0.17021009E+00 0.17021009E+00 0.17021009E+00
 0.13600000E+01 0.16999964E+00 0.16999964E+00 0.16999964E+00 0.16999964E+00
 0.13700000E+01 0.16978514E+00 0.16978514E+00 0.16978514E+00 0.16978514E+00
 0.13800000E+01 0.16956679E+00 0.16956679E+00 0.16956679E+00 0.16956679E+00
 0.13900000E+01 0.16934421E+00 0.16934421E+00 0.16934421E+00 0.16934421E+00
 0.14000000E+01 0.16911765E+00 0.16911765E+00 0.16911765E+00 0.16911765E+00
 0.14100000E+01 0.16888656E+00 0.16888656E+00 0.16888656E+00 0.16888656E+00
 0.14200000E+01 0.16865649E+00 0.16865649E+00 0.16865649E+00 0.16865649E+00
 0.14300000E+01 0.16841037E+00 0.16841037E+00 0.16841037E+00 0.16841037E+00
 0.14400000E+01 0.16816525E+00 0.16816525E+00 0.16816525E+00 0.16816525E+00
 0.14500000E+01 0.16791600E+00 0.16791600E+00 0.16791600E+00 0.16791600E+00
 0.14600000E+01 0.16766041E+00 0.16766041E+00 0.16766041E+00 0.16766041E+00
 0.14700000E+01 0.16751660E+00 0.16751660E+00 0.16751660E+00 0.16751660E+00
 0.14800000E+01 0.16713454E+00 0.16713454E+00 0.16713454E+00 0.16713454E+00
 0.14900000E+01 0.16686351E+00 0.16686351E+00 0.16686351E+00 0.16686351E+00
 0.15000000E+01 0.16658663E+00 0.16658663E+00 0.16658663E+00 0.16658663E+00
 0.15100000E+01 0.16630387E+00 0.16630387E+00 0.16630387E+00 0.16630387E+00
 0.15200000E+01 0.16601542E+00 0.16601542E+00 0.16601542E+00 0.16601542E+00
 0.15300000E+01 0.16572261E+00 0.16572261E+00 0.16572261E+00 0.16572261E+00
 0.15400000E+01 0.16541806E+00 0.16541806E+00 0.16541806E+00 0.16541806E+00
 0.15500000E+01 0.16512209E+00 0.16512209E+00 0.16512209E+00 0.16512209E+00
 0.15600000E+01 0.16479366E+00 0.16479366E+00 0.16479366E+00 0.16479366E+00
 0.15700000E+01 0.16447080E+00 0.16447080E+00 0.16447080E+00 0.16447080E+00
 0.15800000E+01 0.16414025E+00 0.16414025E+00 0.16414025E+00 0.16414025E+00
 0.15900000E+01 0.16380169E+00 0.16380169E+00 0.16380169E+00 0.16380169E+00
 0.16000000E+01 0.16345910E+00 0.16345910E+00 0.16345910E+00 0.16345910E+00
 0.16100000E+01 0.16309989E+00 0.16309989E+00 0.16309989E+00 0.16309989E+00
 0.16200000E+01 0.16273553E+00 0.16273553E+00 0.16273553E+00 0.16273553E+00
 0.16300000E+01 0.16236210E+00 0.16236210E+00 0.16236210E+00 0.16236210E+00
 0.16400000E+01 0.16197883E+00 0.16197883E+00 0.16197883E+00 0.16197883E+00
 0.16500000E+01 0.16158528E+00 0.16158528E+00 0.16158528E+00 0.16158528E+00
 0.16600000E+01 0.16118133E+00 0.16118133E+00 0.16118133E+00 0.16118133E+00
 0.16700000E+01 0.16076599E+00 0.16076599E+00 0.16076599E+00 0.16076599E+00
 0.16800000E+01 0.16033898E+00 0.16033898E+00 0.16033898E+00 0.16033898E+00
 0.16900000E+01 0.15989949E+00 0.15989949E+00 0.15989949E+00 0.15989949E+00
 0.17000000E+01 0.15944726E+00 0.15944726E+00 0.15944726E+00 0.15944726E+00
 0.17100000E+01 0.15898092E+00 0.15898092E+00 0.15898092E+00 0.15898092E+00
 0.17200000E+01 0.15850049E+00 0.15850049E+00 0.15850049E+00 0.15850049E+00
 0.17300000E+01 0.15803148E+00 0.15803148E+00 0.15803148E+00 0.15803148E+00
 0.17400000E+01 0.15750899E+00 0.15750899E+00 0.15750899E+00 0.15750899E+00
 0.17500000E+01 0.15696303E+00 0.15696303E+00 0.15696303E+00 0.15696303E+00
 0.17600000E+01 0.15641480E+00 0.15641480E+00 0.15641480E+00 0.15641480E+00
 0.17700000E+01 0.15584779E+00 0.15584779E+00 0.15584779E+00 0.15584779E+00
 0.17800000E+01 0.15525944E+00 0.15525944E+00 0.15525944E+00 0.15525944E+00
 0.17900000E+01 0.15464862E+00 0.15464862E+00 0.15464862E+00 0.15464862E+00
 0.18000000E+01 0.15401323E+00 0.15401323E+00 0.15401323E+00 0.15401323E+00
 0.18100000E+01 0.15335166E+00 0.15335166E+00 0.15335166E+00 0.15335166E+00
 0.18140000E+01 0.15307915E+00 0.15307915E+00 0.15307915E+00 0.15307915E+00
 0.18180000E+01 0.15280196E+00 0.15280196E+00 0.15280196E+00 0.15280196E+00
 0.18220000E+01 0.15251978E+00 0.15251978E+00 0.15251978E+00 0.15251978E+00
 0.18260000E+01 0.15223271E+00 0.15223271E+00 0.15223271E+00 0.15223271E+00
 0.18300000E+01 0.15194052E+00 0.15194052E+00 0.15194052E+00 0.15194052E+00
 0.18340000E+01 0.15164257E+00 0.15164257E+00 0.15164257E+00 0.15164257E+00
 0.18380000E+01 0.15133899E+00 0.15133899E+00 0.15133899E+00 0.15133899E+00
 0.18420000E+01 0.15102968E+00 0.15102968E+00 0.15102968E+00 0.15102968E+00
 0.18460000E+01 0.15071413E+00 0.15071413E+00 0.15071413E+00 0.15071413E+00
 0.18500000E+01 0.15039213E+00 0.15039213E+00 0.15039213E+00 0.15039213E+00
 0.18540000E+01 0.15006362E+00 0.15006362E+00 0.15006362E+00 0.15006362E+00
 0.18580000E+01 0.14972812E+00 0.14972812E+00 0.14972812E+00 0.14972812E+00
 0.18620000E+01 0.14938535E+00 0.14938535E+00 0.14938535E+00 0.14938535E+00
 0.18660000E+01 0.14903505E+00 0.14903505E+00 0.14903505E+00 0.14903505E+00
 0.18700000E+01 0.14867671E+00 0.14867671E+00 0.14867671E+00 0.14867671E+00
 0.18740000E+01 0.14830981E+00 0.14830981E+00 0.14830981E+00 0.14830981E+00
 0.18780000E+01 0.14793403E+00 0.14793403E+00 0.14793403E+00 0.14793403E+00
 0.18820000E+01 0.14754911E+00 0.14754911E+00 0.14754911E+00 0.14754911E+00
 0.18860000E+01 0.14715429E+00 0.14715429E+00 0.14715429E+00 0.14715429E+00
 0.18900000E+01 0.14674905E+00 0.14674905E+00 0.14674905E+00 0.14674905E+00
 0.18940000E+01 0.14633270E+00 0.14633270E+00 0.14633270E+00 0.14633270E+00
 0.18980000E+01 0.14590456E+00 0.14590456E+00 0.14590456E+00 0.14590456E+00
 0.19020000E+01 0.14546372E+00 0.14546372E+00 0.14546372E+00 0.14546372E+00
 0.19060000E+01 0.14500945E+00 0.14500945E+00 0.14500945E+00 0.14500945E+00
 0.19100000E+01 0.14454080E+00 0.14454080E+00 0.14454080E+00 0.14454080E+00
 0.19140000E+01 0.14405609E+00 0.14405609E+00 0.14405609E+00 0.14405609E+00
 0.19180000E+01 0.14355419E+00 0.14355419E+00 0.14355419E+00 0.14355419E+00
 0.19220000E+01 0.14304475E+00 0.14304475E+00 0.14304475E+00 0.14304475E+00
 0.19260000E+01 0.14249260E+00 0.14249260E+00 0.14249260E+00 0.14249260E+00
 0.19300000E+01 0.14192847E+00 0.14192847E+00 0.14192847E+00 0.14192847E+00
 0.19340000E+01 0.14133845E+00 0.14133845E+00 0.14133845E+00 0.14133845E+00
 0.19380000E+01 0.14071891E+00 0.14071891E+00 0.14071891E+00 0.14071891E+00
 0.19420000E+01 0.14006471E+00 0.14006471E+00 0.14006471E+00 0.14006471E+00
 0.19460000E+01 0.13936857E+00 0.13936857E+00 0.13936857E+00 0.13936857E+00
 0.19500000E+01 0.13863210E+00 0.13863210E+00 0.13863210E+00 0.13863210E+00
 0.19540000E+01 0.13778045E+00 0.13778045E+00 0.13778045E+00 0.13778045E+00
 0.19580000E+01 0.13684722E+00 0.13684722E+00 0.13684722E+00 0.13684722E+00
 0.19620000E+01 0.13587051E+00 0.13587051E+00 0.13587051E+00 0.13587051E+00
 0.19660000E+01 0.13487355E+00 0.13487355E+00 0.13487355E+00 0.13487355E+00
 0.19700000E+01 0.13387124E+00 0.13387124E+00 0.13387124E+00 0.13387124E+00
 0.19740000E+01 0.13287485E+00 0.13287485E+00 0.13287485E+00 0.13287485E+00
 0.19780000E+01 0.13189284E+00 0.13189284E+00 0.13189284E+00 0.13189284E+00
 0.19820000E+01 0.13093236E+00 0.13093236E+00 0.13093236E+00 0.13093236E+00
 0.19860000E+01 0.12999876E+00 0.12999876E+00 0.12999876E+00 0.12999876E+00
 0.19900000E+01 0.12909727E+00 0.12909727E+00 0.12909727E+00 0.12909727E+00
 0.19940000E+01 0.12823169E+00 0.12823169E+00 0.12823169E+00 0.12823169E+00
 0.19980000E+01 0.12740555E+00 0.12740555E+00 0.12740555E+00 0.12740555E+00
 0.20020000E+01 0.12662363E+00 0.12662363E+00 0.12662363E+00 0.12662363E+00
 0.20060000E+01 0.12588844E+00 0.12588844E+00 0.12588844E+00 0.12588844E+00
 0.20100000E+01 0.12520288E+00 0.12520288E+00 0.12520288E+00 0.12520288E+00
 0.20140000E+01 0.12456859E+00 0.12456859E+00 0.12456859E+00 0.12456859E+00
 0.20180000E+01 0.12398685E+00 0.12398685E+00 0.12398685E+00 0.12398685E+00
 0.20220000E+01 0.12345769E+00 0.12345769E+00 0.12345769E+00 0.12345769E+00
 0.20260000E+01 0.12298071E+00 0.12298071E+00 0.12298071E+00 0.12298071E+00
 0.20300000E+01 0.12255501E+00 0.12255501E+00 0.12255501E+00 0.12255501E+00
 0.20340000E+01 0.12217840E+00 0.12217840E+00 0.12217840E+00 0.12217840E+00
 0.20380000E+01 0.12184930E+00 0.12184930E+00 0.12184930E+00 0.12184930E+00
 0.20420000E+01 0.12156529E+00 0.12156529E+00 0.12156529E+00 0.12156529E+00
 0.20460000E+01 0.12132388E+00 0.12132388E+00 0.12132388E+00 0.12132388E+00
 0.20500000E+01 0.12112267E+00 0.12112267E+00 0.12112267E+00 0.12112267E+00
 0.20540000E+01 0.12095902E+00 0.12095902E+00 0.12095902E+00 0.12095902E+00
 0.20580000E+01 0.12083085E+00 0.12083085E+00 0.12083085E+00 0.12083085E+00
 0.20620000E+01 0.12073547E+00 0.12073547E+00 0.12073547E+00 0.12073547E+00
 0.20660000E+01 0.12067100E+00 0.12067100E+00 0.12067100E+00 0.12067100E+00
 0.20700000E+01 0.12063533E+00 0.12063533E+00 0.12063533E+00 0.12063533E+00
 0.20740000E+01 0.12062630E+00 0.12062630E+00 0.12062630E+00 0.12062630E+00
 0.20780000E+01 0.12064266E+00 0.12064266E+00 0.12064266E+00 0.12064266E+00
 0.20820000E+01 0.12068174E+00 0.12068174E+00 0.12068174E+00 0.12068174E+00
 0.20860000E+01 0.12074314E+00 0.12074314E+00 0.12074314E+00 0.12074314E+00
 0.20900000E+01 0.12082494E+00 0.12082494E+00 0.12082494E+00 0.12082494E+00
 0.20940000E+01 0.12092568E+00 0.12092568E+00 0.12092568E+00 0.12092568E+00
 0.20980000E+01 0.12104433E+00 0.12104433E+00 0.12104433E+00 0.12104433E+00
 0.21020000E+01 0.12117969E+00 0.12117969E+00 0.12117969E+00 0.12117969E+00
 0.21060000E+01 0.12133065E+00 0.12133065E+00 0.12133065E+00 0.12133065E+00
 0.21100000E+01 0.12149628E+00 0.12149628E+00 0.12149628E+00 0.12149628E+00
 0.21140000E+01 0.12167563E+00 0.12167563E+00 0.12167563E+00 0.12167563E+00
 0.21180000E+01 0.12186805E+00 0.12186805E+00 0.12186805E+00 0.12186805E+00
 0.21220000E+01 0.12207233E+00 0.12207233E+00 0.12207233E+00 0.12207233E+00
 0.21260000E+01 0.12228807E+00 0.12228807E+00 0.12228807E+00 0.12228807E+00
 0.21300000E+01 0.12251450E+00 0.12251450E+00 0.12251450E+00 0.12251450E+00
 0.21340000E+01 0.12275090E+00 0.12275090E+00 0.12275090E+00 0.12275090E+00
 0.21380000E+01 0.12299668E+00 0.12299668E+00 0.12299668E+00 0.12299668E+00
 0.21420000E+01 0.12325125E+00 0.12325125E+00 0.12325125E+00 0.12325125E+00
 0.21460000E+01 0.12351425E+00 0.12351425E+00 0.12351425E+00 0.12351425E+00
 0.21500000E+01 0.12378493E+00 0.12378493E+00 0.12378493E+00 0.12378493E+00
 0.21540000E+01 0.12406296E+00 0.12406296E+00 0.12406296E+00 0.12406296E+00
 0.21580000E+01 0.12434791E+00 0.12434791E+00 0.12434791E+00 0.12434791E+00
 0.21620000E+01 0.12463928E+00 0.12463928E+00 0.12463928E+00 0.12463928E+00
 0.21660000E+01 0.12493719E+00 0.12493719E+00 0.12493719E+00 0.12493719E+00
 0.21700000E+01 0.12523972E+00 0.12523972E+00 0.12523972E+00 0.12523972E+00
 0.21740000E+01 0.12554830E+00 0.12554830E+00 0.12554830E+00 0.12554830E+00
 0.21780000E+01 0.12586180E+00 0.12586180E+00 0.12586180E+00 0.12586180E+00
 0.21820000E+01 0.12617997E+00 0.12617997E+00 0.12617997E+00 0.12617997E+00
 0.21860000E+01 0.12650255E+00 0.12650255E+00 0.12650255E+00 0.12650255E+00
 0.21900000E+01 0.12682927E+00 0.12682927E+00 0.12682927E+00 0.12682927E+00
 0.21940000E+01 0.12715982E+00 0.12715982E+00 0.12715982E+00 0.12715982E+00
 0.21980000E+01 0.12749415E+00 0.12749415E+00 0.12749415E+00 0.12749415E+00
 0.22020000E+01 0.12783156E+00 0.12783156E+00 0.12783156E+00 0.12783156E+00
 0.22220000E+01 0.12956283E+00 0.12956283E+00 0.12956283E+00 0.12956283E+00
 0.22420000E+01 0.13134958E+00 0.13134958E+00 0.13134958E+00 0.13134958E+00
 0.22620000E+01 0.13317266E+00 0.13317266E+00 0.13317266E+00 0.13317266E+00
 0.22820000E+01 0.13501799E+00 0.13501799E+00 0.13501799E+00 0.13501799E+00
 0.23020000E+01 0.13687372E+00 0.13687372E+00 0.13687372E+00 0.13687372E+00
 0.23220000E+01 0.13873083E+00 0.13873083E+00 0.13873083E+00 0.13873083E+00
 0.23420000E+01 0.14058243E+00 0.14058243E+00 0.14058243E+00 0.14058243E+00
 0.23620000E+01 0.14242237E+00 0.14242237E+00 0.14242237E+00 0.14242237E+00
 0.23820000E+01 0.14424623E+00 0.14424623E+00 0.14424623E+00 0.14424623E+00
 0.24020000E+01 0.14605059E+00 0.14605059E+00 0.14605059E+00 0.14605059E+00
 0.24220000E+01 0.14783248E+00 0.14783248E+00 0.14783248E+00 0.14783248E+00
 0.24420000E+01 0.14958983E+00 0.14958983E+00 0.14958983E+00 0.14958983E+00
 0.24620000E+01 0.15132060E+00 0.15132060E+00 0.15132060E+00 0.15132060E+00
 0.24820000E+01 0.15302363E+00 0.15302363E+00 0.15302363E+00 0.15302363E+00
 0.25020000E+01 0.15469791E+00 0.15469791E+00 0.15469791E+00 0.15469791E+00
 0.25220000E+01 0.15634290E+00 0.15634290E+00 0.15634290E+00 0.15634290E+00
 0.25420000E+01 0.15795824E+00 0.15795824E+00 0.15795824E+00 0.15795824E+00
 0.25620000E+01 0.15954322E+00 0.15954322E+00 0.15954322E+00 0.15954322E+00
 0.25820000E+01 0.16109809E+00 0.16109809E+00 0.16109809E+00 0.16109809E+00
 0.26020000E+01 0.16262270E+00 0.16262270E+00 0.16262270E+00 0.16262270E+00
 0.26220000E+01 0.16411732E+00 0.16411732E+00 0.16411732E+00 0.16411732E+00
 0.26420000E+01 0.16558230E+00 0.16558230E+00 0.16558230E+00 0.16558230E+00
 0.26620000E+01 0.16701735E+00 0.16701735E+00 0.16701735E+00 0.16701735E+00
 0.26820000E+01 0.16842314E+00 0.16842314E+00 0.16842314E+00 0.16842314E+00
 0.27020000E+01 0.16980016E+00 0.16980016E+00 0.16980016E+00 0.16980016E+00
 0.27220000E+01 0.17114868E+00 0.17114868E+00 0.17114868E+00 0.17114868E+00
 0.27420000E+01 0.17246940E+00 0.17246940E+00 0.17246940E+00 0.17246940E+00
 0.27620000E+01 0.17376233E+00 0.17376233E+00 0.17376233E+00 0.17376233E+00
 0.27820000E+01 0.17502876E+00 0.17502876E+00 0.17502876E+00 0.17502876E+00
 0.28020000E+01 0.17626777E+00 0.17626777E+00 0.17626777E+00 0.17626777E+00
 0.28220000E+01 0.17748124E+00 0.17748124E+00 0.17748124E+00 0.17748124E+00
 0.28420000E+01 0.17866936E+00 0.17866936E+00 0.17866936E+00 0.17866936E+00
 0.28620000E+01 0.17983260E+00 0.17983260E+00 0.17983260E+00 0.17983260E+00
 0.28820000E+01 0.18097107E+00 0.18097107E+00 0.18097107E+00 0.18097107E+00
 0.29020000E+01 0.18208583E+00 0.18208583E+00 0.18208583E+00 0.18208583E+00
 0.29220000E+01 0.18317730E+00 0.18317730E+00 0.18317730E+00 0.18317730E+00
 0.29420000E+01 0.18424581E+00 0.18424581E+00 0.18424581E+00 0.18424581E+00
 0.29620000E+01 0.18529204E+00 0.18529204E+00 0.18529204E+00 0.18529204E+00
 0.29820000E+01 0.18631636E+00 0.18631636E+00 0.18631636E+00 0.18631636E+00
 0.30020000E+01 0.18731926E+00 0.18731926E+00 0.18731926E+00 0.18731926E+00
 0.31020000E+01 0.19203154E+00 0.19203154E+00 0.19203154E+00 0.19203154E+00
 0.32020000E+01 0.19627917E+00 0.19627917E+00 0.19627917E+00 0.19627917E+00
 0.33020000E+01 0.20011786E+00 0.20011786E+00 0.20011786E+00 0.20011786E+00
 0.34020000E+01 0.20359246E+00 0.20359246E+00 0.20359246E+00 0.20359246E+00
 0.35020000E+01 0.20674323E+00 0.20674323E+00 0.20674323E+00 0.20674323E+00
 0.36020000E+01 0.20960674E+00 0.20960674E+00 0.20960674E+00 0.20960674E+00
 0.37020000E+01 0.21221442E+00 0.21221442E+00 0.21221442E+00 0.21221442E+00
 0.38020000E+01 0.21459418E+00 0.21459418E+00 0.21459418E+00 0.21459418E+00
 0.39020000E+01 0.21677037E+00 0.21677037E+00 0.21677037E+00 0.21677037E+00
 0.40020000E+01 0.21876398E+00 0.21876398E+00 0.21876398E+00 0.21876398E+00
 0.41020000E+01 0.22059402E+00 0.22059402E+00 0.22059402E+00 0.22059402E+00
 0.42020000E+01 0.22227712E+00 0.22227712E+00 0.22227712E+00 0.22227712E+00
 0.43020000E+01 0.22382787E+00 0.22382787E+00 0.22382787E+00 0.22382787E+00
 0.44020000E+01 0.22525896E+00 0.22525896E+00 0.22525896E+00 0.22525896E+00
 0.45020000E+01 0.22658194E+00 0.22658194E+00 0.22658194E+00 0.22658194E+00
 0.46020000E+01 0.22780683E+00 0.22780683E+00 0.22780683E+00 0.22780683E+00
 0.47020000E+01 0.22894313E+00 0.22894313E+00 0.22894313E+00 0.22894313E+00
 0.48020000E+01 0.22999865E+00 0.22999865E+00 0.22999865E+00 0.22999865E+00
 0.49020000E+01 0.23098035E+00 0.23098035E+00 0.23098035E+00 0.23098035E+00
 0.50020000E+01 0.23189476E+00 0.23189476E+00 0.23189476E+00 0.23189476E+00
 0.51020000E+01 0.23274778E+00 0.23274778E+00 0.23274778E+00 0.23274778E+00
 0.52020000E+01 0.23354423E+00 0.23354423E+00 0.23354423E+00 0.23354423E+00
 0.53020000E+01 0.23428987E+00 0.23428987E+00 0.23428987E+00 0.23428987E+00
 0.54020000E+01 0.23498776E+00 0.23498776E+00 0.23498776E+00 0.23498776E+00
 0.55020000E+01 0.23564220E+00 0.23564220E+00 0.23564220E+00 0.23564220E+00
 0.56020000E+01 0.23625618E+00 0.23625618E+00 0.23625618E+00 0.23625618E+00
 0.57020000E+01 0.23683342E+00 0.23683342E+00 0.23683342E+00 0.23683342E+00
 0.58020000E+01 0.23737637E+00 0.23737637E+00 0.23737637E+00 0.23737637E+00
 0.59020000E+01 0.23788771E+00 0.23788771E+00 0.23788771E+00 0.23788771E+00
 0.60020000E+01 0.23836986E+00 0.23836986E+00 0.23836986E+00 0.23836986E+00
 0.61020000E+01 0.23882645E+00 0.23882645E+00 0.23882645E+00 0.23882645E+00
 0.62020000E+01 0.23925424E+00 0.23925424E+00 0.23925424E+00 0.23925424E+00
 0.63020000E+01 0.23966061E+00 0.23966061E+00 0.23966061E+00 0.23966061E+00
 0.64020000E+01 0.24004497E+00 0.24004497E+00 0.24004497E+00 0.24004497E+00
 0.65020000E+01 0.24040911E+00 0.24040911E+00 0.24040911E+00 0.24040911E+00
 0.66020000E+01 0.24075426E+00 0.24075426E+00 0.24075426E+00 0.24075426E+00
 0.67020000E+01 0.24108185E+00 0.24108185E+00 0.24108185E+00 0.24108185E+00
 0.68020000E+01 0.24139265E+00 0.24139265E+00 0.24139265E+00 0.24139265E+00
 0.69020000E+01 0.24168782E+00 0.24168782E+00 0.24168782E+00 0.24168782E+00
 0.70020000E+01 0.24196926E+00 0.24196926E+00 0.24196926E+00 0.24196926E+00
 0.71020000E+01 0.24223675E+00 0.24223675E+00 0.24223675E+00 0.24223675E+00
 0.72020000E+01 0.24249077E+00 0.24249077E+00 0.24249077E+00 0.24249077E+00
 0.73020000E+01 0.24273412E+00 0.24273412E+00 0.24273412E+00 0.24273412E+00
 0.74020000E+01 0.24296567E+00 0.24296567E+00 0.24296567E+00 0.24296567E+00
 0.75020000E+01 0.24318663E+00 0.24318663E+00 0.24318663E+00 0.24318663E+00
 0.76020000E+01 0.24339762E+00 0.24339762E+00 0.24339762E+00 0.24339762E+00
 0.77020000E+01 0.24359924E+00 0.24359924E+00 0.24359924E+00 0.24359924E+00
 0.78020000E+01 0.24379211E+00 0.24379211E+00 0.24379211E+00 0.24379211E+00
 0.79020000E+01 0.24397638E+00 0.24397638E+00 0.24397638E+00 0.24397638E+00
 0.80020000E+01 0.24415325E+00 0.24415325E+00 0.24415325E+00 0.24415325E+00
 0.81020000E+01 0.24432241E+00 0.24432241E+00 0.24432241E+00 0.24432241E+00
 0.82020000E+01 0.24448432E+00 0.24448432E+00 0.24448432E+00 0.24448432E+00
 0.83020000E+01 0.24463996E+00 0.24463996E+00 0.24463996E+00 0.24463996E+00
 0.84020000E+01 0.24478908E+00 0.24478908E+00 0.24478908E+00 0.24478908E+00
 0.85020000E+01 0.24493217E+00 0.24493217E+00 0.24493217E+00 0.24493217E+00
 0.86020000E+01 0.24506964E+00 0.24506964E+00 0.24506964E+00 0.24506964E+00
 0.87020000E+01 0.24520200E+00 0.24520200E+00 0.24520200E+00 0.24520200E+00
 0.88020000E+01 0.24532890E+00 0.24532890E+00 0.24532890E+00 0.24532890E+00
 0.89020000E+01 0.24545116E+00 0.24545116E+00 0.24545116E+00 0.24545116E+00
 0.90020000E+01 0.24556868E+00 0.24556868E+00 0.24556868E+00 0.24556868E+00
 0.91020000E+01 0.24568201E+00 0.24568201E+00 0.24568201E+00 0.24568201E+00
 0.92020000E+01 0.24579091E+00 0.24579091E+00 0.24579091E+00 0.24579091E+00
 0.93020000E+01 0.24589601E+00 0.24589601E+00 0.24589601E+00 0.24589601E+00
 0.94020000E+01 0.24599719E+00 0.24599719E+00 0.24599719E+00 0.24599719E+00
 0.95020000E+01 0.24609486E+00 0.24609486E+00 0.24609486E+00 0.24609486E+00
 0.96020000E+01 0.24618923E+00 0.24618923E+00 0.24618923E+00 0.24618923E+00
 0.97020000E+01 0.24628301E+00 0.24628301E+00 0.24628301E+00 0.24628301E+00
 0.98020000E+01 0.24636784E+00 0.24636784E+00 0.24636784E+00 0.24636784E+00
 0.99020000E+01 0.24645269E+00 0.24645269E+00 0.24645269E+00 0.24645269E+00
 0.10002000E+02 0.24653469E+00 0.24653469E+00 0.24653469E+00 0.24653469E+00
 0.10102000E+02 0.24661390E+00 0.24661390E+00 0.24661390E+00 0.24661390E+00
 0.10202000E+02 0.24669032E+00 0.24669032E+00 0.24669032E+00 0.24669032E+00
 0.10302000E+02 0.24676452E+00 0.24676452E+00 0.24676452E+00 0.24676452E+00
 0.10402000E+02 0.24683608E+00 0.24683608E+00 0.24683608E+00 0.24683608E+00
 0.10502000E+02 0.24690544E+00 0.24690544E+00 0.24690544E+00 0.24690544E+00
 0.10602000E+02 0.24697265E+00 0.24697265E+00 0.24697265E+00 0.24697265E+00
 0.10702000E+02 0.24703782E+00 0.24703782E+00 0.24703782E+00 0.24703782E+00
 0.10802000E+02 0.24710085E+00 0.24710085E+00 0.24710085E+00 0.24710085E+00
 0.10902000E+02 0.24716180E+00 0.24716180E+00 0.24716180E+00 0.24716180E+00
 0.11002000E+02 0.24722108E+00 0.24722108E+00 0.24722108E+00 0.24722108E+00
 0.11102000E+02 0.24727847E+00 0.24727847E+00 0.24727847E+00 0.24727847E+00
 0.11202000E+02 0.24733432E+00 0.24733432E+00 0.24733432E+00 0.24733432E+00
 0.11302000E+02 0.24738846E+00 0.24738846E+00 0.24738846E+00 0.24738846E+00
 0.11402000E+02 0.24744098E+00 0.24744098E+00 0.24744098E+00 0.24744098E+00
 0.11502000E+02 0.24749191E+00 0.24749191E+00 0.24749191E+00 0.24749191E+00
 0.11602000E+02 0.24754129E+00 0.24754129E+00 0.24754129E+00 0.24754129E+00
 0.11702000E+02 0.24758945E+00 0.24758945E+00 0.24758945E+00 0.24758945E+00
 0.11802000E+02 0.24763613E+00 0.24763613E+00 0.24763613E+00 0.24763613E+00
 0.11902000E+02 0.24768154E+00 0.24768154E+00 0.24768154E+00 0.24768154E+00
 0.12002000E+02 0.24772554E+00 0.24772554E+00 0.24772554E+00 0.24772554E+00
 0.12102000E+02 0.24776852E+00 0.24776852E+00 0.24776852E+00 0.24776852E+00
 0.12202000E+02 0.24781048E+00 0.24781048E+00 0.24781048E+00 0.24781048E+00
 0.12302000E+02 0.24785102E+00 0.24785102E+00 0.24785102E+00 0.24785102E+00
 0.12402000E+02 0.24789044E+00 0.24789044E+00 0.24789044E+00 0.24789044E+00
 0.12502000E+02 0.24792887E+00 0.24792887E+00 0.24792887E+00 0.24792887E+00
 0.12602000E+02 0.24796652E+00 0.24796652E+00 0.24796652E+00 0.24796652E+00
 0.12702000E+02 0.24800297E+00 0.24800297E+00 0.24800297E+00 0.24800297E+00
 0.12802000E+02 0.24803844E+00 0.24803844E+00 0.24803844E+00 0.24803844E+00
 0.12902000E+02 0.24807302E+00 0.24807302E+00 0.24807302E+00 0.24807302E+00
 0.13002000E+02 0.24810687E+00 0.24810687E+00 0.24810687E+00 0.24810687E+00
 0.13102000E+02 0.24813978E+00 0.24813978E+00 0.24813978E+00 0.24813978E+00
 0.13202000E+02 0.24817184E+00 0.24817184E+00 0.24817184E+00 0.24817184E+00
 0.13302000E+02 0.24820303E+00 0.24820303E+00 0.24820303E+00 0.24820303E+00
 0.13402000E+02 0.24823352E+00 0.24823352E+00 0.24823352E+00 0.24823352E+00
 0.13502000E+02 0.24826315E+00 0.24826315E+00 0.24826315E+00 0.24826315E+00
 0.13602000E+02 0.24829227E+00 0.24829227E+00 0.24829227E+00 0.24829227E+00
 0.13702000E+02 0.24832056E+00 0.24832056E+00 0.24832056E+00 0.24832056E+00
 0.13802000E+02 0.24834817E+00 0.24834817E+00 0.24834817E+00 0.24834817E+00
 0.13902000E+02 0.24837513E+00 0.24837513E+00 0.24837513E+00 0.24837513E+00
 0.14002000E+02 0.24840155E+00 0.24840155E+00 0.24840155E+00 0.24840155E+00
 0.14102000E+02 0.24842726E+00 0.24842726E+00 0.24842726E+00 0.24842726E+00
 0.14202000E+02 0.24845227E+00 0.24845227E+00 0.24845227E+00 0.24845227E+00
 0.14302000E+02 0.24847692E+00 0.24847692E+00 0.24847692E+00 0.24847692E+00
 0.14402000E+02 0.24850075E+00 0.24850075E+00 0.24850075E+00 0.24850075E+00
 0.14502000E+02 0.24852436E+00 0.24852436E+00 0.24852436E+00 0.24852436E+00
 0.14602000E+02 0.24854724E+00 0.24854724E+00 0.24854724E+00 0.24854724E+00
 0.14702000E+02 0.24856996E+00 0.24856996E+00 0.24856996E+00 0.24856996E+00
 0.14802000E+02 0.24859156E+00 0.24859156E+00 0.24859156E+00 0.24859156E+00
 0.14902000E+02 0.24861307E+00 0.24861307E+00 0.24861307E+00 0.24861307E+00
 0.15002000E+02 0.24863395E+00 0.24863395E+00 0.24863395E+00 0.24863395E+00
 0.15102000E+02 0.24865446E+00 0.24865446E+00 0.24865446E+00 0.24865446E+00
 0.15202000E+02 0.24867446E+00 0.24867446E+00 0.24867446E+00 0.24867446E+00
 0.15302000E+02 0.24869403E+00 0.24869403E+00 0.24869403E+00 0.24869403E+00
 0.15402000E+02 0.24871331E+00 0.24871331E+00 0.24871331E+00 0.24871331E+00
 0.15502000E+02 0.24873208E+00 0.24873208E+00 0.24873208E+00 0.24873208E+00
 0.15602000E+02 0.24875043E+00 0.24875043E+00 0.24875043E+00 0.24875043E+00
 0.15702000E+02 0.24876852E+00 0.24876852E+00 0.24876852E+00 0.24876852E+00
 0.15802000E+02 0.24878607E+00 0.24878607E+00 0.24878607E+00 0.24878607E+00
 0.15902000E+02 0.24880338E+00 0.24880338E+00 0.24880338E+00 0.24880338E+00
 0.16002000E+02 0.24882029E+00 0.24882029E+00 0.24882029E+00 0.24882029E+00
 0.16102000E+02 0.24883696E+00 0.24883696E+00 0.24883696E+00 0.24883696E+00
 0.16202000E+02 0.24885294E+00 0.24885294E+00 0.24885294E+00 0.24885294E+00
 0.16302000E+02 0.24886898E+00 0.24886898E+00 0.24886898E+00 0.24886898E+00
 0.16402000E+02 0.24888484E+00 0.24888484E+00 0.24888484E+00 0.24888484E+00
 0.16502000E+02 0.24890016E+00 0.24890016E+00 0.24890016E+00 0.24890016E+00
 0.16602000E+02 0.24891508E+00 0.24891508E+00 0.24891508E+00 0.24891508E+00
 0.16702000E+02 0.24892978E+00 0.24892978E+00 0.24892978E+00 0.24892978E+00
 0.16802000E+02 0.24894416E+00 0.24894416E+00 0.24894416E+00 0.24894416E+00
 0.16902000E+02 0.24895828E+00 0.24895828E+00 0.24895828E+00 0.24895828E+00
 0.17002000E+02 0.24897212E+00 0.24897212E+00 0.24897212E+00 0.24897212E+00
 0.17102000E+02 0.24898584E+00 0.24898584E+00 0.24898584E+00 0.24898584E+00
 0.17202000E+02 0.24899915E+00 0.24899915E+00 0.24899915E+00 0.24899915E+00
 0.17302000E+02 0.24901224E+00 0.24901224E+00 0.24901224E+00 0.24901224E+00
 0.17402000E+02 0.24902512E+00 0.24902512E+00 0.24902512E+00 0.24902512E+00
 0.17502000E+02 0.24903773E+00 0.24903773E+00 0.24903773E+00 0.24903773E+00
 0.17602000E+02 0.24905019E+00 0.24905019E+00 0.24905019E+00 0.24905019E+00
 0.17702000E+02 0.24906228E+00 0.24906228E+00 0.24906228E+00 0.24906228E+00
 0.17802000E+02 0.24907419E+00 0.24907419E+00 0.24907419E+00 0.24907419E+00
 0.17902000E+02 0.24908586E+00 0.24908586E+00 0.24908586E+00 0.24908586E+00
 0.18002000E+02 0.24909735E+00 0.24909735E+00 0.24909735E+00 0.24909735E+00
 0.18102000E+02 0.24910861E+00 0.24910861E+00 0.24910861E+00 0.24910861E+00
 0.18202000E+02 0.24911966E+00 0.24911966E+00 0.24911966E+00 0.24911966E+00
 0.18302000E+02 0.24913052E+00 0.24913052E+00 0.24913052E+00 0.24913052E+00
 0.18402000E+02 0.24914132E+00 0.24914132E+00 0.24914132E+00 0.24914132E+00
 0.18502000E+02 0.24915185E+00 0.24915185E+00 0.24915185E+00 0.24915185E+00
 0.18602000E+02 0.24916214E+00 0.24916214E+00 0.24916214E+00 0.24916214E+00
 0.18702000E+02 0.24917229E+00 0.24917229E+00 0.24917229E+00 0.24917229E+00
 0.18802000E+02 0.24918224E+00 0.24918224E+00 0.24918224E+00 0.24918224E+00
 0.18902000E+02 0.24919207E+00 0.24919207E+00 0.24919207E+00 0.24919207E+00
 0.19002000E+02 0.24920176E+00 0.24920176E+00 0.24920176E+00 0.24920176E+00
 0.19102000E+02 0.24921133E+00 0.24921133E+00 0.24921133E+00 0.24921133E+00
 0.19202000E+02 0.24922058E+00 0.24922058E+00 0.24922058E+00 0.24922058E+00
 0.19302000E+02 0.24922969E+00 0.24922969E+00 0.24922969E+00 0.24922969E+00
 0.19402000E+02 0.24923865E+00 0.24923865E+00 0.24923865E+00 0.24923865E+00
 0.19502000E+02 0.24924752E+00 0.24924752E+00 0.24924752E+00 0.24924752E+00
 0.19602000E+02 0.24925624E+00 0.24925624E+00 0.24925624E+00 0.24925624E+00
 0.19702000E+02 0.24926483E+00 0.24926483E+00 0.24926483E+00 0.24926483E+00
 0.19802000E+02 0.24927322E+00 0.24927322E+00 0.24927322E+00 0.24927322E+00
 0.19902000E+02 0.24928155E+00 0.24928155E+00 0.24928155E+00 0.24928155E+00
 0.20002000E+02 0.24928967E+00 0.24928967E+00 0.24928967E+00 0.24928967E+00
 0.20102000E+02 0.24929769E+00 0.24929769E+00 0.24929769E+00 0.24929769E+00
 0.20202000E+02 0.24930561E+00 0.24930561E+00 0.24930561E+00 0.24930561E+00
 0.20302000E+02 0.24931333E+00 0.24931333E+00 0.24931333E+00 0.24931333E+00
 0.20402000E+02 0.24932100E+00 0.24932100E+00 0.24932100E+00 0.24932100E+00
 0.20502000E+02 0.24932850E+00 0.24932850E+00 0.24932850E+00 0.24932850E+00
 0.20602000E+02 0.24933587E+00 0.24933587E+00 0.24933587E+00 0.24933587E+00
 0.20702000E+02 0.24934317E+00 0.24934317E+00 0.24934317E+00 0.24934317E+00
 0.20802000E+02 0.24935033E+00 0.24935033E+00 0.24935033E+00 0.24935033E+00
 0.20902000E+02 0.24935766E+00 0.24935766E+00 0.24935766E+00 0.24935766E+00
 0.21002000E+02 0.24936456E+00 0.24936456E+00 0.24936456E+00 0.24936456E+00
 0.21102000E+02 0.24937141E+00 0.24937141E+00 0.24937141E+00 0.24937141E+00
 0.21202000E+02 0.24937808E+00 0.24937808E+00 0.24937808E+00 0.24937808E+00
 0.21302000E+02 0.24938478E+00 0.24938478E+00 0.24938478E+00 0.24938478E+00
 0.21402000E+02 0.24939133E+00 0.24939133E+00 0.24939133E+00 0.24939133E+00
 0.21502000E+02 0.24939781E+00 0.24939781E+00 0.24939781E+00 0.24939781E+00
 0.21602000E+02 0.24940416E+00 0.24940416E+00 0.24940416E+00 0.24940416E+00
 0.21702000E+02 0.24941042E+00 0.24941042E+00 0.24941042E+00 0.24941042E+00
 0.21802000E+02 0.24941674E+00 0.24941674E+00 0.24941674E+00 0.24941674E+00
 0.21902000E+02 0.24942281E+00 0.24942281E+00 0.24942281E+00 0.24942281E+00
 0.22002000E+02 0.24942876E+00 0.24942876E+00 0.24942876E+00 0.24942876E+00
 0.22102000E+02 0.24943465E+00 0.24943465E+00 0.24943465E+00 0.24943465E+00
 0.22202000E+02 0.24944043E+00 0.24944043E+00 0.24944043E+00 0.24944043E+00
 0.22302000E+02 0.24944617E+00 0.24944617E+00 0.24944617E+00 0.24944617E+00
 0.22402000E+02 0.24945182E+00 0.24945182E+00 0.24945182E+00 0.24945182E+00
 0.22502000E+02 0.24945740E+00 0.24945740E+00 0.24945740E+00 0.24945740E+00
 0.22602000E+02 0.24946289E+00 0.24946289E+00 0.24946289E+00 0.24946289E+00
 0.22702000E+02 0.24946837E+00 0.24946837E+00 0.24946837E+00 0.24946837E+00
 0.22802000E+02 0.24947373E+00 0.24947373E+00 0.24947373E+00 0.24947373E+00
 0.22902000E+02 0.24947899E+00 0.24947899E+00 0.24947899E+00 0.24947899E+00
 0.23002000E+02 0.24948424E+00 0.24948424E+00 0.24948424E+00 0.24948424E+00
 0.23102000E+02 0.24948926E+00 0.24948926E+00 0.24948926E+00 0.24948926E+00
 0.23202000E+02 0.24949423E+00 0.24949423E+00 0.24949423E+00 0.24949423E+00
 0.23302000E+02 0.24949928E+00 0.24949928E+00 0.24949928E+00 0.24949928E+00
 0.23402000E+02 0.24950418E+00 0.24950418E+00 0.24950418E+00 0.24950418E+00
 0.23502000E+02 0.24950905E+00 0.24950905E+00 0.24950905E+00 0.24950905E+00
 0.23602000E+02 0.24951381E+00 0.24951381E+00 0.24951381E+00 0.24951381E+00
 0.23702000E+02 0.24951852E+00 0.24951852E+00 0.24951852E+00 0.24951852E+00
 0.23802000E+02 0.24952316E+00 0.24952316E+00 0.24952316E+00 0.24952316E+00
 0.23902000E+02 0.24952776E+00 0.24952776E+00 0.24952776E+00 0.24952776E+00
 0.24002000E+02 0.24953231E+00 0.24953231E+00 0.24953231E+00 0.24953231E+00
 0.24102000E+02 0.24953682E+00 0.24953682E+00 0.24953682E+00 0.24953682E+00
 0.24202000E+02 0.24954121E+00 0.24954121E+00 0.24954121E+00 0.24954121E+00
 0.24302000E+02 0.24954558E+00 0.24954558E+00 0.24954558E+00 0.24954558E+00
 0.24402000E+02 0.24954988E+00 0.24954988E+00 0.24954988E+00 0.24954988E+00
 0.24502000E+02 0.24955408E+00 0.24955408E+00 0.24955408E+00 0.24955408E+00
 0.24602000E+02 0.24955835E+00 0.24955835E+00 0.24955835E+00 0.24955835E+00
 0.24702000E+02 0.24956245E+00 0.24956245E+00 0.24956245E+00 0.24956245E+00
 0.24802000E+02 0.24956655E+00 0.24956655E+00 0.24956655E+00 0.24956655E+00
 0.24902000E+02 0.24957055E+00 0.24957055E+00 0.24957055E+00 0.24957055E+00
 0.25002000E+02 0.24957451E+00 0.24957451E+00 0.24957451E+00 0.24957451E+00
 0.25102000E+02 0.24957842E+00 0.24957842E+00 0.24957842E+00 0.24957842E+00
 0.25202000E+02 0.24958227E+00 0.24958227E+00 0.24958227E+00 0.24958227E+00
 0.25302000E+02 0.24958595E+00 0.24958595E+00 0.24958595E+00 0.24958595E+00
 0.25402000E+02 0.24958997E+00 0.24958997E+00 0.24958997E+00 0.24958997E+00
 0.25502000E+02 0.24959380E+00 0.24959380E+00 0.24959380E+00 0.24959380E+00
 0.25602000E+02 0.24959749E+00 0.24959749E+00 0.24959749E+00 0.24959749E+00
 0.25702000E+02 0.24960111E+00 0.24960111E+00 0.24960111E+00 0.24960111E+00
 0.25802000E+02 0.24960472E+00 0.24960472E+00 0.24960472E+00 0.24960472E+00
 0.25902000E+02 0.24960827E+00 0.24960827E+00 0.24960827E+00 0.24960827E+00
 0.26002000E+02 0.24961176E+00 0.24961176E+00 0.24961176E+00 0.24961176E+00
 0.26102000E+02 0.24961527E+00 0.24961527E+00 0.24961527E+00 0.24961527E+00
 0.26202000E+02 0.24961872E+00 0.24961872E+00 0.24961872E+00 0.24961872E+00
 0.26302000E+02 0.24962208E+00 0.24962208E+00 0.24962208E+00 0.24962208E+00
 0.26402000E+02 0.24962542E+00 0.24962542E+00 0.24962542E+00 0.24962542E+00
 0.26502000E+02 0.24962877E+00 0.24962877E+00 0.24962877E+00 0.24962877E+00
 0.26602000E+02 0.24963201E+00 0.24963201E+00 0.24963201E+00 0.24963201E+00
 0.26702000E+02 0.24963528E+00 0.24963528E+00 0.24963528E+00 0.24963528E+00
 0.26802000E+02 0.24963848E+00 0.24963848E+00 0.24963848E+00 0.24963848E+00
 0.26902000E+02 0.24964167E+00 0.24964167E+00 0.24964167E+00 0.24964167E+00
 0.27002000E+02 0.24964478E+00 0.24964478E+00 0.24964478E+00 0.24964478E+00
 0.27102000E+02 0.24964785E+00 0.24964785E+00 0.24964785E+00 0.24964785E+00
 0.27202000E+02 0.24965091E+00 0.24965091E+00 0.24965091E+00 0.24965091E+00
 0.27302000E+02 0.24965390E+00 0.24965390E+00 0.24965390E+00 0.24965390E+00
 0.27402000E+02 0.24965687E+00 0.24965687E+00 0.24965687E+00 0.24965687E+00
 0.27502000E+02 0.24965982E+00 0.24965982E+00 0.24965982E+00 0.24965982E+00
 0.27602000E+02 0.24966273E+00 0.24966273E+00 0.24966273E+00 0.24966273E+00
 0.27702000E+02 0.24966561E+00 0.24966561E+00 0.24966561E+00 0.24966561E+00
 0.27802000E+02 0.24966843E+00 0.24966843E+00 0.24966843E+00 0.24966843E+00
 0.27902000E+02 0.24967121E+00 0.24967121E+00 0.24967121E+00 0.24967121E+00
 0.28002000E+02 0.24967399E+00 0.24967399E+00 0.24967399E+00 0.24967399E+00
 0.28102000E+02 0.24967672E+00 0.24967672E+00 0.24967672E+00 0.24967672E+00
 0.28202000E+02 0.24967941E+00 0.24967941E+00 0.24967941E+00 0.24967941E+00
 0.28302000E+02 0.24968209E+00 0.24968209E+00 0.24968209E+00 0.24968209E+00
 0.28402000E+02 0.24968478E+00 0.24968478E+00 0.24968478E+00 0.24968478E+00
 0.28502000E+02 0.24968741E+00 0.24968741E+00 0.24968741E+00 0.24968741E+00
 0.28602000E+02 0.24968998E+00 0.24968998E+00 0.24968998E+00 0.24968998E+00
 0.28702000E+02 0.24969258E+00 0.24969258E+00 0.24969258E+00 0.24969258E+00
 0.28802000E+02 0.24969516E+00 0.24969516E+00 0.24969516E+00 0.24969516E+00
 0.28902000E+02 0.24969767E+00 0.24969767E+00 0.24969767E+00 0.24969767E+00
 0.29002000E+02 0.24970014E+00 0.24970014E+00 0.24970014E+00 0.24970014E+00
 0.29102000E+02 0.24970262E+00 0.24970262E+00 0.24970262E+00 0.24970262E+00
 0.29202000E+02 0.24970502E+00 0.24970502E+00 0.24970502E+00 0.24970502E+00
 0.29302000E+02 0.24970743E+00 0.24970743E+00 0.24970743E+00 0.24970743E+00
 0.29402000E+02 0.24970980E+00 0.24970980E+00 0.24970980E+00 0.24970980E+00
 0.29502000E+02 0.24971216E+00 0.24971216E+00 0.24971216E+00 0.24971216E+00
 0.29602000E+02 0.24971446E+00 0.24971446E+00 0.24971446E+00 0.24971446E+00
 0.29702000E+02 0.24971677E+00 0.24971677E+00 0.24971677E+00 0.24971677E+00
 0.29802000E+02 0.24971905E+00 0.24971905E+00 0.24971905E+00 0.24971905E+00
 0.29902000E+02 0.24972132E+00 0.24972132E+00 0.24972132E+00 0.24972132E+00
