 -.375000E-01 -.234715E-02
 -.125000E-01 -.234715E-02
 0.125000E-01 -.234715E-02
 0.375000E-01 -.234715E-02




 -.375000E-01 -.312554E-01
 -.125000E-01 -.312554E-01
 0.125000E-01 -.312554E-01
 0.375000E-01 -.312554E-01




 -.375000E-01 -.676680E-01
 -.125000E-01 -.676680E-01
 0.125000E-01 -.676680E-01
 0.375000E-01 -.676680E-01




 -.375000E-01 -.133008E+00
 -.125000E-01 -.133008E+00
 0.125000E-01 -.133008E+00
 0.375000E-01 -.133008E+00




 -.375000E-01 -.649887E+00
 -.125000E-01 -.649887E+00
 0.125000E-01 -.649887E+00
 0.375000E-01 -.649887E+00




 -.375000E-01 -.117099E-05
 -.125000E-01 -.117099E-05
 0.125000E-01 -.117099E-05
 0.375000E-01 -.117099E-05




 -.375000E-01 -.415851E-06
 -.125000E-01 -.415851E-06
 0.125000E-01 -.415851E-06
 0.375000E-01 -.415851E-06




 -.375000E-01 -.179800E-06
 -.125000E-01 -.179800E-06
 0.125000E-01 -.179800E-06
 0.375000E-01 -.179800E-06




 -.375000E-01 -.404865E-07
 -.125000E-01 -.404865E-07
 0.125000E-01 -.404865E-07
 0.375000E-01 -.404865E-07




 -.375000E-01 0.826427E-07
 -.125000E-01 0.826427E-07
 0.125000E-01 0.826427E-07
 0.375000E-01 0.826427E-07




 -.375000E-01 0.240641E-06
 -.125000E-01 0.240641E-06
 0.125000E-01 0.240641E-06
 0.375000E-01 0.240641E-06




 -.375000E-01 0.556985E-06
 -.125000E-01 0.556985E-06
 0.125000E-01 0.556985E-06
 0.375000E-01 0.556985E-06




 -.375000E-01 0.206038E-05
 -.125000E-01 0.206038E-05
 0.125000E-01 0.206038E-05
 0.375000E-01 0.206038E-05




 -.375000E-01 0.278815E+00
 -.125000E-01 0.278815E+00
 0.125000E-01 0.278815E+00
 0.375000E-01 0.278815E+00




 -.375000E-01 0.104601E+00
 -.125000E-01 0.104601E+00
 0.125000E-01 0.104601E+00
 0.375000E-01 0.104601E+00




 -.375000E-01 0.540017E-01
 -.125000E-01 0.540017E-01
 0.125000E-01 0.540017E-01
 0.375000E-01 0.540017E-01




 -.375000E-01 0.212177E-01
 -.125000E-01 0.212177E-01
 0.125000E-01 0.212177E-01
 0.375000E-01 0.212177E-01




