 0.99999998E-03 0.28933213E+01 0.28933213E+01 0.28933213E+01
 0.29999999E-02 0.28933208E+01 0.28933208E+01 0.28933208E+01
 0.49999999E-02 0.28933196E+01 0.28933196E+01 0.28933196E+01
 0.69999998E-02 0.28933184E+01 0.28933184E+01 0.28933184E+01
 0.89999998E-02 0.28933165E+01 0.28933165E+01 0.28933165E+01
 0.11000000E-01 0.28932321E+01 0.28932321E+01 0.28932321E+01
 0.13000000E-01 0.28933103E+01 0.28933103E+01 0.28933103E+01
 0.15000000E-01 0.28933065E+01 0.28933065E+01 0.28933065E+01
 0.17000000E-01 0.28933022E+01 0.28933022E+01 0.28933022E+01
 0.19000000E-01 0.28932970E+01 0.28932970E+01 0.28932970E+01
 0.21000000E-01 0.28932760E+01 0.28932760E+01 0.28932760E+01
 0.22999999E-01 0.28932858E+01 0.28932858E+01 0.28932858E+01
 0.24999999E-01 0.28932793E+01 0.28932793E+01 0.28932793E+01
 0.26999999E-01 0.28932724E+01 0.28932724E+01 0.28932724E+01
 0.28999999E-01 0.28932652E+01 0.28932652E+01 0.28932652E+01
 0.30999999E-01 0.28932550E+01 0.28932550E+01 0.28932550E+01
 0.32999999E-01 0.28932457E+01 0.28932457E+01 0.28932457E+01
 0.34999999E-01 0.28932371E+01 0.28932371E+01 0.28932371E+01
 0.36999999E-01 0.28932259E+01 0.28932259E+01 0.28932259E+01
 0.38999999E-01 0.28932142E+01 0.28932142E+01 0.28932142E+01
 0.40999999E-01 0.28932037E+01 0.28932037E+01 0.28932037E+01
 0.42999999E-01 0.28931921E+01 0.28931921E+01 0.28931921E+01
 0.44999999E-01 0.28931794E+01 0.28931794E+01 0.28931794E+01
 0.46999999E-01 0.28931665E+01 0.28931665E+01 0.28931665E+01
 0.48999999E-01 0.28931532E+01 0.28931532E+01 0.28931532E+01
 0.50999999E-01 0.28931875E+01 0.28931875E+01 0.28931875E+01
 0.52999999E-01 0.28931248E+01 0.28931248E+01 0.28931248E+01
 0.54999999E-01 0.28931096E+01 0.28931096E+01 0.28931096E+01
 0.56999999E-01 0.28930943E+01 0.28930943E+01 0.28930943E+01
 0.58999999E-01 0.28930779E+01 0.28930779E+01 0.28930779E+01
 0.60999999E-01 0.28931365E+01 0.28931365E+01 0.28931365E+01
 0.62999999E-01 0.28930438E+01 0.28930438E+01 0.28930438E+01
 0.64999999E-01 0.28930259E+01 0.28930259E+01 0.28930259E+01
 0.66999999E-01 0.28930075E+01 0.28930075E+01 0.28930075E+01
 0.68999998E-01 0.28929887E+01 0.28929887E+01 0.28929887E+01
 0.70999998E-01 0.28929696E+01 0.28929696E+01 0.28929696E+01
 0.72999998E-01 0.28929484E+01 0.28929484E+01 0.28929484E+01
 0.74999998E-01 0.28928840E+01 0.28928840E+01 0.28928840E+01
 0.76999998E-01 0.28929057E+01 0.28929057E+01 0.28929057E+01
 0.78999998E-01 0.28928835E+01 0.28928835E+01 0.28928835E+01
 0.80999998E-01 0.28928611E+01 0.28928611E+01 0.28928611E+01
 0.82999998E-01 0.28928392E+01 0.28928392E+01 0.28928392E+01
 0.84999998E-01 0.28928156E+01 0.28928156E+01 0.28928156E+01
 0.86999998E-01 0.28927917E+01 0.28927917E+01 0.28927917E+01
 0.88999998E-01 0.28927665E+01 0.28927665E+01 0.28927665E+01
 0.90999998E-01 0.28927422E+01 0.28927422E+01 0.28927422E+01
 0.92999998E-01 0.28927240E+01 0.28927240E+01 0.28927240E+01
 0.94999998E-01 0.28926966E+01 0.28926966E+01 0.28926966E+01
 0.96999998E-01 0.28926630E+01 0.28926630E+01 0.28926630E+01
 0.98999998E-01 0.28926356E+01 0.28926356E+01 0.28926356E+01
 0.10100000E+00 0.28925693E+01 0.28925693E+01 0.28925693E+01
 0.11100000E+00 0.28924575E+01 0.28924575E+01 0.28924575E+01
 0.12100000E+00 0.28922944E+01 0.28922944E+01 0.28922944E+01
 0.13100000E+00 0.28921163E+01 0.28921163E+01 0.28921163E+01
 0.14100000E+00 0.28919256E+01 0.28919256E+01 0.28919256E+01
 0.15100000E+00 0.28917198E+01 0.28917198E+01 0.28917198E+01
 0.16100000E+00 0.28915131E+01 0.28915131E+01 0.28915131E+01
 0.17100000E+00 0.28912652E+01 0.28912652E+01 0.28912652E+01
 0.18100000E+00 0.28910155E+01 0.28910155E+01 0.28910155E+01
 0.19100000E+00 0.28907528E+01 0.28907528E+01 0.28907528E+01
 0.20100000E+00 0.28904760E+01 0.28904760E+01 0.28904760E+01
 0.21100000E+00 0.28901930E+01 0.28901930E+01 0.28901930E+01
 0.22100000E+00 0.28898776E+01 0.28898776E+01 0.28898776E+01
 0.23099999E+00 0.28895578E+01 0.28895578E+01 0.28895578E+01
 0.24099999E+00 0.28892205E+01 0.28892205E+01 0.28892205E+01
 0.25099999E+00 0.28888710E+01 0.28888710E+01 0.28888710E+01
 0.26099999E+00 0.28885055E+01 0.28885055E+01 0.28885055E+01
 0.27099999E+00 0.28881266E+01 0.28881266E+01 0.28881266E+01
 0.28099999E+00 0.28877332E+01 0.28877332E+01 0.28877332E+01
 0.29099999E+00 0.28873284E+01 0.28873284E+01 0.28873284E+01
 0.30099999E+00 0.28868995E+01 0.28868995E+01 0.28868995E+01
 0.31099999E+00 0.28864610E+01 0.28864610E+01 0.28864610E+01
 0.32099999E+00 0.28859985E+01 0.28859985E+01 0.28859985E+01
 0.33099999E+00 0.28855362E+01 0.28855362E+01 0.28855362E+01
 0.34099999E+00 0.28850489E+01 0.28850489E+01 0.28850489E+01
 0.35099999E+00 0.28845508E+01 0.28845508E+01 0.28845508E+01
 0.36099999E+00 0.28840334E+01 0.28840334E+01 0.28840334E+01
 0.37099999E+00 0.28835030E+01 0.28835030E+01 0.28835030E+01
 0.38099999E+00 0.28829587E+01 0.28829587E+01 0.28829587E+01
 0.39099999E+00 0.28823960E+01 0.28823960E+01 0.28823960E+01
 0.40099999E+00 0.28818185E+01 0.28818185E+01 0.28818185E+01
 0.41099999E+00 0.28812253E+01 0.28812253E+01 0.28812253E+01
 0.42099999E+00 0.28806148E+01 0.28806148E+01 0.28806148E+01
 0.43099999E+00 0.28799946E+01 0.28799946E+01 0.28799946E+01
 0.44099999E+00 0.28793504E+01 0.28793504E+01 0.28793504E+01
 0.45099999E+00 0.28786938E+01 0.28786938E+01 0.28786938E+01
 0.46099999E+00 0.28780167E+01 0.28780167E+01 0.28780167E+01
 0.47099999E+00 0.28773296E+01 0.28773296E+01 0.28773296E+01
 0.48099999E+00 0.28766260E+01 0.28766260E+01 0.28766260E+01
 0.49099999E+00 0.28759003E+01 0.28759003E+01 0.28759003E+01
 0.50099999E+00 0.28751609E+01 0.28751609E+01 0.28751609E+01
 0.51099999E+00 0.28744018E+01 0.28744018E+01 0.28744018E+01
 0.52099999E+00 0.28736312E+01 0.28736312E+01 0.28736312E+01
 0.53099999E+00 0.28728404E+01 0.28728404E+01 0.28728404E+01
 0.54099999E+00 0.28720329E+01 0.28720329E+01 0.28720329E+01
 0.55099999E+00 0.28712072E+01 0.28712072E+01 0.28712072E+01
 0.56099999E+00 0.28703589E+01 0.28703589E+01 0.28703589E+01
 0.57099999E+00 0.28695009E+01 0.28695009E+01 0.28695009E+01
 0.58099999E+00 0.28686240E+01 0.28686240E+01 0.28686240E+01
 0.59099999E+00 0.28677292E+01 0.28677292E+01 0.28677292E+01
 0.60099999E+00 0.28668149E+01 0.28668149E+01 0.28668149E+01
 0.61099999E+00 0.28658834E+01 0.28658834E+01 0.28658834E+01
 0.62099999E+00 0.28649278E+01 0.28649278E+01 0.28649278E+01
 0.63099999E+00 0.28639605E+01 0.28639605E+01 0.28639605E+01
 0.64099999E+00 0.28629692E+01 0.28629692E+01 0.28629692E+01
 0.65099999E+00 0.28619666E+01 0.28619666E+01 0.28619666E+01
 0.66099999E+00 0.28609412E+01 0.28609412E+01 0.28609412E+01
 0.67099999E+00 0.28598905E+01 0.28598905E+01 0.28598905E+01
 0.68099998E+00 0.28588219E+01 0.28588219E+01 0.28588219E+01
 0.69099998E+00 0.28577402E+01 0.28577402E+01 0.28577402E+01
 0.70099998E+00 0.28566358E+01 0.28566358E+01 0.28566358E+01
 0.71099998E+00 0.28555119E+01 0.28555119E+01 0.28555119E+01
 0.72099998E+00 0.28543651E+01 0.28543651E+01 0.28543651E+01
 0.73099998E+00 0.28531992E+01 0.28531992E+01 0.28531992E+01
 0.74099998E+00 0.28520112E+01 0.28520112E+01 0.28520112E+01
 0.75099998E+00 0.28508043E+01 0.28508043E+01 0.28508043E+01
 0.76099998E+00 0.28495753E+01 0.28495753E+01 0.28495753E+01
 0.77099998E+00 0.28483250E+01 0.28483250E+01 0.28483250E+01
 0.78099998E+00 0.28470545E+01 0.28470545E+01 0.28470545E+01
 0.79099998E+00 0.28457577E+01 0.28457577E+01 0.28457577E+01
 0.80099998E+00 0.28444428E+01 0.28444428E+01 0.28444428E+01
 0.81099998E+00 0.28431020E+01 0.28431020E+01 0.28431020E+01
 0.82099998E+00 0.28417394E+01 0.28417394E+01 0.28417394E+01
 0.83099998E+00 0.28403647E+01 0.28403647E+01 0.28403647E+01
 0.84099998E+00 0.28389537E+01 0.28389537E+01 0.28389537E+01
 0.85099998E+00 0.28375156E+01 0.28375156E+01 0.28375156E+01
 0.86099998E+00 0.28360584E+01 0.28360584E+01 0.28360584E+01
 0.87099998E+00 0.28345785E+01 0.28345785E+01 0.28345785E+01
 0.88099998E+00 0.28330698E+01 0.28330698E+01 0.28330698E+01
 0.89099998E+00 0.28315446E+01 0.28315446E+01 0.28315446E+01
 0.90099998E+00 0.28299885E+01 0.28299885E+01 0.28299885E+01
 0.91099998E+00 0.28284130E+01 0.28284130E+01 0.28284130E+01
 0.92099998E+00 0.28268008E+01 0.28268008E+01 0.28268008E+01
 0.93099998E+00 0.28251615E+01 0.28251615E+01 0.28251615E+01
 0.94099998E+00 0.28234971E+01 0.28234971E+01 0.28234971E+01
 0.95099998E+00 0.28218198E+01 0.28218198E+01 0.28218198E+01
 0.96099998E+00 0.28201063E+01 0.28201063E+01 0.28201063E+01
 0.97099998E+00 0.28183644E+01 0.28183644E+01 0.28183644E+01
 0.98099998E+00 0.28165731E+01 0.28165731E+01 0.28165731E+01
 0.99099998E+00 0.28147912E+01 0.28147912E+01 0.28147912E+01
 0.10010000E+01 0.28129628E+01 0.28129628E+01 0.28129628E+01
 0.10110000E+01 0.28111036E+01 0.28111036E+01 0.28111036E+01
 0.10210000E+01 0.28092153E+01 0.28092153E+01 0.28092153E+01
 0.10310000E+01 0.28072958E+01 0.28072958E+01 0.28072958E+01
 0.10410000E+01 0.28053441E+01 0.28053441E+01 0.28053441E+01
 0.10510000E+01 0.28033609E+01 0.28033609E+01 0.28033609E+01
 0.10610000E+01 0.28013468E+01 0.28013468E+01 0.28013468E+01
 0.10710000E+01 0.27992980E+01 0.27992980E+01 0.27992980E+01
 0.10810000E+01 0.27972064E+01 0.27972064E+01 0.27972064E+01
 0.10910000E+01 0.27951012E+01 0.27951012E+01 0.27951012E+01
 0.11010000E+01 0.27929556E+01 0.27929556E+01 0.27929556E+01
 0.11110000E+01 0.27907646E+01 0.27907646E+01 0.27907646E+01
 0.11210000E+01 0.27885447E+01 0.27885447E+01 0.27885447E+01
 0.11310000E+01 0.27862868E+01 0.27862868E+01 0.27862868E+01
 0.11410000E+01 0.27839937E+01 0.27839937E+01 0.27839937E+01
 0.11510000E+01 0.27816598E+01 0.27816598E+01 0.27816598E+01
 0.11610000E+01 0.27792883E+01 0.27792883E+01 0.27792883E+01
 0.11710000E+01 0.27768764E+01 0.27768764E+01 0.27768764E+01
 0.11810000E+01 0.27744274E+01 0.27744274E+01 0.27744274E+01
 0.11910000E+01 0.27719331E+01 0.27719331E+01 0.27719331E+01
 0.12010000E+01 0.27693992E+01 0.27693992E+01 0.27693992E+01
 0.12110000E+01 0.27668583E+01 0.27668583E+01 0.27668583E+01
 0.12210000E+01 0.27642019E+01 0.27642019E+01 0.27642019E+01
 0.12310000E+01 0.27615390E+01 0.27615390E+01 0.27615390E+01
 0.12410000E+01 0.27588267E+01 0.27588267E+01 0.27588267E+01
 0.12510000E+01 0.27560682E+01 0.27560682E+01 0.27560682E+01
 0.12610000E+01 0.27532616E+01 0.27532616E+01 0.27532616E+01
 0.12710000E+01 0.27504089E+01 0.27504089E+01 0.27504089E+01
 0.12810000E+01 0.27475071E+01 0.27475071E+01 0.27475071E+01
 0.12910000E+01 0.27445524E+01 0.27445524E+01 0.27445524E+01
 0.13010000E+01 0.27415504E+01 0.27415504E+01 0.27415504E+01
 0.13110000E+01 0.27384865E+01 0.27384865E+01 0.27384865E+01
 0.13210000E+01 0.27353766E+01 0.27353766E+01 0.27353766E+01
 0.13310000E+01 0.27322047E+01 0.27322047E+01 0.27322047E+01
 0.13410000E+01 0.27289772E+01 0.27289772E+01 0.27289772E+01
 0.13510000E+01 0.27256892E+01 0.27256892E+01 0.27256892E+01
 0.13610000E+01 0.27223423E+01 0.27223423E+01 0.27223423E+01
 0.13710000E+01 0.27189355E+01 0.27189355E+01 0.27189355E+01
 0.13810000E+01 0.27154734E+01 0.27154734E+01 0.27154734E+01
 0.13910000E+01 0.27119265E+01 0.27119265E+01 0.27119265E+01
 0.14010000E+01 0.27083433E+01 0.27083433E+01 0.27083433E+01
 0.14110000E+01 0.27046492E+01 0.27046492E+01 0.27046492E+01
 0.14210000E+01 0.27009063E+01 0.27009063E+01 0.27009063E+01
 0.14310000E+01 0.26970880E+01 0.26970880E+01 0.26970880E+01
 0.14410000E+01 0.26931982E+01 0.26931982E+01 0.26931982E+01
 0.14510000E+01 0.26892297E+01 0.26892297E+01 0.26892297E+01
 0.14610000E+01 0.26851854E+01 0.26851854E+01 0.26851854E+01
 0.14710000E+01 0.26810493E+01 0.26810493E+01 0.26810493E+01
 0.14810000E+01 0.26768379E+01 0.26768379E+01 0.26768379E+01
 0.14910000E+01 0.26725404E+01 0.26725404E+01 0.26725404E+01
 0.15010000E+01 0.26681435E+01 0.26681435E+01 0.26681435E+01
 0.15110000E+01 0.26636617E+01 0.26636617E+01 0.26636617E+01
 0.15210000E+01 0.26590798E+01 0.26590798E+01 0.26590798E+01
 0.15310000E+01 0.26543953E+01 0.26543953E+01 0.26543953E+01
 0.15410000E+01 0.26496084E+01 0.26496084E+01 0.26496084E+01
 0.15510000E+01 0.26447237E+01 0.26447237E+01 0.26447237E+01
 0.15610000E+01 0.26397247E+01 0.26397247E+01 0.26397247E+01
 0.15710000E+01 0.26346080E+01 0.26346080E+01 0.26346080E+01
 0.15810000E+01 0.26293759E+01 0.26293759E+01 0.26293759E+01
 0.15910000E+01 0.26240118E+01 0.26240118E+01 0.26240118E+01
 0.16010000E+01 0.26185317E+01 0.26185317E+01 0.26185317E+01
 0.16110000E+01 0.26129093E+01 0.26129093E+01 0.26129093E+01
 0.16210000E+01 0.26071491E+01 0.26071491E+01 0.26071491E+01
 0.16310000E+01 0.26012447E+01 0.26012447E+01 0.26012447E+01
 0.16410000E+01 0.25951912E+01 0.25951912E+01 0.25951912E+01
 0.16510000E+01 0.25889809E+01 0.25889809E+01 0.25889809E+01
 0.16610000E+01 0.25826035E+01 0.25826035E+01 0.25826035E+01
 0.16710000E+01 0.25760527E+01 0.25760527E+01 0.25760527E+01
 0.16810000E+01 0.25693123E+01 0.25693123E+01 0.25693123E+01
 0.16910000E+01 0.25623927E+01 0.25623927E+01 0.25623927E+01
 0.17010000E+01 0.25552607E+01 0.25552607E+01 0.25552607E+01
 0.17110000E+01 0.25479321E+01 0.25479321E+01 0.25479321E+01
 0.17210000E+01 0.25403671E+01 0.25403671E+01 0.25403671E+01
 0.17310000E+01 0.25325813E+01 0.25325813E+01 0.25325813E+01
 0.17410000E+01 0.25245335E+01 0.25245335E+01 0.25245335E+01
 0.17510000E+01 0.25162318E+01 0.25162318E+01 0.25162318E+01
 0.17610000E+01 0.25076501E+01 0.25076501E+01 0.25076501E+01
 0.17710000E+01 0.24987655E+01 0.24987655E+01 0.24987655E+01
 0.17810000E+01 0.24895678E+01 0.24895678E+01 0.24895678E+01
 0.17910000E+01 0.24800258E+01 0.24800258E+01 0.24800258E+01
 0.18010000E+01 0.24701319E+01 0.24701319E+01 0.24701319E+01
 0.18050000E+01 0.24660544E+01 0.24660544E+01 0.24660544E+01
 0.18090000E+01 0.24619222E+01 0.24619222E+01 0.24619222E+01
 0.18130000E+01 0.24577236E+01 0.24577236E+01 0.24577236E+01
 0.18170000E+01 0.24534538E+01 0.24534538E+01 0.24534538E+01
 0.18210000E+01 0.24491160E+01 0.24491160E+01 0.24491160E+01
 0.18250000E+01 0.24447067E+01 0.24447067E+01 0.24447067E+01
 0.18290000E+01 0.24402115E+01 0.24402115E+01 0.24402115E+01
 0.18330000E+01 0.24356394E+01 0.24356394E+01 0.24356394E+01
 0.18370000E+01 0.24309983E+01 0.24309983E+01 0.24309983E+01
 0.18410000E+01 0.24262614E+01 0.24262614E+01 0.24262614E+01
 0.18450000E+01 0.24214520E+01 0.24214520E+01 0.24214520E+01
 0.18490000E+01 0.24165392E+01 0.24165392E+01 0.24165392E+01
 0.18530000E+01 0.24115343E+01 0.24115343E+01 0.24115343E+01
 0.18570000E+01 0.24064436E+01 0.24064436E+01 0.24064436E+01
 0.18610000E+01 0.24012346E+01 0.24012346E+01 0.24012346E+01
 0.18650000E+01 0.23959322E+01 0.23959322E+01 0.23959322E+01
 0.18690000E+01 0.23905110E+01 0.23905110E+01 0.23905110E+01
 0.18730000E+01 0.23849905E+01 0.23849905E+01 0.23849905E+01
 0.18770000E+01 0.23793383E+01 0.23793383E+01 0.23793383E+01
 0.18810000E+01 0.23735635E+01 0.23735635E+01 0.23735635E+01
 0.18850000E+01 0.23676546E+01 0.23676546E+01 0.23676546E+01
 0.18890000E+01 0.23616071E+01 0.23616071E+01 0.23616071E+01
 0.18930000E+01 0.23554158E+01 0.23554158E+01 0.23554158E+01
 0.18970000E+01 0.23490798E+01 0.23490798E+01 0.23490798E+01
 0.19010000E+01 0.23425851E+01 0.23425851E+01 0.23425851E+01
 0.19050000E+01 0.23359089E+01 0.23359089E+01 0.23359089E+01
 0.19090000E+01 0.23290679E+01 0.23290679E+01 0.23290679E+01
 0.19130000E+01 0.23220305E+01 0.23220305E+01 0.23220305E+01
 0.19170000E+01 0.23147838E+01 0.23147838E+01 0.23147838E+01
 0.19210000E+01 0.23073394E+01 0.23073394E+01 0.23073394E+01
 0.19250000E+01 0.22996542E+01 0.22996542E+01 0.22996542E+01
 0.19290000E+01 0.22917285E+01 0.22917285E+01 0.22917285E+01
 0.19330000E+01 0.22835393E+01 0.22835393E+01 0.22835393E+01
 0.19370000E+01 0.22750671E+01 0.22750671E+01 0.22750671E+01
 0.19410000E+01 0.22662833E+01 0.22662833E+01 0.22662833E+01
 0.19450000E+01 0.22571688E+01 0.22571688E+01 0.22571688E+01
 0.19490000E+01 0.22476866E+01 0.22476866E+01 0.22476866E+01
 0.19530000E+01 0.22377975E+01 0.22377975E+01 0.22377975E+01
 0.19570000E+01 0.22274587E+01 0.22274587E+01 0.22274587E+01
 0.19610000E+01 0.22166228E+01 0.22166228E+01 0.22166228E+01
 0.19650000E+01 0.22052276E+01 0.22052276E+01 0.22052276E+01
 0.19690000E+01 0.21931808E+01 0.21931808E+01 0.21931808E+01
 0.19730000E+01 0.21803925E+01 0.21803925E+01 0.21803925E+01
 0.19770000E+01 0.21667123E+01 0.21667123E+01 0.21667123E+01
 0.19810000E+01 0.21519697E+01 0.21519697E+01 0.21519697E+01
 0.19850000E+01 0.21358845E+01 0.21358845E+01 0.21358845E+01
 0.19890000E+01 0.21180348E+01 0.21180348E+01 0.21180348E+01
 0.19930000E+01 0.20976503E+01 0.20976503E+01 0.20976503E+01
 0.19970000E+01 0.20729258E+01 0.20729258E+01 0.20729258E+01
 0.20010000E+01 0.20348759E+01 0.20348759E+01 0.20348759E+01
 0.20050000E+01 0.20071623E+01 0.20071623E+01 0.20071623E+01
 0.20090000E+01 0.19873388E+01 0.19873388E+01 0.19873388E+01
 0.20130000E+01 0.19715865E+01 0.19715865E+01 0.19715865E+01
 0.20170000E+01 0.19586387E+01 0.19586387E+01 0.19586387E+01
 0.20210000E+01 0.19478399E+01 0.19478399E+01 0.19478399E+01
 0.20250000E+01 0.19387717E+01 0.19387717E+01 0.19387717E+01
 0.20290000E+01 0.19311429E+01 0.19311429E+01 0.19311429E+01
 0.20330000E+01 0.19247506E+01 0.19247506E+01 0.19247506E+01
 0.20370000E+01 0.19194299E+01 0.19194299E+01 0.19194299E+01
 0.20410000E+01 0.19150555E+01 0.19150555E+01 0.19150555E+01
 0.20450000E+01 0.19115131E+01 0.19115131E+01 0.19115131E+01
 0.20490000E+01 0.19087257E+01 0.19087257E+01 0.19087257E+01
 0.20530000E+01 0.19066083E+01 0.19066083E+01 0.19066083E+01
 0.20570000E+01 0.19051080E+01 0.19051080E+01 0.19051080E+01
 0.20610000E+01 0.19041576E+01 0.19041576E+01 0.19041576E+01
 0.20650000E+01 0.19037285E+01 0.19037285E+01 0.19037285E+01
 0.20690000E+01 0.19037535E+01 0.19037535E+01 0.19037535E+01
 0.20730000E+01 0.19042193E+01 0.19042193E+01 0.19042193E+01
 0.20770000E+01 0.19050835E+01 0.19050835E+01 0.19050835E+01
 0.20810000E+01 0.19063089E+01 0.19063089E+01 0.19063089E+01
 0.20850000E+01 0.19078728E+01 0.19078728E+01 0.19078728E+01
 0.20890000E+01 0.19097595E+01 0.19097595E+01 0.19097595E+01
 0.20930000E+01 0.19119239E+01 0.19119239E+01 0.19119239E+01
 0.20970000E+01 0.19143745E+01 0.19143745E+01 0.19143745E+01
 0.21010000E+01 0.19170669E+01 0.19170669E+01 0.19170669E+01
 0.21050000E+01 0.19200019E+01 0.19200019E+01 0.19200019E+01
 0.21090000E+01 0.19231508E+01 0.19231508E+01 0.19231508E+01
 0.21130000E+01 0.19265076E+01 0.19265076E+01 0.19265076E+01
 0.21170000E+01 0.19300606E+01 0.19300606E+01 0.19300606E+01
 0.21210000E+01 0.19337922E+01 0.19337922E+01 0.19337922E+01
 0.21250000E+01 0.19376884E+01 0.19376884E+01 0.19376884E+01
 0.21290000E+01 0.19417490E+01 0.19417490E+01 0.19417490E+01
 0.21330000E+01 0.19459496E+01 0.19459496E+01 0.19459496E+01
 0.21370000E+01 0.19502894E+01 0.19502894E+01 0.19502894E+01
 0.21410000E+01 0.19547604E+01 0.19547604E+01 0.19547604E+01
 0.21450000E+01 0.19593530E+01 0.19593530E+01 0.19593530E+01
 0.21490000E+01 0.19640554E+01 0.19640554E+01 0.19640554E+01
 0.21530000E+01 0.19688630E+01 0.19688630E+01 0.19688630E+01
 0.21570000E+01 0.19737750E+01 0.19737750E+01 0.19737750E+01
 0.21610000E+01 0.19787790E+01 0.19787790E+01 0.19787790E+01
 0.21650000E+01 0.19838653E+01 0.19838653E+01 0.19838653E+01
 0.21690000E+01 0.19890425E+01 0.19890425E+01 0.19890425E+01
 0.21730000E+01 0.19942913E+01 0.19942913E+01 0.19942913E+01
 0.21770000E+01 0.19996146E+01 0.19996146E+01 0.19996146E+01
 0.21810000E+01 0.20050197E+01 0.20050197E+01 0.20050197E+01
 0.21850000E+01 0.20104454E+01 0.20104454E+01 0.20104454E+01
 0.21890000E+01 0.20159628E+01 0.20159628E+01 0.20159628E+01
 0.21930000E+01 0.20215209E+01 0.20215209E+01 0.20215209E+01
 0.21970000E+01 0.20271349E+01 0.20271349E+01 0.20271349E+01
 0.22010000E+01 0.20327950E+01 0.20327950E+01 0.20327950E+01
 0.22210000E+01 0.20616949E+01 0.20616949E+01 0.20616949E+01
 0.22409999E+01 0.20913293E+01 0.20913293E+01 0.20913293E+01
 0.22609999E+01 0.21214490E+01 0.21214490E+01 0.21214490E+01
 0.22809999E+01 0.21517930E+01 0.21517930E+01 0.21517930E+01
 0.23009999E+01 0.21822312E+01 0.21822312E+01 0.21822312E+01
 0.23209999E+01 0.22126203E+01 0.22126203E+01 0.22126203E+01
 0.23409999E+01 0.22428463E+01 0.22428463E+01 0.22428463E+01
 0.23609999E+01 0.22728341E+01 0.22728341E+01 0.22728341E+01
 0.23809999E+01 0.23025215E+01 0.23025215E+01 0.23025215E+01
 0.24009999E+01 0.23318412E+01 0.23318412E+01 0.23318412E+01
 0.24209999E+01 0.23607650E+01 0.23607650E+01 0.23607650E+01
 0.24409999E+01 0.23892591E+01 0.23892591E+01 0.23892591E+01
 0.24609999E+01 0.24173048E+01 0.24173048E+01 0.24173048E+01
 0.24809999E+01 0.24448729E+01 0.24448729E+01 0.24448729E+01
 0.25009999E+01 0.24719627E+01 0.24719627E+01 0.24719627E+01
 0.25209999E+01 0.24985564E+01 0.24985564E+01 0.24985564E+01
 0.25409999E+01 0.25246558E+01 0.25246558E+01 0.25246558E+01
 0.25609999E+01 0.25502520E+01 0.25502520E+01 0.25502520E+01
 0.25809999E+01 0.25753510E+01 0.25753510E+01 0.25753510E+01
 0.26009999E+01 0.25999486E+01 0.25999486E+01 0.25999486E+01
 0.26209999E+01 0.26240540E+01 0.26240540E+01 0.26240540E+01
 0.26409999E+01 0.26476686E+01 0.26476686E+01 0.26476686E+01
 0.26609999E+01 0.26707976E+01 0.26707976E+01 0.26707976E+01
 0.26809999E+01 0.26934469E+01 0.26934469E+01 0.26934469E+01
 0.27009999E+01 0.27156255E+01 0.27156255E+01 0.27156255E+01
 0.27209999E+01 0.27373369E+01 0.27373369E+01 0.27373369E+01
 0.27409999E+01 0.27585948E+01 0.27585948E+01 0.27585948E+01
 0.27609999E+01 0.27794042E+01 0.27794042E+01 0.27794042E+01
 0.27809999E+01 0.27997735E+01 0.27997735E+01 0.27997735E+01
 0.28009999E+01 0.28197119E+01 0.28197119E+01 0.28197119E+01
 0.28209999E+01 0.28392270E+01 0.28392270E+01 0.28392270E+01
 0.28409999E+01 0.28583300E+01 0.28583300E+01 0.28583300E+01
 0.28609999E+01 0.28770266E+01 0.28770266E+01 0.28770266E+01
 0.28809999E+01 0.28953285E+01 0.28953285E+01 0.28953285E+01
 0.29009999E+01 0.29132431E+01 0.29132431E+01 0.29132431E+01
 0.29209999E+01 0.29307785E+01 0.29307785E+01 0.29307785E+01
 0.29409999E+01 0.29479470E+01 0.29479470E+01 0.29479470E+01
 0.29609999E+01 0.29647532E+01 0.29647532E+01 0.29647532E+01
 0.29809999E+01 0.29812036E+01 0.29812036E+01 0.29812036E+01
 0.30009999E+01 0.29973123E+01 0.29973123E+01 0.29973123E+01
 0.31009999E+01 0.30729558E+01 0.30729558E+01 0.30729558E+01
 0.32009999E+01 0.31411278E+01 0.31411278E+01 0.31411278E+01
 0.33009999E+01 0.32026808E+01 0.32026808E+01 0.32026808E+01
 0.34009999E+01 0.32583711E+01 0.32583711E+01 0.32583711E+01
 0.35009999E+01 0.33088615E+01 0.33088615E+01 0.33088615E+01
 0.36009999E+01 0.33547330E+01 0.33547330E+01 0.33547330E+01
 0.37009999E+01 0.33964987E+01 0.33964987E+01 0.33964987E+01
 0.38009999E+01 0.34346020E+01 0.34346020E+01 0.34346020E+01
 0.39009999E+01 0.34694436E+01 0.34694436E+01 0.34694436E+01
 0.40009999E+01 0.35013397E+01 0.35013397E+01 0.35013397E+01
 0.41009999E+01 0.35306282E+01 0.35306282E+01 0.35306282E+01
 0.42010000E+01 0.35575550E+01 0.35575550E+01 0.35575550E+01
 0.43010000E+01 0.35823586E+01 0.35823586E+01 0.35823586E+01
 0.44010000E+01 0.36052456E+01 0.36052456E+01 0.36052456E+01
 0.45010000E+01 0.36264005E+01 0.36264005E+01 0.36264005E+01
 0.46010000E+01 0.36459854E+01 0.36459854E+01 0.36459854E+01
 0.47010000E+01 0.36641483E+01 0.36641483E+01 0.36641483E+01
 0.48010000E+01 0.36810172E+01 0.36810172E+01 0.36810172E+01
 0.49010000E+01 0.36967039E+01 0.36967039E+01 0.36967039E+01
 0.50010000E+01 0.37113149E+01 0.37113149E+01 0.37113149E+01
 0.51010000E+01 0.37249453E+01 0.37249453E+01 0.37249453E+01
 0.52010000E+01 0.37376759E+01 0.37376759E+01 0.37376759E+01
 0.53010000E+01 0.37495816E+01 0.37495816E+01 0.37495816E+01
 0.54010000E+01 0.37607274E+01 0.37607274E+01 0.37607274E+01
 0.55010000E+01 0.37711754E+01 0.37711754E+01 0.37711754E+01
 0.56010000E+01 0.37809846E+01 0.37809846E+01 0.37809846E+01
 0.57010000E+01 0.37901988E+01 0.37901988E+01 0.37901988E+01
 0.58010000E+01 0.37988677E+01 0.37988677E+01 0.37988677E+01
 0.59010000E+01 0.38070307E+01 0.38070307E+01 0.38070307E+01
 0.60010000E+01 0.38147242E+01 0.38147242E+01 0.38147242E+01
 0.61010000E+01 0.38219852E+01 0.38219852E+01 0.38219852E+01
 0.62010000E+01 0.38288364E+01 0.38288364E+01 0.38288364E+01
 0.63010000E+01 0.38353243E+01 0.38353243E+01 0.38353243E+01
 0.64010000E+01 0.38414588E+01 0.38414588E+01 0.38414588E+01
 0.65010000E+01 0.38472669E+01 0.38472669E+01 0.38472669E+01
 0.66010000E+01 0.38527725E+01 0.38527725E+01 0.38527725E+01
 0.67010000E+01 0.38579986E+01 0.38579986E+01 0.38579986E+01
 0.68010000E+01 0.38629577E+01 0.38629577E+01 0.38629577E+01
 0.69010000E+01 0.38676720E+01 0.38676720E+01 0.38676720E+01
 0.70010000E+01 0.38721545E+01 0.38721545E+01 0.38721545E+01
 0.71010000E+01 0.38764184E+01 0.38764184E+01 0.38764184E+01
 0.72010000E+01 0.38804798E+01 0.38804798E+01 0.38804798E+01
 0.73010000E+01 0.38843517E+01 0.38843517E+01 0.38843517E+01
 0.74010000E+01 0.38880432E+01 0.38880432E+01 0.38880432E+01
 0.75010000E+01 0.38915648E+01 0.38915648E+01 0.38915648E+01
 0.76010000E+01 0.38949292E+01 0.38949292E+01 0.38949292E+01
 0.77010000E+01 0.38981438E+01 0.38981438E+01 0.38981438E+01
 0.78010000E+01 0.39012167E+01 0.39012167E+01 0.39012167E+01
 0.79010000E+01 0.39041579E+01 0.39041579E+01 0.39041579E+01
 0.80010000E+01 0.39069715E+01 0.39069715E+01 0.39069715E+01
 0.81010000E+01 0.39096680E+01 0.39096680E+01 0.39096680E+01
 0.82010000E+01 0.39122527E+01 0.39122527E+01 0.39122527E+01
 0.83010000E+01 0.39147282E+01 0.39147282E+01 0.39147282E+01
 0.84010000E+01 0.39171069E+01 0.39171069E+01 0.39171069E+01
 0.85010000E+01 0.39193890E+01 0.39193890E+01 0.39193890E+01
 0.86010000E+01 0.39215794E+01 0.39215794E+01 0.39215794E+01
 0.87010000E+01 0.39236848E+01 0.39236848E+01 0.39236848E+01
 0.88010000E+01 0.39257085E+01 0.39257085E+01 0.39257085E+01
 0.89010000E+01 0.39276540E+01 0.39276540E+01 0.39276540E+01
 0.90010000E+01 0.39295287E+01 0.39295287E+01 0.39295287E+01
 0.91010000E+01 0.39313312E+01 0.39313312E+01 0.39313312E+01
 0.92010000E+01 0.39330664E+01 0.39330664E+01 0.39330664E+01
 0.93010000E+01 0.39347396E+01 0.39347396E+01 0.39347396E+01
 0.94010000E+01 0.39363534E+01 0.39363534E+01 0.39363534E+01
 0.95010000E+01 0.39379086E+01 0.39379086E+01 0.39379086E+01
 0.96010000E+01 0.39394097E+01 0.39394097E+01 0.39394097E+01
 0.97010000E+01 0.39408588E+01 0.39408588E+01 0.39408588E+01
 0.98010000E+01 0.39422560E+01 0.39422560E+01 0.39422560E+01
 0.99010000E+01 0.39436061E+01 0.39436061E+01 0.39436061E+01
