 -.375000E-01 0.280800E+00
 -.125000E-01 0.280800E+00
 0.125000E-01 0.280800E+00
 0.375000E-01 0.280800E+00




 -.375000E-01 0.280815E+00
 -.125000E-01 0.280815E+00
 0.125000E-01 0.280815E+00
 0.375000E-01 0.280815E+00




 -.375000E-01 0.280881E+00
 -.125000E-01 0.280881E+00
 0.125000E-01 0.280881E+00
 0.375000E-01 0.280881E+00




 -.375000E-01 0.281281E+00
 -.125000E-01 0.281281E+00
 0.125000E-01 0.281281E+00
 0.375000E-01 0.281281E+00




 -.375000E-01 0.106161E+01
 -.125000E-01 0.106161E+01
 0.125000E-01 0.106161E+01
 0.375000E-01 0.106161E+01




 -.375000E-01 0.471310E+00
 -.125000E-01 0.471310E+00
 0.125000E-01 0.471310E+00
 0.375000E-01 0.471310E+00




 -.375000E-01 0.436781E+00
 -.125000E-01 0.436781E+00
 0.125000E-01 0.436781E+00
 0.375000E-01 0.436781E+00




 -.375000E-01 0.425134E+00
 -.125000E-01 0.425134E+00
 0.125000E-01 0.425134E+00
 0.375000E-01 0.425134E+00




 -.375000E-01 0.421162E+00
 -.125000E-01 0.421162E+00
 0.125000E-01 0.421162E+00
 0.375000E-01 0.421162E+00




 -.375000E-01 0.421906E+00
 -.125000E-01 0.421906E+00
 0.125000E-01 0.421906E+00
 0.375000E-01 0.421906E+00




 -.375000E-01 0.427858E+00
 -.125000E-01 0.427858E+00
 0.125000E-01 0.427858E+00
 0.375000E-01 0.427858E+00




 -.375000E-01 0.444049E+00
 -.125000E-01 0.444049E+00
 0.125000E-01 0.444049E+00
 0.375000E-01 0.444049E+00




 -.375000E-01 0.500882E+00
 -.125000E-01 0.500882E+00
 0.125000E-01 0.500882E+00
 0.375000E-01 0.500882E+00




 -.375000E-01 0.286313E+00
 -.125000E-01 0.286313E+00
 0.125000E-01 0.286313E+00
 0.375000E-01 0.286313E+00




 -.375000E-01 0.281044E+00
 -.125000E-01 0.281044E+00
 0.125000E-01 0.281044E+00
 0.375000E-01 0.281044E+00




 -.375000E-01 0.280848E+00
 -.125000E-01 0.280848E+00
 0.125000E-01 0.280848E+00
 0.375000E-01 0.280848E+00




 -.375000E-01 0.280807E+00
 -.125000E-01 0.280807E+00
 0.125000E-01 0.280807E+00
 0.375000E-01 0.280807E+00




