 -.375000E-01 0.140682E+00
 -.125000E-01 0.140682E+00
 0.125000E-01 0.140682E+00
 0.375000E-01 0.140682E+00




 -.375000E-01 0.140710E+00
 -.125000E-01 0.140710E+00
 0.125000E-01 0.140710E+00
 0.375000E-01 0.140710E+00




 -.375000E-01 0.140813E+00
 -.125000E-01 0.140813E+00
 0.125000E-01 0.140813E+00
 0.375000E-01 0.140813E+00




 -.375000E-01 0.141189E+00
 -.125000E-01 0.141189E+00
 0.125000E-01 0.141189E+00
 0.375000E-01 0.141189E+00




 -.375000E-01 0.169887E+00
 -.125000E-01 0.169887E+00
 0.125000E-01 0.169887E+00
 0.375000E-01 0.169887E+00




 -.375000E-01 0.346646E+00
 -.125000E-01 0.346646E+00
 0.125000E-01 0.346646E+00
 0.375000E-01 0.346646E+00




 -.375000E-01 0.392364E+00
 -.125000E-01 0.392364E+00
 0.125000E-01 0.392364E+00
 0.375000E-01 0.392364E+00




 -.375000E-01 0.412719E+00
 -.125000E-01 0.412719E+00
 0.125000E-01 0.412719E+00
 0.375000E-01 0.412719E+00




 -.375000E-01 0.420434E+00
 -.125000E-01 0.420434E+00
 0.125000E-01 0.420434E+00
 0.375000E-01 0.420434E+00




 -.375000E-01 0.418956E+00
 -.125000E-01 0.418956E+00
 0.125000E-01 0.418956E+00
 0.375000E-01 0.418956E+00




 -.375000E-01 0.407671E+00
 -.125000E-01 0.407671E+00
 0.125000E-01 0.407671E+00
 0.375000E-01 0.407671E+00




 -.375000E-01 0.381134E+00
 -.125000E-01 0.381134E+00
 0.125000E-01 0.381134E+00
 0.375000E-01 0.381134E+00




 -.375000E-01 0.318895E+00
 -.125000E-01 0.318895E+00
 0.125000E-01 0.318895E+00
 0.375000E-01 0.318895E+00




 -.375000E-01 0.142908E+00
 -.125000E-01 0.142908E+00
 0.125000E-01 0.142908E+00
 0.375000E-01 0.142908E+00




 -.375000E-01 0.140995E+00
 -.125000E-01 0.140995E+00
 0.125000E-01 0.140995E+00
 0.375000E-01 0.140995E+00




 -.375000E-01 0.140766E+00
 -.125000E-01 0.140766E+00
 0.125000E-01 0.140766E+00
 0.375000E-01 0.140766E+00




 -.375000E-01 0.140695E+00
 -.125000E-01 0.140695E+00
 0.125000E-01 0.140695E+00
 0.375000E-01 0.140695E+00




