 0.99999998E-03 0.58158962E-05 0.58158962E-05 0.58158962E-05
 0.29999999E-02 0.60097354E-05 0.60097354E-05 0.60097354E-05
 0.49999999E-02 0.62337567E-05 0.62337567E-05 0.62337567E-05
 0.69999998E-02 0.62629961E-05 0.62629961E-05 0.62629961E-05
 0.89999998E-02 0.61755377E-05 0.61755372E-05 0.61755372E-05
 0.11000000E-01 0.61292676E-05 0.61292676E-05 0.61292676E-05
 0.13000000E-01 0.61746514E-05 0.61746514E-05 0.61746514E-05
 0.15000000E-01 0.62215031E-05 0.62215031E-05 0.62215031E-05
 0.17000000E-01 0.61981577E-05 0.61981577E-05 0.61981577E-05
 0.19000000E-01 0.61590099E-05 0.61590099E-05 0.61590099E-05
 0.21000000E-01 0.61630276E-05 0.61630276E-05 0.61630276E-05
 0.22999999E-01 0.62003951E-05 0.62003951E-05 0.62003951E-05
 0.24999999E-01 0.62040344E-05 0.62040344E-05 0.62040344E-05
 0.26999999E-01 0.61769206E-05 0.61769206E-05 0.61769206E-05
 0.28999999E-01 0.61640530E-05 0.61640530E-05 0.61640530E-05
 0.30999999E-01 0.61858814E-05 0.61858814E-05 0.61858814E-05
 0.32999999E-01 0.62028944E-05 0.62028944E-05 0.62028944E-05
 0.34999999E-01 0.61887790E-05 0.61887790E-05 0.61887790E-05
 0.36999999E-01 0.61708092E-05 0.61708092E-05 0.61708092E-05
 0.38999999E-01 0.61774113E-05 0.61774113E-05 0.61774113E-05
 0.40999999E-01 0.61977448E-05 0.61977448E-05 0.61977448E-05
 0.42999999E-01 0.61960777E-05 0.61960777E-05 0.61960777E-05
 0.44999999E-01 0.61796736E-05 0.61796736E-05 0.61796736E-05
 0.46999999E-01 0.61751180E-05 0.61751180E-05 0.61751180E-05
 0.48999999E-01 0.61910250E-05 0.61910250E-05 0.61910250E-05
 0.50999999E-01 0.61992009E-05 0.61992009E-05 0.61992009E-05
 0.52999999E-01 0.61882101E-05 0.61882101E-05 0.61882101E-05
 0.54999999E-01 0.61778487E-05 0.61778487E-05 0.61778487E-05
 0.56999999E-01 0.61854485E-05 0.61854485E-05 0.61854485E-05
 0.58999999E-01 0.61987594E-05 0.61987594E-05 0.61987594E-05
 0.60999999E-01 0.61952205E-05 0.61952205E-05 0.61952205E-05
 0.62999999E-01 0.61837718E-05 0.61837718E-05 0.61837718E-05
 0.64999999E-01 0.61830924E-05 0.61830924E-05 0.61830924E-05
 0.66999999E-01 0.61958308E-05 0.61958308E-05 0.61958308E-05
 0.68999998E-01 0.61998257E-05 0.61998257E-05 0.61998257E-05
 0.70999998E-01 0.61908040E-05 0.61908040E-05 0.61908040E-05
 0.72999998E-01 0.61845490E-05 0.61845490E-05 0.61845490E-05
 0.74999998E-01 0.61924329E-05 0.61924329E-05 0.61924329E-05
 0.76999998E-01 0.62017612E-05 0.62017612E-05 0.62017612E-05
 0.78999998E-01 0.61975843E-05 0.61975843E-05 0.61975843E-05
 0.80999998E-01 0.61891824E-05 0.61891824E-05 0.61891824E-05
 0.82999998E-01 0.61906730E-05 0.61906730E-05 0.61906730E-05
 0.84999998E-01 0.62012377E-05 0.62012377E-05 0.62012377E-05
 0.86999998E-01 0.62029762E-05 0.62029762E-05 0.62029762E-05
 0.88999998E-01 0.61954679E-05 0.61954679E-05 0.61954679E-05
 0.90999998E-01 0.61917935E-05 0.61917935E-05 0.61917935E-05
 0.92999998E-01 0.61995820E-05 0.61995820E-05 0.61995820E-05
 0.94999998E-01 0.62063973E-05 0.62063973E-05 0.62063973E-05
 0.96999998E-01 0.62021668E-05 0.62021668E-05 0.62021668E-05
 0.98999998E-01 0.61958708E-05 0.61958708E-05 0.61958708E-05
 0.10100000E+00 0.61986248E-05 0.61986248E-05 0.61986248E-05
 0.11100000E+00 0.62073591E-05 0.62073591E-05 0.62073591E-05
 0.12100000E+00 0.62150389E-05 0.62150389E-05 0.62150389E-05
 0.13100000E+00 0.62202489E-05 0.62202489E-05 0.62202489E-05
 0.14100000E+00 0.62235008E-05 0.62235008E-05 0.62235008E-05
 0.15100000E+00 0.62263375E-05 0.62263375E-05 0.62263375E-05
 0.16100000E+00 0.62298691E-05 0.62298691E-05 0.62298691E-05
 0.17100000E+00 0.62350609E-05 0.62350609E-05 0.62350609E-05
 0.18100000E+00 0.62422373E-05 0.62422373E-05 0.62422373E-05
 0.19100000E+00 0.62513027E-05 0.62513027E-05 0.62513027E-05
 0.20100000E+00 0.62613130E-05 0.62613130E-05 0.62613130E-05
 0.21100000E+00 0.62712516E-05 0.62712516E-05 0.62712516E-05
 0.22100000E+00 0.62805616E-05 0.62805616E-05 0.62805616E-05
 0.23099999E+00 0.62891631E-05 0.62891631E-05 0.62891631E-05
 0.24099999E+00 0.62975564E-05 0.62975564E-05 0.62975564E-05
 0.25099999E+00 0.63060488E-05 0.63060488E-05 0.63060488E-05
 0.26099999E+00 0.63150933E-05 0.63150933E-05 0.63150933E-05
 0.27099999E+00 0.63247853E-05 0.63247853E-05 0.63247853E-05
 0.28099999E+00 0.63353955E-05 0.63353955E-05 0.63353955E-05
 0.29099999E+00 0.63468569E-05 0.63468569E-05 0.63468569E-05
 0.30099999E+00 0.63593011E-05 0.63593011E-05 0.63593011E-05
 0.31099999E+00 0.63725124E-05 0.63725124E-05 0.63725124E-05
 0.32099999E+00 0.63864836E-05 0.63864836E-05 0.63864836E-05
 0.33099999E+00 0.64009996E-05 0.64009996E-05 0.64009996E-05
 0.34099999E+00 0.64160149E-05 0.64160149E-05 0.64160149E-05
 0.35099999E+00 0.64314559E-05 0.64314559E-05 0.64314559E-05
 0.36099999E+00 0.64472883E-05 0.64472883E-05 0.64472883E-05
 0.37099999E+00 0.64635751E-05 0.64635751E-05 0.64635751E-05
 0.38099999E+00 0.64802707E-05 0.64802707E-05 0.64802707E-05
 0.39099999E+00 0.64975084E-05 0.64975084E-05 0.64975084E-05
 0.40099999E+00 0.65152090E-05 0.65152090E-05 0.65152090E-05
 0.41099999E+00 0.65335262E-05 0.65335262E-05 0.65335262E-05
 0.42099999E+00 0.65523482E-05 0.65523482E-05 0.65523482E-05
 0.43099999E+00 0.65718204E-05 0.65718204E-05 0.65718204E-05
 0.44099999E+00 0.65918084E-05 0.65918084E-05 0.65918084E-05
 0.45099999E+00 0.66124321E-05 0.66124321E-05 0.66124321E-05
 0.46099999E+00 0.66335583E-05 0.66335583E-05 0.66335583E-05
 0.47099999E+00 0.66552739E-05 0.66552739E-05 0.66552739E-05
 0.48099999E+00 0.66775201E-05 0.66775201E-05 0.66775201E-05
 0.49099999E+00 0.67003743E-05 0.67003743E-05 0.67003743E-05
 0.50099999E+00 0.67239944E-05 0.67239944E-05 0.67239944E-05
 0.51099999E+00 0.67484912E-05 0.67484912E-05 0.67484912E-05
 0.52099999E+00 0.67742744E-05 0.67742744E-05 0.67742744E-05
 0.53099999E+00 0.68013519E-05 0.68013519E-05 0.68013519E-05
 0.54099999E+00 0.68300337E-05 0.68300337E-05 0.68300337E-05
 0.55099999E+00 0.68600220E-05 0.68600220E-05 0.68600220E-05
 0.56099999E+00 0.68913487E-05 0.68913487E-05 0.68913487E-05
 0.57099999E+00 0.69236721E-05 0.69236721E-05 0.69236721E-05
 0.58099999E+00 0.69568382E-05 0.69568382E-05 0.69568382E-05
 0.59099999E+00 0.69898938E-05 0.69898938E-05 0.69898938E-05
 0.60099999E+00 0.70223568E-05 0.70223568E-05 0.70223568E-05
 0.61099999E+00 0.70546489E-05 0.70546489E-05 0.70546489E-05
 0.62099999E+00 0.70890205E-05 0.70890205E-05 0.70890205E-05
 0.63099999E+00 0.71273298E-05 0.71273298E-05 0.71273298E-05
 0.64099999E+00 0.71686441E-05 0.71686441E-05 0.71686441E-05
 0.65099999E+00 0.72119396E-05 0.72119396E-05 0.72119396E-05
 0.66099999E+00 0.72558855E-05 0.72558855E-05 0.72558855E-05
 0.67099999E+00 0.72980765E-05 0.72980765E-05 0.72980765E-05
 0.68099998E+00 0.73384954E-05 0.73384954E-05 0.73384954E-05
 0.69099998E+00 0.73835063E-05 0.73835063E-05 0.73835063E-05
 0.70099998E+00 0.74350760E-05 0.74350760E-05 0.74350760E-05
 0.71099998E+00 0.74895420E-05 0.74895420E-05 0.74895420E-05
 0.72099998E+00 0.75445828E-05 0.75445828E-05 0.75445828E-05
 0.73099998E+00 0.75946618E-05 0.75946618E-05 0.75946618E-05
 0.74099998E+00 0.76470069E-05 0.76470069E-05 0.76470069E-05
 0.75099998E+00 0.77099230E-05 0.77099230E-05 0.77099230E-05
 0.76099998E+00 0.77772302E-05 0.77772302E-05 0.77772302E-05
 0.77099998E+00 0.78441353E-05 0.78441353E-05 0.78441353E-05
 0.78099998E+00 0.79038882E-05 0.79038882E-05 0.79038882E-05
 0.79099998E+00 0.79746696E-05 0.79746696E-05 0.79746696E-05
 0.80099998E+00 0.80560358E-05 0.80560358E-05 0.80560358E-05
 0.81099998E+00 0.81393900E-05 0.81393900E-05 0.81393900E-05
 0.82099998E+00 0.82128090E-05 0.82128090E-05 0.82128090E-05
 0.83099998E+00 0.82997731E-05 0.82997731E-05 0.82997731E-05
 0.84099998E+00 0.84005733E-05 0.84005733E-05 0.84005733E-05
 0.85099998E+00 0.85027905E-05 0.85027905E-05 0.85027905E-05
 0.86099998E+00 0.85941883E-05 0.85941883E-05 0.85941883E-05
 0.87099998E+00 0.87120670E-05 0.87120670E-05 0.87120670E-05
 0.88099998E+00 0.88425904E-05 0.88425904E-05 0.88425904E-05
 0.89099998E+00 0.89619580E-05 0.89619580E-05 0.89619580E-05
 0.90099998E+00 0.90984367E-05 0.90984367E-05 0.90984367E-05
 0.91099998E+00 0.92644987E-05 0.92644987E-05 0.92644987E-05
 0.92099998E+00 0.94304351E-05 0.94304351E-05 0.94304351E-05
 0.93099998E+00 0.96031645E-05 0.96031645E-05 0.96031645E-05
 0.94099998E+00 0.98293767E-05 0.98293767E-05 0.98293767E-05
 0.95099998E+00 0.10070494E-04 0.10070494E-04 0.10070494E-04
 0.96099998E+00 0.10329112E-04 0.10329112E-04 0.10329112E-04
 0.97099998E+00 0.10691884E-04 0.10691884E-04 0.10691884E-04
 0.98099998E+00 0.11122851E-04 0.11122851E-04 0.11122851E-04
 0.99099998E+00 0.11745033E-04 0.11745033E-04 0.11745033E-04
 0.10010000E+01 0.14345838E-04 0.14345838E-04 0.14345838E-04
 0.10110000E+01 0.17155662E-04 0.17155662E-04 0.17155662E-04
 0.10210000E+01 0.18355671E-04 0.18355671E-04 0.18355671E-04
 0.10310000E+01 0.19220797E-04 0.19220797E-04 0.19220797E-04
 0.10410000E+01 0.19748484E-04 0.19748484E-04 0.19748484E-04
 0.10510000E+01 0.20273235E-04 0.20273235E-04 0.20273235E-04
 0.10610000E+01 0.20642785E-04 0.20642785E-04 0.20642785E-04
 0.10710000E+01 0.20935213E-04 0.20935213E-04 0.20935213E-04
 0.10810000E+01 0.21218384E-04 0.21218384E-04 0.21218384E-04
 0.10910000E+01 0.21359905E-04 0.21359905E-04 0.21359905E-04
 0.11010000E+01 0.21556927E-04 0.21556927E-04 0.21556927E-04
 0.11110000E+01 0.21663725E-04 0.21663725E-04 0.21663725E-04
 0.11210000E+01 0.21773136E-04 0.21773136E-04 0.21773136E-04
 0.11310000E+01 0.21866410E-04 0.21866410E-04 0.21866410E-04
 0.11410000E+01 0.21890613E-04 0.21890613E-04 0.21890613E-04
 0.11510000E+01 0.21961363E-04 0.21961363E-04 0.21961363E-04
 0.11610000E+01 0.21935155E-04 0.21935155E-04 0.21935155E-04
 0.11710000E+01 0.21976861E-04 0.21976861E-04 0.21976861E-04
 0.11810000E+01 0.21945698E-04 0.21945698E-04 0.21945698E-04
 0.11910000E+01 0.21948357E-04 0.21948357E-04 0.21948357E-04
 0.12010000E+01 0.21909103E-04 0.21909103E-04 0.21909103E-04
 0.12110000E+01 0.21890717E-04 0.21890717E-04 0.21890717E-04
 0.12210000E+01 0.21849803E-04 0.21849803E-04 0.21849803E-04
 0.12310000E+01 0.21804779E-04 0.21804779E-04 0.21804779E-04
 0.12410000E+01 0.21761287E-04 0.21761287E-04 0.21761287E-04
 0.12510000E+01 0.21695309E-04 0.21695309E-04 0.21695309E-04
 0.12610000E+01 0.21653292E-04 0.21653292E-04 0.21653292E-04
 0.12710000E+01 0.21572680E-04 0.21572680E-04 0.21572680E-04
 0.12810000E+01 0.21519707E-04 0.21519707E-04 0.21519707E-04
 0.12910000E+01 0.21436677E-04 0.21436677E-04 0.21436677E-04
 0.13010000E+01 0.21374268E-04 0.21374268E-04 0.21374268E-04
 0.13110000E+01 0.21292599E-04 0.21292599E-04 0.21292599E-04
 0.13210000E+01 0.21221869E-04 0.21221869E-04 0.21221869E-04
 0.13310000E+01 0.21148382E-04 0.21148382E-04 0.21148382E-04
 0.13410000E+01 0.21058824E-04 0.21058824E-04 0.21058824E-04
 0.13510000E+01 0.20994936E-04 0.20994936E-04 0.20994936E-04
 0.13610000E+01 0.20896900E-04 0.20896900E-04 0.20896900E-04
 0.13710000E+01 0.20843647E-04 0.20843647E-04 0.20843647E-04
 0.13810000E+01 0.20758476E-04 0.20758476E-04 0.20758476E-04
 0.13910000E+01 0.20699359E-04 0.20699359E-04 0.20699359E-04
 0.14010000E+01 0.20593585E-04 0.20593585E-04 0.20593585E-04
 0.14110000E+01 0.20545178E-04 0.20545178E-04 0.20545178E-04
 0.14210000E+01 0.20450087E-04 0.20450087E-04 0.20450087E-04
 0.14310000E+01 0.20381061E-04 0.20381061E-04 0.20381061E-04
 0.14410000E+01 0.20302341E-04 0.20302341E-04 0.20302341E-04
 0.14510000E+01 0.20209938E-04 0.20209938E-04 0.20209938E-04
 0.14610000E+01 0.20168818E-04 0.20168818E-04 0.20168818E-04
 0.14710000E+01 0.20076059E-04 0.20076059E-04 0.20076059E-04
 0.14810000E+01 0.20047331E-04 0.20047331E-04 0.20047331E-04
 0.14910000E+01 0.19975074E-04 0.19975074E-04 0.19975074E-04
 0.15010000E+01 0.19899055E-04 0.19899055E-04 0.19899055E-04
 0.15110000E+01 0.19847852E-04 0.19847852E-04 0.19847852E-04
 0.15210000E+01 0.19773162E-04 0.19773162E-04 0.19773162E-04
 0.15310000E+01 0.19754772E-04 0.19754772E-04 0.19754772E-04
 0.15410000E+01 0.19686166E-04 0.19686166E-04 0.19686166E-04
 0.15510000E+01 0.19638452E-04 0.19638452E-04 0.19638452E-04
 0.15610000E+01 0.19593539E-04 0.19593539E-04 0.19593539E-04
 0.15710000E+01 0.19540614E-04 0.19540614E-04 0.19540614E-04
 0.15810000E+01 0.19536523E-04 0.19536523E-04 0.19536523E-04
 0.15910000E+01 0.19485069E-04 0.19485069E-04 0.19485069E-04
 0.16010000E+01 0.19437999E-04 0.19437999E-04 0.19437999E-04
 0.16110000E+01 0.19439476E-04 0.19439476E-04 0.19439476E-04
 0.16210000E+01 0.19408566E-04 0.19408566E-04 0.19408566E-04
 0.16310000E+01 0.19403456E-04 0.19403456E-04 0.19403456E-04
 0.16410000E+01 0.19383571E-04 0.19383571E-04 0.19383571E-04
 0.16510000E+01 0.19364910E-04 0.19364910E-04 0.19364910E-04
 0.16610000E+01 0.19398914E-04 0.19398914E-04 0.19398914E-04
 0.16710000E+01 0.19389056E-04 0.19389056E-04 0.19389056E-04
 0.16810000E+01 0.19382471E-04 0.19382471E-04 0.19382471E-04
 0.16910000E+01 0.19448642E-04 0.19448642E-04 0.19448642E-04
 0.17010000E+01 0.19451752E-04 0.19451752E-04 0.19451752E-04
 0.17110000E+01 0.19466945E-04 0.19466945E-04 0.19466945E-04
 0.17210000E+01 0.19552243E-04 0.19552243E-04 0.19552243E-04
 0.17310000E+01 0.19591864E-04 0.19591864E-04 0.19591864E-04
 0.17410000E+01 0.19638208E-04 0.19638208E-04 0.19638208E-04
 0.17510000E+01 0.19747280E-04 0.19747280E-04 0.19747280E-04
 0.17610000E+01 0.19826464E-04 0.19826464E-04 0.19826464E-04
 0.17710000E+01 0.19910069E-04 0.19910069E-04 0.19910069E-04
 0.17810000E+01 0.20062131E-04 0.20062131E-04 0.20062131E-04
 0.17910000E+01 0.20180809E-04 0.20180809E-04 0.20180809E-04
 0.18010000E+01 0.20311754E-04 0.20311754E-04 0.20311754E-04
 0.18050000E+01 0.20399901E-04 0.20399901E-04 0.20399901E-04
 0.18090000E+01 0.20487592E-04 0.20487592E-04 0.20487592E-04
 0.18130000E+01 0.20551914E-04 0.20551914E-04 0.20551914E-04
 0.18170000E+01 0.20620260E-04 0.20620260E-04 0.20620260E-04
 0.18210000E+01 0.20705847E-04 0.20705847E-04 0.20705847E-04
 0.18250000E+01 0.20788584E-04 0.20788584E-04 0.20788584E-04
 0.18290000E+01 0.20863443E-04 0.20863443E-04 0.20863443E-04
 0.18330000E+01 0.20949905E-04 0.20949905E-04 0.20949905E-04
 0.18370000E+01 0.21074768E-04 0.21074768E-04 0.21074768E-04
 0.18410000E+01 0.21197990E-04 0.21197990E-04 0.21197990E-04
 0.18450000E+01 0.21297128E-04 0.21297128E-04 0.21297128E-04
 0.18490000E+01 0.21399721E-04 0.21399721E-04 0.21399721E-04
 0.18530000E+01 0.21522934E-04 0.21522934E-04 0.21522934E-04
 0.18570000E+01 0.21666070E-04 0.21666070E-04 0.21666070E-04
 0.18610000E+01 0.21777376E-04 0.21777376E-04 0.21777376E-04
 0.18650000E+01 0.21910397E-04 0.21910397E-04 0.21910397E-04
 0.18690000E+01 0.22079254E-04 0.22079254E-04 0.22079254E-04
 0.18730000E+01 0.22261196E-04 0.22261196E-04 0.22261196E-04
 0.18770000E+01 0.22423508E-04 0.22423508E-04 0.22423508E-04
 0.18810000E+01 0.22588867E-04 0.22588867E-04 0.22588867E-04
 0.18850000E+01 0.22776350E-04 0.22776350E-04 0.22776350E-04
 0.18890000E+01 0.22979042E-04 0.22979042E-04 0.22979042E-04
 0.18930000E+01 0.23181738E-04 0.23181738E-04 0.23181738E-04
 0.18970000E+01 0.23397713E-04 0.23397713E-04 0.23397713E-04
 0.19010000E+01 0.23644867E-04 0.23644867E-04 0.23644867E-04
 0.19050000E+01 0.23929560E-04 0.23929560E-04 0.23929560E-04
 0.19090000E+01 0.24210380E-04 0.24210380E-04 0.24210380E-04
 0.19130000E+01 0.24487947E-04 0.24487947E-04 0.24487947E-04
 0.19170000E+01 0.24792738E-04 0.24792738E-04 0.24792738E-04
 0.19210000E+01 0.25134159E-04 0.25134159E-04 0.25134159E-04
 0.19250000E+01 0.25497588E-04 0.25497588E-04 0.25497588E-04
 0.19290000E+01 0.25879213E-04 0.25879213E-04 0.25879213E-04
 0.19330000E+01 0.26301332E-04 0.26301332E-04 0.26301332E-04
 0.19370000E+01 0.26787508E-04 0.26787508E-04 0.26787508E-04
 0.19410000E+01 0.27313026E-04 0.27313026E-04 0.27313026E-04
 0.19450000E+01 0.27867145E-04 0.27867145E-04 0.27867145E-04
 0.19490000E+01 0.28471675E-04 0.28471675E-04 0.28471675E-04
 0.19530000E+01 0.29156154E-04 0.29156154E-04 0.29156154E-04
 0.19570000E+01 0.29929046E-04 0.29929046E-04 0.29929046E-04
 0.19610000E+01 0.30789339E-04 0.30789339E-04 0.30789339E-04
 0.19650000E+01 0.31767522E-04 0.31767522E-04 0.31767522E-04
 0.19690000E+01 0.32913766E-04 0.32913766E-04 0.32913766E-04
 0.19730000E+01 0.34286342E-04 0.34286342E-04 0.34286342E-04
 0.19770000E+01 0.35922130E-04 0.35922130E-04 0.35922130E-04
 0.19810000E+01 0.37915015E-04 0.37915015E-04 0.37915015E-04
 0.19850000E+01 0.40469786E-04 0.40469786E-04 0.40469786E-04
 0.19890000E+01 0.43988086E-04 0.43988086E-04 0.43988086E-04
 0.19930000E+01 0.49373892E-04 0.49373892E-04 0.49373892E-04
 0.19970000E+01 0.60045044E-04 0.60045044E-04 0.60045044E-04
 0.20010000E+01 0.22363456E-01 0.22363456E-01 0.22363456E-01
 0.20050000E+01 0.10992563E+00 0.10992563E+00 0.10992563E+00
 0.20090000E+01 0.19503468E+00 0.19503468E+00 0.19503468E+00
 0.20130000E+01 0.27775982E+00 0.27775982E+00 0.27775982E+00
 0.20170000E+01 0.35814703E+00 0.35814703E+00 0.35814703E+00
 0.20210000E+01 0.43630573E+00 0.43630573E+00 0.43630573E+00
 0.20250000E+01 0.51233739E+00 0.51233739E+00 0.51233739E+00
 0.20290000E+01 0.58627880E+00 0.58627880E+00 0.58627880E+00
 0.20330000E+01 0.65818018E+00 0.65818018E+00 0.65818018E+00
 0.20370000E+01 0.72819370E+00 0.72819370E+00 0.72819370E+00
 0.20410000E+01 0.79628307E+00 0.79628307E+00 0.79628307E+00
 0.20450000E+01 0.86254603E+00 0.86254603E+00 0.86254603E+00
 0.20490000E+01 0.92703772E+00 0.92703772E+00 0.92703772E+00
 0.20530000E+01 0.98984140E+00 0.98984140E+00 0.98984140E+00
 0.20570000E+01 0.10509928E+01 0.10509928E+01 0.10509928E+01
 0.20610000E+01 0.11105224E+01 0.11105224E+01 0.11105224E+01
 0.20650000E+01 0.11685114E+01 0.11685114E+01 0.11685114E+01
 0.20690000E+01 0.12249813E+01 0.12249813E+01 0.12249813E+01
 0.20730000E+01 0.12799833E+01 0.12799833E+01 0.12799833E+01
 0.20770000E+01 0.13335695E+01 0.13335695E+01 0.13335695E+01
 0.20810000E+01 0.13857979E+01 0.13857979E+01 0.13857979E+01
 0.20850000E+01 0.14366195E+01 0.14366195E+01 0.14366195E+01
 0.20890000E+01 0.14862257E+01 0.14862257E+01 0.14862257E+01
 0.20930000E+01 0.15344744E+01 0.15344744E+01 0.15344744E+01
 0.20970000E+01 0.15815986E+01 0.15815986E+01 0.15815986E+01
 0.21010000E+01 0.16274238E+01 0.16274238E+01 0.16274238E+01
 0.21050000E+01 0.16721847E+01 0.16721847E+01 0.16721847E+01
 0.21090000E+01 0.17157279E+01 0.17157279E+01 0.17157279E+01
 0.21130000E+01 0.17582375E+01 0.17582375E+01 0.17582375E+01
 0.21170000E+01 0.17996564E+01 0.17996564E+01 0.17996564E+01
 0.21210000E+01 0.18400418E+01 0.18400418E+01 0.18400418E+01
 0.21250000E+01 0.18794154E+01 0.18794154E+01 0.18794154E+01
 0.21290000E+01 0.19177917E+01 0.19177917E+01 0.19177917E+01
 0.21330000E+01 0.19552464E+01 0.19552464E+01 0.19552464E+01
 0.21370000E+01 0.19916899E+01 0.19916899E+01 0.19916899E+01
 0.21410000E+01 0.20272899E+01 0.20272899E+01 0.20272899E+01
 0.21450000E+01 0.20619857E+01 0.20619857E+01 0.20619857E+01
 0.21490000E+01 0.20958152E+01 0.20958152E+01 0.20958152E+01
 0.21530000E+01 0.21287992E+01 0.21287992E+01 0.21287992E+01
 0.21570000E+01 0.21609666E+01 0.21609666E+01 0.21609666E+01
 0.21610000E+01 0.21923292E+01 0.21923292E+01 0.21923292E+01
 0.21650000E+01 0.22229137E+01 0.22229137E+01 0.22229137E+01
 0.21690000E+01 0.22527223E+01 0.22527223E+01 0.22527223E+01
 0.21730000E+01 0.22818210E+01 0.22818210E+01 0.22818210E+01
 0.21770000E+01 0.23102045E+01 0.23102045E+01 0.23102045E+01
 0.21810000E+01 0.23378377E+01 0.23378377E+01 0.23378377E+01
 0.21850000E+01 0.23647847E+01 0.23647847E+01 0.23647847E+01
 0.21890000E+01 0.23910751E+01 0.23910751E+01 0.23910751E+01
 0.21930000E+01 0.24167068E+01 0.24167068E+01 0.24167068E+01
 0.21970000E+01 0.24416921E+01 0.24416921E+01 0.24416921E+01
 0.22010000E+01 0.24660525E+01 0.24660525E+01 0.24660525E+01
 0.22210000E+01 0.25789554E+01 0.25789554E+01 0.25789554E+01
 0.22409999E+01 0.26782110E+01 0.26782110E+01 0.26782110E+01
 0.22609999E+01 0.27653160E+01 0.27653160E+01 0.27653160E+01
 0.22809999E+01 0.28415239E+01 0.28415239E+01 0.28415239E+01
 0.23009999E+01 0.29079423E+01 0.29079423E+01 0.29079423E+01
 0.23209999E+01 0.29656293E+01 0.29656293E+01 0.29656293E+01
 0.23409999E+01 0.30153761E+01 0.30153761E+01 0.30153761E+01
 0.23609999E+01 0.30580044E+01 0.30580044E+01 0.30580044E+01
 0.23809999E+01 0.30941997E+01 0.30941997E+01 0.30941997E+01
 0.24009999E+01 0.31245668E+01 0.31245668E+01 0.31245668E+01
 0.24209999E+01 0.31496570E+01 0.31496570E+01 0.31496570E+01
 0.24409999E+01 0.31699965E+01 0.31699965E+01 0.31699965E+01
 0.24609999E+01 0.31859963E+01 0.31859963E+01 0.31859963E+01
 0.24809999E+01 0.31980574E+01 0.31980574E+01 0.31980574E+01
 0.25009999E+01 0.32065604E+01 0.32065604E+01 0.32065604E+01
 0.25209999E+01 0.32118213E+01 0.32118213E+01 0.32118213E+01
 0.25409999E+01 0.32141490E+01 0.32141490E+01 0.32141490E+01
 0.25609999E+01 0.32137926E+01 0.32137926E+01 0.32137926E+01
 0.25809999E+01 0.32110043E+01 0.32110043E+01 0.32110043E+01
 0.26009999E+01 0.32060132E+01 0.32060132E+01 0.32060132E+01
 0.26209999E+01 0.31990211E+01 0.31990211E+01 0.31990211E+01
 0.26409999E+01 0.31902158E+01 0.31902158E+01 0.31902158E+01
 0.26609999E+01 0.31797497E+01 0.31797497E+01 0.31797497E+01
 0.26809999E+01 0.31677957E+01 0.31677957E+01 0.31677957E+01
 0.27009999E+01 0.31544845E+01 0.31544845E+01 0.31544845E+01
 0.27209999E+01 0.31399448E+01 0.31399448E+01 0.31399448E+01
 0.27409999E+01 0.31243021E+01 0.31243021E+01 0.31243021E+01
 0.27609999E+01 0.31076608E+01 0.31076608E+01 0.31076608E+01
 0.27809999E+01 0.30901213E+01 0.30901213E+01 0.30901213E+01
 0.28009999E+01 0.30717750E+01 0.30717750E+01 0.30717750E+01
 0.28209999E+01 0.30527034E+01 0.30527034E+01 0.30527034E+01
 0.28409999E+01 0.30329895E+01 0.30329895E+01 0.30329895E+01
 0.28609999E+01 0.30126984E+01 0.30126984E+01 0.30126984E+01
 0.28809999E+01 0.29918988E+01 0.29918988E+01 0.29918988E+01
 0.29009999E+01 0.29706502E+01 0.29706502E+01 0.29706502E+01
 0.29209999E+01 0.29490082E+01 0.29490082E+01 0.29490082E+01
 0.29409999E+01 0.29270244E+01 0.29270244E+01 0.29270244E+01
 0.29609999E+01 0.29047403E+01 0.29047403E+01 0.29047403E+01
 0.29809999E+01 0.28822064E+01 0.28822064E+01 0.28822064E+01
 0.30009999E+01 0.28594580E+01 0.28594580E+01 0.28594580E+01
 0.31009999E+01 0.27437007E+01 0.27437007E+01 0.27437007E+01
 0.32009999E+01 0.26270053E+01 0.26270053E+01 0.26270053E+01
 0.33009999E+01 0.25117576E+01 0.25117576E+01 0.25117576E+01
 0.34009999E+01 0.23994884E+01 0.23994884E+01 0.23994884E+01
 0.35009999E+01 0.22911553E+01 0.22911553E+01 0.22911553E+01
 0.36009999E+01 0.21873164E+01 0.21873164E+01 0.21873164E+01
 0.37009999E+01 0.20882614E+01 0.20882614E+01 0.20882614E+01
 0.38009999E+01 0.19940916E+01 0.19940916E+01 0.19940916E+01
 0.39009999E+01 0.19047847E+01 0.19047847E+01 0.19047847E+01
 0.40009999E+01 0.18202302E+01 0.18202302E+01 0.18202302E+01
 0.41009999E+01 0.17402835E+01 0.17402835E+01 0.17402835E+01
 0.42010000E+01 0.16647328E+01 0.16647328E+01 0.16647328E+01
 0.43010000E+01 0.15933771E+01 0.15933771E+01 0.15933771E+01
 0.44010000E+01 0.15259914E+01 0.15259914E+01 0.15259914E+01
 0.45010000E+01 0.14623555E+01 0.14623555E+01 0.14623555E+01
 0.46010000E+01 0.14022499E+01 0.14022499E+01 0.14022499E+01
 0.47010000E+01 0.13454642E+01 0.13454642E+01 0.13454642E+01
 0.48010000E+01 0.12917947E+01 0.12917947E+01 0.12917947E+01
 0.49010000E+01 0.12410474E+01 0.12410474E+01 0.12410474E+01
 0.50010000E+01 0.11930368E+01 0.11930368E+01 0.11930368E+01
 0.51010000E+01 0.11475955E+01 0.11475955E+01 0.11475955E+01
 0.52010000E+01 0.11045572E+01 0.11045572E+01 0.11045572E+01
 0.53010000E+01 0.10637715E+01 0.10637715E+01 0.10637715E+01
 0.54010000E+01 0.10250946E+01 0.10250946E+01 0.10250946E+01
 0.55010000E+01 0.98839617E+00 0.98839617E+00 0.98839617E+00
 0.56010000E+01 0.95355141E+00 0.95355141E+00 0.95355141E+00
 0.57010000E+01 0.92044616E+00 0.92044616E+00 0.92044616E+00
 0.58010000E+01 0.88897252E+00 0.88897252E+00 0.88897252E+00
 0.59010000E+01 0.85903138E+00 0.85903138E+00 0.85903138E+00
 0.60010000E+01 0.83052880E+00 0.83052880E+00 0.83052880E+00
 0.61010000E+01 0.80337960E+00 0.80337960E+00 0.80337960E+00
 0.62010000E+01 0.77749926E+00 0.77749926E+00 0.77749926E+00
 0.63010000E+01 0.75282097E+00 0.75282097E+00 0.75282097E+00
 0.64010000E+01 0.72926795E+00 0.72926795E+00 0.72926795E+00
 0.65010000E+01 0.70677650E+00 0.70677650E+00 0.70677650E+00
 0.66010000E+01 0.68528587E+00 0.68528587E+00 0.68528587E+00
 0.67010000E+01 0.66474122E+00 0.66474122E+00 0.66474122E+00
 0.68010000E+01 0.64508736E+00 0.64508736E+00 0.64508736E+00
 0.69010000E+01 0.62627578E+00 0.62627578E+00 0.62627578E+00
 0.70010000E+01 0.60826111E+00 0.60826111E+00 0.60826111E+00
 0.71010000E+01 0.59099853E+00 0.59099853E+00 0.59099853E+00
 0.72010000E+01 0.57444882E+00 0.57444882E+00 0.57444882E+00
 0.73010000E+01 0.55857414E+00 0.55857414E+00 0.55857414E+00
 0.74010000E+01 0.54333919E+00 0.54333919E+00 0.54333919E+00
 0.75010000E+01 0.52871001E+00 0.52871001E+00 0.52871001E+00
 0.76010000E+01 0.51465625E+00 0.51465625E+00 0.51465625E+00
 0.77010000E+01 0.50114834E+00 0.50114834E+00 0.50114834E+00
 0.78010000E+01 0.48815909E+00 0.48815909E+00 0.48815909E+00
 0.79010000E+01 0.47566286E+00 0.47566286E+00 0.47566286E+00
 0.80010000E+01 0.46363494E+00 0.46363494E+00 0.46363494E+00
 0.81010000E+01 0.45205298E+00 0.45205298E+00 0.45205298E+00
 0.82010000E+01 0.44089541E+00 0.44089541E+00 0.44089541E+00
 0.83010000E+01 0.43014178E+00 0.43014178E+00 0.43014178E+00
 0.84010000E+01 0.41977409E+00 0.41977409E+00 0.41977409E+00
 0.85010000E+01 0.40977311E+00 0.40977311E+00 0.40977311E+00
 0.86010000E+01 0.40012258E+00 0.40012258E+00 0.40012258E+00
 0.87010000E+01 0.39080629E+00 0.39080629E+00 0.39080629E+00
 0.88010000E+01 0.38180938E+00 0.38180938E+00 0.38180938E+00
 0.89010000E+01 0.37311739E+00 0.37311739E+00 0.37311739E+00
 0.90010000E+01 0.36471719E+00 0.36471719E+00 0.36471719E+00
 0.91010000E+01 0.35659549E+00 0.35659549E+00 0.35659549E+00
 0.92010000E+01 0.34874043E+00 0.34874043E+00 0.34874043E+00
 0.93010000E+01 0.34114075E+00 0.34114075E+00 0.34114075E+00
 0.94010000E+01 0.33378533E+00 0.33378533E+00 0.33378533E+00
 0.95010000E+01 0.32666418E+00 0.32666418E+00 0.32666418E+00
 0.96010000E+01 0.31976730E+00 0.31976730E+00 0.31976730E+00
 0.97010000E+01 0.31308573E+00 0.31308573E+00 0.31308573E+00
 0.98010000E+01 0.30661035E+00 0.30661035E+00 0.30661035E+00
 0.99010000E+01 0.30033293E+00 0.30033293E+00 0.30033293E+00
