 -.990000E+00 -.320025E-02
 -.970000E+00 -.320136E-02
 -.950000E+00 -.320415E-02
 -.930000E+00 -.320740E-02
 -.910000E+00 -.320971E-02
 -.890000E+00 -.485860E-03
 -.870000E+00 0.481327E-02
 -.850000E+00 0.802509E-02
 -.830000E+00 0.776017E-02
 -.810000E+00 0.413532E-02
 -.790000E+00 -.127789E-02
 -.770000E+00 -.613451E-02
 -.750000E+00 -.833200E-02
 -.730000E+00 -.692047E-02
 -.710000E+00 -.251330E-02
 -.690000E+00 0.297944E-02
 -.670000E+00 0.717878E-02
 -.650000E+00 0.826723E-02
 -.630000E+00 0.577538E-02
 -.610000E+00 0.784351E-03
 -.590000E+00 -.454328E-02
 -.570000E+00 -.790048E-02
 -.550000E+00 -.783481E-02
 -.530000E+00 -.437677E-02
 -.510000E+00 0.974269E-03
 -.490000E+00 0.590022E-02
 -.470000E+00 0.826845E-02
 -.450000E+00 0.705507E-02
 -.430000E+00 0.278765E-02
 -.410000E+00 -.268422E-02
 -.390000E+00 -.699053E-02
 -.370000E+00 -.826739E-02
 -.350000E+00 -.596377E-02
 -.330000E+00 -.107929E-02
 -.310000E+00 0.426956E-02
 -.290000E+00 0.776649E-02
 -.270000E+00 0.789848E-02
 -.250000E+00 0.461041E-02
 -.230000E+00 -.671930E-03
 -.210000E+00 -.566013E-02
 -.190000E+00 -.819453E-02
 -.170000E+00 -.717923E-02
 -.150000E+00 -.305600E-02
 -.130000E+00 0.238795E-02
 -.110000E+00 0.679465E-02
 -.900000E-01 0.825665E-02
 -.700000E-01 0.614271E-02
 -.500000E-01 0.137031E-02
 -.300000E-01 -.399253E-02
 -.100000E-01 -.762339E-02
 0.100000E-01 -.795119E-02
 0.300000E-01 -.483600E-02
 0.500000E-01 0.371256E-03
 0.700000E-01 0.541461E-02
 0.900000E-01 0.811042E-02
 0.110000E+00 0.729287E-02
 0.130000E+00 0.331806E-02
 0.150000E+00 -.209104E-02
 0.170000E+00 -.659145E-02
 0.190000E+00 -.823510E-02
 0.210000E+00 -.631203E-02
 0.230000E+00 -.165707E-02
 0.250000E+00 0.371257E-02
 0.270000E+00 0.747145E-02
 0.290000E+00 0.799297E-02
 0.310000E+00 0.505330E-02
 0.330000E+00 -.726328E-04
 0.350000E+00 -.516401E-02
 0.370000E+00 -.801633E-02
 0.390000E+00 -.739592E-02
 0.410000E+00 -.357352E-02
 0.430000E+00 0.179387E-02
 0.450000E+00 0.638128E-02
 0.470000E+00 0.820287E-02
 0.490000E+00 0.647159E-02
 0.510000E+00 0.193922E-02
 0.530000E+00 -.343008E-02
 0.550000E+00 -.731093E-02
 0.570000E+00 -.802386E-02
 0.590000E+00 -.526210E-02
 0.610000E+00 -.223565E-03
 0.630000E+00 0.490872E-02
 0.650000E+00 0.791246E-02
 0.670000E+00 0.748836E-02
 0.690000E+00 0.382212E-02
 0.710000E+00 -.149684E-02
 0.730000E+00 -.616446E-02
 0.750000E+00 -.816010E-02
 0.770000E+00 -.662127E-02
 0.790000E+00 -.221642E-02
 0.810000E+00 0.314545E-02
 0.830000E+00 0.714212E-02
 0.850000E+00 0.804390E-02
 0.870000E+00 0.546219E-02
 0.890000E+00 0.516966E-03
 0.910000E+00 -.701625E-02
 0.930000E+00 -.128417E-01
 0.950000E+00 -.117157E-01
 0.970000E+00 -.413283E-02
 0.990000E+00 0.661921E-02




































































































 -.990000E+00 -.744708E-01
 -.970000E+00 -.744695E-01
 -.950000E+00 -.744655E-01
 -.930000E+00 -.744588E-01
 -.910000E+00 -.744495E-01
 -.890000E+00 -.717455E-01
 -.870000E+00 -.662991E-01
 -.850000E+00 -.607909E-01
 -.830000E+00 -.552262E-01
 -.810000E+00 -.496105E-01
 -.790000E+00 -.439494E-01
 -.770000E+00 -.382483E-01
 -.750000E+00 -.325129E-01
 -.730000E+00 -.267488E-01
 -.710000E+00 -.209616E-01
 -.690000E+00 -.151570E-01
 -.670000E+00 -.934068E-02
 -.650000E+00 -.351831E-02
 -.630000E+00 0.230440E-02
 -.610000E+00 0.812175E-02
 -.590000E+00 0.139281E-01
 -.570000E+00 0.197176E-01
 -.550000E+00 0.254849E-01
 -.530000E+00 0.312241E-01
 -.510000E+00 0.369297E-01
 -.490000E+00 0.425961E-01
 -.470000E+00 0.482178E-01
 -.450000E+00 0.537893E-01
 -.430000E+00 0.593052E-01
 -.410000E+00 0.647602E-01
 -.390000E+00 0.701489E-01
 -.370000E+00 0.754660E-01
 -.350000E+00 0.807064E-01
 -.330000E+00 0.858651E-01
 -.310000E+00 0.909370E-01
 -.290000E+00 0.959172E-01
 -.270000E+00 0.100801E+00
 -.250000E+00 0.105583E+00
 -.230000E+00 0.110260E+00
 -.210000E+00 0.114826E+00
 -.190000E+00 0.119277E+00
 -.170000E+00 0.123610E+00
 -.150000E+00 0.127819E+00
 -.130000E+00 0.131901E+00
 -.110000E+00 0.135852E+00
 -.900000E-01 0.139667E+00
 -.700000E-01 0.143345E+00
 -.500000E-01 0.146880E+00
 -.300000E-01 0.150269E+00
 -.100000E-01 0.153510E+00
 0.100000E-01 0.156599E+00
 0.300000E-01 0.159534E+00
 0.500000E-01 0.162311E+00
 0.700000E-01 0.164928E+00
 0.900000E-01 0.167382E+00
 0.110000E+00 0.169672E+00
 0.130000E+00 0.171795E+00
 0.150000E+00 0.173749E+00
 0.170000E+00 0.175533E+00
 0.190000E+00 0.177144E+00
 0.210000E+00 0.178581E+00
 0.230000E+00 0.179843E+00
 0.250000E+00 0.180930E+00
 0.270000E+00 0.181839E+00
 0.290000E+00 0.182570E+00
 0.310000E+00 0.183123E+00
 0.330000E+00 0.183497E+00
 0.350000E+00 0.183692E+00
 0.370000E+00 0.183707E+00
 0.390000E+00 0.183544E+00
 0.410000E+00 0.183202E+00
 0.430000E+00 0.182681E+00
 0.450000E+00 0.181983E+00
 0.470000E+00 0.181108E+00
 0.490000E+00 0.180056E+00
 0.510000E+00 0.178830E+00
 0.530000E+00 0.177430E+00
 0.550000E+00 0.175858E+00
 0.570000E+00 0.174116E+00
 0.590000E+00 0.172205E+00
 0.610000E+00 0.170127E+00
 0.630000E+00 0.167885E+00
 0.650000E+00 0.165480E+00
 0.670000E+00 0.162915E+00
 0.690000E+00 0.160193E+00
 0.710000E+00 0.157317E+00
 0.730000E+00 0.154288E+00
 0.750000E+00 0.151111E+00
 0.770000E+00 0.147788E+00
 0.790000E+00 0.144324E+00
 0.810000E+00 0.140720E+00
 0.830000E+00 0.136981E+00
 0.850000E+00 0.133111E+00
 0.870000E+00 0.129113E+00
 0.890000E+00 0.124991E+00
 0.910000E+00 0.118188E+00
 0.930000E+00 0.108746E+00
 0.950000E+00 0.992470E-01
 0.970000E+00 0.897013E-01
 0.990000E+00 0.801199E-01




































































































 -.990000E+00 -.200410E+00
 -.970000E+00 -.200410E+00
 -.950000E+00 -.200408E+00
 -.930000E+00 -.200406E+00
 -.910000E+00 -.200402E+00
 -.890000E+00 -.197218E+00
 -.870000E+00 -.190827E+00
 -.850000E+00 -.184399E+00
 -.830000E+00 -.177935E+00
 -.810000E+00 -.171437E+00
 -.790000E+00 -.164905E+00
 -.770000E+00 -.158342E+00
 -.750000E+00 -.151749E+00
 -.730000E+00 -.145126E+00
 -.710000E+00 -.138475E+00
 -.690000E+00 -.131799E+00
 -.670000E+00 -.125097E+00
 -.650000E+00 -.118371E+00
 -.630000E+00 -.111624E+00
 -.610000E+00 -.104855E+00
 -.590000E+00 -.980668E-01
 -.570000E+00 -.912606E-01
 -.550000E+00 -.844378E-01
 -.530000E+00 -.775996E-01
 -.510000E+00 -.707477E-01
 -.490000E+00 -.638833E-01
 -.470000E+00 -.570078E-01
 -.450000E+00 -.501228E-01
 -.430000E+00 -.432297E-01
 -.410000E+00 -.363298E-01
 -.390000E+00 -.294247E-01
 -.370000E+00 -.225157E-01
 -.350000E+00 -.156043E-01
 -.330000E+00 -.869194E-02
 -.310000E+00 -.178009E-02
 -.290000E+00 0.512982E-02
 -.270000E+00 0.120364E-01
 -.250000E+00 0.189381E-01
 -.230000E+00 0.258335E-01
 -.210000E+00 0.327212E-01
 -.190000E+00 0.395997E-01
 -.170000E+00 0.464677E-01
 -.150000E+00 0.533235E-01
 -.130000E+00 0.601659E-01
 -.110000E+00 0.669934E-01
 -.900000E-01 0.738046E-01
 -.700000E-01 0.805979E-01
 -.500000E-01 0.873720E-01
 -.300000E-01 0.941255E-01
 -.100000E-01 0.100857E+00
 0.100000E-01 0.107565E+00
 0.300000E-01 0.114248E+00
 0.500000E-01 0.120905E+00
 0.700000E-01 0.127534E+00
 0.900000E-01 0.134134E+00
 0.110000E+00 0.140704E+00
 0.130000E+00 0.147242E+00
 0.150000E+00 0.153747E+00
 0.170000E+00 0.160217E+00
 0.190000E+00 0.166652E+00
 0.210000E+00 0.173049E+00
 0.230000E+00 0.179408E+00
 0.250000E+00 0.185726E+00
 0.270000E+00 0.192004E+00
 0.290000E+00 0.198239E+00
 0.310000E+00 0.204431E+00
 0.330000E+00 0.210577E+00
 0.350000E+00 0.216678E+00
 0.370000E+00 0.222730E+00
 0.390000E+00 0.228734E+00
 0.410000E+00 0.234688E+00
 0.430000E+00 0.240591E+00
 0.450000E+00 0.246441E+00
 0.470000E+00 0.252238E+00
 0.490000E+00 0.257980E+00
 0.510000E+00 0.263666E+00
 0.530000E+00 0.269295E+00
 0.550000E+00 0.274866E+00
 0.570000E+00 0.280377E+00
 0.590000E+00 0.285828E+00
 0.610000E+00 0.291217E+00
 0.630000E+00 0.296544E+00
 0.650000E+00 0.301807E+00
 0.670000E+00 0.307006E+00
 0.690000E+00 0.312139E+00
 0.710000E+00 0.317205E+00
 0.730000E+00 0.322203E+00
 0.750000E+00 0.327133E+00
 0.770000E+00 0.331993E+00
 0.790000E+00 0.336782E+00
 0.810000E+00 0.341500E+00
 0.830000E+00 0.346146E+00
 0.850000E+00 0.350718E+00
 0.870000E+00 0.355216E+00
 0.890000E+00 0.359639E+00
 0.910000E+00 0.361252E+00
 0.930000E+00 0.360097E+00
 0.950000E+00 0.358923E+00
 0.970000E+00 0.357731E+00
 0.990000E+00 0.356519E+00




































































































 -.990000E+00 -.611754E+00
 -.970000E+00 -.611744E+00
 -.950000E+00 -.611717E+00
 -.930000E+00 -.611672E+00
 -.910000E+00 -.611609E+00
 -.890000E+00 -.608284E+00
 -.870000E+00 -.601706E+00
 -.850000E+00 -.595134E+00
 -.830000E+00 -.588568E+00
 -.810000E+00 -.582008E+00
 -.790000E+00 -.575455E+00
 -.770000E+00 -.568909E+00
 -.750000E+00 -.562371E+00
 -.730000E+00 -.555840E+00
 -.710000E+00 -.549318E+00
 -.690000E+00 -.542804E+00
 -.670000E+00 -.536298E+00
 -.650000E+00 -.529802E+00
 -.630000E+00 -.523313E+00
 -.610000E+00 -.516834E+00
 -.590000E+00 -.510364E+00
 -.570000E+00 -.503903E+00
 -.550000E+00 -.497450E+00
 -.530000E+00 -.491007E+00
 -.510000E+00 -.484573E+00
 -.490000E+00 -.478148E+00
 -.470000E+00 -.471732E+00
 -.450000E+00 -.465324E+00
 -.430000E+00 -.458926E+00
 -.410000E+00 -.452536E+00
 -.390000E+00 -.446155E+00
 -.370000E+00 -.439782E+00
 -.350000E+00 -.433417E+00
 -.330000E+00 -.427060E+00
 -.310000E+00 -.420711E+00
 -.290000E+00 -.414370E+00
 -.270000E+00 -.408036E+00
 -.250000E+00 -.401709E+00
 -.230000E+00 -.395389E+00
 -.210000E+00 -.389076E+00
 -.190000E+00 -.382769E+00
 -.170000E+00 -.376468E+00
 -.150000E+00 -.370174E+00
 -.130000E+00 -.363884E+00
 -.110000E+00 -.357600E+00
 -.900000E-01 -.351321E+00
 -.700000E-01 -.345047E+00
 -.500000E-01 -.338777E+00
 -.300000E-01 -.332511E+00
 -.100000E-01 -.326248E+00
 0.100000E-01 -.319989E+00
 0.300000E-01 -.313733E+00
 0.500000E-01 -.307480E+00
 0.700000E-01 -.301228E+00
 0.900000E-01 -.294979E+00
 0.110000E+00 -.288731E+00
 0.130000E+00 -.282485E+00
 0.150000E+00 -.276240E+00
 0.170000E+00 -.269995E+00
 0.190000E+00 -.263750E+00
 0.210000E+00 -.257505E+00
 0.230000E+00 -.251260E+00
 0.250000E+00 -.245014E+00
 0.270000E+00 -.238766E+00
 0.290000E+00 -.232517E+00
 0.310000E+00 -.226267E+00
 0.330000E+00 -.220014E+00
 0.350000E+00 -.213758E+00
 0.370000E+00 -.207500E+00
 0.390000E+00 -.201239E+00
 0.410000E+00 -.194974E+00
 0.430000E+00 -.188705E+00
 0.450000E+00 -.182433E+00
 0.470000E+00 -.176156E+00
 0.490000E+00 -.169874E+00
 0.510000E+00 -.163588E+00
 0.530000E+00 -.157296E+00
 0.550000E+00 -.150999E+00
 0.570000E+00 -.144696E+00
 0.590000E+00 -.138387E+00
 0.610000E+00 -.132072E+00
 0.630000E+00 -.125751E+00
 0.650000E+00 -.119423E+00
 0.670000E+00 -.113089E+00
 0.690000E+00 -.106747E+00
 0.710000E+00 -.100399E+00
 0.730000E+00 -.940433E-01
 0.750000E+00 -.876803E-01
 0.770000E+00 -.813099E-01
 0.790000E+00 -.749320E-01
 0.810000E+00 -.685464E-01
 0.830000E+00 -.621532E-01
 0.850000E+00 -.557523E-01
 0.870000E+00 -.493435E-01
 0.890000E+00 -.429271E-01
 0.910000E+00 -.408000E-01
 0.930000E+00 -.429608E-01
 0.950000E+00 -.451152E-01
 0.970000E+00 -.472632E-01
 0.990000E+00 -.494045E-01




































































































 -.990000E+00 -.998783E+00
 -.970000E+00 -.998783E+00
 -.950000E+00 -.998783E+00
 -.930000E+00 -.998784E+00
 -.910000E+00 -.998784E+00
 -.890000E+00 -.998877E+00
 -.870000E+00 -.999049E+00
 -.850000E+00 -.999207E+00
 -.830000E+00 -.999350E+00
 -.810000E+00 -.999479E+00
 -.790000E+00 -.999593E+00
 -.770000E+00 -.999693E+00
 -.750000E+00 -.999779E+00
 -.730000E+00 -.999850E+00
 -.710000E+00 -.999907E+00
 -.690000E+00 -.999949E+00
 -.670000E+00 -.999978E+00
 -.650000E+00 -.999992E+00
 -.630000E+00 -.999992E+00
 -.610000E+00 -.999978E+00
 -.590000E+00 -.999949E+00
 -.570000E+00 -.999907E+00
 -.550000E+00 -.999850E+00
 -.530000E+00 -.999780E+00
 -.510000E+00 -.999695E+00
 -.490000E+00 -.999597E+00
 -.470000E+00 -.999485E+00
 -.450000E+00 -.999358E+00
 -.430000E+00 -.999218E+00
 -.410000E+00 -.999064E+00
 -.390000E+00 -.998896E+00
 -.370000E+00 -.998715E+00
 -.350000E+00 -.998520E+00
 -.330000E+00 -.998311E+00
 -.310000E+00 -.998088E+00
 -.290000E+00 -.997852E+00
 -.270000E+00 -.997602E+00
 -.250000E+00 -.997339E+00
 -.230000E+00 -.997062E+00
 -.210000E+00 -.996771E+00
 -.190000E+00 -.996468E+00
 -.170000E+00 -.996150E+00
 -.150000E+00 -.995820E+00
 -.130000E+00 -.995476E+00
 -.110000E+00 -.995119E+00
 -.900000E-01 -.994748E+00
 -.700000E-01 -.994364E+00
 -.500000E-01 -.993967E+00
 -.300000E-01 -.993557E+00
 -.100000E-01 -.993134E+00
 0.100000E-01 -.992698E+00
 0.300000E-01 -.992249E+00
 0.500000E-01 -.991786E+00
 0.700000E-01 -.991311E+00
 0.900000E-01 -.990823E+00
 0.110000E+00 -.990322E+00
 0.130000E+00 -.989808E+00
 0.150000E+00 -.989281E+00
 0.170000E+00 -.988741E+00
 0.190000E+00 -.988189E+00
 0.210000E+00 -.987624E+00
 0.230000E+00 -.987046E+00
 0.250000E+00 -.986456E+00
 0.270000E+00 -.985853E+00
 0.290000E+00 -.985237E+00
 0.310000E+00 -.984609E+00
 0.330000E+00 -.983968E+00
 0.350000E+00 -.983315E+00
 0.370000E+00 -.982650E+00
 0.390000E+00 -.981972E+00
 0.410000E+00 -.981282E+00
 0.430000E+00 -.980579E+00
 0.450000E+00 -.979864E+00
 0.470000E+00 -.979137E+00
 0.490000E+00 -.978398E+00
 0.510000E+00 -.977647E+00
 0.530000E+00 -.976883E+00
 0.550000E+00 -.976108E+00
 0.570000E+00 -.975320E+00
 0.590000E+00 -.974521E+00
 0.610000E+00 -.973709E+00
 0.630000E+00 -.972885E+00
 0.650000E+00 -.972050E+00
 0.670000E+00 -.971203E+00
 0.690000E+00 -.970344E+00
 0.710000E+00 -.969473E+00
 0.730000E+00 -.968590E+00
 0.750000E+00 -.967696E+00
 0.770000E+00 -.966790E+00
 0.790000E+00 -.965872E+00
 0.810000E+00 -.964943E+00
 0.830000E+00 -.964002E+00
 0.850000E+00 -.963050E+00
 0.870000E+00 -.962086E+00
 0.890000E+00 -.961111E+00
 0.910000E+00 -.959951E+00
 0.930000E+00 -.958612E+00
 0.950000E+00 -.957267E+00
 0.970000E+00 -.955917E+00
 0.990000E+00 -.954563E+00




































































































 -.990000E+00 -.930561E+00
 -.970000E+00 -.930561E+00
 -.950000E+00 -.930563E+00
 -.930000E+00 -.930565E+00
 -.910000E+00 -.930568E+00
 -.890000E+00 -.930608E+00
 -.870000E+00 -.930686E+00
 -.850000E+00 -.930763E+00
 -.830000E+00 -.930840E+00
 -.810000E+00 -.930917E+00
 -.790000E+00 -.930994E+00
 -.770000E+00 -.931071E+00
 -.750000E+00 -.931149E+00
 -.730000E+00 -.931226E+00
 -.710000E+00 -.931303E+00
 -.690000E+00 -.931379E+00
 -.670000E+00 -.931456E+00
 -.650000E+00 -.931533E+00
 -.630000E+00 -.931610E+00
 -.610000E+00 -.931687E+00
 -.590000E+00 -.931764E+00
 -.570000E+00 -.931840E+00
 -.550000E+00 -.931917E+00
 -.530000E+00 -.931993E+00
 -.510000E+00 -.932070E+00
 -.490000E+00 -.932147E+00
 -.470000E+00 -.932223E+00
 -.450000E+00 -.932299E+00
 -.430000E+00 -.932376E+00
 -.410000E+00 -.932452E+00
 -.390000E+00 -.932528E+00
 -.370000E+00 -.932605E+00
 -.350000E+00 -.932681E+00
 -.330000E+00 -.932757E+00
 -.310000E+00 -.932833E+00
 -.290000E+00 -.932909E+00
 -.270000E+00 -.932985E+00
 -.250000E+00 -.933061E+00
 -.230000E+00 -.933137E+00
 -.210000E+00 -.933213E+00
 -.190000E+00 -.933289E+00
 -.170000E+00 -.933365E+00
 -.150000E+00 -.933441E+00
 -.130000E+00 -.933517E+00
 -.110000E+00 -.933592E+00
 -.900000E-01 -.933668E+00
 -.700000E-01 -.933744E+00
 -.500000E-01 -.933819E+00
 -.300000E-01 -.933895E+00
 -.100000E-01 -.933970E+00
 0.100000E-01 -.934046E+00
 0.300000E-01 -.934121E+00
 0.500000E-01 -.934197E+00
 0.700000E-01 -.934272E+00
 0.900000E-01 -.934347E+00
 0.110000E+00 -.934423E+00
 0.130000E+00 -.934498E+00
 0.150000E+00 -.934573E+00
 0.170000E+00 -.934648E+00
 0.190000E+00 -.934723E+00
 0.210000E+00 -.934798E+00
 0.230000E+00 -.934873E+00
 0.250000E+00 -.934948E+00
 0.270000E+00 -.935023E+00
 0.290000E+00 -.935098E+00
 0.310000E+00 -.935173E+00
 0.330000E+00 -.935248E+00
 0.350000E+00 -.935322E+00
 0.370000E+00 -.935397E+00
 0.390000E+00 -.935472E+00
 0.410000E+00 -.935546E+00
 0.430000E+00 -.935621E+00
 0.450000E+00 -.935696E+00
 0.470000E+00 -.935770E+00
 0.490000E+00 -.935844E+00
 0.510000E+00 -.935919E+00
 0.530000E+00 -.935993E+00
 0.550000E+00 -.936068E+00
 0.570000E+00 -.936142E+00
 0.590000E+00 -.936216E+00
 0.610000E+00 -.936290E+00
 0.630000E+00 -.936365E+00
 0.650000E+00 -.936439E+00
 0.670000E+00 -.936513E+00
 0.690000E+00 -.936587E+00
 0.710000E+00 -.936661E+00
 0.730000E+00 -.936735E+00
 0.750000E+00 -.936809E+00
 0.770000E+00 -.936883E+00
 0.790000E+00 -.936956E+00
 0.810000E+00 -.937030E+00
 0.830000E+00 -.937104E+00
 0.850000E+00 -.937178E+00
 0.870000E+00 -.937251E+00
 0.890000E+00 -.937325E+00
 0.910000E+00 -.938720E+00
 0.930000E+00 -.941375E+00
 0.950000E+00 -.943952E+00
 0.970000E+00 -.946451E+00
 0.990000E+00 -.948873E+00




































































































 -.990000E+00 -.769847E+00
 -.970000E+00 -.769848E+00
 -.950000E+00 -.769849E+00
 -.930000E+00 -.769851E+00
 -.910000E+00 -.769853E+00
 -.890000E+00 -.768797E+00
 -.870000E+00 -.766678E+00
 -.850000E+00 -.764552E+00
 -.830000E+00 -.762418E+00
 -.810000E+00 -.760277E+00
 -.790000E+00 -.758129E+00
 -.770000E+00 -.755973E+00
 -.750000E+00 -.753811E+00
 -.730000E+00 -.751641E+00
 -.710000E+00 -.749464E+00
 -.690000E+00 -.747280E+00
 -.670000E+00 -.745089E+00
 -.650000E+00 -.742890E+00
 -.630000E+00 -.740685E+00
 -.610000E+00 -.738473E+00
 -.590000E+00 -.736254E+00
 -.570000E+00 -.734028E+00
 -.550000E+00 -.731795E+00
 -.530000E+00 -.729556E+00
 -.510000E+00 -.727309E+00
 -.490000E+00 -.725056E+00
 -.470000E+00 -.722796E+00
 -.450000E+00 -.720529E+00
 -.430000E+00 -.718256E+00
 -.410000E+00 -.715976E+00
 -.390000E+00 -.713689E+00
 -.370000E+00 -.711396E+00
 -.350000E+00 -.709096E+00
 -.330000E+00 -.706789E+00
 -.310000E+00 -.704476E+00
 -.290000E+00 -.702157E+00
 -.270000E+00 -.699831E+00
 -.250000E+00 -.697498E+00
 -.230000E+00 -.695159E+00
 -.210000E+00 -.692814E+00
 -.190000E+00 -.690462E+00
 -.170000E+00 -.688105E+00
 -.150000E+00 -.685740E+00
 -.130000E+00 -.683370E+00
 -.110000E+00 -.680993E+00
 -.900000E-01 -.678610E+00
 -.700000E-01 -.676221E+00
 -.500000E-01 -.673826E+00
 -.300000E-01 -.671424E+00
 -.100000E-01 -.669017E+00
 0.100000E-01 -.666603E+00
 0.300000E-01 -.664183E+00
 0.500000E-01 -.661758E+00
 0.700000E-01 -.659326E+00
 0.900000E-01 -.656888E+00
 0.110000E+00 -.654444E+00
 0.130000E+00 -.651995E+00
 0.150000E+00 -.649539E+00
 0.170000E+00 -.647078E+00
 0.190000E+00 -.644611E+00
 0.210000E+00 -.642138E+00
 0.230000E+00 -.639659E+00
 0.250000E+00 -.637175E+00
 0.270000E+00 -.634684E+00
 0.290000E+00 -.632188E+00
 0.310000E+00 -.629686E+00
 0.330000E+00 -.627179E+00
 0.350000E+00 -.624666E+00
 0.370000E+00 -.622147E+00
 0.390000E+00 -.619623E+00
 0.410000E+00 -.617093E+00
 0.430000E+00 -.614558E+00
 0.450000E+00 -.612017E+00
 0.470000E+00 -.609471E+00
 0.490000E+00 -.606919E+00
 0.510000E+00 -.604362E+00
 0.530000E+00 -.601799E+00
 0.550000E+00 -.599231E+00
 0.570000E+00 -.596657E+00
 0.590000E+00 -.594078E+00
 0.610000E+00 -.591494E+00
 0.630000E+00 -.588905E+00
 0.650000E+00 -.586310E+00
 0.670000E+00 -.583710E+00
 0.690000E+00 -.581105E+00
 0.710000E+00 -.578494E+00
 0.730000E+00 -.575879E+00
 0.750000E+00 -.573258E+00
 0.770000E+00 -.570632E+00
 0.790000E+00 -.568001E+00
 0.810000E+00 -.565365E+00
 0.830000E+00 -.562724E+00
 0.850000E+00 -.560077E+00
 0.870000E+00 -.557426E+00
 0.890000E+00 -.554770E+00
 0.910000E+00 -.556693E+00
 0.930000E+00 -.563162E+00
 0.950000E+00 -.569581E+00
 0.970000E+00 -.575950E+00
 0.990000E+00 -.582267E+00




































































































 -.990000E+00 -.382514E+00
 -.970000E+00 -.382513E+00
 -.950000E+00 -.382509E+00
 -.930000E+00 -.382503E+00
 -.910000E+00 -.382494E+00
 -.890000E+00 -.378905E+00
 -.870000E+00 -.371726E+00
 -.850000E+00 -.364533E+00
 -.830000E+00 -.357326E+00
 -.810000E+00 -.350106E+00
 -.790000E+00 -.342873E+00
 -.770000E+00 -.335626E+00
 -.750000E+00 -.328368E+00
 -.730000E+00 -.321097E+00
 -.710000E+00 -.313814E+00
 -.690000E+00 -.306520E+00
 -.670000E+00 -.299215E+00
 -.650000E+00 -.291899E+00
 -.630000E+00 -.284573E+00
 -.610000E+00 -.277236E+00
 -.590000E+00 -.269890E+00
 -.570000E+00 -.262534E+00
 -.550000E+00 -.255169E+00
 -.530000E+00 -.247795E+00
 -.510000E+00 -.240412E+00
 -.490000E+00 -.233022E+00
 -.470000E+00 -.225623E+00
 -.450000E+00 -.218217E+00
 -.430000E+00 -.210803E+00
 -.410000E+00 -.203382E+00
 -.390000E+00 -.195955E+00
 -.370000E+00 -.188521E+00
 -.350000E+00 -.181082E+00
 -.330000E+00 -.173636E+00
 -.310000E+00 -.166185E+00
 -.290000E+00 -.158729E+00
 -.270000E+00 -.151268E+00
 -.250000E+00 -.143802E+00
 -.230000E+00 -.136332E+00
 -.210000E+00 -.128858E+00
 -.190000E+00 -.121381E+00
 -.170000E+00 -.113900E+00
 -.150000E+00 -.106416E+00
 -.130000E+00 -.989289E-01
 -.110000E+00 -.914396E-01
 -.900000E-01 -.839482E-01
 -.700000E-01 -.764550E-01
 -.500000E-01 -.689602E-01
 -.300000E-01 -.614642E-01
 -.100000E-01 -.539672E-01
 0.100000E-01 -.464696E-01
 0.300000E-01 -.389717E-01
 0.500000E-01 -.314739E-01
 0.700000E-01 -.239763E-01
 0.900000E-01 -.164793E-01
 0.110000E+00 -.898330E-02
 0.130000E+00 -.148854E-02
 0.150000E+00 0.600464E-02
 0.170000E+00 0.134959E-01
 0.190000E+00 0.209850E-01
 0.210000E+00 0.284715E-01
 0.230000E+00 0.359552E-01
 0.250000E+00 0.434356E-01
 0.270000E+00 0.509125E-01
 0.290000E+00 0.583856E-01
 0.310000E+00 0.658544E-01
 0.330000E+00 0.733187E-01
 0.350000E+00 0.807781E-01
 0.370000E+00 0.882323E-01
 0.390000E+00 0.956809E-01
 0.410000E+00 0.103124E+00
 0.430000E+00 0.110560E+00
 0.450000E+00 0.117990E+00
 0.470000E+00 0.125413E+00
 0.490000E+00 0.132828E+00
 0.510000E+00 0.140236E+00
 0.530000E+00 0.147635E+00
 0.550000E+00 0.155027E+00
 0.570000E+00 0.162409E+00
 0.590000E+00 0.169782E+00
 0.610000E+00 0.177146E+00
 0.630000E+00 0.184499E+00
 0.650000E+00 0.191842E+00
 0.670000E+00 0.199175E+00
 0.690000E+00 0.206496E+00
 0.710000E+00 0.213806E+00
 0.730000E+00 0.221104E+00
 0.750000E+00 0.228390E+00
 0.770000E+00 0.235662E+00
 0.790000E+00 0.242922E+00
 0.810000E+00 0.250168E+00
 0.830000E+00 0.257400E+00
 0.850000E+00 0.264618E+00
 0.870000E+00 0.271821E+00
 0.890000E+00 0.279008E+00
 0.910000E+00 0.282146E+00
 0.930000E+00 0.281241E+00
 0.950000E+00 0.280328E+00
 0.970000E+00 0.279408E+00
 0.990000E+00 0.278479E+00




































































































 -.990000E+00 0.179933E+00
 -.970000E+00 0.179933E+00
 -.950000E+00 0.179934E+00
 -.930000E+00 0.179935E+00
 -.910000E+00 0.179936E+00
 -.890000E+00 0.183129E+00
 -.870000E+00 0.189484E+00
 -.850000E+00 0.195796E+00
 -.830000E+00 0.202066E+00
 -.810000E+00 0.208292E+00
 -.790000E+00 0.214471E+00
 -.770000E+00 0.220604E+00
 -.750000E+00 0.226689E+00
 -.730000E+00 0.232725E+00
 -.710000E+00 0.238710E+00
 -.690000E+00 0.244643E+00
 -.670000E+00 0.250523E+00
 -.650000E+00 0.256348E+00
 -.630000E+00 0.262119E+00
 -.610000E+00 0.267832E+00
 -.590000E+00 0.273488E+00
 -.570000E+00 0.279085E+00
 -.550000E+00 0.284621E+00
 -.530000E+00 0.290096E+00
 -.510000E+00 0.295509E+00
 -.490000E+00 0.300858E+00
 -.470000E+00 0.306142E+00
 -.450000E+00 0.311360E+00
 -.430000E+00 0.316512E+00
 -.410000E+00 0.321595E+00
 -.390000E+00 0.326610E+00
 -.370000E+00 0.331554E+00
 -.350000E+00 0.336427E+00
 -.330000E+00 0.341228E+00
 -.310000E+00 0.345956E+00
 -.290000E+00 0.350610E+00
 -.270000E+00 0.355189E+00
 -.250000E+00 0.359691E+00
 -.230000E+00 0.364117E+00
 -.210000E+00 0.368465E+00
 -.190000E+00 0.372734E+00
 -.170000E+00 0.376923E+00
 -.150000E+00 0.381032E+00
 -.130000E+00 0.385059E+00
 -.110000E+00 0.389005E+00
 -.900000E-01 0.392867E+00
 -.700000E-01 0.396645E+00
 -.500000E-01 0.400339E+00
 -.300000E-01 0.403948E+00
 -.100000E-01 0.407470E+00
 0.100000E-01 0.410906E+00
 0.300000E-01 0.414255E+00
 0.500000E-01 0.417515E+00
 0.700000E-01 0.420687E+00
 0.900000E-01 0.423770E+00
 0.110000E+00 0.426762E+00
 0.130000E+00 0.429664E+00
 0.150000E+00 0.432475E+00
 0.170000E+00 0.435195E+00
 0.190000E+00 0.437822E+00
 0.210000E+00 0.440357E+00
 0.230000E+00 0.442799E+00
 0.250000E+00 0.445148E+00
 0.270000E+00 0.447402E+00
 0.290000E+00 0.449563E+00
 0.310000E+00 0.451629E+00
 0.330000E+00 0.453599E+00
 0.350000E+00 0.455475E+00
 0.370000E+00 0.457255E+00
 0.390000E+00 0.458939E+00
 0.410000E+00 0.460527E+00
 0.430000E+00 0.462018E+00
 0.450000E+00 0.463413E+00
 0.470000E+00 0.464712E+00
 0.490000E+00 0.465913E+00
 0.510000E+00 0.467018E+00
 0.530000E+00 0.468025E+00
 0.550000E+00 0.468935E+00
 0.570000E+00 0.469748E+00
 0.590000E+00 0.470463E+00
 0.610000E+00 0.471081E+00
 0.630000E+00 0.471602E+00
 0.650000E+00 0.472026E+00
 0.670000E+00 0.472352E+00
 0.690000E+00 0.472581E+00
 0.710000E+00 0.472713E+00
 0.730000E+00 0.472748E+00
 0.750000E+00 0.472686E+00
 0.770000E+00 0.472527E+00
 0.790000E+00 0.472272E+00
 0.810000E+00 0.471920E+00
 0.830000E+00 0.471473E+00
 0.850000E+00 0.470929E+00
 0.870000E+00 0.470291E+00
 0.890000E+00 0.469556E+00
 0.910000E+00 0.466652E+00
 0.930000E+00 0.461516E+00
 0.950000E+00 0.456206E+00
 0.970000E+00 0.450719E+00
 0.990000E+00 0.445058E+00




































































































 -.990000E+00 0.682689E-01
 -.970000E+00 0.682701E-01
 -.950000E+00 0.682737E-01
 -.930000E+00 0.682796E-01
 -.910000E+00 0.682878E-01
 -.890000E+00 0.709734E-01
 -.870000E+00 0.762798E-01
 -.850000E+00 0.815090E-01
 -.830000E+00 0.866560E-01
 -.810000E+00 0.917158E-01
 -.790000E+00 0.966835E-01
 -.770000E+00 0.101554E+00
 -.750000E+00 0.106323E+00
 -.730000E+00 0.110986E+00
 -.710000E+00 0.115539E+00
 -.690000E+00 0.119976E+00
 -.670000E+00 0.124294E+00
 -.650000E+00 0.128488E+00
 -.630000E+00 0.132554E+00
 -.610000E+00 0.136490E+00
 -.590000E+00 0.140290E+00
 -.570000E+00 0.143951E+00
 -.550000E+00 0.147469E+00
 -.530000E+00 0.150842E+00
 -.510000E+00 0.154066E+00
 -.490000E+00 0.157138E+00
 -.470000E+00 0.160054E+00
 -.450000E+00 0.162814E+00
 -.430000E+00 0.165412E+00
 -.410000E+00 0.167848E+00
 -.390000E+00 0.170119E+00
 -.370000E+00 0.172223E+00
 -.350000E+00 0.174157E+00
 -.330000E+00 0.175920E+00
 -.310000E+00 0.177511E+00
 -.290000E+00 0.178928E+00
 -.270000E+00 0.180170E+00
 -.250000E+00 0.181235E+00
 -.230000E+00 0.182122E+00
 -.210000E+00 0.182832E+00
 -.190000E+00 0.183363E+00
 -.170000E+00 0.183715E+00
 -.150000E+00 0.183887E+00
 -.130000E+00 0.183880E+00
 -.110000E+00 0.183694E+00
 -.900000E-01 0.183329E+00
 -.700000E-01 0.182785E+00
 -.500000E-01 0.182064E+00
 -.300000E-01 0.181165E+00
 -.100000E-01 0.180091E+00
 0.100000E-01 0.178841E+00
 0.300000E-01 0.177419E+00
 0.500000E-01 0.175824E+00
 0.700000E-01 0.174059E+00
 0.900000E-01 0.172125E+00
 0.110000E+00 0.170025E+00
 0.130000E+00 0.167760E+00
 0.150000E+00 0.165334E+00
 0.170000E+00 0.162748E+00
 0.190000E+00 0.160005E+00
 0.210000E+00 0.157108E+00
 0.230000E+00 0.154060E+00
 0.250000E+00 0.150863E+00
 0.270000E+00 0.147522E+00
 0.290000E+00 0.144039E+00
 0.310000E+00 0.140418E+00
 0.330000E+00 0.136662E+00
 0.350000E+00 0.132776E+00
 0.370000E+00 0.128762E+00
 0.390000E+00 0.124626E+00
 0.410000E+00 0.120371E+00
 0.430000E+00 0.116002E+00
 0.450000E+00 0.111522E+00
 0.470000E+00 0.106936E+00
 0.490000E+00 0.102249E+00
 0.510000E+00 0.974651E-01
 0.530000E+00 0.925892E-01
 0.550000E+00 0.876261E-01
 0.570000E+00 0.825806E-01
 0.590000E+00 0.774577E-01
 0.610000E+00 0.722624E-01
 0.630000E+00 0.669997E-01
 0.650000E+00 0.616749E-01
 0.670000E+00 0.562931E-01
 0.690000E+00 0.508596E-01
 0.710000E+00 0.453797E-01
 0.730000E+00 0.398587E-01
 0.750000E+00 0.343020E-01
 0.770000E+00 0.287151E-01
 0.790000E+00 0.231033E-01
 0.810000E+00 0.174722E-01
 0.830000E+00 0.118271E-01
 0.850000E+00 0.617373E-02
 0.870000E+00 0.517418E-03
 0.890000E+00 -.513629E-02
 0.910000E+00 -.134641E-01
 0.930000E+00 -.244981E-01
 0.950000E+00 -.355565E-01
 0.970000E+00 -.466259E-01
 0.990000E+00 -.576929E-01




































































































 -.990000E+00 0.321132E-02
 -.970000E+00 0.320983E-02
 -.950000E+00 0.320613E-02
 -.930000E+00 0.320181E-02
 -.910000E+00 0.319874E-02
 -.890000E+00 0.556546E-02
 -.870000E+00 0.824425E-02
 -.850000E+00 0.735173E-02
 -.830000E+00 0.327651E-02
 -.810000E+00 -.221494E-02
 -.790000E+00 -.674402E-02
 -.770000E+00 -.835025E-02
 -.750000E+00 -.633993E-02
 -.730000E+00 -.158569E-02
 -.710000E+00 0.385226E-02
 -.690000E+00 0.761892E-02
 -.670000E+00 0.808438E-02
 -.650000E+00 0.504908E-02
 -.630000E+00 -.170579E-03
 -.610000E+00 -.531322E-02
 -.590000E+00 -.815217E-02
 -.570000E+00 -.745958E-02
 -.550000E+00 -.353748E-02
 -.530000E+00 0.191395E-02
 -.510000E+00 0.653335E-02
 -.490000E+00 0.832107E-02
 -.470000E+00 0.650476E-02
 -.450000E+00 0.187305E-02
 -.430000E+00 -.356688E-02
 -.410000E+00 -.745908E-02
 -.390000E+00 -.811921E-02
 -.370000E+00 -.526339E-02
 -.350000E+00 -.130301E-03
 -.330000E+00 0.505610E-02
 -.310000E+00 0.805012E-02
 -.290000E+00 0.755669E-02
 -.270000E+00 0.379158E-02
 -.250000E+00 -.161297E-02
 -.230000E+00 -.631585E-02
 -.210000E+00 -.828117E-02
 -.190000E+00 -.665962E-02
 -.170000E+00 -.215551E-02
 -.150000E+00 0.327920E-02
 -.130000E+00 0.729075E-02
 -.110000E+00 0.814304E-02
 -.900000E-01 0.546895E-02
 -.700000E-01 0.428469E-03
 -.500000E-01 -.479448E-02
 -.300000E-01 -.793830E-02
 -.100000E-01 -.764300E-02
 0.100000E-01 -.403853E-02
 0.300000E-01 0.131241E-02
 0.500000E-01 0.609185E-02
 0.700000E-01 0.823067E-02
 0.900000E-01 0.680439E-02
 0.110000E+00 0.243274E-02
 0.130000E+00 -.298963E-02
 0.150000E+00 -.711422E-02
 0.170000E+00 -.815593E-02
 0.190000E+00 -.566555E-02
 0.210000E+00 -.723554E-03
 0.230000E+00 0.452875E-02
 0.250000E+00 0.781696E-02
 0.270000E+00 0.771851E-02
 0.290000E+00 0.427807E-02
 0.310000E+00 -.101266E-02
 0.330000E+00 -.586170E-02
 0.350000E+00 -.816975E-02
 0.370000E+00 -.693896E-02
 0.390000E+00 -.270442E-02
 0.410000E+00 0.269856E-02
 0.430000E+00 0.692980E-02
 0.450000E+00 0.815795E-02
 0.470000E+00 0.585303E-02
 0.490000E+00 0.101519E-02
 0.510000E+00 -.425928E-02
 0.530000E+00 -.768633E-02
 0.550000E+00 -.778319E-02
 0.570000E+00 -.450994E-02
 0.590000E+00 0.714096E-03
 0.610000E+00 0.562577E-02
 0.630000E+00 0.809856E-02
 0.650000E+00 0.706325E-02
 0.670000E+00 0.297024E-02
 0.690000E+00 -.240638E-02
 0.710000E+00 -.673780E-02
 0.730000E+00 -.814919E-02
 0.750000E+00 -.603119E-02
 0.770000E+00 -.130303E-02
 0.790000E+00 0.398647E-02
 0.810000E+00 0.754667E-02
 0.830000E+00 0.783706E-02
 0.850000E+00 0.473390E-02
 0.870000E+00 -.417116E-03
 0.890000E+00 -.538441E-02
 0.910000E+00 -.107411E-01
 0.930000E+00 -.151973E-01
 0.950000E+00 -.144597E-01
 0.970000E+00 -.885208E-02
 0.990000E+00 -.804226E-03




































































































