 -.990000E+00 0.238487E-01
 -.970000E+00 0.224881E-01
 -.950000E+00 0.147383E-01
 -.930000E+00 0.394926E-02
 -.910000E+00 -.520709E-02
 -.890000E+00 -.813695E-02
 -.870000E+00 -.605686E-02
 -.850000E+00 -.135135E-02
 -.830000E+00 0.394249E-02
 -.810000E+00 0.753143E-02
 -.790000E+00 0.785953E-02
 -.770000E+00 0.478265E-02
 -.750000E+00 -.368188E-03
 -.730000E+00 -.536263E-02
 -.710000E+00 -.803672E-02
 -.690000E+00 -.723048E-02
 -.670000E+00 -.329113E-02
 -.650000E+00 0.207651E-02
 -.630000E+00 0.654774E-02
 -.610000E+00 0.818485E-02
 -.590000E+00 0.627683E-02
 -.570000E+00 0.164820E-02
 -.550000E+00 -.369733E-02
 -.530000E+00 -.744421E-02
 -.510000E+00 -.796813E-02
 -.490000E+00 -.504014E-02
 -.470000E+00 0.732794E-04
 -.450000E+00 0.515805E-02
 -.430000E+00 0.801115E-02
 -.410000E+00 0.739512E-02
 -.390000E+00 0.357475E-02
 -.370000E+00 -.179670E-02
 -.350000E+00 -.639299E-02
 -.330000E+00 -.822227E-02
 -.310000E+00 -.649033E-02
 -.290000E+00 -.194538E-02
 -.270000E+00 0.344516E-02
 -.250000E+00 0.734634E-02
 -.230000E+00 0.806705E-02
 -.210000E+00 0.529312E-02
 -.190000E+00 0.224238E-03
 -.170000E+00 -.494486E-02
 -.150000E+00 -.797471E-02
 -.130000E+00 -.755132E-02
 -.110000E+00 -.385604E-02
 -.900000E-01 0.151213E-02
 -.700000E-01 0.622841E-02
 -.500000E-01 0.824907E-02
 -.300000E-01 0.669701E-02
 -.100000E-01 0.224250E-02
 0.100000E-01 -.318627E-02
 0.300000E-01 -.723787E-02
 0.500000E-01 -.815609E-02
 0.700000E-01 -.554120E-02
 0.900000E-01 -.523989E-03
 0.110000E+00 0.472329E-02
 0.130000E+00 0.792736E-02
 0.150000E+00 0.769881E-02
 0.170000E+00 0.413459E-02
 0.190000E+00 -.122312E-02
 0.210000E+00 -.605415E-02
 0.230000E+00 -.826513E-02
 0.250000E+00 -.689654E-02
 0.270000E+00 -.253917E-02
 0.290000E+00 0.292094E-02
 0.310000E+00 0.711885E-02
 0.330000E+00 0.823504E-02
 0.350000E+00 0.578404E-02
 0.370000E+00 0.825596E-03
 0.390000E+00 -.449354E-02
 0.410000E+00 -.786905E-02
 0.430000E+00 -.783731E-02
 0.450000E+00 -.441001E-02
 0.470000E+00 0.930025E-03
 0.490000E+00 0.587036E-02
 0.510000E+00 0.827033E-02
 0.530000E+00 0.708860E-02
 0.550000E+00 0.283499E-02
 0.570000E+00 -.264946E-02
 0.590000E+00 -.698935E-02
 0.610000E+00 -.830370E-02
 0.630000E+00 -.602124E-02
 0.650000E+00 -.112867E-02
 0.670000E+00 0.425586E-02
 0.690000E+00 0.779979E-02
 0.710000E+00 0.796657E-02
 0.730000E+00 0.468191E-02
 0.750000E+00 -.633197E-03
 0.770000E+00 -.567719E-02
 0.790000E+00 -.826457E-02
 0.810000E+00 -.727286E-02
 0.830000E+00 -.312956E-02
 0.850000E+00 0.237215E-02
 0.870000E+00 0.684945E-02
 0.890000E+00 0.836191E-02
 0.910000E+00 0.773811E-02
 0.930000E+00 0.773752E-02
 0.950000E+00 0.773685E-02
 0.970000E+00 0.773641E-02
 0.990000E+00 0.773638E-02




































































































 -.990000E+00 -.140257E+00
 -.970000E+00 -.139687E+00
 -.950000E+00 -.138810E+00
 -.930000E+00 -.137628E+00
 -.910000E+00 -.136142E+00
 -.890000E+00 -.133393E+00
 -.870000E+00 -.129506E+00
 -.850000E+00 -.125490E+00
 -.830000E+00 -.121350E+00
 -.810000E+00 -.117089E+00
 -.790000E+00 -.112712E+00
 -.770000E+00 -.108222E+00
 -.750000E+00 -.103625E+00
 -.730000E+00 -.989236E-01
 -.710000E+00 -.941233E-01
 -.690000E+00 -.892285E-01
 -.670000E+00 -.842440E-01
 -.650000E+00 -.791746E-01
 -.630000E+00 -.740250E-01
 -.610000E+00 -.688004E-01
 -.590000E+00 -.635058E-01
 -.570000E+00 -.581462E-01
 -.550000E+00 -.527269E-01
 -.530000E+00 -.472530E-01
 -.510000E+00 -.417299E-01
 -.490000E+00 -.361629E-01
 -.470000E+00 -.305575E-01
 -.450000E+00 -.249190E-01
 -.430000E+00 -.192529E-01
 -.410000E+00 -.135647E-01
 -.390000E+00 -.785997E-02
 -.370000E+00 -.214423E-02
 -.350000E+00 0.357697E-02
 -.330000E+00 0.929805E-02
 -.310000E+00 0.150134E-01
 -.290000E+00 0.207175E-01
 -.270000E+00 0.264048E-01
 -.250000E+00 0.320697E-01
 -.230000E+00 0.377067E-01
 -.210000E+00 0.433102E-01
 -.190000E+00 0.488748E-01
 -.170000E+00 0.543950E-01
 -.150000E+00 0.598654E-01
 -.130000E+00 0.652806E-01
 -.110000E+00 0.706353E-01
 -.900000E-01 0.759243E-01
 -.700000E-01 0.811422E-01
 -.500000E-01 0.862840E-01
 -.300000E-01 0.913447E-01
 -.100000E-01 0.963191E-01
 0.100000E-01 0.101202E+00
 0.300000E-01 0.105990E+00
 0.500000E-01 0.110676E+00
 0.700000E-01 0.115258E+00
 0.900000E-01 0.119729E+00
 0.110000E+00 0.124086E+00
 0.130000E+00 0.128324E+00
 0.150000E+00 0.132440E+00
 0.170000E+00 0.136428E+00
 0.190000E+00 0.140286E+00
 0.210000E+00 0.144008E+00
 0.230000E+00 0.147592E+00
 0.250000E+00 0.151034E+00
 0.270000E+00 0.154330E+00
 0.290000E+00 0.157477E+00
 0.310000E+00 0.160472E+00
 0.330000E+00 0.163312E+00
 0.350000E+00 0.165994E+00
 0.370000E+00 0.168515E+00
 0.390000E+00 0.170873E+00
 0.410000E+00 0.173065E+00
 0.430000E+00 0.175089E+00
 0.450000E+00 0.176943E+00
 0.470000E+00 0.178625E+00
 0.490000E+00 0.180133E+00
 0.510000E+00 0.181467E+00
 0.530000E+00 0.182623E+00
 0.550000E+00 0.183602E+00
 0.570000E+00 0.184401E+00
 0.590000E+00 0.185021E+00
 0.610000E+00 0.185461E+00
 0.630000E+00 0.185719E+00
 0.650000E+00 0.185796E+00
 0.670000E+00 0.185692E+00
 0.690000E+00 0.185406E+00
 0.710000E+00 0.184939E+00
 0.730000E+00 0.184290E+00
 0.750000E+00 0.183462E+00
 0.770000E+00 0.182454E+00
 0.790000E+00 0.181267E+00
 0.810000E+00 0.179902E+00
 0.830000E+00 0.178361E+00
 0.850000E+00 0.176645E+00
 0.870000E+00 0.174755E+00
 0.890000E+00 0.172694E+00
 0.910000E+00 0.171600E+00
 0.930000E+00 0.171599E+00
 0.950000E+00 0.171599E+00
 0.970000E+00 0.171599E+00
 0.990000E+00 0.171599E+00




































































































 -.990000E+00 0.300872E+00
 -.970000E+00 0.302588E+00
 -.950000E+00 0.304311E+00
 -.930000E+00 0.306042E+00
 -.910000E+00 0.307780E+00
 -.890000E+00 0.311209E+00
 -.870000E+00 0.316279E+00
 -.850000E+00 0.321289E+00
 -.830000E+00 0.326237E+00
 -.810000E+00 0.331121E+00
 -.790000E+00 0.335942E+00
 -.770000E+00 0.340697E+00
 -.750000E+00 0.345387E+00
 -.730000E+00 0.350009E+00
 -.710000E+00 0.354563E+00
 -.690000E+00 0.359047E+00
 -.670000E+00 0.363462E+00
 -.650000E+00 0.367805E+00
 -.630000E+00 0.372076E+00
 -.610000E+00 0.376274E+00
 -.590000E+00 0.380398E+00
 -.570000E+00 0.384447E+00
 -.550000E+00 0.388420E+00
 -.530000E+00 0.392316E+00
 -.510000E+00 0.396134E+00
 -.490000E+00 0.399874E+00
 -.470000E+00 0.403534E+00
 -.450000E+00 0.407114E+00
 -.430000E+00 0.410613E+00
 -.410000E+00 0.414030E+00
 -.390000E+00 0.417365E+00
 -.370000E+00 0.420616E+00
 -.350000E+00 0.423782E+00
 -.330000E+00 0.426864E+00
 -.310000E+00 0.429861E+00
 -.290000E+00 0.432771E+00
 -.270000E+00 0.435594E+00
 -.250000E+00 0.438329E+00
 -.230000E+00 0.440977E+00
 -.210000E+00 0.443535E+00
 -.190000E+00 0.446004E+00
 -.170000E+00 0.448383E+00
 -.150000E+00 0.450671E+00
 -.130000E+00 0.452868E+00
 -.110000E+00 0.454974E+00
 -.900000E-01 0.456988E+00
 -.700000E-01 0.458909E+00
 -.500000E-01 0.460737E+00
 -.300000E-01 0.462471E+00
 -.100000E-01 0.464112E+00
 0.100000E-01 0.465658E+00
 0.300000E-01 0.467110E+00
 0.500000E-01 0.468467E+00
 0.700000E-01 0.469729E+00
 0.900000E-01 0.470895E+00
 0.110000E+00 0.471965E+00
 0.130000E+00 0.472940E+00
 0.150000E+00 0.473818E+00
 0.170000E+00 0.474599E+00
 0.190000E+00 0.475284E+00
 0.210000E+00 0.475872E+00
 0.230000E+00 0.476363E+00
 0.250000E+00 0.476757E+00
 0.270000E+00 0.477053E+00
 0.290000E+00 0.477252E+00
 0.310000E+00 0.477354E+00
 0.330000E+00 0.477359E+00
 0.350000E+00 0.477266E+00
 0.370000E+00 0.477076E+00
 0.390000E+00 0.476789E+00
 0.410000E+00 0.476404E+00
 0.430000E+00 0.475922E+00
 0.450000E+00 0.475343E+00
 0.470000E+00 0.474667E+00
 0.490000E+00 0.473894E+00
 0.510000E+00 0.473024E+00
 0.530000E+00 0.472058E+00
 0.550000E+00 0.470996E+00
 0.570000E+00 0.469837E+00
 0.590000E+00 0.468583E+00
 0.610000E+00 0.467233E+00
 0.630000E+00 0.465788E+00
 0.650000E+00 0.464248E+00
 0.670000E+00 0.462613E+00
 0.690000E+00 0.460885E+00
 0.710000E+00 0.459062E+00
 0.730000E+00 0.457145E+00
 0.750000E+00 0.455136E+00
 0.770000E+00 0.453034E+00
 0.790000E+00 0.450840E+00
 0.810000E+00 0.448554E+00
 0.830000E+00 0.446176E+00
 0.850000E+00 0.443708E+00
 0.870000E+00 0.441150E+00
 0.890000E+00 0.438501E+00
 0.910000E+00 0.437142E+00
 0.930000E+00 0.437139E+00
 0.950000E+00 0.437137E+00
 0.970000E+00 0.437136E+00
 0.990000E+00 0.437136E+00




































































































 -.990000E+00 0.828900E+00
 -.970000E+00 0.828570E+00
 -.950000E+00 0.828244E+00
 -.930000E+00 0.827921E+00
 -.910000E+00 0.827601E+00
 -.890000E+00 0.827444E+00
 -.870000E+00 0.827400E+00
 -.850000E+00 0.827288E+00
 -.830000E+00 0.827111E+00
 -.810000E+00 0.826867E+00
 -.790000E+00 0.826558E+00
 -.770000E+00 0.826184E+00
 -.750000E+00 0.825746E+00
 -.730000E+00 0.825244E+00
 -.710000E+00 0.824679E+00
 -.690000E+00 0.824051E+00
 -.670000E+00 0.823361E+00
 -.650000E+00 0.822609E+00
 -.630000E+00 0.821795E+00
 -.610000E+00 0.820920E+00
 -.590000E+00 0.819985E+00
 -.570000E+00 0.818989E+00
 -.550000E+00 0.817933E+00
 -.530000E+00 0.816818E+00
 -.510000E+00 0.815643E+00
 -.490000E+00 0.814409E+00
 -.470000E+00 0.813116E+00
 -.450000E+00 0.811764E+00
 -.430000E+00 0.810355E+00
 -.410000E+00 0.808887E+00
 -.390000E+00 0.807361E+00
 -.370000E+00 0.805777E+00
 -.350000E+00 0.804136E+00
 -.330000E+00 0.802438E+00
 -.310000E+00 0.800682E+00
 -.290000E+00 0.798868E+00
 -.270000E+00 0.796998E+00
 -.250000E+00 0.795070E+00
 -.230000E+00 0.793085E+00
 -.210000E+00 0.791043E+00
 -.190000E+00 0.788944E+00
 -.170000E+00 0.786787E+00
 -.150000E+00 0.784573E+00
 -.130000E+00 0.782302E+00
 -.110000E+00 0.779974E+00
 -.900000E-01 0.777587E+00
 -.700000E-01 0.775143E+00
 -.500000E-01 0.772641E+00
 -.300000E-01 0.770081E+00
 -.100000E-01 0.767463E+00
 0.100000E-01 0.764786E+00
 0.300000E-01 0.762050E+00
 0.500000E-01 0.759255E+00
 0.700000E-01 0.756400E+00
 0.900000E-01 0.753486E+00
 0.110000E+00 0.750511E+00
 0.130000E+00 0.747476E+00
 0.150000E+00 0.744380E+00
 0.170000E+00 0.741223E+00
 0.190000E+00 0.738003E+00
 0.210000E+00 0.734722E+00
 0.230000E+00 0.731378E+00
 0.250000E+00 0.727970E+00
 0.270000E+00 0.724498E+00
 0.290000E+00 0.720962E+00
 0.310000E+00 0.717361E+00
 0.330000E+00 0.713694E+00
 0.350000E+00 0.709961E+00
 0.370000E+00 0.706161E+00
 0.390000E+00 0.702293E+00
 0.410000E+00 0.698357E+00
 0.430000E+00 0.694352E+00
 0.450000E+00 0.690276E+00
 0.470000E+00 0.686130E+00
 0.490000E+00 0.681913E+00
 0.510000E+00 0.677623E+00
 0.530000E+00 0.673260E+00
 0.550000E+00 0.668822E+00
 0.570000E+00 0.664310E+00
 0.590000E+00 0.659722E+00
 0.610000E+00 0.655056E+00
 0.630000E+00 0.650313E+00
 0.650000E+00 0.645491E+00
 0.670000E+00 0.640588E+00
 0.690000E+00 0.635605E+00
 0.710000E+00 0.630539E+00
 0.730000E+00 0.625390E+00
 0.750000E+00 0.620157E+00
 0.770000E+00 0.614838E+00
 0.790000E+00 0.609432E+00
 0.810000E+00 0.603938E+00
 0.830000E+00 0.598355E+00
 0.850000E+00 0.592682E+00
 0.870000E+00 0.586917E+00
 0.890000E+00 0.581059E+00
 0.910000E+00 0.578073E+00
 0.930000E+00 0.578035E+00
 0.950000E+00 0.578008E+00
 0.970000E+00 0.577992E+00
 0.990000E+00 0.577986E+00




































































































 -.990000E+00 0.297975E+00
 -.970000E+00 0.293600E+00
 -.950000E+00 0.289168E+00
 -.930000E+00 0.284678E+00
 -.910000E+00 0.280129E+00
 -.890000E+00 0.276125E+00
 -.870000E+00 0.272708E+00
 -.850000E+00 0.269285E+00
 -.830000E+00 0.265855E+00
 -.810000E+00 0.262420E+00
 -.790000E+00 0.258979E+00
 -.770000E+00 0.255532E+00
 -.750000E+00 0.252080E+00
 -.730000E+00 0.248622E+00
 -.710000E+00 0.245158E+00
 -.690000E+00 0.241688E+00
 -.670000E+00 0.238212E+00
 -.650000E+00 0.234731E+00
 -.630000E+00 0.231244E+00
 -.610000E+00 0.227752E+00
 -.590000E+00 0.224254E+00
 -.570000E+00 0.220751E+00
 -.550000E+00 0.217242E+00
 -.530000E+00 0.213728E+00
 -.510000E+00 0.210208E+00
 -.490000E+00 0.206683E+00
 -.470000E+00 0.203153E+00
 -.450000E+00 0.199617E+00
 -.430000E+00 0.196076E+00
 -.410000E+00 0.192530E+00
 -.390000E+00 0.188978E+00
 -.370000E+00 0.185421E+00
 -.350000E+00 0.181860E+00
 -.330000E+00 0.178293E+00
 -.310000E+00 0.174721E+00
 -.290000E+00 0.171144E+00
 -.270000E+00 0.167562E+00
 -.250000E+00 0.163975E+00
 -.230000E+00 0.160383E+00
 -.210000E+00 0.156786E+00
 -.190000E+00 0.153184E+00
 -.170000E+00 0.149578E+00
 -.150000E+00 0.145967E+00
 -.130000E+00 0.142351E+00
 -.110000E+00 0.138730E+00
 -.900000E-01 0.135105E+00
 -.700000E-01 0.131475E+00
 -.500000E-01 0.127841E+00
 -.300000E-01 0.124202E+00
 -.100000E-01 0.120558E+00
 0.100000E-01 0.116911E+00
 0.300000E-01 0.113258E+00
 0.500000E-01 0.109602E+00
 0.700000E-01 0.105941E+00
 0.900000E-01 0.102276E+00
 0.110000E+00 0.986064E-01
 0.130000E+00 0.949329E-01
 0.150000E+00 0.912553E-01
 0.170000E+00 0.875735E-01
 0.190000E+00 0.838878E-01
 0.210000E+00 0.801980E-01
 0.230000E+00 0.765043E-01
 0.250000E+00 0.728067E-01
 0.270000E+00 0.691053E-01
 0.290000E+00 0.654001E-01
 0.310000E+00 0.616911E-01
 0.330000E+00 0.579784E-01
 0.350000E+00 0.542621E-01
 0.370000E+00 0.505421E-01
 0.390000E+00 0.468186E-01
 0.410000E+00 0.430916E-01
 0.430000E+00 0.393612E-01
 0.450000E+00 0.356273E-01
 0.470000E+00 0.318901E-01
 0.490000E+00 0.281496E-01
 0.510000E+00 0.244058E-01
 0.530000E+00 0.206589E-01
 0.550000E+00 0.169088E-01
 0.570000E+00 0.131556E-01
 0.590000E+00 0.939937E-02
 0.610000E+00 0.564017E-02
 0.630000E+00 0.187805E-02
 0.650000E+00 -.188695E-02
 0.670000E+00 -.565476E-02
 0.690000E+00 -.942533E-02
 0.710000E+00 -.131986E-01
 0.730000E+00 -.169745E-01
 0.750000E+00 -.207530E-01
 0.770000E+00 -.245341E-01
 0.790000E+00 -.283176E-01
 0.810000E+00 -.321035E-01
 0.830000E+00 -.358918E-01
 0.850000E+00 -.396824E-01
 0.870000E+00 -.434753E-01
 0.890000E+00 -.472703E-01
 0.910000E+00 -.491769E-01
 0.930000E+00 -.491916E-01
 0.950000E+00 -.492020E-01
 0.970000E+00 -.492083E-01
 0.990000E+00 -.492104E-01




































































































 -.990000E+00 -.315627E+00
 -.970000E+00 -.322818E+00
 -.950000E+00 -.330052E+00
 -.930000E+00 -.337331E+00
 -.910000E+00 -.344652E+00
 -.890000E+00 -.348428E+00
 -.870000E+00 -.348626E+00
 -.850000E+00 -.348824E+00
 -.830000E+00 -.349022E+00
 -.810000E+00 -.349220E+00
 -.790000E+00 -.349418E+00
 -.770000E+00 -.349616E+00
 -.750000E+00 -.349814E+00
 -.730000E+00 -.350013E+00
 -.710000E+00 -.350211E+00
 -.690000E+00 -.350409E+00
 -.670000E+00 -.350607E+00
 -.650000E+00 -.350805E+00
 -.630000E+00 -.351003E+00
 -.610000E+00 -.351200E+00
 -.590000E+00 -.351398E+00
 -.570000E+00 -.351596E+00
 -.550000E+00 -.351794E+00
 -.530000E+00 -.351992E+00
 -.510000E+00 -.352190E+00
 -.490000E+00 -.352388E+00
 -.470000E+00 -.352586E+00
 -.450000E+00 -.352784E+00
 -.430000E+00 -.352981E+00
 -.410000E+00 -.353179E+00
 -.390000E+00 -.353377E+00
 -.370000E+00 -.353575E+00
 -.350000E+00 -.353772E+00
 -.330000E+00 -.353970E+00
 -.310000E+00 -.354168E+00
 -.290000E+00 -.354366E+00
 -.270000E+00 -.354563E+00
 -.250000E+00 -.354761E+00
 -.230000E+00 -.354959E+00
 -.210000E+00 -.355156E+00
 -.190000E+00 -.355354E+00
 -.170000E+00 -.355552E+00
 -.150000E+00 -.355749E+00
 -.130000E+00 -.355947E+00
 -.110000E+00 -.356144E+00
 -.900000E-01 -.356342E+00
 -.700000E-01 -.356539E+00
 -.500000E-01 -.356737E+00
 -.300000E-01 -.356934E+00
 -.100000E-01 -.357132E+00
 0.100000E-01 -.357329E+00
 0.300000E-01 -.357527E+00
 0.500000E-01 -.357724E+00
 0.700000E-01 -.357922E+00
 0.900000E-01 -.358119E+00
 0.110000E+00 -.358317E+00
 0.130000E+00 -.358514E+00
 0.150000E+00 -.358711E+00
 0.170000E+00 -.358909E+00
 0.190000E+00 -.359106E+00
 0.210000E+00 -.359303E+00
 0.230000E+00 -.359501E+00
 0.250000E+00 -.359698E+00
 0.270000E+00 -.359895E+00
 0.290000E+00 -.360092E+00
 0.310000E+00 -.360290E+00
 0.330000E+00 -.360487E+00
 0.350000E+00 -.360684E+00
 0.370000E+00 -.360881E+00
 0.390000E+00 -.361078E+00
 0.410000E+00 -.361276E+00
 0.430000E+00 -.361473E+00
 0.450000E+00 -.361670E+00
 0.470000E+00 -.361867E+00
 0.490000E+00 -.362064E+00
 0.510000E+00 -.362261E+00
 0.530000E+00 -.362458E+00
 0.550000E+00 -.362655E+00
 0.570000E+00 -.362852E+00
 0.590000E+00 -.363049E+00
 0.610000E+00 -.363246E+00
 0.630000E+00 -.363443E+00
 0.650000E+00 -.363640E+00
 0.670000E+00 -.363837E+00
 0.690000E+00 -.364034E+00
 0.710000E+00 -.364231E+00
 0.730000E+00 -.364428E+00
 0.750000E+00 -.364625E+00
 0.770000E+00 -.364822E+00
 0.790000E+00 -.365019E+00
 0.810000E+00 -.365216E+00
 0.830000E+00 -.365412E+00
 0.850000E+00 -.365609E+00
 0.870000E+00 -.365806E+00
 0.890000E+00 -.366003E+00
 0.910000E+00 -.366106E+00
 0.930000E+00 -.366113E+00
 0.950000E+00 -.366119E+00
 0.970000E+00 -.366122E+00
 0.990000E+00 -.366123E+00




































































































 -.990000E+00 -.812985E+00
 -.970000E+00 -.817472E+00
 -.950000E+00 -.821922E+00
 -.930000E+00 -.826334E+00
 -.910000E+00 -.830706E+00
 -.890000E+00 -.831992E+00
 -.870000E+00 -.830214E+00
 -.850000E+00 -.828428E+00
 -.830000E+00 -.826633E+00
 -.810000E+00 -.824829E+00
 -.790000E+00 -.823016E+00
 -.770000E+00 -.821194E+00
 -.750000E+00 -.819363E+00
 -.730000E+00 -.817523E+00
 -.710000E+00 -.815674E+00
 -.690000E+00 -.813817E+00
 -.670000E+00 -.811950E+00
 -.650000E+00 -.810075E+00
 -.630000E+00 -.808191E+00
 -.610000E+00 -.806297E+00
 -.590000E+00 -.804395E+00
 -.570000E+00 -.802484E+00
 -.550000E+00 -.800565E+00
 -.530000E+00 -.798636E+00
 -.510000E+00 -.796699E+00
 -.490000E+00 -.794752E+00
 -.470000E+00 -.792797E+00
 -.450000E+00 -.790833E+00
 -.430000E+00 -.788860E+00
 -.410000E+00 -.786879E+00
 -.390000E+00 -.784888E+00
 -.370000E+00 -.782889E+00
 -.350000E+00 -.780881E+00
 -.330000E+00 -.778864E+00
 -.310000E+00 -.776838E+00
 -.290000E+00 -.774804E+00
 -.270000E+00 -.772761E+00
 -.250000E+00 -.770709E+00
 -.230000E+00 -.768648E+00
 -.210000E+00 -.766578E+00
 -.190000E+00 -.764500E+00
 -.170000E+00 -.762413E+00
 -.150000E+00 -.760317E+00
 -.130000E+00 -.758213E+00
 -.110000E+00 -.756099E+00
 -.900000E-01 -.753977E+00
 -.700000E-01 -.751847E+00
 -.500000E-01 -.749707E+00
 -.300000E-01 -.747559E+00
 -.100000E-01 -.745402E+00
 0.100000E-01 -.743237E+00
 0.300000E-01 -.741063E+00
 0.500000E-01 -.738880E+00
 0.700000E-01 -.736689E+00
 0.900000E-01 -.734488E+00
 0.110000E+00 -.732280E+00
 0.130000E+00 -.730062E+00
 0.150000E+00 -.727836E+00
 0.170000E+00 -.725602E+00
 0.190000E+00 -.723358E+00
 0.210000E+00 -.721106E+00
 0.230000E+00 -.718846E+00
 0.250000E+00 -.716577E+00
 0.270000E+00 -.714299E+00
 0.290000E+00 -.712013E+00
 0.310000E+00 -.709718E+00
 0.330000E+00 -.707415E+00
 0.350000E+00 -.705103E+00
 0.370000E+00 -.702782E+00
 0.390000E+00 -.700453E+00
 0.410000E+00 -.698116E+00
 0.430000E+00 -.695770E+00
 0.450000E+00 -.693415E+00
 0.470000E+00 -.691052E+00
 0.490000E+00 -.688681E+00
 0.510000E+00 -.686301E+00
 0.530000E+00 -.683912E+00
 0.550000E+00 -.681515E+00
 0.570000E+00 -.679110E+00
 0.590000E+00 -.676696E+00
 0.610000E+00 -.674274E+00
 0.630000E+00 -.671843E+00
 0.650000E+00 -.669404E+00
 0.670000E+00 -.666957E+00
 0.690000E+00 -.664501E+00
 0.710000E+00 -.662037E+00
 0.730000E+00 -.659564E+00
 0.750000E+00 -.657083E+00
 0.770000E+00 -.654594E+00
 0.790000E+00 -.652096E+00
 0.810000E+00 -.649590E+00
 0.830000E+00 -.647076E+00
 0.850000E+00 -.644554E+00
 0.870000E+00 -.642023E+00
 0.890000E+00 -.639484E+00
 0.910000E+00 -.638213E+00
 0.930000E+00 -.638216E+00
 0.950000E+00 -.638218E+00
 0.970000E+00 -.638219E+00
 0.990000E+00 -.638220E+00




































































































 -.990000E+00 -.921713E+00
 -.970000E+00 -.921888E+00
 -.950000E+00 -.922064E+00
 -.930000E+00 -.922240E+00
 -.910000E+00 -.922416E+00
 -.890000E+00 -.923692E+00
 -.870000E+00 -.926022E+00
 -.850000E+00 -.928293E+00
 -.830000E+00 -.930505E+00
 -.810000E+00 -.932657E+00
 -.790000E+00 -.934750E+00
 -.770000E+00 -.936783E+00
 -.750000E+00 -.938756E+00
 -.730000E+00 -.940670E+00
 -.710000E+00 -.942525E+00
 -.690000E+00 -.944320E+00
 -.670000E+00 -.946056E+00
 -.650000E+00 -.947733E+00
 -.630000E+00 -.949350E+00
 -.610000E+00 -.950908E+00
 -.590000E+00 -.952406E+00
 -.570000E+00 -.953846E+00
 -.550000E+00 -.955226E+00
 -.530000E+00 -.956546E+00
 -.510000E+00 -.957808E+00
 -.490000E+00 -.959011E+00
 -.470000E+00 -.960154E+00
 -.450000E+00 -.961238E+00
 -.430000E+00 -.962264E+00
 -.410000E+00 -.963230E+00
 -.390000E+00 -.964137E+00
 -.370000E+00 -.964986E+00
 -.350000E+00 -.965776E+00
 -.330000E+00 -.966507E+00
 -.310000E+00 -.967179E+00
 -.290000E+00 -.967792E+00
 -.270000E+00 -.968347E+00
 -.250000E+00 -.968843E+00
 -.230000E+00 -.969281E+00
 -.210000E+00 -.969660E+00
 -.190000E+00 -.969980E+00
 -.170000E+00 -.970243E+00
 -.150000E+00 -.970446E+00
 -.130000E+00 -.970592E+00
 -.110000E+00 -.970679E+00
 -.900000E-01 -.970708E+00
 -.700000E-01 -.970678E+00
 -.500000E-01 -.970591E+00
 -.300000E-01 -.970445E+00
 -.100000E-01 -.970242E+00
 0.100000E-01 -.969980E+00
 0.300000E-01 -.969660E+00
 0.500000E-01 -.969283E+00
 0.700000E-01 -.968847E+00
 0.900000E-01 -.968354E+00
 0.110000E+00 -.967802E+00
 0.130000E+00 -.967193E+00
 0.150000E+00 -.966526E+00
 0.170000E+00 -.965802E+00
 0.190000E+00 -.965019E+00
 0.210000E+00 -.964179E+00
 0.230000E+00 -.963282E+00
 0.250000E+00 -.962327E+00
 0.270000E+00 -.961314E+00
 0.290000E+00 -.960243E+00
 0.310000E+00 -.959116E+00
 0.330000E+00 -.957930E+00
 0.350000E+00 -.956687E+00
 0.370000E+00 -.955387E+00
 0.390000E+00 -.954029E+00
 0.410000E+00 -.952614E+00
 0.430000E+00 -.951141E+00
 0.450000E+00 -.949611E+00
 0.470000E+00 -.948024E+00
 0.490000E+00 -.946379E+00
 0.510000E+00 -.944677E+00
 0.530000E+00 -.942918E+00
 0.550000E+00 -.941101E+00
 0.570000E+00 -.939227E+00
 0.590000E+00 -.937296E+00
 0.610000E+00 -.935307E+00
 0.630000E+00 -.933261E+00
 0.650000E+00 -.931158E+00
 0.670000E+00 -.928998E+00
 0.690000E+00 -.926780E+00
 0.710000E+00 -.924505E+00
 0.730000E+00 -.922173E+00
 0.750000E+00 -.919784E+00
 0.770000E+00 -.917337E+00
 0.790000E+00 -.914833E+00
 0.810000E+00 -.912272E+00
 0.830000E+00 -.909653E+00
 0.850000E+00 -.906978E+00
 0.870000E+00 -.904245E+00
 0.890000E+00 -.901454E+00
 0.910000E+00 -.900039E+00
 0.930000E+00 -.900041E+00
 0.950000E+00 -.900042E+00
 0.970000E+00 -.900043E+00
 0.990000E+00 -.900043E+00




































































































 -.990000E+00 0.795378E-01
 -.970000E+00 0.704440E-01
 -.950000E+00 0.612910E-01
 -.930000E+00 0.520833E-01
 -.910000E+00 0.428251E-01
 -.890000E+00 0.349267E-01
 -.870000E+00 0.284126E-01
 -.850000E+00 0.218851E-01
 -.830000E+00 0.153456E-01
 -.810000E+00 0.879551E-02
 -.790000E+00 0.223612E-02
 -.770000E+00 -.433118E-02
 -.750000E+00 -.109050E-01
 -.730000E+00 -.174841E-01
 -.710000E+00 -.240669E-01
 -.690000E+00 -.306521E-01
 -.670000E+00 -.372383E-01
 -.650000E+00 -.438241E-01
 -.630000E+00 -.504081E-01
 -.610000E+00 -.569890E-01
 -.590000E+00 -.635652E-01
 -.570000E+00 -.701355E-01
 -.550000E+00 -.766983E-01
 -.530000E+00 -.832524E-01
 -.510000E+00 -.897962E-01
 -.490000E+00 -.963283E-01
 -.470000E+00 -.102847E+00
 -.450000E+00 -.109352E+00
 -.430000E+00 -.115841E+00
 -.410000E+00 -.122312E+00
 -.390000E+00 -.128765E+00
 -.370000E+00 -.135197E+00
 -.350000E+00 -.141609E+00
 -.330000E+00 -.147997E+00
 -.310000E+00 -.154361E+00
 -.290000E+00 -.160699E+00
 -.270000E+00 -.167010E+00
 -.250000E+00 -.173292E+00
 -.230000E+00 -.179545E+00
 -.210000E+00 -.185766E+00
 -.190000E+00 -.191955E+00
 -.170000E+00 -.198110E+00
 -.150000E+00 -.204229E+00
 -.130000E+00 -.210312E+00
 -.110000E+00 -.216357E+00
 -.900000E-01 -.222362E+00
 -.700000E-01 -.228327E+00
 -.500000E-01 -.234249E+00
 -.300000E-01 -.240129E+00
 -.100000E-01 -.245963E+00
 0.100000E-01 -.251752E+00
 0.300000E-01 -.257494E+00
 0.500000E-01 -.263187E+00
 0.700000E-01 -.268830E+00
 0.900000E-01 -.274423E+00
 0.110000E+00 -.279963E+00
 0.130000E+00 -.285450E+00
 0.150000E+00 -.290883E+00
 0.170000E+00 -.296259E+00
 0.190000E+00 -.301579E+00
 0.210000E+00 -.306841E+00
 0.230000E+00 -.312043E+00
 0.250000E+00 -.317185E+00
 0.270000E+00 -.322265E+00
 0.290000E+00 -.327283E+00
 0.310000E+00 -.332237E+00
 0.330000E+00 -.337127E+00
 0.350000E+00 -.341950E+00
 0.370000E+00 -.346707E+00
 0.390000E+00 -.351395E+00
 0.410000E+00 -.356015E+00
 0.430000E+00 -.360565E+00
 0.450000E+00 -.365044E+00
 0.470000E+00 -.369451E+00
 0.490000E+00 -.373786E+00
 0.510000E+00 -.378047E+00
 0.530000E+00 -.382233E+00
 0.550000E+00 -.386343E+00
 0.570000E+00 -.390378E+00
 0.590000E+00 -.394335E+00
 0.610000E+00 -.398214E+00
 0.630000E+00 -.402015E+00
 0.650000E+00 -.405735E+00
 0.670000E+00 -.409376E+00
 0.690000E+00 -.412935E+00
 0.710000E+00 -.416413E+00
 0.730000E+00 -.419807E+00
 0.750000E+00 -.423119E+00
 0.770000E+00 -.426346E+00
 0.790000E+00 -.429489E+00
 0.810000E+00 -.432547E+00
 0.830000E+00 -.435519E+00
 0.850000E+00 -.438404E+00
 0.870000E+00 -.441203E+00
 0.890000E+00 -.443913E+00
 0.910000E+00 -.445235E+00
 0.930000E+00 -.445234E+00
 0.950000E+00 -.445233E+00
 0.970000E+00 -.445232E+00
 0.990000E+00 -.445232E+00




































































































 -.990000E+00 0.184394E+00
 -.970000E+00 0.184138E+00
 -.950000E+00 0.183517E+00
 -.930000E+00 0.182531E+00
 -.910000E+00 0.181178E+00
 -.890000E+00 0.180516E+00
 -.870000E+00 0.180687E+00
 -.850000E+00 0.180681E+00
 -.830000E+00 0.180500E+00
 -.810000E+00 0.180143E+00
 -.790000E+00 0.179610E+00
 -.770000E+00 0.178902E+00
 -.750000E+00 0.178019E+00
 -.730000E+00 0.176963E+00
 -.710000E+00 0.175733E+00
 -.690000E+00 0.174332E+00
 -.670000E+00 0.172760E+00
 -.650000E+00 0.171018E+00
 -.630000E+00 0.169110E+00
 -.610000E+00 0.167035E+00
 -.590000E+00 0.164797E+00
 -.570000E+00 0.162397E+00
 -.550000E+00 0.159837E+00
 -.530000E+00 0.157120E+00
 -.510000E+00 0.154249E+00
 -.490000E+00 0.151226E+00
 -.470000E+00 0.148053E+00
 -.450000E+00 0.144735E+00
 -.430000E+00 0.141273E+00
 -.410000E+00 0.137672E+00
 -.390000E+00 0.133935E+00
 -.370000E+00 0.130064E+00
 -.350000E+00 0.126065E+00
 -.330000E+00 0.121941E+00
 -.310000E+00 0.117695E+00
 -.290000E+00 0.113332E+00
 -.270000E+00 0.108856E+00
 -.250000E+00 0.104271E+00
 -.230000E+00 0.995820E-01
 -.210000E+00 0.947928E-01
 -.190000E+00 0.899082E-01
 -.170000E+00 0.849331E-01
 -.150000E+00 0.798721E-01
 -.130000E+00 0.747301E-01
 -.110000E+00 0.695120E-01
 -.900000E-01 0.642230E-01
 -.700000E-01 0.588681E-01
 -.500000E-01 0.534526E-01
 -.300000E-01 0.479815E-01
 -.100000E-01 0.424603E-01
 0.100000E-01 0.368943E-01
 0.300000E-01 0.312889E-01
 0.500000E-01 0.256495E-01
 0.700000E-01 0.199817E-01
 0.900000E-01 0.142909E-01
 0.110000E+00 0.858272E-02
 0.130000E+00 0.286268E-02
 0.150000E+00 -.286362E-02
 0.170000E+00 -.859059E-02
 0.190000E+00 -.143126E-01
 0.210000E+00 -.200241E-01
 0.230000E+00 -.257195E-01
 0.250000E+00 -.313932E-01
 0.270000E+00 -.370397E-01
 0.290000E+00 -.426533E-01
 0.310000E+00 -.482286E-01
 0.330000E+00 -.537601E-01
 0.350000E+00 -.592424E-01
 0.370000E+00 -.646701E-01
 0.390000E+00 -.700378E-01
 0.410000E+00 -.753403E-01
 0.430000E+00 -.805723E-01
 0.450000E+00 -.857286E-01
 0.470000E+00 -.908042E-01
 0.490000E+00 -.957941E-01
 0.510000E+00 -.100693E+00
 0.530000E+00 -.105497E+00
 0.550000E+00 -.110200E+00
 0.570000E+00 -.114799E+00
 0.590000E+00 -.119288E+00
 0.610000E+00 -.123663E+00
 0.630000E+00 -.127920E+00
 0.650000E+00 -.132055E+00
 0.670000E+00 -.136062E+00
 0.690000E+00 -.139940E+00
 0.710000E+00 -.143683E+00
 0.730000E+00 -.147287E+00
 0.750000E+00 -.150751E+00
 0.770000E+00 -.154068E+00
 0.790000E+00 -.157238E+00
 0.810000E+00 -.160256E+00
 0.830000E+00 -.163119E+00
 0.850000E+00 -.165825E+00
 0.870000E+00 -.168370E+00
 0.890000E+00 -.170753E+00
 0.910000E+00 -.171882E+00
 0.930000E+00 -.171882E+00
 0.950000E+00 -.171882E+00
 0.970000E+00 -.171882E+00
 0.990000E+00 -.171882E+00




































































































 -.990000E+00 -.198506E-01
 -.970000E+00 -.187236E-01
 -.950000E+00 -.128385E-01
 -.930000E+00 -.473989E-02
 -.910000E+00 0.206671E-02
 -.890000E+00 0.611655E-02
 -.870000E+00 0.814266E-02
 -.850000E+00 0.664215E-02
 -.830000E+00 0.226300E-02
 -.810000E+00 -.309926E-02
 -.790000E+00 -.712200E-02
 -.770000E+00 -.806154E-02
 -.750000E+00 -.550896E-02
 -.730000E+00 -.568058E-03
 -.710000E+00 0.462195E-02
 -.690000E+00 0.781263E-02
 -.670000E+00 0.762038E-02
 -.650000E+00 0.412646E-02
 -.630000E+00 -.115738E-02
 -.610000E+00 -.594298E-02
 -.590000E+00 -.815666E-02
 -.570000E+00 -.683778E-02
 -.550000E+00 -.255561E-02
 -.530000E+00 0.283639E-02
 -.510000E+00 0.700277E-02
 -.490000E+00 0.813770E-02
 -.470000E+00 0.574763E-02
 -.450000E+00 0.865928E-03
 -.430000E+00 -.439390E-02
 -.410000E+00 -.775324E-02
 -.390000E+00 -.775549E-02
 -.370000E+00 -.439765E-02
 -.350000E+00 0.867522E-03
 -.330000E+00 0.576003E-02
 -.310000E+00 0.815994E-02
 -.290000E+00 0.702598E-02
 -.270000E+00 0.284730E-02
 -.250000E+00 -.256751E-02
 -.230000E+00 -.687322E-02
 -.210000E+00 -.820369E-02
 -.190000E+00 -.598068E-02
 -.170000E+00 -.116518E-02
 -.150000E+00 0.415806E-02
 -.130000E+00 0.768303E-02
 -.110000E+00 0.788143E-02
 -.900000E-01 0.466529E-02
 -.700000E-01 -.574046E-03
 -.500000E-01 -.556785E-02
 -.300000E-01 -.815239E-02
 -.100000E-01 -.720644E-02
 0.100000E-01 -.313770E-02
 0.300000E-01 0.229293E-02
 0.500000E-01 0.673342E-02
 0.700000E-01 0.825932E-02
 0.900000E-01 0.620777E-02
 0.110000E+00 0.146543E-02
 0.130000E+00 -.391468E-02
 0.150000E+00 -.760200E-02
 0.170000E+00 -.799796E-02
 0.190000E+00 -.492901E-02
 0.210000E+00 0.277309E-03
 0.230000E+00 0.536664E-02
 0.250000E+00 0.813393E-02
 0.270000E+00 0.737884E-02
 0.290000E+00 0.342639E-02
 0.310000E+00 -.201296E-02
 0.330000E+00 -.658347E-02
 0.350000E+00 -.830445E-02
 0.370000E+00 -.642853E-02
 0.390000E+00 -.176629E-02
 0.410000E+00 0.366402E-02
 0.430000E+00 0.751017E-02
 0.450000E+00 0.810484E-02
 0.470000E+00 0.518842E-02
 0.490000E+00 0.223232E-04
 0.510000E+00 -.515657E-02
 0.530000E+00 -.810450E-02
 0.550000E+00 -.754290E-02
 0.570000E+00 -.371298E-02
 0.590000E+00 0.172793E-02
 0.610000E+00 0.642350E-02
 0.630000E+00 0.833891E-02
 0.650000E+00 0.664261E-02
 0.670000E+00 0.206736E-02
 0.690000E+00 -.340636E-02
 0.710000E+00 -.740758E-02
 0.730000E+00 -.820185E-02
 0.750000E+00 -.544313E-02
 0.770000E+00 -.324476E-03
 0.790000E+00 0.493786E-02
 0.810000E+00 0.806403E-02
 0.830000E+00 0.769833E-02
 0.850000E+00 0.399707E-02
 0.870000E+00 -.143817E-02
 0.890000E+00 -.625361E-02
 0.910000E+00 -.773866E-02
 0.930000E+00 -.773782E-02
 0.950000E+00 -.773688E-02
 0.970000E+00 -.773624E-02
 0.990000E+00 -.773618E-02




































































































