 -.990000E+00 0.259290E+00
 -.970000E+00 0.259438E+00
 -.950000E+00 0.259543E+00
 -.930000E+00 0.259558E+00
 -.910000E+00 0.259478E+00
 -.890000E+00 -.836815E-04
 -.870000E+00 -.188582E-03
 -.850000E+00 -.211827E-03
 -.830000E+00 -.143353E-03
 -.810000E+00 -.128088E-04
 -.790000E+00 0.123280E-03
 -.770000E+00 0.205989E-03
 -.750000E+00 0.199506E-03
 -.730000E+00 0.106638E-03
 -.710000E+00 -.324018E-04
 -.690000E+00 -.157411E-03
 -.670000E+00 -.214262E-03
 -.650000E+00 -.178339E-03
 -.630000E+00 -.651969E-04
 -.610000E+00 0.761740E-04
 -.590000E+00 0.184561E-03
 -.570000E+00 0.213035E-03
 -.550000E+00 0.149266E-03
 -.530000E+00 0.208662E-04
 -.510000E+00 -.116567E-03
 -.490000E+00 -.203528E-03
 -.470000E+00 -.202362E-03
 -.450000E+00 -.113575E-03
 -.430000E+00 0.243886E-04
 -.410000E+00 0.151791E-03
 -.390000E+00 0.213469E-03
 -.370000E+00 0.182716E-03
 -.350000E+00 0.728491E-04
 -.330000E+00 -.685610E-04
 -.310000E+00 -.180284E-03
 -.290000E+00 -.213946E-03
 -.270000E+00 -.154970E-03
 -.250000E+00 -.288940E-04
 -.230000E+00 0.109693E-03
 -.210000E+00 0.200783E-03
 -.190000E+00 0.204936E-03
 -.170000E+00 0.120353E-03
 -.150000E+00 -.163418E-04
 -.130000E+00 -.145960E-03
 -.110000E+00 -.212379E-03
 -.900000E-01 -.186839E-03
 -.700000E-01 -.803993E-04
 -.500000E-01 0.608526E-04
 -.300000E-01 0.175756E-03
 -.100000E-01 0.214558E-03
 0.100000E-01 0.160458E-03
 0.300000E-01 0.368812E-04
 0.500000E-01 -.102665E-03
 0.700000E-01 -.197758E-03
 0.900000E-01 -.207224E-03
 0.110000E+00 -.126963E-03
 0.130000E+00 0.827239E-05
 0.150000E+00 0.139926E-03
 0.170000E+00 0.210992E-03
 0.190000E+00 0.190701E-03
 0.210000E+00 0.878374E-04
 0.230000E+00 -.530595E-04
 0.250000E+00 -.170982E-03
 0.270000E+00 -.214871E-03
 0.290000E+00 -.165723E-03
 0.310000E+00 -.448170E-04
 0.330000E+00 0.954945E-04
 0.350000E+00 0.194458E-03
 0.370000E+00 0.209223E-03
 0.390000E+00 0.133396E-03
 0.410000E+00 -.191307E-06
 0.430000E+00 -.133696E-03
 0.450000E+00 -.209312E-03
 0.470000E+00 -.194297E-03
 0.490000E+00 -.951532E-04
 0.510000E+00 0.451921E-04
 0.530000E+00 0.165970E-03
 0.550000E+00 0.214885E-03
 0.570000E+00 0.170756E-03
 0.590000E+00 0.526907E-04
 0.610000E+00 -.881903E-04
 0.630000E+00 -.190886E-03
 0.650000E+00 -.210930E-03
 0.670000E+00 -.139643E-03
 0.690000E+00 -.789052E-05
 0.710000E+00 0.127279E-03
 0.730000E+00 0.207339E-03
 0.750000E+00 0.197623E-03
 0.770000E+00 0.102337E-03
 0.790000E+00 -.372611E-04
 0.810000E+00 -.160726E-03
 0.830000E+00 -.214599E-03
 0.850000E+00 -.175552E-03
 0.870000E+00 -.604916E-04
 0.890000E+00 0.807625E-04
 0.910000E+00 0.259617E+00
 0.930000E+00 0.259679E+00
 0.950000E+00 0.259668E+00
 0.970000E+00 0.259591E+00
 0.990000E+00 0.259480E+00




































































































 -.990000E+00 0.257525E+00
 -.970000E+00 0.257394E+00
 -.950000E+00 0.257263E+00
 -.930000E+00 0.257131E+00
 -.910000E+00 0.257000E+00
 -.890000E+00 -.255598E-02
 -.870000E+00 -.268473E-02
 -.850000E+00 -.281085E-02
 -.830000E+00 -.293421E-02
 -.810000E+00 -.305471E-02
 -.790000E+00 -.317221E-02
 -.770000E+00 -.328662E-02
 -.750000E+00 -.339780E-02
 -.730000E+00 -.350566E-02
 -.710000E+00 -.361009E-02
 -.690000E+00 -.371099E-02
 -.670000E+00 -.380826E-02
 -.650000E+00 -.390181E-02
 -.630000E+00 -.399153E-02
 -.610000E+00 -.407735E-02
 -.590000E+00 -.415919E-02
 -.570000E+00 -.423695E-02
 -.550000E+00 -.431057E-02
 -.530000E+00 -.437997E-02
 -.510000E+00 -.444509E-02
 -.490000E+00 -.450586E-02
 -.470000E+00 -.456222E-02
 -.450000E+00 -.461412E-02
 -.430000E+00 -.466150E-02
 -.410000E+00 -.470433E-02
 -.390000E+00 -.474255E-02
 -.370000E+00 -.477614E-02
 -.350000E+00 -.480505E-02
 -.330000E+00 -.482926E-02
 -.310000E+00 -.484875E-02
 -.290000E+00 -.486350E-02
 -.270000E+00 -.487349E-02
 -.250000E+00 -.487871E-02
 -.230000E+00 -.487917E-02
 -.210000E+00 -.487484E-02
 -.190000E+00 -.486576E-02
 -.170000E+00 -.485191E-02
 -.150000E+00 -.483331E-02
 -.130000E+00 -.480999E-02
 -.110000E+00 -.478197E-02
 -.900000E-01 -.474927E-02
 -.700000E-01 -.471192E-02
 -.500000E-01 -.466996E-02
 -.300000E-01 -.462344E-02
 -.100000E-01 -.457240E-02
 0.100000E-01 -.451688E-02
 0.300000E-01 -.445694E-02
 0.500000E-01 -.439265E-02
 0.700000E-01 -.432406E-02
 0.900000E-01 -.425124E-02
 0.110000E+00 -.417426E-02
 0.130000E+00 -.409321E-02
 0.150000E+00 -.400814E-02
 0.170000E+00 -.391916E-02
 0.190000E+00 -.382635E-02
 0.210000E+00 -.372979E-02
 0.230000E+00 -.362958E-02
 0.250000E+00 -.352583E-02
 0.270000E+00 -.341863E-02
 0.290000E+00 -.330808E-02
 0.310000E+00 -.319430E-02
 0.330000E+00 -.307739E-02
 0.350000E+00 -.295748E-02
 0.370000E+00 -.283467E-02
 0.390000E+00 -.270909E-02
 0.410000E+00 -.258086E-02
 0.430000E+00 -.245011E-02
 0.450000E+00 -.231696E-02
 0.470000E+00 -.218154E-02
 0.490000E+00 -.204399E-02
 0.510000E+00 -.190445E-02
 0.530000E+00 -.176304E-02
 0.550000E+00 -.161990E-02
 0.570000E+00 -.147518E-02
 0.590000E+00 -.132902E-02
 0.610000E+00 -.118156E-02
 0.630000E+00 -.103294E-02
 0.650000E+00 -.883318E-03
 0.670000E+00 -.732827E-03
 0.690000E+00 -.581620E-03
 0.710000E+00 -.429844E-03
 0.730000E+00 -.277647E-03
 0.750000E+00 -.125179E-03
 0.770000E+00 0.274115E-04
 0.790000E+00 0.179975E-03
 0.810000E+00 0.332363E-03
 0.830000E+00 0.484426E-03
 0.850000E+00 0.636016E-03
 0.870000E+00 0.786983E-03
 0.890000E+00 0.937181E-03
 0.910000E+00 0.260510E+00
 0.930000E+00 0.260655E+00
 0.950000E+00 0.260801E+00
 0.970000E+00 0.260947E+00
 0.990000E+00 0.261094E+00




































































































 -.990000E+00 0.249702E+00
 -.970000E+00 0.249642E+00
 -.950000E+00 0.249582E+00
 -.930000E+00 0.249522E+00
 -.910000E+00 0.249462E+00
 -.890000E+00 -.999637E-02
 -.870000E+00 -.100011E-01
 -.850000E+00 -.100037E-01
 -.830000E+00 -.100042E-01
 -.810000E+00 -.100025E-01
 -.790000E+00 -.999882E-02
 -.770000E+00 -.999299E-02
 -.750000E+00 -.998506E-02
 -.730000E+00 -.997502E-02
 -.710000E+00 -.996289E-02
 -.690000E+00 -.994865E-02
 -.670000E+00 -.993232E-02
 -.650000E+00 -.991391E-02
 -.630000E+00 -.989340E-02
 -.610000E+00 -.987081E-02
 -.590000E+00 -.984614E-02
 -.570000E+00 -.981940E-02
 -.550000E+00 -.979059E-02
 -.530000E+00 -.975972E-02
 -.510000E+00 -.972680E-02
 -.490000E+00 -.969183E-02
 -.470000E+00 -.965481E-02
 -.450000E+00 -.961577E-02
 -.430000E+00 -.957470E-02
 -.410000E+00 -.953161E-02
 -.390000E+00 -.948652E-02
 -.370000E+00 -.943943E-02
 -.350000E+00 -.939035E-02
 -.330000E+00 -.933930E-02
 -.310000E+00 -.928628E-02
 -.290000E+00 -.923130E-02
 -.270000E+00 -.917439E-02
 -.250000E+00 -.911553E-02
 -.230000E+00 -.905476E-02
 -.210000E+00 -.899209E-02
 -.190000E+00 -.892752E-02
 -.170000E+00 -.886107E-02
 -.150000E+00 -.879275E-02
 -.130000E+00 -.872258E-02
 -.110000E+00 -.865058E-02
 -.900000E-01 -.857675E-02
 -.700000E-01 -.850112E-02
 -.500000E-01 -.842370E-02
 -.300000E-01 -.834450E-02
 -.100000E-01 -.826354E-02
 0.100000E-01 -.818085E-02
 0.300000E-01 -.809643E-02
 0.500000E-01 -.801030E-02
 0.700000E-01 -.792249E-02
 0.900000E-01 -.783301E-02
 0.110000E+00 -.774188E-02
 0.130000E+00 -.764911E-02
 0.150000E+00 -.755474E-02
 0.170000E+00 -.745877E-02
 0.190000E+00 -.736123E-02
 0.210000E+00 -.726214E-02
 0.230000E+00 -.716151E-02
 0.250000E+00 -.705938E-02
 0.270000E+00 -.695576E-02
 0.290000E+00 -.685067E-02
 0.310000E+00 -.674414E-02
 0.330000E+00 -.663618E-02
 0.350000E+00 -.652683E-02
 0.370000E+00 -.641609E-02
 0.390000E+00 -.630401E-02
 0.410000E+00 -.619059E-02
 0.430000E+00 -.607587E-02
 0.450000E+00 -.595986E-02
 0.470000E+00 -.584260E-02
 0.490000E+00 -.572410E-02
 0.510000E+00 -.560439E-02
 0.530000E+00 -.548350E-02
 0.550000E+00 -.536145E-02
 0.570000E+00 -.523827E-02
 0.590000E+00 -.511398E-02
 0.610000E+00 -.498861E-02
 0.630000E+00 -.486218E-02
 0.650000E+00 -.473472E-02
 0.670000E+00 -.460627E-02
 0.690000E+00 -.447684E-02
 0.710000E+00 -.434646E-02
 0.730000E+00 -.421515E-02
 0.750000E+00 -.408296E-02
 0.770000E+00 -.394990E-02
 0.790000E+00 -.381601E-02
 0.810000E+00 -.368130E-02
 0.830000E+00 -.354581E-02
 0.850000E+00 -.340957E-02
 0.870000E+00 -.327261E-02
 0.890000E+00 -.313495E-02
 0.910000E+00 0.256403E+00
 0.930000E+00 0.256491E+00
 0.950000E+00 0.256579E+00
 0.970000E+00 0.256668E+00
 0.990000E+00 0.256757E+00




































































































 -.990000E+00 0.380863E+00
 -.970000E+00 0.381713E+00
 -.950000E+00 0.382570E+00
 -.930000E+00 0.383434E+00
 -.910000E+00 0.384307E+00
 -.890000E+00 0.125312E+00
 -.870000E+00 0.125289E+00
 -.850000E+00 0.125257E+00
 -.830000E+00 0.125216E+00
 -.810000E+00 0.125167E+00
 -.790000E+00 0.125109E+00
 -.770000E+00 0.125042E+00
 -.750000E+00 0.124967E+00
 -.730000E+00 0.124883E+00
 -.710000E+00 0.124790E+00
 -.690000E+00 0.124689E+00
 -.670000E+00 0.124579E+00
 -.650000E+00 0.124460E+00
 -.630000E+00 0.124332E+00
 -.610000E+00 0.124196E+00
 -.590000E+00 0.124051E+00
 -.570000E+00 0.123898E+00
 -.550000E+00 0.123736E+00
 -.530000E+00 0.123565E+00
 -.510000E+00 0.123385E+00
 -.490000E+00 0.123197E+00
 -.470000E+00 0.123001E+00
 -.450000E+00 0.122795E+00
 -.430000E+00 0.122581E+00
 -.410000E+00 0.122359E+00
 -.390000E+00 0.122127E+00
 -.370000E+00 0.121888E+00
 -.350000E+00 0.121639E+00
 -.330000E+00 0.121382E+00
 -.310000E+00 0.121117E+00
 -.290000E+00 0.120843E+00
 -.270000E+00 0.120560E+00
 -.250000E+00 0.120269E+00
 -.230000E+00 0.119970E+00
 -.210000E+00 0.119662E+00
 -.190000E+00 0.119345E+00
 -.170000E+00 0.119021E+00
 -.150000E+00 0.118687E+00
 -.130000E+00 0.118346E+00
 -.110000E+00 0.117996E+00
 -.900000E-01 0.117637E+00
 -.700000E-01 0.117271E+00
 -.500000E-01 0.116896E+00
 -.300000E-01 0.116512E+00
 -.100000E-01 0.116121E+00
 0.100000E-01 0.115721E+00
 0.300000E-01 0.115313E+00
 0.500000E-01 0.114897E+00
 0.700000E-01 0.114473E+00
 0.900000E-01 0.114040E+00
 0.110000E+00 0.113600E+00
 0.130000E+00 0.113151E+00
 0.150000E+00 0.112695E+00
 0.170000E+00 0.112230E+00
 0.190000E+00 0.111758E+00
 0.210000E+00 0.111277E+00
 0.230000E+00 0.110789E+00
 0.250000E+00 0.110292E+00
 0.270000E+00 0.109788E+00
 0.290000E+00 0.109276E+00
 0.310000E+00 0.108756E+00
 0.330000E+00 0.108229E+00
 0.350000E+00 0.107694E+00
 0.370000E+00 0.107151E+00
 0.390000E+00 0.106600E+00
 0.410000E+00 0.106042E+00
 0.430000E+00 0.105476E+00
 0.450000E+00 0.104903E+00
 0.470000E+00 0.104322E+00
 0.490000E+00 0.103734E+00
 0.510000E+00 0.103138E+00
 0.530000E+00 0.102535E+00
 0.550000E+00 0.101924E+00
 0.570000E+00 0.101307E+00
 0.590000E+00 0.100682E+00
 0.610000E+00 0.100049E+00
 0.630000E+00 0.994101E-01
 0.650000E+00 0.987635E-01
 0.670000E+00 0.981099E-01
 0.690000E+00 0.974491E-01
 0.710000E+00 0.967814E-01
 0.730000E+00 0.961067E-01
 0.750000E+00 0.954251E-01
 0.770000E+00 0.947366E-01
 0.790000E+00 0.940412E-01
 0.810000E+00 0.933390E-01
 0.830000E+00 0.926301E-01
 0.850000E+00 0.919145E-01
 0.870000E+00 0.911922E-01
 0.890000E+00 0.904633E-01
 0.910000E+00 0.349225E+00
 0.930000E+00 0.348634E+00
 0.950000E+00 0.348049E+00
 0.970000E+00 0.347469E+00
 0.990000E+00 0.346895E+00




































































































 -.990000E+00 0.276262E+00
 -.970000E+00 0.276300E+00
 -.950000E+00 0.276338E+00
 -.930000E+00 0.276376E+00
 -.910000E+00 0.276415E+00
 -.890000E+00 0.170141E-01
 -.870000E+00 0.170236E-01
 -.850000E+00 0.170330E-01
 -.830000E+00 0.170422E-01
 -.810000E+00 0.170511E-01
 -.790000E+00 0.170598E-01
 -.770000E+00 0.170683E-01
 -.750000E+00 0.170766E-01
 -.730000E+00 0.170847E-01
 -.710000E+00 0.170926E-01
 -.690000E+00 0.171002E-01
 -.670000E+00 0.171076E-01
 -.650000E+00 0.171148E-01
 -.630000E+00 0.171218E-01
 -.610000E+00 0.171286E-01
 -.590000E+00 0.171351E-01
 -.570000E+00 0.171415E-01
 -.550000E+00 0.171476E-01
 -.530000E+00 0.171535E-01
 -.510000E+00 0.171592E-01
 -.490000E+00 0.171646E-01
 -.470000E+00 0.171699E-01
 -.450000E+00 0.171749E-01
 -.430000E+00 0.171797E-01
 -.410000E+00 0.171843E-01
 -.390000E+00 0.171887E-01
 -.370000E+00 0.171928E-01
 -.350000E+00 0.171968E-01
 -.330000E+00 0.172005E-01
 -.310000E+00 0.172040E-01
 -.290000E+00 0.172073E-01
 -.270000E+00 0.172103E-01
 -.250000E+00 0.172132E-01
 -.230000E+00 0.172158E-01
 -.210000E+00 0.172182E-01
 -.190000E+00 0.172204E-01
 -.170000E+00 0.172224E-01
 -.150000E+00 0.172241E-01
 -.130000E+00 0.172256E-01
 -.110000E+00 0.172270E-01
 -.900000E-01 0.172280E-01
 -.700000E-01 0.172289E-01
 -.500000E-01 0.172296E-01
 -.300000E-01 0.172300E-01
 -.100000E-01 0.172302E-01
 0.100000E-01 0.172302E-01
 0.300000E-01 0.172300E-01
 0.500000E-01 0.172296E-01
 0.700000E-01 0.172289E-01
 0.900000E-01 0.172280E-01
 0.110000E+00 0.172269E-01
 0.130000E+00 0.172256E-01
 0.150000E+00 0.172241E-01
 0.170000E+00 0.172223E-01
 0.190000E+00 0.172204E-01
 0.210000E+00 0.172182E-01
 0.230000E+00 0.172158E-01
 0.250000E+00 0.172132E-01
 0.270000E+00 0.172103E-01
 0.290000E+00 0.172072E-01
 0.310000E+00 0.172040E-01
 0.330000E+00 0.172005E-01
 0.350000E+00 0.171967E-01
 0.370000E+00 0.171928E-01
 0.390000E+00 0.171887E-01
 0.410000E+00 0.171843E-01
 0.430000E+00 0.171797E-01
 0.450000E+00 0.171749E-01
 0.470000E+00 0.171698E-01
 0.490000E+00 0.171646E-01
 0.510000E+00 0.171591E-01
 0.530000E+00 0.171535E-01
 0.550000E+00 0.171476E-01
 0.570000E+00 0.171414E-01
 0.590000E+00 0.171351E-01
 0.610000E+00 0.171285E-01
 0.630000E+00 0.171218E-01
 0.650000E+00 0.171148E-01
 0.670000E+00 0.171076E-01
 0.690000E+00 0.171002E-01
 0.710000E+00 0.170925E-01
 0.730000E+00 0.170847E-01
 0.750000E+00 0.170766E-01
 0.770000E+00 0.170683E-01
 0.790000E+00 0.170598E-01
 0.810000E+00 0.170511E-01
 0.830000E+00 0.170421E-01
 0.850000E+00 0.170330E-01
 0.870000E+00 0.170236E-01
 0.890000E+00 0.170140E-01
 0.910000E+00 0.276415E+00
 0.930000E+00 0.276376E+00
 0.950000E+00 0.276338E+00
 0.970000E+00 0.276300E+00
 0.990000E+00 0.276262E+00




































































































 -.990000E+00 0.274057E+00
 -.970000E+00 0.274079E+00
 -.950000E+00 0.274101E+00
 -.930000E+00 0.274123E+00
 -.910000E+00 0.274145E+00
 -.890000E+00 0.147312E-01
 -.870000E+00 0.147313E-01
 -.850000E+00 0.147313E-01
 -.830000E+00 0.147313E-01
 -.810000E+00 0.147313E-01
 -.790000E+00 0.147314E-01
 -.770000E+00 0.147314E-01
 -.750000E+00 0.147314E-01
 -.730000E+00 0.147314E-01
 -.710000E+00 0.147315E-01
 -.690000E+00 0.147315E-01
 -.670000E+00 0.147315E-01
 -.650000E+00 0.147315E-01
 -.630000E+00 0.147316E-01
 -.610000E+00 0.147316E-01
 -.590000E+00 0.147316E-01
 -.570000E+00 0.147316E-01
 -.550000E+00 0.147316E-01
 -.530000E+00 0.147317E-01
 -.510000E+00 0.147317E-01
 -.490000E+00 0.147317E-01
 -.470000E+00 0.147317E-01
 -.450000E+00 0.147317E-01
 -.430000E+00 0.147317E-01
 -.410000E+00 0.147317E-01
 -.390000E+00 0.147318E-01
 -.370000E+00 0.147318E-01
 -.350000E+00 0.147318E-01
 -.330000E+00 0.147318E-01
 -.310000E+00 0.147318E-01
 -.290000E+00 0.147318E-01
 -.270000E+00 0.147318E-01
 -.250000E+00 0.147318E-01
 -.230000E+00 0.147318E-01
 -.210000E+00 0.147318E-01
 -.190000E+00 0.147319E-01
 -.170000E+00 0.147319E-01
 -.150000E+00 0.147319E-01
 -.130000E+00 0.147319E-01
 -.110000E+00 0.147319E-01
 -.900000E-01 0.147319E-01
 -.700000E-01 0.147319E-01
 -.500000E-01 0.147319E-01
 -.300000E-01 0.147319E-01
 -.100000E-01 0.147319E-01
 0.100000E-01 0.147319E-01
 0.300000E-01 0.147319E-01
 0.500000E-01 0.147319E-01
 0.700000E-01 0.147319E-01
 0.900000E-01 0.147319E-01
 0.110000E+00 0.147319E-01
 0.130000E+00 0.147319E-01
 0.150000E+00 0.147319E-01
 0.170000E+00 0.147319E-01
 0.190000E+00 0.147319E-01
 0.210000E+00 0.147318E-01
 0.230000E+00 0.147318E-01
 0.250000E+00 0.147318E-01
 0.270000E+00 0.147318E-01
 0.290000E+00 0.147318E-01
 0.310000E+00 0.147318E-01
 0.330000E+00 0.147318E-01
 0.350000E+00 0.147318E-01
 0.370000E+00 0.147318E-01
 0.390000E+00 0.147318E-01
 0.410000E+00 0.147317E-01
 0.430000E+00 0.147317E-01
 0.450000E+00 0.147317E-01
 0.470000E+00 0.147317E-01
 0.490000E+00 0.147317E-01
 0.510000E+00 0.147317E-01
 0.530000E+00 0.147317E-01
 0.550000E+00 0.147316E-01
 0.570000E+00 0.147316E-01
 0.590000E+00 0.147316E-01
 0.610000E+00 0.147316E-01
 0.630000E+00 0.147316E-01
 0.650000E+00 0.147315E-01
 0.670000E+00 0.147315E-01
 0.690000E+00 0.147315E-01
 0.710000E+00 0.147315E-01
 0.730000E+00 0.147314E-01
 0.750000E+00 0.147314E-01
 0.770000E+00 0.147314E-01
 0.790000E+00 0.147314E-01
 0.810000E+00 0.147313E-01
 0.830000E+00 0.147313E-01
 0.850000E+00 0.147313E-01
 0.870000E+00 0.147313E-01
 0.890000E+00 0.147312E-01
 0.910000E+00 0.274145E+00
 0.930000E+00 0.274123E+00
 0.950000E+00 0.274101E+00
 0.970000E+00 0.274079E+00
 0.990000E+00 0.274057E+00




































































































 -.990000E+00 0.276262E+00
 -.970000E+00 0.276300E+00
 -.950000E+00 0.276338E+00
 -.930000E+00 0.276376E+00
 -.910000E+00 0.276415E+00
 -.890000E+00 0.170140E-01
 -.870000E+00 0.170236E-01
 -.850000E+00 0.170330E-01
 -.830000E+00 0.170421E-01
 -.810000E+00 0.170511E-01
 -.790000E+00 0.170598E-01
 -.770000E+00 0.170683E-01
 -.750000E+00 0.170766E-01
 -.730000E+00 0.170847E-01
 -.710000E+00 0.170925E-01
 -.690000E+00 0.171002E-01
 -.670000E+00 0.171076E-01
 -.650000E+00 0.171148E-01
 -.630000E+00 0.171218E-01
 -.610000E+00 0.171285E-01
 -.590000E+00 0.171351E-01
 -.570000E+00 0.171414E-01
 -.550000E+00 0.171476E-01
 -.530000E+00 0.171535E-01
 -.510000E+00 0.171591E-01
 -.490000E+00 0.171646E-01
 -.470000E+00 0.171698E-01
 -.450000E+00 0.171749E-01
 -.430000E+00 0.171797E-01
 -.410000E+00 0.171843E-01
 -.390000E+00 0.171887E-01
 -.370000E+00 0.171928E-01
 -.350000E+00 0.171967E-01
 -.330000E+00 0.172005E-01
 -.310000E+00 0.172040E-01
 -.290000E+00 0.172072E-01
 -.270000E+00 0.172103E-01
 -.250000E+00 0.172132E-01
 -.230000E+00 0.172158E-01
 -.210000E+00 0.172182E-01
 -.190000E+00 0.172204E-01
 -.170000E+00 0.172223E-01
 -.150000E+00 0.172241E-01
 -.130000E+00 0.172256E-01
 -.110000E+00 0.172269E-01
 -.900000E-01 0.172280E-01
 -.700000E-01 0.172289E-01
 -.500000E-01 0.172296E-01
 -.300000E-01 0.172300E-01
 -.100000E-01 0.172302E-01
 0.100000E-01 0.172302E-01
 0.300000E-01 0.172300E-01
 0.500000E-01 0.172296E-01
 0.700000E-01 0.172289E-01
 0.900000E-01 0.172280E-01
 0.110000E+00 0.172270E-01
 0.130000E+00 0.172256E-01
 0.150000E+00 0.172241E-01
 0.170000E+00 0.172224E-01
 0.190000E+00 0.172204E-01
 0.210000E+00 0.172182E-01
 0.230000E+00 0.172158E-01
 0.250000E+00 0.172132E-01
 0.270000E+00 0.172103E-01
 0.290000E+00 0.172073E-01
 0.310000E+00 0.172040E-01
 0.330000E+00 0.172005E-01
 0.350000E+00 0.171968E-01
 0.370000E+00 0.171928E-01
 0.390000E+00 0.171887E-01
 0.410000E+00 0.171843E-01
 0.430000E+00 0.171797E-01
 0.450000E+00 0.171749E-01
 0.470000E+00 0.171699E-01
 0.490000E+00 0.171646E-01
 0.510000E+00 0.171592E-01
 0.530000E+00 0.171535E-01
 0.550000E+00 0.171476E-01
 0.570000E+00 0.171415E-01
 0.590000E+00 0.171351E-01
 0.610000E+00 0.171286E-01
 0.630000E+00 0.171218E-01
 0.650000E+00 0.171148E-01
 0.670000E+00 0.171076E-01
 0.690000E+00 0.171002E-01
 0.710000E+00 0.170926E-01
 0.730000E+00 0.170847E-01
 0.750000E+00 0.170766E-01
 0.770000E+00 0.170683E-01
 0.790000E+00 0.170598E-01
 0.810000E+00 0.170511E-01
 0.830000E+00 0.170422E-01
 0.850000E+00 0.170330E-01
 0.870000E+00 0.170236E-01
 0.890000E+00 0.170141E-01
 0.910000E+00 0.276415E+00
 0.930000E+00 0.276376E+00
 0.950000E+00 0.276338E+00
 0.970000E+00 0.276300E+00
 0.990000E+00 0.276262E+00




































































































 -.990000E+00 0.346895E+00
 -.970000E+00 0.347469E+00
 -.950000E+00 0.348049E+00
 -.930000E+00 0.348634E+00
 -.910000E+00 0.349225E+00
 -.890000E+00 0.904633E-01
 -.870000E+00 0.911922E-01
 -.850000E+00 0.919145E-01
 -.830000E+00 0.926301E-01
 -.810000E+00 0.933390E-01
 -.790000E+00 0.940412E-01
 -.770000E+00 0.947366E-01
 -.750000E+00 0.954251E-01
 -.730000E+00 0.961067E-01
 -.710000E+00 0.967814E-01
 -.690000E+00 0.974491E-01
 -.670000E+00 0.981099E-01
 -.650000E+00 0.987635E-01
 -.630000E+00 0.994101E-01
 -.610000E+00 0.100049E+00
 -.590000E+00 0.100682E+00
 -.570000E+00 0.101307E+00
 -.550000E+00 0.101924E+00
 -.530000E+00 0.102535E+00
 -.510000E+00 0.103138E+00
 -.490000E+00 0.103734E+00
 -.470000E+00 0.104322E+00
 -.450000E+00 0.104903E+00
 -.430000E+00 0.105476E+00
 -.410000E+00 0.106042E+00
 -.390000E+00 0.106600E+00
 -.370000E+00 0.107151E+00
 -.350000E+00 0.107694E+00
 -.330000E+00 0.108229E+00
 -.310000E+00 0.108756E+00
 -.290000E+00 0.109276E+00
 -.270000E+00 0.109788E+00
 -.250000E+00 0.110292E+00
 -.230000E+00 0.110789E+00
 -.210000E+00 0.111277E+00
 -.190000E+00 0.111758E+00
 -.170000E+00 0.112230E+00
 -.150000E+00 0.112695E+00
 -.130000E+00 0.113151E+00
 -.110000E+00 0.113600E+00
 -.900000E-01 0.114040E+00
 -.700000E-01 0.114473E+00
 -.500000E-01 0.114897E+00
 -.300000E-01 0.115313E+00
 -.100000E-01 0.115721E+00
 0.100000E-01 0.116121E+00
 0.300000E-01 0.116512E+00
 0.500000E-01 0.116896E+00
 0.700000E-01 0.117271E+00
 0.900000E-01 0.117637E+00
 0.110000E+00 0.117996E+00
 0.130000E+00 0.118346E+00
 0.150000E+00 0.118687E+00
 0.170000E+00 0.119021E+00
 0.190000E+00 0.119345E+00
 0.210000E+00 0.119662E+00
 0.230000E+00 0.119970E+00
 0.250000E+00 0.120269E+00
 0.270000E+00 0.120560E+00
 0.290000E+00 0.120843E+00
 0.310000E+00 0.121117E+00
 0.330000E+00 0.121382E+00
 0.350000E+00 0.121639E+00
 0.370000E+00 0.121888E+00
 0.390000E+00 0.122127E+00
 0.410000E+00 0.122359E+00
 0.430000E+00 0.122581E+00
 0.450000E+00 0.122795E+00
 0.470000E+00 0.123001E+00
 0.490000E+00 0.123197E+00
 0.510000E+00 0.123385E+00
 0.530000E+00 0.123565E+00
 0.550000E+00 0.123736E+00
 0.570000E+00 0.123898E+00
 0.590000E+00 0.124051E+00
 0.610000E+00 0.124196E+00
 0.630000E+00 0.124332E+00
 0.650000E+00 0.124460E+00
 0.670000E+00 0.124579E+00
 0.690000E+00 0.124689E+00
 0.710000E+00 0.124790E+00
 0.730000E+00 0.124883E+00
 0.750000E+00 0.124967E+00
 0.770000E+00 0.125042E+00
 0.790000E+00 0.125109E+00
 0.810000E+00 0.125167E+00
 0.830000E+00 0.125216E+00
 0.850000E+00 0.125257E+00
 0.870000E+00 0.125289E+00
 0.890000E+00 0.125312E+00
 0.910000E+00 0.384307E+00
 0.930000E+00 0.383434E+00
 0.950000E+00 0.382570E+00
 0.970000E+00 0.381713E+00
 0.990000E+00 0.380863E+00




































































































 -.990000E+00 0.256757E+00
 -.970000E+00 0.256668E+00
 -.950000E+00 0.256579E+00
 -.930000E+00 0.256491E+00
 -.910000E+00 0.256403E+00
 -.890000E+00 -.313495E-02
 -.870000E+00 -.327261E-02
 -.850000E+00 -.340957E-02
 -.830000E+00 -.354581E-02
 -.810000E+00 -.368130E-02
 -.790000E+00 -.381601E-02
 -.770000E+00 -.394990E-02
 -.750000E+00 -.408296E-02
 -.730000E+00 -.421515E-02
 -.710000E+00 -.434646E-02
 -.690000E+00 -.447684E-02
 -.670000E+00 -.460627E-02
 -.650000E+00 -.473472E-02
 -.630000E+00 -.486218E-02
 -.610000E+00 -.498861E-02
 -.590000E+00 -.511398E-02
 -.570000E+00 -.523827E-02
 -.550000E+00 -.536145E-02
 -.530000E+00 -.548350E-02
 -.510000E+00 -.560439E-02
 -.490000E+00 -.572410E-02
 -.470000E+00 -.584260E-02
 -.450000E+00 -.595986E-02
 -.430000E+00 -.607587E-02
 -.410000E+00 -.619059E-02
 -.390000E+00 -.630401E-02
 -.370000E+00 -.641609E-02
 -.350000E+00 -.652683E-02
 -.330000E+00 -.663618E-02
 -.310000E+00 -.674414E-02
 -.290000E+00 -.685067E-02
 -.270000E+00 -.695576E-02
 -.250000E+00 -.705938E-02
 -.230000E+00 -.716151E-02
 -.210000E+00 -.726214E-02
 -.190000E+00 -.736123E-02
 -.170000E+00 -.745877E-02
 -.150000E+00 -.755474E-02
 -.130000E+00 -.764911E-02
 -.110000E+00 -.774188E-02
 -.900000E-01 -.783301E-02
 -.700000E-01 -.792249E-02
 -.500000E-01 -.801030E-02
 -.300000E-01 -.809643E-02
 -.100000E-01 -.818085E-02
 0.100000E-01 -.826354E-02
 0.300000E-01 -.834450E-02
 0.500000E-01 -.842370E-02
 0.700000E-01 -.850112E-02
 0.900000E-01 -.857675E-02
 0.110000E+00 -.865058E-02
 0.130000E+00 -.872258E-02
 0.150000E+00 -.879275E-02
 0.170000E+00 -.886107E-02
 0.190000E+00 -.892752E-02
 0.210000E+00 -.899209E-02
 0.230000E+00 -.905476E-02
 0.250000E+00 -.911553E-02
 0.270000E+00 -.917439E-02
 0.290000E+00 -.923130E-02
 0.310000E+00 -.928628E-02
 0.330000E+00 -.933930E-02
 0.350000E+00 -.939035E-02
 0.370000E+00 -.943943E-02
 0.390000E+00 -.948652E-02
 0.410000E+00 -.953161E-02
 0.430000E+00 -.957470E-02
 0.450000E+00 -.961577E-02
 0.470000E+00 -.965481E-02
 0.490000E+00 -.969183E-02
 0.510000E+00 -.972680E-02
 0.530000E+00 -.975972E-02
 0.550000E+00 -.979059E-02
 0.570000E+00 -.981940E-02
 0.590000E+00 -.984614E-02
 0.610000E+00 -.987081E-02
 0.630000E+00 -.989340E-02
 0.650000E+00 -.991391E-02
 0.670000E+00 -.993232E-02
 0.690000E+00 -.994865E-02
 0.710000E+00 -.996289E-02
 0.730000E+00 -.997502E-02
 0.750000E+00 -.998506E-02
 0.770000E+00 -.999299E-02
 0.790000E+00 -.999882E-02
 0.810000E+00 -.100025E-01
 0.830000E+00 -.100042E-01
 0.850000E+00 -.100037E-01
 0.870000E+00 -.100011E-01
 0.890000E+00 -.999637E-02
 0.910000E+00 0.249462E+00
 0.930000E+00 0.249522E+00
 0.950000E+00 0.249582E+00
 0.970000E+00 0.249642E+00
 0.990000E+00 0.249702E+00




































































































 -.990000E+00 0.261094E+00
 -.970000E+00 0.260947E+00
 -.950000E+00 0.260801E+00
 -.930000E+00 0.260655E+00
 -.910000E+00 0.260510E+00
 -.890000E+00 0.937181E-03
 -.870000E+00 0.786983E-03
 -.850000E+00 0.636016E-03
 -.830000E+00 0.484426E-03
 -.810000E+00 0.332363E-03
 -.790000E+00 0.179975E-03
 -.770000E+00 0.274115E-04
 -.750000E+00 -.125179E-03
 -.730000E+00 -.277647E-03
 -.710000E+00 -.429844E-03
 -.690000E+00 -.581620E-03
 -.670000E+00 -.732827E-03
 -.650000E+00 -.883318E-03
 -.630000E+00 -.103294E-02
 -.610000E+00 -.118156E-02
 -.590000E+00 -.132902E-02
 -.570000E+00 -.147518E-02
 -.550000E+00 -.161990E-02
 -.530000E+00 -.176304E-02
 -.510000E+00 -.190445E-02
 -.490000E+00 -.204399E-02
 -.470000E+00 -.218154E-02
 -.450000E+00 -.231696E-02
 -.430000E+00 -.245011E-02
 -.410000E+00 -.258086E-02
 -.390000E+00 -.270909E-02
 -.370000E+00 -.283467E-02
 -.350000E+00 -.295748E-02
 -.330000E+00 -.307739E-02
 -.310000E+00 -.319430E-02
 -.290000E+00 -.330808E-02
 -.270000E+00 -.341863E-02
 -.250000E+00 -.352583E-02
 -.230000E+00 -.362958E-02
 -.210000E+00 -.372979E-02
 -.190000E+00 -.382635E-02
 -.170000E+00 -.391916E-02
 -.150000E+00 -.400814E-02
 -.130000E+00 -.409321E-02
 -.110000E+00 -.417426E-02
 -.900000E-01 -.425124E-02
 -.700000E-01 -.432406E-02
 -.500000E-01 -.439265E-02
 -.300000E-01 -.445694E-02
 -.100000E-01 -.451688E-02
 0.100000E-01 -.457240E-02
 0.300000E-01 -.462344E-02
 0.500000E-01 -.466996E-02
 0.700000E-01 -.471192E-02
 0.900000E-01 -.474927E-02
 0.110000E+00 -.478197E-02
 0.130000E+00 -.480999E-02
 0.150000E+00 -.483331E-02
 0.170000E+00 -.485191E-02
 0.190000E+00 -.486576E-02
 0.210000E+00 -.487484E-02
 0.230000E+00 -.487917E-02
 0.250000E+00 -.487871E-02
 0.270000E+00 -.487349E-02
 0.290000E+00 -.486350E-02
 0.310000E+00 -.484875E-02
 0.330000E+00 -.482926E-02
 0.350000E+00 -.480505E-02
 0.370000E+00 -.477614E-02
 0.390000E+00 -.474255E-02
 0.410000E+00 -.470433E-02
 0.430000E+00 -.466150E-02
 0.450000E+00 -.461412E-02
 0.470000E+00 -.456222E-02
 0.490000E+00 -.450586E-02
 0.510000E+00 -.444509E-02
 0.530000E+00 -.437997E-02
 0.550000E+00 -.431057E-02
 0.570000E+00 -.423695E-02
 0.590000E+00 -.415919E-02
 0.610000E+00 -.407735E-02
 0.630000E+00 -.399153E-02
 0.650000E+00 -.390181E-02
 0.670000E+00 -.380826E-02
 0.690000E+00 -.371099E-02
 0.710000E+00 -.361009E-02
 0.730000E+00 -.350566E-02
 0.750000E+00 -.339780E-02
 0.770000E+00 -.328662E-02
 0.790000E+00 -.317221E-02
 0.810000E+00 -.305471E-02
 0.830000E+00 -.293421E-02
 0.850000E+00 -.281085E-02
 0.870000E+00 -.268473E-02
 0.890000E+00 -.255598E-02
 0.910000E+00 0.257000E+00
 0.930000E+00 0.257131E+00
 0.950000E+00 0.257263E+00
 0.970000E+00 0.257394E+00
 0.990000E+00 0.257525E+00




































































































 -.990000E+00 0.259480E+00
 -.970000E+00 0.259591E+00
 -.950000E+00 0.259668E+00
 -.930000E+00 0.259679E+00
 -.910000E+00 0.259617E+00
 -.890000E+00 0.807625E-04
 -.870000E+00 -.604916E-04
 -.850000E+00 -.175552E-03
 -.830000E+00 -.214599E-03
 -.810000E+00 -.160726E-03
 -.790000E+00 -.372611E-04
 -.770000E+00 0.102337E-03
 -.750000E+00 0.197623E-03
 -.730000E+00 0.207339E-03
 -.710000E+00 0.127279E-03
 -.690000E+00 -.789052E-05
 -.670000E+00 -.139643E-03
 -.650000E+00 -.210930E-03
 -.630000E+00 -.190886E-03
 -.610000E+00 -.881903E-04
 -.590000E+00 0.526907E-04
 -.570000E+00 0.170756E-03
 -.550000E+00 0.214885E-03
 -.530000E+00 0.165970E-03
 -.510000E+00 0.451921E-04
 -.490000E+00 -.951532E-04
 -.470000E+00 -.194297E-03
 -.450000E+00 -.209312E-03
 -.430000E+00 -.133696E-03
 -.410000E+00 -.191307E-06
 -.390000E+00 0.133396E-03
 -.370000E+00 0.209223E-03
 -.350000E+00 0.194458E-03
 -.330000E+00 0.954945E-04
 -.310000E+00 -.448170E-04
 -.290000E+00 -.165723E-03
 -.270000E+00 -.214871E-03
 -.250000E+00 -.170982E-03
 -.230000E+00 -.530595E-04
 -.210000E+00 0.878374E-04
 -.190000E+00 0.190701E-03
 -.170000E+00 0.210992E-03
 -.150000E+00 0.139926E-03
 -.130000E+00 0.827239E-05
 -.110000E+00 -.126963E-03
 -.900000E-01 -.207224E-03
 -.700000E-01 -.197758E-03
 -.500000E-01 -.102665E-03
 -.300000E-01 0.368812E-04
 -.100000E-01 0.160458E-03
 0.100000E-01 0.214558E-03
 0.300000E-01 0.175756E-03
 0.500000E-01 0.608526E-04
 0.700000E-01 -.803993E-04
 0.900000E-01 -.186839E-03
 0.110000E+00 -.212379E-03
 0.130000E+00 -.145960E-03
 0.150000E+00 -.163418E-04
 0.170000E+00 0.120353E-03
 0.190000E+00 0.204936E-03
 0.210000E+00 0.200783E-03
 0.230000E+00 0.109693E-03
 0.250000E+00 -.288940E-04
 0.270000E+00 -.154970E-03
 0.290000E+00 -.213946E-03
 0.310000E+00 -.180284E-03
 0.330000E+00 -.685610E-04
 0.350000E+00 0.728491E-04
 0.370000E+00 0.182716E-03
 0.390000E+00 0.213469E-03
 0.410000E+00 0.151791E-03
 0.430000E+00 0.243886E-04
 0.450000E+00 -.113575E-03
 0.470000E+00 -.202362E-03
 0.490000E+00 -.203528E-03
 0.510000E+00 -.116567E-03
 0.530000E+00 0.208662E-04
 0.550000E+00 0.149266E-03
 0.570000E+00 0.213035E-03
 0.590000E+00 0.184561E-03
 0.610000E+00 0.761740E-04
 0.630000E+00 -.651969E-04
 0.650000E+00 -.178339E-03
 0.670000E+00 -.214262E-03
 0.690000E+00 -.157411E-03
 0.710000E+00 -.324018E-04
 0.730000E+00 0.106638E-03
 0.750000E+00 0.199506E-03
 0.770000E+00 0.205989E-03
 0.790000E+00 0.123280E-03
 0.810000E+00 -.128088E-04
 0.830000E+00 -.143353E-03
 0.850000E+00 -.211827E-03
 0.870000E+00 -.188582E-03
 0.890000E+00 -.836815E-04
 0.910000E+00 0.259478E+00
 0.930000E+00 0.259558E+00
 0.950000E+00 0.259543E+00
 0.970000E+00 0.259438E+00
 0.990000E+00 0.259290E+00




































































































