 -.990000E+00 -.107892E+00
 -.970000E+00 -.107873E+00
 -.950000E+00 -.107767E+00
 -.930000E+00 -.107618E+00
 -.910000E+00 -.107492E+00
 -.890000E+00 0.259012E-04
 -.870000E+00 0.635369E-04
 -.850000E+00 0.735823E-04
 -.830000E+00 0.516779E-04
 -.810000E+00 0.733669E-05
 -.790000E+00 -.401871E-04
 -.770000E+00 -.702585E-04
 -.750000E+00 -.698219E-04
 -.730000E+00 -.390687E-04
 -.710000E+00 0.864606E-05
 -.690000E+00 0.526039E-04
 -.670000E+00 0.737185E-04
 -.650000E+00 0.628234E-04
 -.630000E+00 0.246509E-04
 -.610000E+00 -.242229E-04
 -.590000E+00 -.625766E-04
 -.570000E+00 -.737575E-04
 -.550000E+00 -.529122E-04
 -.530000E+00 -.909322E-05
 -.510000E+00 0.386721E-04
 -.490000E+00 0.696437E-04
 -.470000E+00 0.703745E-04
 -.450000E+00 0.405484E-04
 -.430000E+00 -.688290E-05
 -.410000E+00 -.513239E-04
 -.390000E+00 -.734782E-04
 -.370000E+00 -.637271E-04
 -.350000E+00 -.263056E-04
 -.330000E+00 0.225368E-04
 -.310000E+00 0.615923E-04
 -.290000E+00 0.739029E-04
 -.270000E+00 0.541240E-04
 -.250000E+00 0.108444E-04
 -.230000E+00 -.371429E-04
 -.210000E+00 -.690016E-04
 -.190000E+00 -.708985E-04
 -.170000E+00 -.420106E-04
 -.150000E+00 0.511835E-05
 -.130000E+00 0.500243E-04
 -.110000E+00 0.732086E-04
 -.900000E-01 0.646047E-04
 -.700000E-01 0.279488E-04
 -.500000E-01 -.208427E-04
 -.300000E-01 -.605838E-04
 -.100000E-01 -.740186E-04
 0.100000E-01 -.553135E-04
 0.300000E-01 -.125905E-04
 0.500000E-01 0.355996E-04
 0.700000E-01 0.683321E-04
 0.900000E-01 0.713940E-04
 0.110000E+00 0.434555E-04
 0.130000E+00 -.335222E-05
 0.150000E+00 -.487049E-04
 0.170000E+00 -.729098E-04
 0.190000E+00 -.654564E-04
 0.210000E+00 -.295806E-04
 0.230000E+00 0.191403E-04
 0.250000E+00 0.595511E-04
 0.270000E+00 0.741046E-04
 0.290000E+00 0.564809E-04
 0.310000E+00 0.143317E-04
 0.330000E+00 -.340418E-04
 0.350000E+00 -.676351E-04
 0.370000E+00 -.718609E-04
 0.390000E+00 -.448834E-04
 0.410000E+00 0.158430E-05
 0.430000E+00 0.473657E-04
 0.450000E+00 0.725817E-04
 0.470000E+00 0.662821E-04
 0.490000E+00 0.312011E-04
 0.510000E+00 -.174296E-04
 0.530000E+00 -.584941E-04
 0.550000E+00 -.741611E-04
 0.570000E+00 -.576263E-04
 0.590000E+00 -.160681E-04
 0.610000E+00 0.324694E-04
 0.630000E+00 0.669105E-04
 0.650000E+00 0.722993E-04
 0.670000E+00 0.462943E-04
 0.690000E+00 0.185595E-06
 0.710000E+00 -.460064E-04
 0.730000E+00 -.722241E-04
 0.750000E+00 -.670819E-04
 0.770000E+00 -.328106E-04
 0.790000E+00 0.157102E-04
 0.810000E+00 0.574125E-04
 0.830000E+00 0.741877E-04
 0.850000E+00 0.587498E-04
 0.870000E+00 0.177999E-04
 0.890000E+00 -.308822E-04
 0.910000E+00 0.107380E+00
 0.930000E+00 0.107286E+00
 0.950000E+00 0.107174E+00
 0.970000E+00 0.107093E+00
 0.990000E+00 0.107078E+00




































































































 -.990000E+00 -.107857E+00
 -.970000E+00 -.107856E+00
 -.950000E+00 -.107858E+00
 -.930000E+00 -.107863E+00
 -.910000E+00 -.107873E+00
 -.890000E+00 -.431895E-03
 -.870000E+00 -.452018E-03
 -.850000E+00 -.471752E-03
 -.830000E+00 -.491079E-03
 -.810000E+00 -.509981E-03
 -.790000E+00 -.528443E-03
 -.770000E+00 -.546449E-03
 -.750000E+00 -.563983E-03
 -.730000E+00 -.581030E-03
 -.710000E+00 -.597575E-03
 -.690000E+00 -.613604E-03
 -.670000E+00 -.629102E-03
 -.650000E+00 -.644057E-03
 -.630000E+00 -.658456E-03
 -.610000E+00 -.672285E-03
 -.590000E+00 -.685533E-03
 -.570000E+00 -.698188E-03
 -.550000E+00 -.710239E-03
 -.530000E+00 -.721676E-03
 -.510000E+00 -.732489E-03
 -.490000E+00 -.742667E-03
 -.470000E+00 -.752203E-03
 -.450000E+00 -.761088E-03
 -.430000E+00 -.769314E-03
 -.410000E+00 -.776873E-03
 -.390000E+00 -.783759E-03
 -.370000E+00 -.789966E-03
 -.350000E+00 -.795488E-03
 -.330000E+00 -.800320E-03
 -.310000E+00 -.804459E-03
 -.290000E+00 -.807899E-03
 -.270000E+00 -.810638E-03
 -.250000E+00 -.812673E-03
 -.230000E+00 -.814003E-03
 -.210000E+00 -.814625E-03
 -.190000E+00 -.814540E-03
 -.170000E+00 -.813746E-03
 -.150000E+00 -.812245E-03
 -.130000E+00 -.810037E-03
 -.110000E+00 -.807124E-03
 -.900000E-01 -.803508E-03
 -.700000E-01 -.799192E-03
 -.500000E-01 -.794179E-03
 -.300000E-01 -.788474E-03
 -.100000E-01 -.782082E-03
 0.100000E-01 -.775006E-03
 0.300000E-01 -.767254E-03
 0.500000E-01 -.758831E-03
 0.700000E-01 -.749745E-03
 0.900000E-01 -.740003E-03
 0.110000E+00 -.729613E-03
 0.130000E+00 -.718584E-03
 0.150000E+00 -.706925E-03
 0.170000E+00 -.694646E-03
 0.190000E+00 -.681758E-03
 0.210000E+00 -.668270E-03
 0.230000E+00 -.654194E-03
 0.250000E+00 -.639543E-03
 0.270000E+00 -.624329E-03
 0.290000E+00 -.608564E-03
 0.310000E+00 -.592262E-03
 0.330000E+00 -.575436E-03
 0.350000E+00 -.558102E-03
 0.370000E+00 -.540272E-03
 0.390000E+00 -.521964E-03
 0.410000E+00 -.503192E-03
 0.430000E+00 -.483972E-03
 0.450000E+00 -.464321E-03
 0.470000E+00 -.444256E-03
 0.490000E+00 -.423793E-03
 0.510000E+00 -.402950E-03
 0.530000E+00 -.381744E-03
 0.550000E+00 -.360195E-03
 0.570000E+00 -.338320E-03
 0.590000E+00 -.316138E-03
 0.610000E+00 -.293668E-03
 0.630000E+00 -.270929E-03
 0.650000E+00 -.247941E-03
 0.670000E+00 -.224724E-03
 0.690000E+00 -.201297E-03
 0.710000E+00 -.177682E-03
 0.730000E+00 -.153897E-03
 0.750000E+00 -.129963E-03
 0.770000E+00 -.105902E-03
 0.790000E+00 -.817332E-04
 0.810000E+00 -.574785E-04
 0.830000E+00 -.331583E-04
 0.850000E+00 -.879390E-05
 0.870000E+00 0.155938E-04
 0.890000E+00 0.399836E-04
 0.910000E+00 0.107524E+00
 0.930000E+00 0.107549E+00
 0.950000E+00 0.107571E+00
 0.970000E+00 0.107588E+00
 0.990000E+00 0.107600E+00




































































































 -.990000E+00 -.116841E+00
 -.970000E+00 -.116868E+00
 -.950000E+00 -.116896E+00
 -.930000E+00 -.116924E+00
 -.910000E+00 -.116953E+00
 -.890000E+00 -.953475E-02
 -.870000E+00 -.958242E-02
 -.850000E+00 -.962826E-02
 -.830000E+00 -.967223E-02
 -.810000E+00 -.971435E-02
 -.790000E+00 -.975460E-02
 -.770000E+00 -.979297E-02
 -.750000E+00 -.982946E-02
 -.730000E+00 -.986405E-02
 -.710000E+00 -.989675E-02
 -.690000E+00 -.992754E-02
 -.670000E+00 -.995642E-02
 -.650000E+00 -.998339E-02
 -.630000E+00 -.100084E-01
 -.610000E+00 -.100316E-01
 -.590000E+00 -.100527E-01
 -.570000E+00 -.100720E-01
 -.550000E+00 -.100893E-01
 -.530000E+00 -.101047E-01
 -.510000E+00 -.101181E-01
 -.490000E+00 -.101296E-01
 -.470000E+00 -.101391E-01
 -.450000E+00 -.101467E-01
 -.430000E+00 -.101523E-01
 -.410000E+00 -.101560E-01
 -.390000E+00 -.101577E-01
 -.370000E+00 -.101575E-01
 -.350000E+00 -.101553E-01
 -.330000E+00 -.101511E-01
 -.310000E+00 -.101450E-01
 -.290000E+00 -.101370E-01
 -.270000E+00 -.101269E-01
 -.250000E+00 -.101150E-01
 -.230000E+00 -.101011E-01
 -.210000E+00 -.100852E-01
 -.190000E+00 -.100674E-01
 -.170000E+00 -.100477E-01
 -.150000E+00 -.100260E-01
 -.130000E+00 -.100024E-01
 -.110000E+00 -.997690E-02
 -.900000E-01 -.994946E-02
 -.700000E-01 -.992009E-02
 -.500000E-01 -.988882E-02
 -.300000E-01 -.985564E-02
 -.100000E-01 -.982057E-02
 0.100000E-01 -.978360E-02
 0.300000E-01 -.974475E-02
 0.500000E-01 -.970402E-02
 0.700000E-01 -.966142E-02
 0.900000E-01 -.961696E-02
 0.110000E+00 -.957065E-02
 0.130000E+00 -.952249E-02
 0.150000E+00 -.947250E-02
 0.170000E+00 -.942069E-02
 0.190000E+00 -.936706E-02
 0.210000E+00 -.931162E-02
 0.230000E+00 -.925439E-02
 0.250000E+00 -.919538E-02
 0.270000E+00 -.913460E-02
 0.290000E+00 -.907205E-02
 0.310000E+00 -.900776E-02
 0.330000E+00 -.894174E-02
 0.350000E+00 -.887399E-02
 0.370000E+00 -.880453E-02
 0.390000E+00 -.873337E-02
 0.410000E+00 -.866053E-02
 0.430000E+00 -.858602E-02
 0.450000E+00 -.850986E-02
 0.470000E+00 -.843205E-02
 0.490000E+00 -.835262E-02
 0.510000E+00 -.827159E-02
 0.530000E+00 -.818895E-02
 0.550000E+00 -.810474E-02
 0.570000E+00 -.801897E-02
 0.590000E+00 -.793165E-02
 0.610000E+00 -.784280E-02
 0.630000E+00 -.775243E-02
 0.650000E+00 -.766058E-02
 0.670000E+00 -.756725E-02
 0.690000E+00 -.747245E-02
 0.710000E+00 -.737622E-02
 0.730000E+00 -.727856E-02
 0.750000E+00 -.717950E-02
 0.770000E+00 -.707906E-02
 0.790000E+00 -.697725E-02
 0.810000E+00 -.687409E-02
 0.830000E+00 -.676961E-02
 0.850000E+00 -.666382E-02
 0.870000E+00 -.655675E-02
 0.890000E+00 -.644841E-02
 0.910000E+00 0.101107E+00
 0.930000E+00 0.101193E+00
 0.950000E+00 0.101278E+00
 0.970000E+00 0.101362E+00
 0.990000E+00 0.101445E+00




































































































 -.990000E+00 -.135093E+00
 -.970000E+00 -.135256E+00
 -.950000E+00 -.135421E+00
 -.930000E+00 -.135588E+00
 -.910000E+00 -.135756E+00
 -.890000E+00 -.288175E-01
 -.870000E+00 -.296818E-01
 -.850000E+00 -.305427E-01
 -.830000E+00 -.314001E-01
 -.810000E+00 -.322538E-01
 -.790000E+00 -.331039E-01
 -.770000E+00 -.339502E-01
 -.750000E+00 -.347927E-01
 -.730000E+00 -.356313E-01
 -.710000E+00 -.364659E-01
 -.690000E+00 -.372966E-01
 -.670000E+00 -.381231E-01
 -.650000E+00 -.389456E-01
 -.630000E+00 -.397638E-01
 -.610000E+00 -.405777E-01
 -.590000E+00 -.413873E-01
 -.570000E+00 -.421926E-01
 -.550000E+00 -.429933E-01
 -.530000E+00 -.437896E-01
 -.510000E+00 -.445812E-01
 -.490000E+00 -.453683E-01
 -.470000E+00 -.461506E-01
 -.450000E+00 -.469282E-01
 -.430000E+00 -.477010E-01
 -.410000E+00 -.484690E-01
 -.390000E+00 -.492320E-01
 -.370000E+00 -.499900E-01
 -.350000E+00 -.507430E-01
 -.330000E+00 -.514910E-01
 -.310000E+00 -.522338E-01
 -.290000E+00 -.529714E-01
 -.270000E+00 -.537037E-01
 -.250000E+00 -.544308E-01
 -.230000E+00 -.551526E-01
 -.210000E+00 -.558690E-01
 -.190000E+00 -.565799E-01
 -.170000E+00 -.572854E-01
 -.150000E+00 -.579854E-01
 -.130000E+00 -.586798E-01
 -.110000E+00 -.593686E-01
 -.900000E-01 -.600517E-01
 -.700000E-01 -.607291E-01
 -.500000E-01 -.614008E-01
 -.300000E-01 -.620667E-01
 -.100000E-01 -.627268E-01
 0.100000E-01 -.633811E-01
 0.300000E-01 -.640294E-01
 0.500000E-01 -.646719E-01
 0.700000E-01 -.653083E-01
 0.900000E-01 -.659388E-01
 0.110000E+00 -.665632E-01
 0.130000E+00 -.671815E-01
 0.150000E+00 -.677938E-01
 0.170000E+00 -.683999E-01
 0.190000E+00 -.689998E-01
 0.210000E+00 -.695936E-01
 0.230000E+00 -.701811E-01
 0.250000E+00 -.707624E-01
 0.270000E+00 -.713374E-01
 0.290000E+00 -.719061E-01
 0.310000E+00 -.724684E-01
 0.330000E+00 -.730244E-01
 0.350000E+00 -.735740E-01
 0.370000E+00 -.741173E-01
 0.390000E+00 -.746541E-01
 0.410000E+00 -.751844E-01
 0.430000E+00 -.757083E-01
 0.450000E+00 -.762257E-01
 0.470000E+00 -.767366E-01
 0.490000E+00 -.772410E-01
 0.510000E+00 -.777388E-01
 0.530000E+00 -.782301E-01
 0.550000E+00 -.787148E-01
 0.570000E+00 -.791930E-01
 0.590000E+00 -.796645E-01
 0.610000E+00 -.801295E-01
 0.630000E+00 -.805878E-01
 0.650000E+00 -.810395E-01
 0.670000E+00 -.814845E-01
 0.690000E+00 -.819229E-01
 0.710000E+00 -.823546E-01
 0.730000E+00 -.827797E-01
 0.750000E+00 -.831981E-01
 0.770000E+00 -.836098E-01
 0.790000E+00 -.840148E-01
 0.810000E+00 -.844132E-01
 0.830000E+00 -.848048E-01
 0.850000E+00 -.851898E-01
 0.870000E+00 -.855680E-01
 0.890000E+00 -.859396E-01
 0.910000E+00 0.217144E-01
 0.930000E+00 0.224678E-01
 0.950000E+00 0.232145E-01
 0.970000E+00 0.239543E-01
 0.990000E+00 0.246875E-01




































































































 -.990000E+00 -.107378E+00
 -.970000E+00 -.107317E+00
 -.950000E+00 -.107256E+00
 -.930000E+00 -.107194E+00
 -.910000E+00 -.107132E+00
 -.890000E+00 0.353003E-03
 -.870000E+00 0.345098E-03
 -.850000E+00 0.337192E-03
 -.830000E+00 0.329283E-03
 -.810000E+00 0.321372E-03
 -.790000E+00 0.313460E-03
 -.770000E+00 0.305545E-03
 -.750000E+00 0.297629E-03
 -.730000E+00 0.289711E-03
 -.710000E+00 0.281791E-03
 -.690000E+00 0.273870E-03
 -.670000E+00 0.265946E-03
 -.650000E+00 0.258022E-03
 -.630000E+00 0.250095E-03
 -.610000E+00 0.242168E-03
 -.590000E+00 0.234239E-03
 -.570000E+00 0.226308E-03
 -.550000E+00 0.218376E-03
 -.530000E+00 0.210443E-03
 -.510000E+00 0.202508E-03
 -.490000E+00 0.194573E-03
 -.470000E+00 0.186636E-03
 -.450000E+00 0.178698E-03
 -.430000E+00 0.170759E-03
 -.410000E+00 0.162819E-03
 -.390000E+00 0.154878E-03
 -.370000E+00 0.146936E-03
 -.350000E+00 0.138993E-03
 -.330000E+00 0.131050E-03
 -.310000E+00 0.123105E-03
 -.290000E+00 0.115160E-03
 -.270000E+00 0.107214E-03
 -.250000E+00 0.992681E-04
 -.230000E+00 0.913211E-04
 -.210000E+00 0.833735E-04
 -.190000E+00 0.754255E-04
 -.170000E+00 0.674770E-04
 -.150000E+00 0.595281E-04
 -.130000E+00 0.515789E-04
 -.110000E+00 0.436294E-04
 -.900000E-01 0.356796E-04
 -.700000E-01 0.277296E-04
 -.500000E-01 0.197795E-04
 -.300000E-01 0.118292E-04
 -.100000E-01 0.387890E-05
 0.100000E-01 -.407144E-05
 0.300000E-01 -.120217E-04
 0.500000E-01 -.199720E-04
 0.700000E-01 -.279221E-04
 0.900000E-01 -.358720E-04
 0.110000E+00 -.438217E-04
 0.130000E+00 -.517711E-04
 0.150000E+00 -.597202E-04
 0.170000E+00 -.676690E-04
 0.190000E+00 -.756173E-04
 0.210000E+00 -.835652E-04
 0.230000E+00 -.915125E-04
 0.250000E+00 -.994593E-04
 0.270000E+00 -.107406E-03
 0.290000E+00 -.115351E-03
 0.310000E+00 -.123296E-03
 0.330000E+00 -.131240E-03
 0.350000E+00 -.139183E-03
 0.370000E+00 -.147126E-03
 0.390000E+00 -.155067E-03
 0.410000E+00 -.163008E-03
 0.430000E+00 -.170948E-03
 0.450000E+00 -.178886E-03
 0.470000E+00 -.186824E-03
 0.490000E+00 -.194760E-03
 0.510000E+00 -.202696E-03
 0.530000E+00 -.210630E-03
 0.550000E+00 -.218562E-03
 0.570000E+00 -.226494E-03
 0.590000E+00 -.234424E-03
 0.610000E+00 -.242353E-03
 0.630000E+00 -.250280E-03
 0.650000E+00 -.258205E-03
 0.670000E+00 -.266130E-03
 0.690000E+00 -.274052E-03
 0.710000E+00 -.281973E-03
 0.730000E+00 -.289892E-03
 0.750000E+00 -.297810E-03
 0.770000E+00 -.305725E-03
 0.790000E+00 -.313639E-03
 0.810000E+00 -.321551E-03
 0.830000E+00 -.329461E-03
 0.850000E+00 -.337369E-03
 0.870000E+00 -.345275E-03
 0.890000E+00 -.353179E-03
 0.910000E+00 0.107132E+00
 0.930000E+00 0.107194E+00
 0.950000E+00 0.107256E+00
 0.970000E+00 0.107317E+00
 0.990000E+00 0.107377E+00




































































































 -.990000E+00 -.107850E+00
 -.970000E+00 -.107795E+00
 -.950000E+00 -.107739E+00
 -.930000E+00 -.107683E+00
 -.910000E+00 -.107626E+00
 -.890000E+00 -.138042E-03
 -.870000E+00 -.134940E-03
 -.850000E+00 -.131838E-03
 -.830000E+00 -.128736E-03
 -.810000E+00 -.125634E-03
 -.790000E+00 -.122532E-03
 -.770000E+00 -.119430E-03
 -.750000E+00 -.116328E-03
 -.730000E+00 -.113226E-03
 -.710000E+00 -.110124E-03
 -.690000E+00 -.107022E-03
 -.670000E+00 -.103920E-03
 -.650000E+00 -.100818E-03
 -.630000E+00 -.977159E-04
 -.610000E+00 -.946139E-04
 -.590000E+00 -.915118E-04
 -.570000E+00 -.884098E-04
 -.550000E+00 -.853077E-04
 -.530000E+00 -.822057E-04
 -.510000E+00 -.791036E-04
 -.490000E+00 -.760015E-04
 -.470000E+00 -.728994E-04
 -.450000E+00 -.697974E-04
 -.430000E+00 -.666953E-04
 -.410000E+00 -.635932E-04
 -.390000E+00 -.604911E-04
 -.370000E+00 -.573890E-04
 -.350000E+00 -.542869E-04
 -.330000E+00 -.511848E-04
 -.310000E+00 -.480827E-04
 -.290000E+00 -.449806E-04
 -.270000E+00 -.418785E-04
 -.250000E+00 -.387764E-04
 -.230000E+00 -.356743E-04
 -.210000E+00 -.325722E-04
 -.190000E+00 -.294701E-04
 -.170000E+00 -.263680E-04
 -.150000E+00 -.232659E-04
 -.130000E+00 -.201638E-04
 -.110000E+00 -.170616E-04
 -.900000E-01 -.139595E-04
 -.700000E-01 -.108574E-04
 -.500000E-01 -.775531E-05
 -.300000E-01 -.465319E-05
 -.100000E-01 -.155107E-05
 0.100000E-01 0.155104E-05
 0.300000E-01 0.465316E-05
 0.500000E-01 0.775527E-05
 0.700000E-01 0.108574E-04
 0.900000E-01 0.139595E-04
 0.110000E+00 0.170616E-04
 0.130000E+00 0.201637E-04
 0.150000E+00 0.232658E-04
 0.170000E+00 0.263680E-04
 0.190000E+00 0.294701E-04
 0.210000E+00 0.325722E-04
 0.230000E+00 0.356743E-04
 0.250000E+00 0.387764E-04
 0.270000E+00 0.418785E-04
 0.290000E+00 0.449806E-04
 0.310000E+00 0.480827E-04
 0.330000E+00 0.511848E-04
 0.350000E+00 0.542869E-04
 0.370000E+00 0.573890E-04
 0.390000E+00 0.604911E-04
 0.410000E+00 0.635932E-04
 0.430000E+00 0.666952E-04
 0.450000E+00 0.697973E-04
 0.470000E+00 0.728994E-04
 0.490000E+00 0.760015E-04
 0.510000E+00 0.791036E-04
 0.530000E+00 0.822056E-04
 0.550000E+00 0.853077E-04
 0.570000E+00 0.884098E-04
 0.590000E+00 0.915118E-04
 0.610000E+00 0.946139E-04
 0.630000E+00 0.977159E-04
 0.650000E+00 0.100818E-03
 0.670000E+00 0.103920E-03
 0.690000E+00 0.107022E-03
 0.710000E+00 0.110124E-03
 0.730000E+00 0.113226E-03
 0.750000E+00 0.116328E-03
 0.770000E+00 0.119430E-03
 0.790000E+00 0.122532E-03
 0.810000E+00 0.125634E-03
 0.830000E+00 0.128736E-03
 0.850000E+00 0.131838E-03
 0.870000E+00 0.134940E-03
 0.890000E+00 0.138042E-03
 0.910000E+00 0.107626E+00
 0.930000E+00 0.107683E+00
 0.950000E+00 0.107739E+00
 0.970000E+00 0.107795E+00
 0.990000E+00 0.107850E+00




































































































 -.990000E+00 -.107377E+00
 -.970000E+00 -.107317E+00
 -.950000E+00 -.107256E+00
 -.930000E+00 -.107194E+00
 -.910000E+00 -.107132E+00
 -.890000E+00 0.353179E-03
 -.870000E+00 0.345275E-03
 -.850000E+00 0.337369E-03
 -.830000E+00 0.329461E-03
 -.810000E+00 0.321551E-03
 -.790000E+00 0.313639E-03
 -.770000E+00 0.305725E-03
 -.750000E+00 0.297810E-03
 -.730000E+00 0.289892E-03
 -.710000E+00 0.281973E-03
 -.690000E+00 0.274052E-03
 -.670000E+00 0.266130E-03
 -.650000E+00 0.258205E-03
 -.630000E+00 0.250280E-03
 -.610000E+00 0.242353E-03
 -.590000E+00 0.234424E-03
 -.570000E+00 0.226494E-03
 -.550000E+00 0.218562E-03
 -.530000E+00 0.210630E-03
 -.510000E+00 0.202696E-03
 -.490000E+00 0.194760E-03
 -.470000E+00 0.186824E-03
 -.450000E+00 0.178886E-03
 -.430000E+00 0.170948E-03
 -.410000E+00 0.163008E-03
 -.390000E+00 0.155067E-03
 -.370000E+00 0.147126E-03
 -.350000E+00 0.139183E-03
 -.330000E+00 0.131240E-03
 -.310000E+00 0.123296E-03
 -.290000E+00 0.115351E-03
 -.270000E+00 0.107406E-03
 -.250000E+00 0.994593E-04
 -.230000E+00 0.915125E-04
 -.210000E+00 0.835652E-04
 -.190000E+00 0.756173E-04
 -.170000E+00 0.676690E-04
 -.150000E+00 0.597202E-04
 -.130000E+00 0.517711E-04
 -.110000E+00 0.438217E-04
 -.900000E-01 0.358720E-04
 -.700000E-01 0.279221E-04
 -.500000E-01 0.199720E-04
 -.300000E-01 0.120217E-04
 -.100000E-01 0.407144E-05
 0.100000E-01 -.387890E-05
 0.300000E-01 -.118292E-04
 0.500000E-01 -.197795E-04
 0.700000E-01 -.277296E-04
 0.900000E-01 -.356796E-04
 0.110000E+00 -.436294E-04
 0.130000E+00 -.515789E-04
 0.150000E+00 -.595281E-04
 0.170000E+00 -.674770E-04
 0.190000E+00 -.754255E-04
 0.210000E+00 -.833735E-04
 0.230000E+00 -.913211E-04
 0.250000E+00 -.992681E-04
 0.270000E+00 -.107214E-03
 0.290000E+00 -.115160E-03
 0.310000E+00 -.123105E-03
 0.330000E+00 -.131050E-03
 0.350000E+00 -.138993E-03
 0.370000E+00 -.146936E-03
 0.390000E+00 -.154878E-03
 0.410000E+00 -.162819E-03
 0.430000E+00 -.170759E-03
 0.450000E+00 -.178698E-03
 0.470000E+00 -.186636E-03
 0.490000E+00 -.194573E-03
 0.510000E+00 -.202508E-03
 0.530000E+00 -.210443E-03
 0.550000E+00 -.218376E-03
 0.570000E+00 -.226308E-03
 0.590000E+00 -.234239E-03
 0.610000E+00 -.242168E-03
 0.630000E+00 -.250095E-03
 0.650000E+00 -.258022E-03
 0.670000E+00 -.265946E-03
 0.690000E+00 -.273870E-03
 0.710000E+00 -.281791E-03
 0.730000E+00 -.289711E-03
 0.750000E+00 -.297629E-03
 0.770000E+00 -.305545E-03
 0.790000E+00 -.313460E-03
 0.810000E+00 -.321372E-03
 0.830000E+00 -.329283E-03
 0.850000E+00 -.337192E-03
 0.870000E+00 -.345098E-03
 0.890000E+00 -.353003E-03
 0.910000E+00 0.107132E+00
 0.930000E+00 0.107194E+00
 0.950000E+00 0.107256E+00
 0.970000E+00 0.107317E+00
 0.990000E+00 0.107378E+00




































































































 -.990000E+00 -.246875E-01
 -.970000E+00 -.239543E-01
 -.950000E+00 -.232145E-01
 -.930000E+00 -.224678E-01
 -.910000E+00 -.217144E-01
 -.890000E+00 0.859396E-01
 -.870000E+00 0.855680E-01
 -.850000E+00 0.851898E-01
 -.830000E+00 0.848048E-01
 -.810000E+00 0.844132E-01
 -.790000E+00 0.840148E-01
 -.770000E+00 0.836098E-01
 -.750000E+00 0.831981E-01
 -.730000E+00 0.827797E-01
 -.710000E+00 0.823546E-01
 -.690000E+00 0.819229E-01
 -.670000E+00 0.814845E-01
 -.650000E+00 0.810395E-01
 -.630000E+00 0.805878E-01
 -.610000E+00 0.801295E-01
 -.590000E+00 0.796645E-01
 -.570000E+00 0.791930E-01
 -.550000E+00 0.787148E-01
 -.530000E+00 0.782301E-01
 -.510000E+00 0.777388E-01
 -.490000E+00 0.772410E-01
 -.470000E+00 0.767366E-01
 -.450000E+00 0.762257E-01
 -.430000E+00 0.757083E-01
 -.410000E+00 0.751844E-01
 -.390000E+00 0.746541E-01
 -.370000E+00 0.741173E-01
 -.350000E+00 0.735740E-01
 -.330000E+00 0.730244E-01
 -.310000E+00 0.724684E-01
 -.290000E+00 0.719061E-01
 -.270000E+00 0.713374E-01
 -.250000E+00 0.707624E-01
 -.230000E+00 0.701811E-01
 -.210000E+00 0.695936E-01
 -.190000E+00 0.689998E-01
 -.170000E+00 0.683999E-01
 -.150000E+00 0.677938E-01
 -.130000E+00 0.671815E-01
 -.110000E+00 0.665632E-01
 -.900000E-01 0.659388E-01
 -.700000E-01 0.653083E-01
 -.500000E-01 0.646719E-01
 -.300000E-01 0.640294E-01
 -.100000E-01 0.633811E-01
 0.100000E-01 0.627268E-01
 0.300000E-01 0.620667E-01
 0.500000E-01 0.614008E-01
 0.700000E-01 0.607291E-01
 0.900000E-01 0.600517E-01
 0.110000E+00 0.593686E-01
 0.130000E+00 0.586798E-01
 0.150000E+00 0.579854E-01
 0.170000E+00 0.572854E-01
 0.190000E+00 0.565799E-01
 0.210000E+00 0.558690E-01
 0.230000E+00 0.551526E-01
 0.250000E+00 0.544308E-01
 0.270000E+00 0.537037E-01
 0.290000E+00 0.529714E-01
 0.310000E+00 0.522338E-01
 0.330000E+00 0.514910E-01
 0.350000E+00 0.507430E-01
 0.370000E+00 0.499900E-01
 0.390000E+00 0.492320E-01
 0.410000E+00 0.484690E-01
 0.430000E+00 0.477010E-01
 0.450000E+00 0.469282E-01
 0.470000E+00 0.461506E-01
 0.490000E+00 0.453683E-01
 0.510000E+00 0.445812E-01
 0.530000E+00 0.437896E-01
 0.550000E+00 0.429933E-01
 0.570000E+00 0.421926E-01
 0.590000E+00 0.413873E-01
 0.610000E+00 0.405777E-01
 0.630000E+00 0.397638E-01
 0.650000E+00 0.389456E-01
 0.670000E+00 0.381231E-01
 0.690000E+00 0.372966E-01
 0.710000E+00 0.364659E-01
 0.730000E+00 0.356313E-01
 0.750000E+00 0.347927E-01
 0.770000E+00 0.339502E-01
 0.790000E+00 0.331039E-01
 0.810000E+00 0.322538E-01
 0.830000E+00 0.314001E-01
 0.850000E+00 0.305427E-01
 0.870000E+00 0.296818E-01
 0.890000E+00 0.288175E-01
 0.910000E+00 0.135756E+00
 0.930000E+00 0.135588E+00
 0.950000E+00 0.135421E+00
 0.970000E+00 0.135256E+00
 0.990000E+00 0.135093E+00




































































































 -.990000E+00 -.101445E+00
 -.970000E+00 -.101362E+00
 -.950000E+00 -.101278E+00
 -.930000E+00 -.101193E+00
 -.910000E+00 -.101107E+00
 -.890000E+00 0.644841E-02
 -.870000E+00 0.655675E-02
 -.850000E+00 0.666382E-02
 -.830000E+00 0.676961E-02
 -.810000E+00 0.687409E-02
 -.790000E+00 0.697725E-02
 -.770000E+00 0.707906E-02
 -.750000E+00 0.717950E-02
 -.730000E+00 0.727856E-02
 -.710000E+00 0.737622E-02
 -.690000E+00 0.747245E-02
 -.670000E+00 0.756725E-02
 -.650000E+00 0.766058E-02
 -.630000E+00 0.775243E-02
 -.610000E+00 0.784280E-02
 -.590000E+00 0.793165E-02
 -.570000E+00 0.801897E-02
 -.550000E+00 0.810474E-02
 -.530000E+00 0.818895E-02
 -.510000E+00 0.827159E-02
 -.490000E+00 0.835262E-02
 -.470000E+00 0.843205E-02
 -.450000E+00 0.850986E-02
 -.430000E+00 0.858602E-02
 -.410000E+00 0.866053E-02
 -.390000E+00 0.873337E-02
 -.370000E+00 0.880453E-02
 -.350000E+00 0.887399E-02
 -.330000E+00 0.894174E-02
 -.310000E+00 0.900776E-02
 -.290000E+00 0.907205E-02
 -.270000E+00 0.913460E-02
 -.250000E+00 0.919538E-02
 -.230000E+00 0.925439E-02
 -.210000E+00 0.931162E-02
 -.190000E+00 0.936706E-02
 -.170000E+00 0.942069E-02
 -.150000E+00 0.947250E-02
 -.130000E+00 0.952249E-02
 -.110000E+00 0.957065E-02
 -.900000E-01 0.961696E-02
 -.700000E-01 0.966142E-02
 -.500000E-01 0.970402E-02
 -.300000E-01 0.974475E-02
 -.100000E-01 0.978360E-02
 0.100000E-01 0.982057E-02
 0.300000E-01 0.985564E-02
 0.500000E-01 0.988882E-02
 0.700000E-01 0.992009E-02
 0.900000E-01 0.994946E-02
 0.110000E+00 0.997690E-02
 0.130000E+00 0.100024E-01
 0.150000E+00 0.100260E-01
 0.170000E+00 0.100477E-01
 0.190000E+00 0.100674E-01
 0.210000E+00 0.100852E-01
 0.230000E+00 0.101011E-01
 0.250000E+00 0.101150E-01
 0.270000E+00 0.101269E-01
 0.290000E+00 0.101370E-01
 0.310000E+00 0.101450E-01
 0.330000E+00 0.101511E-01
 0.350000E+00 0.101553E-01
 0.370000E+00 0.101575E-01
 0.390000E+00 0.101577E-01
 0.410000E+00 0.101560E-01
 0.430000E+00 0.101523E-01
 0.450000E+00 0.101467E-01
 0.470000E+00 0.101391E-01
 0.490000E+00 0.101296E-01
 0.510000E+00 0.101181E-01
 0.530000E+00 0.101047E-01
 0.550000E+00 0.100893E-01
 0.570000E+00 0.100720E-01
 0.590000E+00 0.100527E-01
 0.610000E+00 0.100316E-01
 0.630000E+00 0.100084E-01
 0.650000E+00 0.998339E-02
 0.670000E+00 0.995642E-02
 0.690000E+00 0.992754E-02
 0.710000E+00 0.989675E-02
 0.730000E+00 0.986405E-02
 0.750000E+00 0.982946E-02
 0.770000E+00 0.979297E-02
 0.790000E+00 0.975460E-02
 0.810000E+00 0.971435E-02
 0.830000E+00 0.967223E-02
 0.850000E+00 0.962826E-02
 0.870000E+00 0.958242E-02
 0.890000E+00 0.953475E-02
 0.910000E+00 0.116953E+00
 0.930000E+00 0.116924E+00
 0.950000E+00 0.116896E+00
 0.970000E+00 0.116868E+00
 0.990000E+00 0.116841E+00




































































































 -.990000E+00 -.107600E+00
 -.970000E+00 -.107588E+00
 -.950000E+00 -.107571E+00
 -.930000E+00 -.107549E+00
 -.910000E+00 -.107524E+00
 -.890000E+00 -.399836E-04
 -.870000E+00 -.155938E-04
 -.850000E+00 0.879390E-05
 -.830000E+00 0.331583E-04
 -.810000E+00 0.574785E-04
 -.790000E+00 0.817332E-04
 -.770000E+00 0.105902E-03
 -.750000E+00 0.129963E-03
 -.730000E+00 0.153897E-03
 -.710000E+00 0.177682E-03
 -.690000E+00 0.201297E-03
 -.670000E+00 0.224724E-03
 -.650000E+00 0.247941E-03
 -.630000E+00 0.270929E-03
 -.610000E+00 0.293668E-03
 -.590000E+00 0.316138E-03
 -.570000E+00 0.338320E-03
 -.550000E+00 0.360195E-03
 -.530000E+00 0.381744E-03
 -.510000E+00 0.402950E-03
 -.490000E+00 0.423793E-03
 -.470000E+00 0.444256E-03
 -.450000E+00 0.464321E-03
 -.430000E+00 0.483972E-03
 -.410000E+00 0.503192E-03
 -.390000E+00 0.521964E-03
 -.370000E+00 0.540272E-03
 -.350000E+00 0.558102E-03
 -.330000E+00 0.575436E-03
 -.310000E+00 0.592262E-03
 -.290000E+00 0.608564E-03
 -.270000E+00 0.624329E-03
 -.250000E+00 0.639543E-03
 -.230000E+00 0.654194E-03
 -.210000E+00 0.668270E-03
 -.190000E+00 0.681758E-03
 -.170000E+00 0.694646E-03
 -.150000E+00 0.706925E-03
 -.130000E+00 0.718584E-03
 -.110000E+00 0.729613E-03
 -.900000E-01 0.740003E-03
 -.700000E-01 0.749745E-03
 -.500000E-01 0.758831E-03
 -.300000E-01 0.767254E-03
 -.100000E-01 0.775006E-03
 0.100000E-01 0.782082E-03
 0.300000E-01 0.788474E-03
 0.500000E-01 0.794179E-03
 0.700000E-01 0.799192E-03
 0.900000E-01 0.803508E-03
 0.110000E+00 0.807124E-03
 0.130000E+00 0.810037E-03
 0.150000E+00 0.812245E-03
 0.170000E+00 0.813746E-03
 0.190000E+00 0.814540E-03
 0.210000E+00 0.814625E-03
 0.230000E+00 0.814003E-03
 0.250000E+00 0.812673E-03
 0.270000E+00 0.810638E-03
 0.290000E+00 0.807899E-03
 0.310000E+00 0.804459E-03
 0.330000E+00 0.800320E-03
 0.350000E+00 0.795488E-03
 0.370000E+00 0.789966E-03
 0.390000E+00 0.783759E-03
 0.410000E+00 0.776873E-03
 0.430000E+00 0.769314E-03
 0.450000E+00 0.761088E-03
 0.470000E+00 0.752203E-03
 0.490000E+00 0.742667E-03
 0.510000E+00 0.732489E-03
 0.530000E+00 0.721676E-03
 0.550000E+00 0.710239E-03
 0.570000E+00 0.698188E-03
 0.590000E+00 0.685533E-03
 0.610000E+00 0.672285E-03
 0.630000E+00 0.658456E-03
 0.650000E+00 0.644057E-03
 0.670000E+00 0.629102E-03
 0.690000E+00 0.613604E-03
 0.710000E+00 0.597575E-03
 0.730000E+00 0.581030E-03
 0.750000E+00 0.563983E-03
 0.770000E+00 0.546449E-03
 0.790000E+00 0.528443E-03
 0.810000E+00 0.509981E-03
 0.830000E+00 0.491079E-03
 0.850000E+00 0.471752E-03
 0.870000E+00 0.452018E-03
 0.890000E+00 0.431895E-03
 0.910000E+00 0.107873E+00
 0.930000E+00 0.107863E+00
 0.950000E+00 0.107858E+00
 0.970000E+00 0.107856E+00
 0.990000E+00 0.107857E+00




































































































 -.990000E+00 -.107078E+00
 -.970000E+00 -.107093E+00
 -.950000E+00 -.107174E+00
 -.930000E+00 -.107286E+00
 -.910000E+00 -.107380E+00
 -.890000E+00 0.308822E-04
 -.870000E+00 -.177999E-04
 -.850000E+00 -.587498E-04
 -.830000E+00 -.741877E-04
 -.810000E+00 -.574125E-04
 -.790000E+00 -.157102E-04
 -.770000E+00 0.328106E-04
 -.750000E+00 0.670819E-04
 -.730000E+00 0.722241E-04
 -.710000E+00 0.460064E-04
 -.690000E+00 -.185595E-06
 -.670000E+00 -.462943E-04
 -.650000E+00 -.722993E-04
 -.630000E+00 -.669105E-04
 -.610000E+00 -.324694E-04
 -.590000E+00 0.160681E-04
 -.570000E+00 0.576263E-04
 -.550000E+00 0.741611E-04
 -.530000E+00 0.584941E-04
 -.510000E+00 0.174296E-04
 -.490000E+00 -.312011E-04
 -.470000E+00 -.662821E-04
 -.450000E+00 -.725817E-04
 -.430000E+00 -.473657E-04
 -.410000E+00 -.158430E-05
 -.390000E+00 0.448834E-04
 -.370000E+00 0.718609E-04
 -.350000E+00 0.676351E-04
 -.330000E+00 0.340418E-04
 -.310000E+00 -.143317E-04
 -.290000E+00 -.564809E-04
 -.270000E+00 -.741046E-04
 -.250000E+00 -.595511E-04
 -.230000E+00 -.191403E-04
 -.210000E+00 0.295806E-04
 -.190000E+00 0.654564E-04
 -.170000E+00 0.729098E-04
 -.150000E+00 0.487049E-04
 -.130000E+00 0.335222E-05
 -.110000E+00 -.434555E-04
 -.900000E-01 -.713940E-04
 -.700000E-01 -.683321E-04
 -.500000E-01 -.355996E-04
 -.300000E-01 0.125905E-04
 -.100000E-01 0.553135E-04
 0.100000E-01 0.740186E-04
 0.300000E-01 0.605838E-04
 0.500000E-01 0.208427E-04
 0.700000E-01 -.279488E-04
 0.900000E-01 -.646047E-04
 0.110000E+00 -.732086E-04
 0.130000E+00 -.500243E-04
 0.150000E+00 -.511835E-05
 0.170000E+00 0.420106E-04
 0.190000E+00 0.708985E-04
 0.210000E+00 0.690016E-04
 0.230000E+00 0.371429E-04
 0.250000E+00 -.108444E-04
 0.270000E+00 -.541240E-04
 0.290000E+00 -.739029E-04
 0.310000E+00 -.615923E-04
 0.330000E+00 -.225368E-04
 0.350000E+00 0.263056E-04
 0.370000E+00 0.637271E-04
 0.390000E+00 0.734782E-04
 0.410000E+00 0.513239E-04
 0.430000E+00 0.688290E-05
 0.450000E+00 -.405484E-04
 0.470000E+00 -.703745E-04
 0.490000E+00 -.696437E-04
 0.510000E+00 -.386721E-04
 0.530000E+00 0.909322E-05
 0.550000E+00 0.529122E-04
 0.570000E+00 0.737575E-04
 0.590000E+00 0.625766E-04
 0.610000E+00 0.242229E-04
 0.630000E+00 -.246509E-04
 0.650000E+00 -.628234E-04
 0.670000E+00 -.737185E-04
 0.690000E+00 -.526039E-04
 0.710000E+00 -.864606E-05
 0.730000E+00 0.390687E-04
 0.750000E+00 0.698219E-04
 0.770000E+00 0.702585E-04
 0.790000E+00 0.401871E-04
 0.810000E+00 -.733669E-05
 0.830000E+00 -.516779E-04
 0.850000E+00 -.735823E-04
 0.870000E+00 -.635369E-04
 0.890000E+00 -.259012E-04
 0.910000E+00 0.107492E+00
 0.930000E+00 0.107618E+00
 0.950000E+00 0.107767E+00
 0.970000E+00 0.107873E+00
 0.990000E+00 0.107892E+00




































































































