 -.990000E+00 -.321132E-02
 -.970000E+00 -.320983E-02
 -.950000E+00 -.320613E-02
 -.930000E+00 -.320181E-02
 -.910000E+00 -.319874E-02
 -.890000E+00 -.556546E-02
 -.870000E+00 -.824425E-02
 -.850000E+00 -.735173E-02
 -.830000E+00 -.327651E-02
 -.810000E+00 0.221494E-02
 -.790000E+00 0.674402E-02
 -.770000E+00 0.835025E-02
 -.750000E+00 0.633993E-02
 -.730000E+00 0.158569E-02
 -.710000E+00 -.385226E-02
 -.690000E+00 -.761892E-02
 -.670000E+00 -.808438E-02
 -.650000E+00 -.504908E-02
 -.630000E+00 0.170579E-03
 -.610000E+00 0.531322E-02
 -.590000E+00 0.815217E-02
 -.570000E+00 0.745958E-02
 -.550000E+00 0.353748E-02
 -.530000E+00 -.191395E-02
 -.510000E+00 -.653335E-02
 -.490000E+00 -.832107E-02
 -.470000E+00 -.650476E-02
 -.450000E+00 -.187305E-02
 -.430000E+00 0.356688E-02
 -.410000E+00 0.745908E-02
 -.390000E+00 0.811921E-02
 -.370000E+00 0.526339E-02
 -.350000E+00 0.130301E-03
 -.330000E+00 -.505610E-02
 -.310000E+00 -.805012E-02
 -.290000E+00 -.755669E-02
 -.270000E+00 -.379158E-02
 -.250000E+00 0.161297E-02
 -.230000E+00 0.631585E-02
 -.210000E+00 0.828117E-02
 -.190000E+00 0.665962E-02
 -.170000E+00 0.215551E-02
 -.150000E+00 -.327920E-02
 -.130000E+00 -.729075E-02
 -.110000E+00 -.814304E-02
 -.900000E-01 -.546895E-02
 -.700000E-01 -.428469E-03
 -.500000E-01 0.479448E-02
 -.300000E-01 0.793830E-02
 -.100000E-01 0.764300E-02
 0.100000E-01 0.403853E-02
 0.300000E-01 -.131241E-02
 0.500000E-01 -.609185E-02
 0.700000E-01 -.823067E-02
 0.900000E-01 -.680439E-02
 0.110000E+00 -.243274E-02
 0.130000E+00 0.298963E-02
 0.150000E+00 0.711422E-02
 0.170000E+00 0.815593E-02
 0.190000E+00 0.566555E-02
 0.210000E+00 0.723554E-03
 0.230000E+00 -.452875E-02
 0.250000E+00 -.781696E-02
 0.270000E+00 -.771851E-02
 0.290000E+00 -.427807E-02
 0.310000E+00 0.101266E-02
 0.330000E+00 0.586170E-02
 0.350000E+00 0.816975E-02
 0.370000E+00 0.693896E-02
 0.390000E+00 0.270442E-02
 0.410000E+00 -.269856E-02
 0.430000E+00 -.692980E-02
 0.450000E+00 -.815795E-02
 0.470000E+00 -.585303E-02
 0.490000E+00 -.101519E-02
 0.510000E+00 0.425928E-02
 0.530000E+00 0.768633E-02
 0.550000E+00 0.778319E-02
 0.570000E+00 0.450994E-02
 0.590000E+00 -.714096E-03
 0.610000E+00 -.562577E-02
 0.630000E+00 -.809856E-02
 0.650000E+00 -.706325E-02
 0.670000E+00 -.297024E-02
 0.690000E+00 0.240638E-02
 0.710000E+00 0.673780E-02
 0.730000E+00 0.814919E-02
 0.750000E+00 0.603119E-02
 0.770000E+00 0.130303E-02
 0.790000E+00 -.398647E-02
 0.810000E+00 -.754667E-02
 0.830000E+00 -.783706E-02
 0.850000E+00 -.473390E-02
 0.870000E+00 0.417116E-03
 0.890000E+00 0.538441E-02
 0.910000E+00 0.107411E-01
 0.930000E+00 0.151973E-01
 0.950000E+00 0.144597E-01
 0.970000E+00 0.885208E-02
 0.990000E+00 0.804226E-03




































































































 -.990000E+00 -.682689E-01
 -.970000E+00 -.682701E-01
 -.950000E+00 -.682737E-01
 -.930000E+00 -.682796E-01
 -.910000E+00 -.682878E-01
 -.890000E+00 -.709734E-01
 -.870000E+00 -.762798E-01
 -.850000E+00 -.815090E-01
 -.830000E+00 -.866560E-01
 -.810000E+00 -.917158E-01
 -.790000E+00 -.966835E-01
 -.770000E+00 -.101554E+00
 -.750000E+00 -.106323E+00
 -.730000E+00 -.110986E+00
 -.710000E+00 -.115539E+00
 -.690000E+00 -.119976E+00
 -.670000E+00 -.124294E+00
 -.650000E+00 -.128488E+00
 -.630000E+00 -.132554E+00
 -.610000E+00 -.136490E+00
 -.590000E+00 -.140290E+00
 -.570000E+00 -.143951E+00
 -.550000E+00 -.147469E+00
 -.530000E+00 -.150842E+00
 -.510000E+00 -.154066E+00
 -.490000E+00 -.157138E+00
 -.470000E+00 -.160054E+00
 -.450000E+00 -.162814E+00
 -.430000E+00 -.165412E+00
 -.410000E+00 -.167848E+00
 -.390000E+00 -.170119E+00
 -.370000E+00 -.172223E+00
 -.350000E+00 -.174157E+00
 -.330000E+00 -.175920E+00
 -.310000E+00 -.177511E+00
 -.290000E+00 -.178928E+00
 -.270000E+00 -.180170E+00
 -.250000E+00 -.181235E+00
 -.230000E+00 -.182122E+00
 -.210000E+00 -.182832E+00
 -.190000E+00 -.183363E+00
 -.170000E+00 -.183715E+00
 -.150000E+00 -.183887E+00
 -.130000E+00 -.183880E+00
 -.110000E+00 -.183694E+00
 -.900000E-01 -.183329E+00
 -.700000E-01 -.182785E+00
 -.500000E-01 -.182064E+00
 -.300000E-01 -.181165E+00
 -.100000E-01 -.180091E+00
 0.100000E-01 -.178841E+00
 0.300000E-01 -.177419E+00
 0.500000E-01 -.175824E+00
 0.700000E-01 -.174059E+00
 0.900000E-01 -.172125E+00
 0.110000E+00 -.170025E+00
 0.130000E+00 -.167760E+00
 0.150000E+00 -.165334E+00
 0.170000E+00 -.162748E+00
 0.190000E+00 -.160005E+00
 0.210000E+00 -.157108E+00
 0.230000E+00 -.154060E+00
 0.250000E+00 -.150863E+00
 0.270000E+00 -.147522E+00
 0.290000E+00 -.144039E+00
 0.310000E+00 -.140418E+00
 0.330000E+00 -.136662E+00
 0.350000E+00 -.132776E+00
 0.370000E+00 -.128762E+00
 0.390000E+00 -.124626E+00
 0.410000E+00 -.120371E+00
 0.430000E+00 -.116002E+00
 0.450000E+00 -.111522E+00
 0.470000E+00 -.106936E+00
 0.490000E+00 -.102249E+00
 0.510000E+00 -.974651E-01
 0.530000E+00 -.925892E-01
 0.550000E+00 -.876261E-01
 0.570000E+00 -.825806E-01
 0.590000E+00 -.774577E-01
 0.610000E+00 -.722624E-01
 0.630000E+00 -.669997E-01
 0.650000E+00 -.616749E-01
 0.670000E+00 -.562931E-01
 0.690000E+00 -.508596E-01
 0.710000E+00 -.453797E-01
 0.730000E+00 -.398587E-01
 0.750000E+00 -.343020E-01
 0.770000E+00 -.287151E-01
 0.790000E+00 -.231033E-01
 0.810000E+00 -.174722E-01
 0.830000E+00 -.118271E-01
 0.850000E+00 -.617373E-02
 0.870000E+00 -.517418E-03
 0.890000E+00 0.513629E-02
 0.910000E+00 0.134641E-01
 0.930000E+00 0.244981E-01
 0.950000E+00 0.355565E-01
 0.970000E+00 0.466259E-01
 0.990000E+00 0.576929E-01




































































































 -.990000E+00 -.179933E+00
 -.970000E+00 -.179933E+00
 -.950000E+00 -.179934E+00
 -.930000E+00 -.179935E+00
 -.910000E+00 -.179936E+00
 -.890000E+00 -.183129E+00
 -.870000E+00 -.189484E+00
 -.850000E+00 -.195796E+00
 -.830000E+00 -.202066E+00
 -.810000E+00 -.208292E+00
 -.790000E+00 -.214471E+00
 -.770000E+00 -.220604E+00
 -.750000E+00 -.226689E+00
 -.730000E+00 -.232725E+00
 -.710000E+00 -.238710E+00
 -.690000E+00 -.244643E+00
 -.670000E+00 -.250523E+00
 -.650000E+00 -.256348E+00
 -.630000E+00 -.262119E+00
 -.610000E+00 -.267832E+00
 -.590000E+00 -.273488E+00
 -.570000E+00 -.279085E+00
 -.550000E+00 -.284621E+00
 -.530000E+00 -.290096E+00
 -.510000E+00 -.295509E+00
 -.490000E+00 -.300858E+00
 -.470000E+00 -.306142E+00
 -.450000E+00 -.311360E+00
 -.430000E+00 -.316512E+00
 -.410000E+00 -.321595E+00
 -.390000E+00 -.326610E+00
 -.370000E+00 -.331554E+00
 -.350000E+00 -.336427E+00
 -.330000E+00 -.341228E+00
 -.310000E+00 -.345956E+00
 -.290000E+00 -.350610E+00
 -.270000E+00 -.355189E+00
 -.250000E+00 -.359691E+00
 -.230000E+00 -.364117E+00
 -.210000E+00 -.368465E+00
 -.190000E+00 -.372734E+00
 -.170000E+00 -.376923E+00
 -.150000E+00 -.381032E+00
 -.130000E+00 -.385059E+00
 -.110000E+00 -.389005E+00
 -.900000E-01 -.392867E+00
 -.700000E-01 -.396645E+00
 -.500000E-01 -.400339E+00
 -.300000E-01 -.403948E+00
 -.100000E-01 -.407470E+00
 0.100000E-01 -.410906E+00
 0.300000E-01 -.414255E+00
 0.500000E-01 -.417515E+00
 0.700000E-01 -.420687E+00
 0.900000E-01 -.423770E+00
 0.110000E+00 -.426762E+00
 0.130000E+00 -.429664E+00
 0.150000E+00 -.432475E+00
 0.170000E+00 -.435195E+00
 0.190000E+00 -.437822E+00
 0.210000E+00 -.440357E+00
 0.230000E+00 -.442799E+00
 0.250000E+00 -.445148E+00
 0.270000E+00 -.447402E+00
 0.290000E+00 -.449563E+00
 0.310000E+00 -.451629E+00
 0.330000E+00 -.453599E+00
 0.350000E+00 -.455475E+00
 0.370000E+00 -.457255E+00
 0.390000E+00 -.458939E+00
 0.410000E+00 -.460527E+00
 0.430000E+00 -.462018E+00
 0.450000E+00 -.463413E+00
 0.470000E+00 -.464712E+00
 0.490000E+00 -.465913E+00
 0.510000E+00 -.467018E+00
 0.530000E+00 -.468025E+00
 0.550000E+00 -.468935E+00
 0.570000E+00 -.469748E+00
 0.590000E+00 -.470463E+00
 0.610000E+00 -.471081E+00
 0.630000E+00 -.471602E+00
 0.650000E+00 -.472026E+00
 0.670000E+00 -.472352E+00
 0.690000E+00 -.472581E+00
 0.710000E+00 -.472713E+00
 0.730000E+00 -.472748E+00
 0.750000E+00 -.472686E+00
 0.770000E+00 -.472527E+00
 0.790000E+00 -.472272E+00
 0.810000E+00 -.471920E+00
 0.830000E+00 -.471473E+00
 0.850000E+00 -.470929E+00
 0.870000E+00 -.470291E+00
 0.890000E+00 -.469556E+00
 0.910000E+00 -.466652E+00
 0.930000E+00 -.461516E+00
 0.950000E+00 -.456206E+00
 0.970000E+00 -.450719E+00
 0.990000E+00 -.445058E+00




































































































 -.990000E+00 0.382514E+00
 -.970000E+00 0.382513E+00
 -.950000E+00 0.382509E+00
 -.930000E+00 0.382503E+00
 -.910000E+00 0.382494E+00
 -.890000E+00 0.378905E+00
 -.870000E+00 0.371726E+00
 -.850000E+00 0.364533E+00
 -.830000E+00 0.357326E+00
 -.810000E+00 0.350106E+00
 -.790000E+00 0.342873E+00
 -.770000E+00 0.335626E+00
 -.750000E+00 0.328368E+00
 -.730000E+00 0.321097E+00
 -.710000E+00 0.313814E+00
 -.690000E+00 0.306520E+00
 -.670000E+00 0.299215E+00
 -.650000E+00 0.291899E+00
 -.630000E+00 0.284573E+00
 -.610000E+00 0.277236E+00
 -.590000E+00 0.269890E+00
 -.570000E+00 0.262534E+00
 -.550000E+00 0.255169E+00
 -.530000E+00 0.247795E+00
 -.510000E+00 0.240412E+00
 -.490000E+00 0.233022E+00
 -.470000E+00 0.225623E+00
 -.450000E+00 0.218217E+00
 -.430000E+00 0.210803E+00
 -.410000E+00 0.203382E+00
 -.390000E+00 0.195955E+00
 -.370000E+00 0.188521E+00
 -.350000E+00 0.181082E+00
 -.330000E+00 0.173636E+00
 -.310000E+00 0.166185E+00
 -.290000E+00 0.158729E+00
 -.270000E+00 0.151268E+00
 -.250000E+00 0.143802E+00
 -.230000E+00 0.136332E+00
 -.210000E+00 0.128858E+00
 -.190000E+00 0.121381E+00
 -.170000E+00 0.113900E+00
 -.150000E+00 0.106416E+00
 -.130000E+00 0.989289E-01
 -.110000E+00 0.914396E-01
 -.900000E-01 0.839482E-01
 -.700000E-01 0.764550E-01
 -.500000E-01 0.689602E-01
 -.300000E-01 0.614642E-01
 -.100000E-01 0.539672E-01
 0.100000E-01 0.464696E-01
 0.300000E-01 0.389717E-01
 0.500000E-01 0.314739E-01
 0.700000E-01 0.239763E-01
 0.900000E-01 0.164793E-01
 0.110000E+00 0.898330E-02
 0.130000E+00 0.148854E-02
 0.150000E+00 -.600464E-02
 0.170000E+00 -.134959E-01
 0.190000E+00 -.209850E-01
 0.210000E+00 -.284715E-01
 0.230000E+00 -.359552E-01
 0.250000E+00 -.434356E-01
 0.270000E+00 -.509125E-01
 0.290000E+00 -.583856E-01
 0.310000E+00 -.658544E-01
 0.330000E+00 -.733187E-01
 0.350000E+00 -.807781E-01
 0.370000E+00 -.882323E-01
 0.390000E+00 -.956809E-01
 0.410000E+00 -.103124E+00
 0.430000E+00 -.110560E+00
 0.450000E+00 -.117990E+00
 0.470000E+00 -.125413E+00
 0.490000E+00 -.132828E+00
 0.510000E+00 -.140236E+00
 0.530000E+00 -.147635E+00
 0.550000E+00 -.155027E+00
 0.570000E+00 -.162409E+00
 0.590000E+00 -.169782E+00
 0.610000E+00 -.177146E+00
 0.630000E+00 -.184499E+00
 0.650000E+00 -.191842E+00
 0.670000E+00 -.199175E+00
 0.690000E+00 -.206496E+00
 0.710000E+00 -.213806E+00
 0.730000E+00 -.221104E+00
 0.750000E+00 -.228390E+00
 0.770000E+00 -.235662E+00
 0.790000E+00 -.242922E+00
 0.810000E+00 -.250168E+00
 0.830000E+00 -.257400E+00
 0.850000E+00 -.264618E+00
 0.870000E+00 -.271821E+00
 0.890000E+00 -.279008E+00
 0.910000E+00 -.282146E+00
 0.930000E+00 -.281241E+00
 0.950000E+00 -.280328E+00
 0.970000E+00 -.279408E+00
 0.990000E+00 -.278479E+00




































































































 -.990000E+00 0.769847E+00
 -.970000E+00 0.769848E+00
 -.950000E+00 0.769849E+00
 -.930000E+00 0.769851E+00
 -.910000E+00 0.769853E+00
 -.890000E+00 0.768797E+00
 -.870000E+00 0.766678E+00
 -.850000E+00 0.764552E+00
 -.830000E+00 0.762418E+00
 -.810000E+00 0.760277E+00
 -.790000E+00 0.758129E+00
 -.770000E+00 0.755973E+00
 -.750000E+00 0.753811E+00
 -.730000E+00 0.751641E+00
 -.710000E+00 0.749464E+00
 -.690000E+00 0.747280E+00
 -.670000E+00 0.745089E+00
 -.650000E+00 0.742890E+00
 -.630000E+00 0.740685E+00
 -.610000E+00 0.738473E+00
 -.590000E+00 0.736254E+00
 -.570000E+00 0.734028E+00
 -.550000E+00 0.731795E+00
 -.530000E+00 0.729556E+00
 -.510000E+00 0.727309E+00
 -.490000E+00 0.725056E+00
 -.470000E+00 0.722796E+00
 -.450000E+00 0.720529E+00
 -.430000E+00 0.718256E+00
 -.410000E+00 0.715976E+00
 -.390000E+00 0.713689E+00
 -.370000E+00 0.711396E+00
 -.350000E+00 0.709096E+00
 -.330000E+00 0.706789E+00
 -.310000E+00 0.704476E+00
 -.290000E+00 0.702157E+00
 -.270000E+00 0.699831E+00
 -.250000E+00 0.697498E+00
 -.230000E+00 0.695159E+00
 -.210000E+00 0.692814E+00
 -.190000E+00 0.690462E+00
 -.170000E+00 0.688105E+00
 -.150000E+00 0.685740E+00
 -.130000E+00 0.683370E+00
 -.110000E+00 0.680993E+00
 -.900000E-01 0.678610E+00
 -.700000E-01 0.676221E+00
 -.500000E-01 0.673826E+00
 -.300000E-01 0.671424E+00
 -.100000E-01 0.669017E+00
 0.100000E-01 0.666603E+00
 0.300000E-01 0.664183E+00
 0.500000E-01 0.661758E+00
 0.700000E-01 0.659326E+00
 0.900000E-01 0.656888E+00
 0.110000E+00 0.654444E+00
 0.130000E+00 0.651995E+00
 0.150000E+00 0.649539E+00
 0.170000E+00 0.647078E+00
 0.190000E+00 0.644611E+00
 0.210000E+00 0.642138E+00
 0.230000E+00 0.639659E+00
 0.250000E+00 0.637175E+00
 0.270000E+00 0.634684E+00
 0.290000E+00 0.632188E+00
 0.310000E+00 0.629686E+00
 0.330000E+00 0.627179E+00
 0.350000E+00 0.624666E+00
 0.370000E+00 0.622147E+00
 0.390000E+00 0.619623E+00
 0.410000E+00 0.617093E+00
 0.430000E+00 0.614558E+00
 0.450000E+00 0.612017E+00
 0.470000E+00 0.609471E+00
 0.490000E+00 0.606919E+00
 0.510000E+00 0.604362E+00
 0.530000E+00 0.601799E+00
 0.550000E+00 0.599231E+00
 0.570000E+00 0.596657E+00
 0.590000E+00 0.594078E+00
 0.610000E+00 0.591494E+00
 0.630000E+00 0.588905E+00
 0.650000E+00 0.586310E+00
 0.670000E+00 0.583710E+00
 0.690000E+00 0.581105E+00
 0.710000E+00 0.578494E+00
 0.730000E+00 0.575879E+00
 0.750000E+00 0.573258E+00
 0.770000E+00 0.570632E+00
 0.790000E+00 0.568001E+00
 0.810000E+00 0.565365E+00
 0.830000E+00 0.562724E+00
 0.850000E+00 0.560077E+00
 0.870000E+00 0.557426E+00
 0.890000E+00 0.554770E+00
 0.910000E+00 0.556693E+00
 0.930000E+00 0.563162E+00
 0.950000E+00 0.569581E+00
 0.970000E+00 0.575950E+00
 0.990000E+00 0.582267E+00




































































































 -.990000E+00 0.930505E+00
 -.970000E+00 0.930506E+00
 -.950000E+00 0.930507E+00
 -.930000E+00 0.930509E+00
 -.910000E+00 0.930512E+00
 -.890000E+00 0.930552E+00
 -.870000E+00 0.930629E+00
 -.850000E+00 0.930706E+00
 -.830000E+00 0.930782E+00
 -.810000E+00 0.930859E+00
 -.790000E+00 0.930935E+00
 -.770000E+00 0.931012E+00
 -.750000E+00 0.931088E+00
 -.730000E+00 0.931165E+00
 -.710000E+00 0.931241E+00
 -.690000E+00 0.931318E+00
 -.670000E+00 0.931394E+00
 -.650000E+00 0.931470E+00
 -.630000E+00 0.931546E+00
 -.610000E+00 0.931623E+00
 -.590000E+00 0.931699E+00
 -.570000E+00 0.931775E+00
 -.550000E+00 0.931851E+00
 -.530000E+00 0.931927E+00
 -.510000E+00 0.932003E+00
 -.490000E+00 0.932079E+00
 -.470000E+00 0.932155E+00
 -.450000E+00 0.932231E+00
 -.430000E+00 0.932306E+00
 -.410000E+00 0.932382E+00
 -.390000E+00 0.932458E+00
 -.370000E+00 0.932534E+00
 -.350000E+00 0.932609E+00
 -.330000E+00 0.932685E+00
 -.310000E+00 0.932760E+00
 -.290000E+00 0.932836E+00
 -.270000E+00 0.932911E+00
 -.250000E+00 0.932987E+00
 -.230000E+00 0.933062E+00
 -.210000E+00 0.933138E+00
 -.190000E+00 0.933213E+00
 -.170000E+00 0.933288E+00
 -.150000E+00 0.933363E+00
 -.130000E+00 0.933439E+00
 -.110000E+00 0.933514E+00
 -.900000E-01 0.933589E+00
 -.700000E-01 0.933664E+00
 -.500000E-01 0.933739E+00
 -.300000E-01 0.933814E+00
 -.100000E-01 0.933889E+00
 0.100000E-01 0.933964E+00
 0.300000E-01 0.934039E+00
 0.500000E-01 0.934114E+00
 0.700000E-01 0.934188E+00
 0.900000E-01 0.934263E+00
 0.110000E+00 0.934338E+00
 0.130000E+00 0.934413E+00
 0.150000E+00 0.934487E+00
 0.170000E+00 0.934562E+00
 0.190000E+00 0.934636E+00
 0.210000E+00 0.934711E+00
 0.230000E+00 0.934785E+00
 0.250000E+00 0.934860E+00
 0.270000E+00 0.934934E+00
 0.290000E+00 0.935008E+00
 0.310000E+00 0.935083E+00
 0.330000E+00 0.935157E+00
 0.350000E+00 0.935231E+00
 0.370000E+00 0.935305E+00
 0.390000E+00 0.935380E+00
 0.410000E+00 0.935454E+00
 0.430000E+00 0.935528E+00
 0.450000E+00 0.935602E+00
 0.470000E+00 0.935676E+00
 0.490000E+00 0.935750E+00
 0.510000E+00 0.935824E+00
 0.530000E+00 0.935897E+00
 0.550000E+00 0.935971E+00
 0.570000E+00 0.936045E+00
 0.590000E+00 0.936119E+00
 0.610000E+00 0.936192E+00
 0.630000E+00 0.936266E+00
 0.650000E+00 0.936340E+00
 0.670000E+00 0.936413E+00
 0.690000E+00 0.936487E+00
 0.710000E+00 0.936560E+00
 0.730000E+00 0.936634E+00
 0.750000E+00 0.936707E+00
 0.770000E+00 0.936780E+00
 0.790000E+00 0.936854E+00
 0.810000E+00 0.936927E+00
 0.830000E+00 0.937000E+00
 0.850000E+00 0.937073E+00
 0.870000E+00 0.937147E+00
 0.890000E+00 0.937220E+00
 0.910000E+00 0.938616E+00
 0.930000E+00 0.941274E+00
 0.950000E+00 0.943853E+00
 0.970000E+00 0.946354E+00
 0.990000E+00 0.948779E+00




































































































 -.990000E+00 0.998783E+00
 -.970000E+00 0.998783E+00
 -.950000E+00 0.998783E+00
 -.930000E+00 0.998784E+00
 -.910000E+00 0.998784E+00
 -.890000E+00 0.998877E+00
 -.870000E+00 0.999049E+00
 -.850000E+00 0.999207E+00
 -.830000E+00 0.999350E+00
 -.810000E+00 0.999479E+00
 -.790000E+00 0.999593E+00
 -.770000E+00 0.999693E+00
 -.750000E+00 0.999779E+00
 -.730000E+00 0.999850E+00
 -.710000E+00 0.999907E+00
 -.690000E+00 0.999949E+00
 -.670000E+00 0.999978E+00
 -.650000E+00 0.999992E+00
 -.630000E+00 0.999992E+00
 -.610000E+00 0.999978E+00
 -.590000E+00 0.999949E+00
 -.570000E+00 0.999907E+00
 -.550000E+00 0.999850E+00
 -.530000E+00 0.999780E+00
 -.510000E+00 0.999695E+00
 -.490000E+00 0.999597E+00
 -.470000E+00 0.999485E+00
 -.450000E+00 0.999358E+00
 -.430000E+00 0.999218E+00
 -.410000E+00 0.999064E+00
 -.390000E+00 0.998896E+00
 -.370000E+00 0.998715E+00
 -.350000E+00 0.998520E+00
 -.330000E+00 0.998311E+00
 -.310000E+00 0.998088E+00
 -.290000E+00 0.997852E+00
 -.270000E+00 0.997602E+00
 -.250000E+00 0.997339E+00
 -.230000E+00 0.997062E+00
 -.210000E+00 0.996771E+00
 -.190000E+00 0.996468E+00
 -.170000E+00 0.996150E+00
 -.150000E+00 0.995820E+00
 -.130000E+00 0.995476E+00
 -.110000E+00 0.995119E+00
 -.900000E-01 0.994748E+00
 -.700000E-01 0.994364E+00
 -.500000E-01 0.993967E+00
 -.300000E-01 0.993557E+00
 -.100000E-01 0.993134E+00
 0.100000E-01 0.992698E+00
 0.300000E-01 0.992249E+00
 0.500000E-01 0.991786E+00
 0.700000E-01 0.991311E+00
 0.900000E-01 0.990823E+00
 0.110000E+00 0.990322E+00
 0.130000E+00 0.989808E+00
 0.150000E+00 0.989281E+00
 0.170000E+00 0.988741E+00
 0.190000E+00 0.988189E+00
 0.210000E+00 0.987624E+00
 0.230000E+00 0.987046E+00
 0.250000E+00 0.986456E+00
 0.270000E+00 0.985853E+00
 0.290000E+00 0.985237E+00
 0.310000E+00 0.984609E+00
 0.330000E+00 0.983968E+00
 0.350000E+00 0.983315E+00
 0.370000E+00 0.982650E+00
 0.390000E+00 0.981972E+00
 0.410000E+00 0.981282E+00
 0.430000E+00 0.980579E+00
 0.450000E+00 0.979864E+00
 0.470000E+00 0.979137E+00
 0.490000E+00 0.978398E+00
 0.510000E+00 0.977647E+00
 0.530000E+00 0.976883E+00
 0.550000E+00 0.976108E+00
 0.570000E+00 0.975320E+00
 0.590000E+00 0.974521E+00
 0.610000E+00 0.973709E+00
 0.630000E+00 0.972885E+00
 0.650000E+00 0.972050E+00
 0.670000E+00 0.971203E+00
 0.690000E+00 0.970344E+00
 0.710000E+00 0.969473E+00
 0.730000E+00 0.968590E+00
 0.750000E+00 0.967696E+00
 0.770000E+00 0.966790E+00
 0.790000E+00 0.965872E+00
 0.810000E+00 0.964943E+00
 0.830000E+00 0.964002E+00
 0.850000E+00 0.963050E+00
 0.870000E+00 0.962086E+00
 0.890000E+00 0.961111E+00
 0.910000E+00 0.959951E+00
 0.930000E+00 0.958612E+00
 0.950000E+00 0.957267E+00
 0.970000E+00 0.955917E+00
 0.990000E+00 0.954563E+00




































































































 -.990000E+00 0.611754E+00
 -.970000E+00 0.611744E+00
 -.950000E+00 0.611717E+00
 -.930000E+00 0.611672E+00
 -.910000E+00 0.611609E+00
 -.890000E+00 0.608284E+00
 -.870000E+00 0.601706E+00
 -.850000E+00 0.595134E+00
 -.830000E+00 0.588568E+00
 -.810000E+00 0.582008E+00
 -.790000E+00 0.575455E+00
 -.770000E+00 0.568909E+00
 -.750000E+00 0.562371E+00
 -.730000E+00 0.555840E+00
 -.710000E+00 0.549318E+00
 -.690000E+00 0.542804E+00
 -.670000E+00 0.536298E+00
 -.650000E+00 0.529802E+00
 -.630000E+00 0.523313E+00
 -.610000E+00 0.516834E+00
 -.590000E+00 0.510364E+00
 -.570000E+00 0.503903E+00
 -.550000E+00 0.497450E+00
 -.530000E+00 0.491007E+00
 -.510000E+00 0.484573E+00
 -.490000E+00 0.478148E+00
 -.470000E+00 0.471732E+00
 -.450000E+00 0.465324E+00
 -.430000E+00 0.458926E+00
 -.410000E+00 0.452536E+00
 -.390000E+00 0.446155E+00
 -.370000E+00 0.439782E+00
 -.350000E+00 0.433417E+00
 -.330000E+00 0.427060E+00
 -.310000E+00 0.420711E+00
 -.290000E+00 0.414370E+00
 -.270000E+00 0.408036E+00
 -.250000E+00 0.401709E+00
 -.230000E+00 0.395389E+00
 -.210000E+00 0.389076E+00
 -.190000E+00 0.382769E+00
 -.170000E+00 0.376468E+00
 -.150000E+00 0.370174E+00
 -.130000E+00 0.363884E+00
 -.110000E+00 0.357600E+00
 -.900000E-01 0.351321E+00
 -.700000E-01 0.345047E+00
 -.500000E-01 0.338777E+00
 -.300000E-01 0.332511E+00
 -.100000E-01 0.326248E+00
 0.100000E-01 0.319989E+00
 0.300000E-01 0.313733E+00
 0.500000E-01 0.307480E+00
 0.700000E-01 0.301228E+00
 0.900000E-01 0.294979E+00
 0.110000E+00 0.288731E+00
 0.130000E+00 0.282485E+00
 0.150000E+00 0.276240E+00
 0.170000E+00 0.269995E+00
 0.190000E+00 0.263750E+00
 0.210000E+00 0.257505E+00
 0.230000E+00 0.251260E+00
 0.250000E+00 0.245014E+00
 0.270000E+00 0.238766E+00
 0.290000E+00 0.232517E+00
 0.310000E+00 0.226267E+00
 0.330000E+00 0.220014E+00
 0.350000E+00 0.213758E+00
 0.370000E+00 0.207500E+00
 0.390000E+00 0.201239E+00
 0.410000E+00 0.194974E+00
 0.430000E+00 0.188705E+00
 0.450000E+00 0.182433E+00
 0.470000E+00 0.176156E+00
 0.490000E+00 0.169874E+00
 0.510000E+00 0.163588E+00
 0.530000E+00 0.157296E+00
 0.550000E+00 0.150999E+00
 0.570000E+00 0.144696E+00
 0.590000E+00 0.138387E+00
 0.610000E+00 0.132072E+00
 0.630000E+00 0.125751E+00
 0.650000E+00 0.119423E+00
 0.670000E+00 0.113089E+00
 0.690000E+00 0.106747E+00
 0.710000E+00 0.100399E+00
 0.730000E+00 0.940433E-01
 0.750000E+00 0.876803E-01
 0.770000E+00 0.813099E-01
 0.790000E+00 0.749320E-01
 0.810000E+00 0.685464E-01
 0.830000E+00 0.621532E-01
 0.850000E+00 0.557523E-01
 0.870000E+00 0.493435E-01
 0.890000E+00 0.429271E-01
 0.910000E+00 0.408000E-01
 0.930000E+00 0.429608E-01
 0.950000E+00 0.451152E-01
 0.970000E+00 0.472632E-01
 0.990000E+00 0.494045E-01




































































































 -.990000E+00 0.200410E+00
 -.970000E+00 0.200410E+00
 -.950000E+00 0.200408E+00
 -.930000E+00 0.200406E+00
 -.910000E+00 0.200402E+00
 -.890000E+00 0.197218E+00
 -.870000E+00 0.190827E+00
 -.850000E+00 0.184399E+00
 -.830000E+00 0.177935E+00
 -.810000E+00 0.171437E+00
 -.790000E+00 0.164905E+00
 -.770000E+00 0.158342E+00
 -.750000E+00 0.151749E+00
 -.730000E+00 0.145126E+00
 -.710000E+00 0.138475E+00
 -.690000E+00 0.131799E+00
 -.670000E+00 0.125097E+00
 -.650000E+00 0.118371E+00
 -.630000E+00 0.111624E+00
 -.610000E+00 0.104855E+00
 -.590000E+00 0.980668E-01
 -.570000E+00 0.912606E-01
 -.550000E+00 0.844378E-01
 -.530000E+00 0.775996E-01
 -.510000E+00 0.707477E-01
 -.490000E+00 0.638833E-01
 -.470000E+00 0.570078E-01
 -.450000E+00 0.501228E-01
 -.430000E+00 0.432297E-01
 -.410000E+00 0.363298E-01
 -.390000E+00 0.294247E-01
 -.370000E+00 0.225157E-01
 -.350000E+00 0.156043E-01
 -.330000E+00 0.869194E-02
 -.310000E+00 0.178009E-02
 -.290000E+00 -.512982E-02
 -.270000E+00 -.120364E-01
 -.250000E+00 -.189381E-01
 -.230000E+00 -.258335E-01
 -.210000E+00 -.327212E-01
 -.190000E+00 -.395997E-01
 -.170000E+00 -.464677E-01
 -.150000E+00 -.533235E-01
 -.130000E+00 -.601659E-01
 -.110000E+00 -.669934E-01
 -.900000E-01 -.738046E-01
 -.700000E-01 -.805979E-01
 -.500000E-01 -.873720E-01
 -.300000E-01 -.941255E-01
 -.100000E-01 -.100857E+00
 0.100000E-01 -.107565E+00
 0.300000E-01 -.114248E+00
 0.500000E-01 -.120905E+00
 0.700000E-01 -.127534E+00
 0.900000E-01 -.134134E+00
 0.110000E+00 -.140704E+00
 0.130000E+00 -.147242E+00
 0.150000E+00 -.153747E+00
 0.170000E+00 -.160217E+00
 0.190000E+00 -.166652E+00
 0.210000E+00 -.173049E+00
 0.230000E+00 -.179408E+00
 0.250000E+00 -.185726E+00
 0.270000E+00 -.192004E+00
 0.290000E+00 -.198239E+00
 0.310000E+00 -.204431E+00
 0.330000E+00 -.210577E+00
 0.350000E+00 -.216678E+00
 0.370000E+00 -.222730E+00
 0.390000E+00 -.228734E+00
 0.410000E+00 -.234688E+00
 0.430000E+00 -.240591E+00
 0.450000E+00 -.246441E+00
 0.470000E+00 -.252238E+00
 0.490000E+00 -.257980E+00
 0.510000E+00 -.263666E+00
 0.530000E+00 -.269295E+00
 0.550000E+00 -.274866E+00
 0.570000E+00 -.280377E+00
 0.590000E+00 -.285828E+00
 0.610000E+00 -.291217E+00
 0.630000E+00 -.296544E+00
 0.650000E+00 -.301807E+00
 0.670000E+00 -.307006E+00
 0.690000E+00 -.312139E+00
 0.710000E+00 -.317205E+00
 0.730000E+00 -.322203E+00
 0.750000E+00 -.327133E+00
 0.770000E+00 -.331993E+00
 0.790000E+00 -.336782E+00
 0.810000E+00 -.341500E+00
 0.830000E+00 -.346146E+00
 0.850000E+00 -.350718E+00
 0.870000E+00 -.355216E+00
 0.890000E+00 -.359639E+00
 0.910000E+00 -.361252E+00
 0.930000E+00 -.360097E+00
 0.950000E+00 -.358923E+00
 0.970000E+00 -.357731E+00
 0.990000E+00 -.356519E+00




































































































 -.990000E+00 0.744708E-01
 -.970000E+00 0.744695E-01
 -.950000E+00 0.744655E-01
 -.930000E+00 0.744588E-01
 -.910000E+00 0.744495E-01
 -.890000E+00 0.717455E-01
 -.870000E+00 0.662991E-01
 -.850000E+00 0.607909E-01
 -.830000E+00 0.552262E-01
 -.810000E+00 0.496105E-01
 -.790000E+00 0.439494E-01
 -.770000E+00 0.382483E-01
 -.750000E+00 0.325129E-01
 -.730000E+00 0.267488E-01
 -.710000E+00 0.209616E-01
 -.690000E+00 0.151570E-01
 -.670000E+00 0.934068E-02
 -.650000E+00 0.351831E-02
 -.630000E+00 -.230440E-02
 -.610000E+00 -.812175E-02
 -.590000E+00 -.139281E-01
 -.570000E+00 -.197176E-01
 -.550000E+00 -.254849E-01
 -.530000E+00 -.312241E-01
 -.510000E+00 -.369297E-01
 -.490000E+00 -.425961E-01
 -.470000E+00 -.482178E-01
 -.450000E+00 -.537893E-01
 -.430000E+00 -.593052E-01
 -.410000E+00 -.647602E-01
 -.390000E+00 -.701489E-01
 -.370000E+00 -.754660E-01
 -.350000E+00 -.807064E-01
 -.330000E+00 -.858651E-01
 -.310000E+00 -.909370E-01
 -.290000E+00 -.959172E-01
 -.270000E+00 -.100801E+00
 -.250000E+00 -.105583E+00
 -.230000E+00 -.110260E+00
 -.210000E+00 -.114826E+00
 -.190000E+00 -.119277E+00
 -.170000E+00 -.123610E+00
 -.150000E+00 -.127819E+00
 -.130000E+00 -.131901E+00
 -.110000E+00 -.135852E+00
 -.900000E-01 -.139667E+00
 -.700000E-01 -.143345E+00
 -.500000E-01 -.146880E+00
 -.300000E-01 -.150269E+00
 -.100000E-01 -.153510E+00
 0.100000E-01 -.156599E+00
 0.300000E-01 -.159534E+00
 0.500000E-01 -.162311E+00
 0.700000E-01 -.164928E+00
 0.900000E-01 -.167382E+00
 0.110000E+00 -.169672E+00
 0.130000E+00 -.171795E+00
 0.150000E+00 -.173749E+00
 0.170000E+00 -.175533E+00
 0.190000E+00 -.177144E+00
 0.210000E+00 -.178581E+00
 0.230000E+00 -.179843E+00
 0.250000E+00 -.180930E+00
 0.270000E+00 -.181839E+00
 0.290000E+00 -.182570E+00
 0.310000E+00 -.183123E+00
 0.330000E+00 -.183497E+00
 0.350000E+00 -.183692E+00
 0.370000E+00 -.183707E+00
 0.390000E+00 -.183544E+00
 0.410000E+00 -.183202E+00
 0.430000E+00 -.182681E+00
 0.450000E+00 -.181983E+00
 0.470000E+00 -.181108E+00
 0.490000E+00 -.180056E+00
 0.510000E+00 -.178830E+00
 0.530000E+00 -.177430E+00
 0.550000E+00 -.175858E+00
 0.570000E+00 -.174116E+00
 0.590000E+00 -.172205E+00
 0.610000E+00 -.170127E+00
 0.630000E+00 -.167885E+00
 0.650000E+00 -.165480E+00
 0.670000E+00 -.162915E+00
 0.690000E+00 -.160193E+00
 0.710000E+00 -.157317E+00
 0.730000E+00 -.154288E+00
 0.750000E+00 -.151111E+00
 0.770000E+00 -.147788E+00
 0.790000E+00 -.144324E+00
 0.810000E+00 -.140720E+00
 0.830000E+00 -.136981E+00
 0.850000E+00 -.133111E+00
 0.870000E+00 -.129113E+00
 0.890000E+00 -.124991E+00
 0.910000E+00 -.118188E+00
 0.930000E+00 -.108746E+00
 0.950000E+00 -.992470E-01
 0.970000E+00 -.897013E-01
 0.990000E+00 -.801199E-01




































































































 -.990000E+00 0.320025E-02
 -.970000E+00 0.320136E-02
 -.950000E+00 0.320415E-02
 -.930000E+00 0.320740E-02
 -.910000E+00 0.320971E-02
 -.890000E+00 0.485860E-03
 -.870000E+00 -.481327E-02
 -.850000E+00 -.802509E-02
 -.830000E+00 -.776017E-02
 -.810000E+00 -.413532E-02
 -.790000E+00 0.127789E-02
 -.770000E+00 0.613451E-02
 -.750000E+00 0.833200E-02
 -.730000E+00 0.692047E-02
 -.710000E+00 0.251330E-02
 -.690000E+00 -.297944E-02
 -.670000E+00 -.717878E-02
 -.650000E+00 -.826723E-02
 -.630000E+00 -.577538E-02
 -.610000E+00 -.784351E-03
 -.590000E+00 0.454328E-02
 -.570000E+00 0.790048E-02
 -.550000E+00 0.783481E-02
 -.530000E+00 0.437677E-02
 -.510000E+00 -.974269E-03
 -.490000E+00 -.590022E-02
 -.470000E+00 -.826845E-02
 -.450000E+00 -.705507E-02
 -.430000E+00 -.278765E-02
 -.410000E+00 0.268422E-02
 -.390000E+00 0.699053E-02
 -.370000E+00 0.826739E-02
 -.350000E+00 0.596377E-02
 -.330000E+00 0.107929E-02
 -.310000E+00 -.426956E-02
 -.290000E+00 -.776649E-02
 -.270000E+00 -.789848E-02
 -.250000E+00 -.461041E-02
 -.230000E+00 0.671930E-03
 -.210000E+00 0.566013E-02
 -.190000E+00 0.819453E-02
 -.170000E+00 0.717923E-02
 -.150000E+00 0.305600E-02
 -.130000E+00 -.238795E-02
 -.110000E+00 -.679465E-02
 -.900000E-01 -.825665E-02
 -.700000E-01 -.614271E-02
 -.500000E-01 -.137031E-02
 -.300000E-01 0.399253E-02
 -.100000E-01 0.762339E-02
 0.100000E-01 0.795119E-02
 0.300000E-01 0.483600E-02
 0.500000E-01 -.371256E-03
 0.700000E-01 -.541461E-02
 0.900000E-01 -.811042E-02
 0.110000E+00 -.729287E-02
 0.130000E+00 -.331806E-02
 0.150000E+00 0.209104E-02
 0.170000E+00 0.659145E-02
 0.190000E+00 0.823510E-02
 0.210000E+00 0.631203E-02
 0.230000E+00 0.165707E-02
 0.250000E+00 -.371257E-02
 0.270000E+00 -.747145E-02
 0.290000E+00 -.799297E-02
 0.310000E+00 -.505330E-02
 0.330000E+00 0.726328E-04
 0.350000E+00 0.516401E-02
 0.370000E+00 0.801633E-02
 0.390000E+00 0.739592E-02
 0.410000E+00 0.357352E-02
 0.430000E+00 -.179387E-02
 0.450000E+00 -.638128E-02
 0.470000E+00 -.820287E-02
 0.490000E+00 -.647159E-02
 0.510000E+00 -.193922E-02
 0.530000E+00 0.343008E-02
 0.550000E+00 0.731093E-02
 0.570000E+00 0.802386E-02
 0.590000E+00 0.526210E-02
 0.610000E+00 0.223565E-03
 0.630000E+00 -.490872E-02
 0.650000E+00 -.791246E-02
 0.670000E+00 -.748836E-02
 0.690000E+00 -.382212E-02
 0.710000E+00 0.149684E-02
 0.730000E+00 0.616446E-02
 0.750000E+00 0.816010E-02
 0.770000E+00 0.662127E-02
 0.790000E+00 0.221642E-02
 0.810000E+00 -.314545E-02
 0.830000E+00 -.714212E-02
 0.850000E+00 -.804390E-02
 0.870000E+00 -.546219E-02
 0.890000E+00 -.516966E-03
 0.910000E+00 0.701625E-02
 0.930000E+00 0.128417E-01
 0.950000E+00 0.117157E-01
 0.970000E+00 0.413283E-02
 0.990000E+00 -.661921E-02




































































































