 -.990000E+00 0.123942E-01
 -.970000E+00 0.146037E-01
 -.950000E+00 0.166947E-01
 -.930000E+00 0.177577E-01
 -.910000E+00 0.173308E-01
 -.890000E+00 0.143205E-01
 -.870000E+00 0.143205E-01
 -.850000E+00 0.143216E-01
 -.830000E+00 0.143221E-01
 -.810000E+00 0.143212E-01
 -.790000E+00 0.143203E-01
 -.770000E+00 0.143208E-01
 -.750000E+00 0.143219E-01
 -.730000E+00 0.143219E-01
 -.710000E+00 0.143208E-01
 -.690000E+00 0.143203E-01
 -.670000E+00 0.143212E-01
 -.650000E+00 0.143221E-01
 -.630000E+00 0.143216E-01
 -.610000E+00 0.143205E-01
 -.590000E+00 0.143204E-01
 -.570000E+00 0.143215E-01
 -.550000E+00 0.143221E-01
 -.530000E+00 0.143213E-01
 -.510000E+00 0.143203E-01
 -.490000E+00 0.143207E-01
 -.470000E+00 0.143219E-01
 -.450000E+00 0.143220E-01
 -.430000E+00 0.143209E-01
 -.410000E+00 0.143203E-01
 -.390000E+00 0.143211E-01
 -.370000E+00 0.143221E-01
 -.350000E+00 0.143217E-01
 -.330000E+00 0.143206E-01
 -.310000E+00 0.143204E-01
 -.290000E+00 0.143215E-01
 -.270000E+00 0.143221E-01
 -.250000E+00 0.143213E-01
 -.230000E+00 0.143203E-01
 -.210000E+00 0.143207E-01
 -.190000E+00 0.143218E-01
 -.170000E+00 0.143220E-01
 -.150000E+00 0.143209E-01
 -.130000E+00 0.143203E-01
 -.110000E+00 0.143210E-01
 -.900000E-01 0.143221E-01
 -.700000E-01 0.143218E-01
 -.500000E-01 0.143206E-01
 -.300000E-01 0.143204E-01
 -.100000E-01 0.143214E-01
 0.100000E-01 0.143221E-01
 0.300000E-01 0.143214E-01
 0.500000E-01 0.143204E-01
 0.700000E-01 0.143206E-01
 0.900000E-01 0.143218E-01
 0.110000E+00 0.143221E-01
 0.130000E+00 0.143210E-01
 0.150000E+00 0.143203E-01
 0.170000E+00 0.143210E-01
 0.190000E+00 0.143220E-01
 0.210000E+00 0.143218E-01
 0.230000E+00 0.143206E-01
 0.250000E+00 0.143203E-01
 0.270000E+00 0.143214E-01
 0.290000E+00 0.143221E-01
 0.310000E+00 0.143215E-01
 0.330000E+00 0.143204E-01
 0.350000E+00 0.143205E-01
 0.370000E+00 0.143217E-01
 0.390000E+00 0.143221E-01
 0.410000E+00 0.143211E-01
 0.430000E+00 0.143202E-01
 0.450000E+00 0.143209E-01
 0.470000E+00 0.143220E-01
 0.490000E+00 0.143219E-01
 0.510000E+00 0.143207E-01
 0.530000E+00 0.143203E-01
 0.550000E+00 0.143213E-01
 0.570000E+00 0.143221E-01
 0.590000E+00 0.143215E-01
 0.610000E+00 0.143204E-01
 0.630000E+00 0.143205E-01
 0.650000E+00 0.143217E-01
 0.670000E+00 0.143221E-01
 0.690000E+00 0.143211E-01
 0.710000E+00 0.143203E-01
 0.730000E+00 0.143208E-01
 0.750000E+00 0.143220E-01
 0.770000E+00 0.143219E-01
 0.790000E+00 0.143208E-01
 0.810000E+00 0.143203E-01
 0.830000E+00 0.143212E-01
 0.850000E+00 0.143221E-01
 0.870000E+00 0.143216E-01
 0.890000E+00 0.143204E-01
 0.910000E+00 0.143221E-01
 0.930000E+00 0.143220E-01
 0.950000E+00 0.143220E-01
 0.970000E+00 0.143222E-01
 0.990000E+00 0.143225E-01




































































































 -.990000E+00 0.484118E-01
 -.970000E+00 0.455293E-01
 -.950000E+00 0.426118E-01
 -.930000E+00 0.396628E-01
 -.910000E+00 0.366855E-01
 -.890000E+00 0.137493E-01
 -.870000E+00 0.137674E-01
 -.850000E+00 0.137868E-01
 -.830000E+00 0.138075E-01
 -.810000E+00 0.138293E-01
 -.790000E+00 0.138522E-01
 -.770000E+00 0.138760E-01
 -.750000E+00 0.139007E-01
 -.730000E+00 0.139261E-01
 -.710000E+00 0.139523E-01
 -.690000E+00 0.139790E-01
 -.670000E+00 0.140062E-01
 -.650000E+00 0.140338E-01
 -.630000E+00 0.140616E-01
 -.610000E+00 0.140896E-01
 -.590000E+00 0.141176E-01
 -.570000E+00 0.141456E-01
 -.550000E+00 0.141734E-01
 -.530000E+00 0.142009E-01
 -.510000E+00 0.142281E-01
 -.490000E+00 0.142547E-01
 -.470000E+00 0.142807E-01
 -.450000E+00 0.143061E-01
 -.430000E+00 0.143306E-01
 -.410000E+00 0.143542E-01
 -.390000E+00 0.143769E-01
 -.370000E+00 0.143984E-01
 -.350000E+00 0.144188E-01
 -.330000E+00 0.144380E-01
 -.310000E+00 0.144558E-01
 -.290000E+00 0.144722E-01
 -.270000E+00 0.144872E-01
 -.250000E+00 0.145006E-01
 -.230000E+00 0.145125E-01
 -.210000E+00 0.145227E-01
 -.190000E+00 0.145313E-01
 -.170000E+00 0.145382E-01
 -.150000E+00 0.145434E-01
 -.130000E+00 0.145468E-01
 -.110000E+00 0.145484E-01
 -.900000E-01 0.145483E-01
 -.700000E-01 0.145464E-01
 -.500000E-01 0.145427E-01
 -.300000E-01 0.145372E-01
 -.100000E-01 0.145300E-01
 0.100000E-01 0.145211E-01
 0.300000E-01 0.145106E-01
 0.500000E-01 0.144983E-01
 0.700000E-01 0.144845E-01
 0.900000E-01 0.144692E-01
 0.110000E+00 0.144523E-01
 0.130000E+00 0.144340E-01
 0.150000E+00 0.144144E-01
 0.170000E+00 0.143935E-01
 0.190000E+00 0.143714E-01
 0.210000E+00 0.143482E-01
 0.230000E+00 0.143240E-01
 0.250000E+00 0.142988E-01
 0.270000E+00 0.142728E-01
 0.290000E+00 0.142461E-01
 0.310000E+00 0.142187E-01
 0.330000E+00 0.141908E-01
 0.350000E+00 0.141625E-01
 0.370000E+00 0.141339E-01
 0.390000E+00 0.141052E-01
 0.410000E+00 0.140763E-01
 0.430000E+00 0.140474E-01
 0.450000E+00 0.140188E-01
 0.470000E+00 0.139903E-01
 0.490000E+00 0.139623E-01
 0.510000E+00 0.139347E-01
 0.530000E+00 0.139077E-01
 0.550000E+00 0.138814E-01
 0.570000E+00 0.138559E-01
 0.590000E+00 0.138312E-01
 0.610000E+00 0.138076E-01
 0.630000E+00 0.137851E-01
 0.650000E+00 0.137637E-01
 0.670000E+00 0.137437E-01
 0.690000E+00 0.137249E-01
 0.710000E+00 0.137076E-01
 0.730000E+00 0.136917E-01
 0.750000E+00 0.136774E-01
 0.770000E+00 0.136647E-01
 0.790000E+00 0.136537E-01
 0.810000E+00 0.136444E-01
 0.830000E+00 0.136368E-01
 0.850000E+00 0.136310E-01
 0.870000E+00 0.136269E-01
 0.890000E+00 0.136247E-01
 0.910000E+00 0.143728E-01
 0.930000E+00 0.143636E-01
 0.950000E+00 0.143544E-01
 0.970000E+00 0.143452E-01
 0.990000E+00 0.143361E-01




































































































 -.990000E+00 -.859464E-01
 -.970000E+00 -.883559E-01
 -.950000E+00 -.907279E-01
 -.930000E+00 -.930620E-01
 -.910000E+00 -.953576E-01
 -.890000E+00 0.210905E-01
 -.870000E+00 0.210355E-01
 -.850000E+00 0.209778E-01
 -.830000E+00 0.209174E-01
 -.810000E+00 0.208545E-01
 -.790000E+00 0.207890E-01
 -.770000E+00 0.207209E-01
 -.750000E+00 0.206505E-01
 -.730000E+00 0.205776E-01
 -.710000E+00 0.205024E-01
 -.690000E+00 0.204248E-01
 -.670000E+00 0.203451E-01
 -.650000E+00 0.202632E-01
 -.630000E+00 0.201791E-01
 -.610000E+00 0.200931E-01
 -.590000E+00 0.200050E-01
 -.570000E+00 0.199151E-01
 -.550000E+00 0.198233E-01
 -.530000E+00 0.197298E-01
 -.510000E+00 0.196345E-01
 -.490000E+00 0.195377E-01
 -.470000E+00 0.194393E-01
 -.450000E+00 0.193394E-01
 -.430000E+00 0.192382E-01
 -.410000E+00 0.191357E-01
 -.390000E+00 0.190319E-01
 -.370000E+00 0.189271E-01
 -.350000E+00 0.188211E-01
 -.330000E+00 0.187143E-01
 -.310000E+00 0.186065E-01
 -.290000E+00 0.184979E-01
 -.270000E+00 0.183887E-01
 -.250000E+00 0.182788E-01
 -.230000E+00 0.181684E-01
 -.210000E+00 0.180575E-01
 -.190000E+00 0.179463E-01
 -.170000E+00 0.178349E-01
 -.150000E+00 0.177233E-01
 -.130000E+00 0.176116E-01
 -.110000E+00 0.175000E-01
 -.900000E-01 0.173884E-01
 -.700000E-01 0.172770E-01
 -.500000E-01 0.171660E-01
 -.300000E-01 0.170553E-01
 -.100000E-01 0.169451E-01
 0.100000E-01 0.168355E-01
 0.300000E-01 0.167265E-01
 0.500000E-01 0.166183E-01
 0.700000E-01 0.165109E-01
 0.900000E-01 0.164044E-01
 0.110000E+00 0.162990E-01
 0.130000E+00 0.161946E-01
 0.150000E+00 0.160915E-01
 0.170000E+00 0.159896E-01
 0.190000E+00 0.158890E-01
 0.210000E+00 0.157900E-01
 0.230000E+00 0.156924E-01
 0.250000E+00 0.155964E-01
 0.270000E+00 0.155022E-01
 0.290000E+00 0.154097E-01
 0.310000E+00 0.153190E-01
 0.330000E+00 0.152302E-01
 0.350000E+00 0.151435E-01
 0.370000E+00 0.150588E-01
 0.390000E+00 0.149763E-01
 0.410000E+00 0.148959E-01
 0.430000E+00 0.148178E-01
 0.450000E+00 0.147421E-01
 0.470000E+00 0.146688E-01
 0.490000E+00 0.145979E-01
 0.510000E+00 0.145296E-01
 0.530000E+00 0.144639E-01
 0.550000E+00 0.144008E-01
 0.570000E+00 0.143403E-01
 0.590000E+00 0.142827E-01
 0.610000E+00 0.142278E-01
 0.630000E+00 0.141758E-01
 0.650000E+00 0.141266E-01
 0.670000E+00 0.140804E-01
 0.690000E+00 0.140372E-01
 0.710000E+00 0.139970E-01
 0.730000E+00 0.139598E-01
 0.750000E+00 0.139256E-01
 0.770000E+00 0.138946E-01
 0.790000E+00 0.138668E-01
 0.810000E+00 0.138420E-01
 0.830000E+00 0.138205E-01
 0.850000E+00 0.138022E-01
 0.870000E+00 0.137871E-01
 0.890000E+00 0.137752E-01
 0.910000E+00 0.149260E-01
 0.930000E+00 0.149094E-01
 0.950000E+00 0.148929E-01
 0.970000E+00 0.148764E-01
 0.990000E+00 0.148599E-01




































































































 -.990000E+00 -.168305E+00
 -.970000E+00 -.168566E+00
 -.950000E+00 -.168825E+00
 -.930000E+00 -.169081E+00
 -.910000E+00 -.169335E+00
 -.890000E+00 0.303632E-02
 -.870000E+00 0.315004E-02
 -.850000E+00 0.326746E-02
 -.830000E+00 0.338855E-02
 -.810000E+00 0.351327E-02
 -.790000E+00 0.364159E-02
 -.770000E+00 0.377347E-02
 -.750000E+00 0.390888E-02
 -.730000E+00 0.404778E-02
 -.710000E+00 0.419013E-02
 -.690000E+00 0.433589E-02
 -.670000E+00 0.448501E-02
 -.650000E+00 0.463746E-02
 -.630000E+00 0.479319E-02
 -.610000E+00 0.495215E-02
 -.590000E+00 0.511430E-02
 -.570000E+00 0.527959E-02
 -.550000E+00 0.544797E-02
 -.530000E+00 0.561939E-02
 -.510000E+00 0.579380E-02
 -.490000E+00 0.597115E-02
 -.470000E+00 0.615138E-02
 -.450000E+00 0.633445E-02
 -.430000E+00 0.652028E-02
 -.410000E+00 0.670884E-02
 -.390000E+00 0.690005E-02
 -.370000E+00 0.709386E-02
 -.350000E+00 0.729022E-02
 -.330000E+00 0.748906E-02
 -.310000E+00 0.769031E-02
 -.290000E+00 0.789393E-02
 -.270000E+00 0.809983E-02
 -.250000E+00 0.830797E-02
 -.230000E+00 0.851827E-02
 -.210000E+00 0.873066E-02
 -.190000E+00 0.894509E-02
 -.170000E+00 0.916148E-02
 -.150000E+00 0.937976E-02
 -.130000E+00 0.959987E-02
 -.110000E+00 0.982173E-02
 -.900000E-01 0.100453E-01
 -.700000E-01 0.102704E-01
 -.500000E-01 0.104971E-01
 -.300000E-01 0.107253E-01
 -.100000E-01 0.109548E-01
 0.100000E-01 0.111857E-01
 0.300000E-01 0.114178E-01
 0.500000E-01 0.116511E-01
 0.700000E-01 0.118854E-01
 0.900000E-01 0.121208E-01
 0.110000E+00 0.123571E-01
 0.130000E+00 0.125942E-01
 0.150000E+00 0.128322E-01
 0.170000E+00 0.130708E-01
 0.190000E+00 0.133100E-01
 0.210000E+00 0.135498E-01
 0.230000E+00 0.137900E-01
 0.250000E+00 0.140306E-01
 0.270000E+00 0.142715E-01
 0.290000E+00 0.145126E-01
 0.310000E+00 0.147539E-01
 0.330000E+00 0.149951E-01
 0.350000E+00 0.152364E-01
 0.370000E+00 0.154775E-01
 0.390000E+00 0.157184E-01
 0.410000E+00 0.159590E-01
 0.430000E+00 0.161992E-01
 0.450000E+00 0.164390E-01
 0.470000E+00 0.166782E-01
 0.490000E+00 0.169168E-01
 0.510000E+00 0.171547E-01
 0.530000E+00 0.173917E-01
 0.550000E+00 0.176279E-01
 0.570000E+00 0.178631E-01
 0.590000E+00 0.180973E-01
 0.610000E+00 0.183303E-01
 0.630000E+00 0.185621E-01
 0.650000E+00 0.187925E-01
 0.670000E+00 0.190216E-01
 0.690000E+00 0.192492E-01
 0.710000E+00 0.194752E-01
 0.730000E+00 0.196995E-01
 0.750000E+00 0.199221E-01
 0.770000E+00 0.201428E-01
 0.790000E+00 0.203617E-01
 0.810000E+00 0.205785E-01
 0.830000E+00 0.207933E-01
 0.850000E+00 0.210059E-01
 0.870000E+00 0.212163E-01
 0.890000E+00 0.214243E-01
 0.910000E+00 0.217439E+00
 0.930000E+00 0.217376E+00
 0.950000E+00 0.217313E+00
 0.970000E+00 0.217250E+00
 0.990000E+00 0.217187E+00




































































































 -.990000E+00 0.735637E-01
 -.970000E+00 0.714076E-01
 -.950000E+00 0.692422E-01
 -.930000E+00 0.670677E-01
 -.910000E+00 0.648846E-01
 -.890000E+00 0.973413E-02
 -.870000E+00 0.977748E-02
 -.850000E+00 0.982070E-02
 -.830000E+00 0.986378E-02
 -.810000E+00 0.990673E-02
 -.790000E+00 0.994954E-02
 -.770000E+00 0.999221E-02
 -.750000E+00 0.100347E-01
 -.730000E+00 0.100771E-01
 -.710000E+00 0.101194E-01
 -.690000E+00 0.101614E-01
 -.670000E+00 0.102034E-01
 -.650000E+00 0.102452E-01
 -.630000E+00 0.102868E-01
 -.610000E+00 0.103283E-01
 -.590000E+00 0.103696E-01
 -.570000E+00 0.104107E-01
 -.550000E+00 0.104517E-01
 -.530000E+00 0.104926E-01
 -.510000E+00 0.105332E-01
 -.490000E+00 0.105737E-01
 -.470000E+00 0.106141E-01
 -.450000E+00 0.106542E-01
 -.430000E+00 0.106942E-01
 -.410000E+00 0.107340E-01
 -.390000E+00 0.107736E-01
 -.370000E+00 0.108131E-01
 -.350000E+00 0.108523E-01
 -.330000E+00 0.108914E-01
 -.310000E+00 0.109303E-01
 -.290000E+00 0.109690E-01
 -.270000E+00 0.110075E-01
 -.250000E+00 0.110459E-01
 -.230000E+00 0.110840E-01
 -.210000E+00 0.111219E-01
 -.190000E+00 0.111597E-01
 -.170000E+00 0.111972E-01
 -.150000E+00 0.112346E-01
 -.130000E+00 0.112717E-01
 -.110000E+00 0.113086E-01
 -.900000E-01 0.113454E-01
 -.700000E-01 0.113819E-01
 -.500000E-01 0.114182E-01
 -.300000E-01 0.114543E-01
 -.100000E-01 0.114902E-01
 0.100000E-01 0.115258E-01
 0.300000E-01 0.115613E-01
 0.500000E-01 0.115965E-01
 0.700000E-01 0.116315E-01
 0.900000E-01 0.116663E-01
 0.110000E+00 0.117009E-01
 0.130000E+00 0.117352E-01
 0.150000E+00 0.117693E-01
 0.170000E+00 0.118032E-01
 0.190000E+00 0.118369E-01
 0.210000E+00 0.118703E-01
 0.230000E+00 0.119035E-01
 0.250000E+00 0.119364E-01
 0.270000E+00 0.119691E-01
 0.290000E+00 0.120016E-01
 0.310000E+00 0.120338E-01
 0.330000E+00 0.120658E-01
 0.350000E+00 0.120976E-01
 0.370000E+00 0.121290E-01
 0.390000E+00 0.121603E-01
 0.410000E+00 0.121913E-01
 0.430000E+00 0.122220E-01
 0.450000E+00 0.122525E-01
 0.470000E+00 0.122827E-01
 0.490000E+00 0.123127E-01
 0.510000E+00 0.123424E-01
 0.530000E+00 0.123719E-01
 0.550000E+00 0.124011E-01
 0.570000E+00 0.124300E-01
 0.590000E+00 0.124587E-01
 0.610000E+00 0.124871E-01
 0.630000E+00 0.125153E-01
 0.650000E+00 0.125431E-01
 0.670000E+00 0.125707E-01
 0.690000E+00 0.125981E-01
 0.710000E+00 0.126251E-01
 0.730000E+00 0.126519E-01
 0.750000E+00 0.126784E-01
 0.770000E+00 0.127046E-01
 0.790000E+00 0.127306E-01
 0.810000E+00 0.127562E-01
 0.830000E+00 0.127816E-01
 0.850000E+00 0.128067E-01
 0.870000E+00 0.128315E-01
 0.890000E+00 0.128560E-01
 0.910000E+00 0.281173E+00
 0.930000E+00 0.281183E+00
 0.950000E+00 0.281193E+00
 0.970000E+00 0.281202E+00
 0.990000E+00 0.281212E+00




































































































 -.990000E+00 0.225950E+00
 -.970000E+00 0.224548E+00
 -.950000E+00 0.223122E+00
 -.930000E+00 0.221671E+00
 -.910000E+00 0.220195E+00
 -.890000E+00 0.137598E-01
 -.870000E+00 0.137598E-01
 -.850000E+00 0.137598E-01
 -.830000E+00 0.137598E-01
 -.810000E+00 0.137598E-01
 -.790000E+00 0.137598E-01
 -.770000E+00 0.137598E-01
 -.750000E+00 0.137598E-01
 -.730000E+00 0.137598E-01
 -.710000E+00 0.137598E-01
 -.690000E+00 0.137598E-01
 -.670000E+00 0.137598E-01
 -.650000E+00 0.137598E-01
 -.630000E+00 0.137598E-01
 -.610000E+00 0.137598E-01
 -.590000E+00 0.137598E-01
 -.570000E+00 0.137598E-01
 -.550000E+00 0.137599E-01
 -.530000E+00 0.137599E-01
 -.510000E+00 0.137599E-01
 -.490000E+00 0.137599E-01
 -.470000E+00 0.137599E-01
 -.450000E+00 0.137599E-01
 -.430000E+00 0.137599E-01
 -.410000E+00 0.137599E-01
 -.390000E+00 0.137599E-01
 -.370000E+00 0.137599E-01
 -.350000E+00 0.137599E-01
 -.330000E+00 0.137599E-01
 -.310000E+00 0.137599E-01
 -.290000E+00 0.137599E-01
 -.270000E+00 0.137599E-01
 -.250000E+00 0.137599E-01
 -.230000E+00 0.137599E-01
 -.210000E+00 0.137599E-01
 -.190000E+00 0.137599E-01
 -.170000E+00 0.137599E-01
 -.150000E+00 0.137600E-01
 -.130000E+00 0.137600E-01
 -.110000E+00 0.137600E-01
 -.900000E-01 0.137600E-01
 -.700000E-01 0.137600E-01
 -.500000E-01 0.137600E-01
 -.300000E-01 0.137600E-01
 -.100000E-01 0.137600E-01
 0.100000E-01 0.137600E-01
 0.300000E-01 0.137600E-01
 0.500000E-01 0.137600E-01
 0.700000E-01 0.137600E-01
 0.900000E-01 0.137600E-01
 0.110000E+00 0.137600E-01
 0.130000E+00 0.137600E-01
 0.150000E+00 0.137600E-01
 0.170000E+00 0.137600E-01
 0.190000E+00 0.137600E-01
 0.210000E+00 0.137600E-01
 0.230000E+00 0.137601E-01
 0.250000E+00 0.137601E-01
 0.270000E+00 0.137601E-01
 0.290000E+00 0.137601E-01
 0.310000E+00 0.137601E-01
 0.330000E+00 0.137601E-01
 0.350000E+00 0.137601E-01
 0.370000E+00 0.137601E-01
 0.390000E+00 0.137601E-01
 0.410000E+00 0.137601E-01
 0.430000E+00 0.137601E-01
 0.450000E+00 0.137601E-01
 0.470000E+00 0.137601E-01
 0.490000E+00 0.137601E-01
 0.510000E+00 0.137601E-01
 0.530000E+00 0.137601E-01
 0.550000E+00 0.137601E-01
 0.570000E+00 0.137601E-01
 0.590000E+00 0.137601E-01
 0.610000E+00 0.137601E-01
 0.630000E+00 0.137602E-01
 0.650000E+00 0.137602E-01
 0.670000E+00 0.137602E-01
 0.690000E+00 0.137602E-01
 0.710000E+00 0.137602E-01
 0.730000E+00 0.137602E-01
 0.750000E+00 0.137602E-01
 0.770000E+00 0.137602E-01
 0.790000E+00 0.137602E-01
 0.810000E+00 0.137602E-01
 0.830000E+00 0.137602E-01
 0.850000E+00 0.137602E-01
 0.870000E+00 0.137602E-01
 0.890000E+00 0.137602E-01
 0.910000E+00 0.294515E+00
 0.930000E+00 0.294515E+00
 0.950000E+00 0.294515E+00
 0.970000E+00 0.294515E+00
 0.990000E+00 0.294515E+00




































































































 -.990000E+00 0.295707E+00
 -.970000E+00 0.295630E+00
 -.950000E+00 0.295546E+00
 -.930000E+00 0.295455E+00
 -.910000E+00 0.295357E+00
 -.890000E+00 0.162564E-01
 -.870000E+00 0.162856E-01
 -.850000E+00 0.163143E-01
 -.830000E+00 0.163426E-01
 -.810000E+00 0.163705E-01
 -.790000E+00 0.163979E-01
 -.770000E+00 0.164249E-01
 -.750000E+00 0.164514E-01
 -.730000E+00 0.164775E-01
 -.710000E+00 0.165032E-01
 -.690000E+00 0.165284E-01
 -.670000E+00 0.165531E-01
 -.650000E+00 0.165774E-01
 -.630000E+00 0.166012E-01
 -.610000E+00 0.166246E-01
 -.590000E+00 0.166475E-01
 -.570000E+00 0.166699E-01
 -.550000E+00 0.166919E-01
 -.530000E+00 0.167135E-01
 -.510000E+00 0.167345E-01
 -.490000E+00 0.167551E-01
 -.470000E+00 0.167752E-01
 -.450000E+00 0.167949E-01
 -.430000E+00 0.168141E-01
 -.410000E+00 0.168328E-01
 -.390000E+00 0.168510E-01
 -.370000E+00 0.168688E-01
 -.350000E+00 0.168861E-01
 -.330000E+00 0.169029E-01
 -.310000E+00 0.169192E-01
 -.290000E+00 0.169350E-01
 -.270000E+00 0.169504E-01
 -.250000E+00 0.169653E-01
 -.230000E+00 0.169796E-01
 -.210000E+00 0.169935E-01
 -.190000E+00 0.170070E-01
 -.170000E+00 0.170199E-01
 -.150000E+00 0.170323E-01
 -.130000E+00 0.170442E-01
 -.110000E+00 0.170557E-01
 -.900000E-01 0.170666E-01
 -.700000E-01 0.170771E-01
 -.500000E-01 0.170871E-01
 -.300000E-01 0.170965E-01
 -.100000E-01 0.171055E-01
 0.100000E-01 0.171139E-01
 0.300000E-01 0.171219E-01
 0.500000E-01 0.171294E-01
 0.700000E-01 0.171363E-01
 0.900000E-01 0.171428E-01
 0.110000E+00 0.171487E-01
 0.130000E+00 0.171542E-01
 0.150000E+00 0.171591E-01
 0.170000E+00 0.171635E-01
 0.190000E+00 0.171674E-01
 0.210000E+00 0.171708E-01
 0.230000E+00 0.171737E-01
 0.250000E+00 0.171761E-01
 0.270000E+00 0.171780E-01
 0.290000E+00 0.171794E-01
 0.310000E+00 0.171802E-01
 0.330000E+00 0.171806E-01
 0.350000E+00 0.171804E-01
 0.370000E+00 0.171797E-01
 0.390000E+00 0.171785E-01
 0.410000E+00 0.171768E-01
 0.430000E+00 0.171745E-01
 0.450000E+00 0.171718E-01
 0.470000E+00 0.171685E-01
 0.490000E+00 0.171647E-01
 0.510000E+00 0.171604E-01
 0.530000E+00 0.171556E-01
 0.550000E+00 0.171503E-01
 0.570000E+00 0.171444E-01
 0.590000E+00 0.171380E-01
 0.610000E+00 0.171311E-01
 0.630000E+00 0.171237E-01
 0.650000E+00 0.171157E-01
 0.670000E+00 0.171073E-01
 0.690000E+00 0.170983E-01
 0.710000E+00 0.170888E-01
 0.730000E+00 0.170788E-01
 0.750000E+00 0.170682E-01
 0.770000E+00 0.170572E-01
 0.790000E+00 0.170456E-01
 0.810000E+00 0.170335E-01
 0.830000E+00 0.170208E-01
 0.850000E+00 0.170077E-01
 0.870000E+00 0.169940E-01
 0.890000E+00 0.169798E-01
 0.910000E+00 0.281349E+00
 0.930000E+00 0.281315E+00
 0.950000E+00 0.281280E+00
 0.970000E+00 0.281246E+00
 0.990000E+00 0.281212E+00




































































































 -.990000E+00 0.998762E-01
 -.970000E+00 0.990489E-01
 -.950000E+00 0.982168E-01
 -.930000E+00 0.973799E-01
 -.910000E+00 0.965382E-01
 -.890000E+00 -.260897E-02
 -.870000E+00 -.160706E-02
 -.850000E+00 -.586835E-03
 -.830000E+00 0.451394E-03
 -.810000E+00 0.150732E-02
 -.790000E+00 0.258063E-02
 -.770000E+00 0.367102E-02
 -.750000E+00 0.477819E-02
 -.730000E+00 0.590183E-02
 -.710000E+00 0.704163E-02
 -.690000E+00 0.819729E-02
 -.670000E+00 0.936850E-02
 -.650000E+00 0.105550E-01
 -.630000E+00 0.117564E-01
 -.610000E+00 0.129725E-01
 -.590000E+00 0.142029E-01
 -.570000E+00 0.154474E-01
 -.550000E+00 0.167056E-01
 -.530000E+00 0.179773E-01
 -.510000E+00 0.192621E-01
 -.490000E+00 0.205598E-01
 -.470000E+00 0.218701E-01
 -.450000E+00 0.231926E-01
 -.430000E+00 0.245272E-01
 -.410000E+00 0.258734E-01
 -.390000E+00 0.272310E-01
 -.370000E+00 0.285997E-01
 -.350000E+00 0.299792E-01
 -.330000E+00 0.313693E-01
 -.310000E+00 0.327696E-01
 -.290000E+00 0.341798E-01
 -.270000E+00 0.355997E-01
 -.250000E+00 0.370290E-01
 -.230000E+00 0.384673E-01
 -.210000E+00 0.399144E-01
 -.190000E+00 0.413701E-01
 -.170000E+00 0.428339E-01
 -.150000E+00 0.443057E-01
 -.130000E+00 0.457851E-01
 -.110000E+00 0.472719E-01
 -.900000E-01 0.487657E-01
 -.700000E-01 0.502663E-01
 -.500000E-01 0.517734E-01
 -.300000E-01 0.532866E-01
 -.100000E-01 0.548058E-01
 0.100000E-01 0.563306E-01
 0.300000E-01 0.578606E-01
 0.500000E-01 0.593957E-01
 0.700000E-01 0.609355E-01
 0.900000E-01 0.624797E-01
 0.110000E+00 0.640281E-01
 0.130000E+00 0.655802E-01
 0.150000E+00 0.671359E-01
 0.170000E+00 0.686948E-01
 0.190000E+00 0.702565E-01
 0.210000E+00 0.718209E-01
 0.230000E+00 0.733875E-01
 0.250000E+00 0.749561E-01
 0.270000E+00 0.765264E-01
 0.290000E+00 0.780979E-01
 0.310000E+00 0.796705E-01
 0.330000E+00 0.812437E-01
 0.350000E+00 0.828173E-01
 0.370000E+00 0.843909E-01
 0.390000E+00 0.859641E-01
 0.410000E+00 0.875367E-01
 0.430000E+00 0.891082E-01
 0.450000E+00 0.906784E-01
 0.470000E+00 0.922468E-01
 0.490000E+00 0.938132E-01
 0.510000E+00 0.953771E-01
 0.530000E+00 0.969382E-01
 0.550000E+00 0.984961E-01
 0.570000E+00 0.100050E+00
 0.590000E+00 0.101601E+00
 0.610000E+00 0.103147E+00
 0.630000E+00 0.104688E+00
 0.650000E+00 0.106224E+00
 0.670000E+00 0.107755E+00
 0.690000E+00 0.109279E+00
 0.710000E+00 0.110797E+00
 0.730000E+00 0.112309E+00
 0.750000E+00 0.113813E+00
 0.770000E+00 0.115309E+00
 0.790000E+00 0.116797E+00
 0.810000E+00 0.118276E+00
 0.830000E+00 0.119747E+00
 0.850000E+00 0.121208E+00
 0.870000E+00 0.122658E+00
 0.890000E+00 0.124099E+00
 0.910000E+00 0.220887E+00
 0.930000E+00 0.219962E+00
 0.950000E+00 0.219038E+00
 0.970000E+00 0.218112E+00
 0.990000E+00 0.217187E+00




































































































 -.990000E+00 -.451245E-01
 -.970000E+00 -.452172E-01
 -.950000E+00 -.453042E-01
 -.930000E+00 -.453857E-01
 -.910000E+00 -.454617E-01
 -.890000E+00 0.151843E-01
 -.870000E+00 0.151485E-01
 -.850000E+00 0.151108E-01
 -.830000E+00 0.150712E-01
 -.810000E+00 0.150296E-01
 -.790000E+00 0.149862E-01
 -.770000E+00 0.149409E-01
 -.750000E+00 0.148938E-01
 -.730000E+00 0.148450E-01
 -.710000E+00 0.147943E-01
 -.690000E+00 0.147420E-01
 -.670000E+00 0.146880E-01
 -.650000E+00 0.146324E-01
 -.630000E+00 0.145753E-01
 -.610000E+00 0.145165E-01
 -.590000E+00 0.144563E-01
 -.570000E+00 0.143947E-01
 -.550000E+00 0.143316E-01
 -.530000E+00 0.142672E-01
 -.510000E+00 0.142015E-01
 -.490000E+00 0.141346E-01
 -.470000E+00 0.140665E-01
 -.450000E+00 0.139972E-01
 -.430000E+00 0.139268E-01
 -.410000E+00 0.138555E-01
 -.390000E+00 0.137831E-01
 -.370000E+00 0.137098E-01
 -.350000E+00 0.136357E-01
 -.330000E+00 0.135608E-01
 -.310000E+00 0.134852E-01
 -.290000E+00 0.134088E-01
 -.270000E+00 0.133319E-01
 -.250000E+00 0.132544E-01
 -.230000E+00 0.131764E-01
 -.210000E+00 0.130980E-01
 -.190000E+00 0.130192E-01
 -.170000E+00 0.129401E-01
 -.150000E+00 0.128608E-01
 -.130000E+00 0.127813E-01
 -.110000E+00 0.127017E-01
 -.900000E-01 0.126221E-01
 -.700000E-01 0.125424E-01
 -.500000E-01 0.124629E-01
 -.300000E-01 0.123835E-01
 -.100000E-01 0.123044E-01
 0.100000E-01 0.122255E-01
 0.300000E-01 0.121469E-01
 0.500000E-01 0.120688E-01
 0.700000E-01 0.119912E-01
 0.900000E-01 0.119141E-01
 0.110000E+00 0.118376E-01
 0.130000E+00 0.117617E-01
 0.150000E+00 0.116866E-01
 0.170000E+00 0.116123E-01
 0.190000E+00 0.115388E-01
 0.210000E+00 0.114663E-01
 0.230000E+00 0.113947E-01
 0.250000E+00 0.113241E-01
 0.270000E+00 0.112546E-01
 0.290000E+00 0.111863E-01
 0.310000E+00 0.111192E-01
 0.330000E+00 0.110534E-01
 0.350000E+00 0.109888E-01
 0.370000E+00 0.109257E-01
 0.390000E+00 0.108640E-01
 0.410000E+00 0.108037E-01
 0.430000E+00 0.107450E-01
 0.450000E+00 0.106878E-01
 0.470000E+00 0.106323E-01
 0.490000E+00 0.105784E-01
 0.510000E+00 0.105262E-01
 0.530000E+00 0.104759E-01
 0.550000E+00 0.104273E-01
 0.570000E+00 0.103805E-01
 0.590000E+00 0.103357E-01
 0.610000E+00 0.102927E-01
 0.630000E+00 0.102518E-01
 0.650000E+00 0.102128E-01
 0.670000E+00 0.101758E-01
 0.690000E+00 0.101409E-01
 0.710000E+00 0.101081E-01
 0.730000E+00 0.100774E-01
 0.750000E+00 0.100489E-01
 0.770000E+00 0.100225E-01
 0.790000E+00 0.999837E-02
 0.810000E+00 0.997642E-02
 0.830000E+00 0.995670E-02
 0.850000E+00 0.993924E-02
 0.870000E+00 0.992405E-02
 0.890000E+00 0.991115E-02
 0.910000E+00 0.149133E-01
 0.930000E+00 0.148999E-01
 0.950000E+00 0.148866E-01
 0.970000E+00 0.148732E-01
 0.990000E+00 0.148599E-01




































































































 -.990000E+00 -.223443E-01
 -.970000E+00 -.247682E-01
 -.950000E+00 -.271449E-01
 -.930000E+00 -.294719E-01
 -.910000E+00 -.317468E-01
 -.890000E+00 0.135619E-01
 -.870000E+00 0.135807E-01
 -.850000E+00 0.136007E-01
 -.830000E+00 0.136218E-01
 -.810000E+00 0.136440E-01
 -.790000E+00 0.136672E-01
 -.770000E+00 0.136912E-01
 -.750000E+00 0.137161E-01
 -.730000E+00 0.137416E-01
 -.710000E+00 0.137678E-01
 -.690000E+00 0.137944E-01
 -.670000E+00 0.138215E-01
 -.650000E+00 0.138488E-01
 -.630000E+00 0.138763E-01
 -.610000E+00 0.139039E-01
 -.590000E+00 0.139314E-01
 -.570000E+00 0.139589E-01
 -.550000E+00 0.139860E-01
 -.530000E+00 0.140129E-01
 -.510000E+00 0.140392E-01
 -.490000E+00 0.140650E-01
 -.470000E+00 0.140902E-01
 -.450000E+00 0.141145E-01
 -.430000E+00 0.141381E-01
 -.410000E+00 0.141606E-01
 -.390000E+00 0.141822E-01
 -.370000E+00 0.142026E-01
 -.350000E+00 0.142218E-01
 -.330000E+00 0.142397E-01
 -.310000E+00 0.142563E-01
 -.290000E+00 0.142715E-01
 -.270000E+00 0.142851E-01
 -.250000E+00 0.142973E-01
 -.230000E+00 0.143078E-01
 -.210000E+00 0.143168E-01
 -.190000E+00 0.143240E-01
 -.170000E+00 0.143296E-01
 -.150000E+00 0.143335E-01
 -.130000E+00 0.143356E-01
 -.110000E+00 0.143360E-01
 -.900000E-01 0.143346E-01
 -.700000E-01 0.143315E-01
 -.500000E-01 0.143266E-01
 -.300000E-01 0.143201E-01
 -.100000E-01 0.143118E-01
 0.100000E-01 0.143019E-01
 0.300000E-01 0.142903E-01
 0.500000E-01 0.142772E-01
 0.700000E-01 0.142625E-01
 0.900000E-01 0.142463E-01
 0.110000E+00 0.142287E-01
 0.130000E+00 0.142098E-01
 0.150000E+00 0.141896E-01
 0.170000E+00 0.141682E-01
 0.190000E+00 0.141457E-01
 0.210000E+00 0.141221E-01
 0.230000E+00 0.140976E-01
 0.250000E+00 0.140722E-01
 0.270000E+00 0.140461E-01
 0.290000E+00 0.140194E-01
 0.310000E+00 0.139921E-01
 0.330000E+00 0.139644E-01
 0.350000E+00 0.139363E-01
 0.370000E+00 0.139080E-01
 0.390000E+00 0.138796E-01
 0.410000E+00 0.138512E-01
 0.430000E+00 0.138229E-01
 0.450000E+00 0.137949E-01
 0.470000E+00 0.137671E-01
 0.490000E+00 0.137398E-01
 0.510000E+00 0.137131E-01
 0.530000E+00 0.136870E-01
 0.550000E+00 0.136616E-01
 0.570000E+00 0.136371E-01
 0.590000E+00 0.136136E-01
 0.610000E+00 0.135911E-01
 0.630000E+00 0.135697E-01
 0.650000E+00 0.135496E-01
 0.670000E+00 0.135308E-01
 0.690000E+00 0.135133E-01
 0.710000E+00 0.134972E-01
 0.730000E+00 0.134827E-01
 0.750000E+00 0.134698E-01
 0.770000E+00 0.134584E-01
 0.790000E+00 0.134487E-01
 0.810000E+00 0.134408E-01
 0.830000E+00 0.134345E-01
 0.850000E+00 0.134301E-01
 0.870000E+00 0.134274E-01
 0.890000E+00 0.134265E-01
 0.910000E+00 0.143036E-01
 0.930000E+00 0.143116E-01
 0.950000E+00 0.143197E-01
 0.970000E+00 0.143279E-01
 0.990000E+00 0.143361E-01




































































































 -.990000E+00 0.151635E-01
 -.970000E+00 0.178081E-01
 -.950000E+00 0.189471E-01
 -.930000E+00 0.180817E-01
 -.910000E+00 0.155839E-01
 -.890000E+00 0.143213E-01
 -.870000E+00 0.143213E-01
 -.850000E+00 0.143224E-01
 -.830000E+00 0.143229E-01
 -.810000E+00 0.143220E-01
 -.790000E+00 0.143211E-01
 -.770000E+00 0.143216E-01
 -.750000E+00 0.143227E-01
 -.730000E+00 0.143227E-01
 -.710000E+00 0.143216E-01
 -.690000E+00 0.143211E-01
 -.670000E+00 0.143220E-01
 -.650000E+00 0.143229E-01
 -.630000E+00 0.143225E-01
 -.610000E+00 0.143213E-01
 -.590000E+00 0.143213E-01
 -.570000E+00 0.143224E-01
 -.550000E+00 0.143229E-01
 -.530000E+00 0.143221E-01
 -.510000E+00 0.143211E-01
 -.490000E+00 0.143215E-01
 -.470000E+00 0.143227E-01
 -.450000E+00 0.143228E-01
 -.430000E+00 0.143217E-01
 -.410000E+00 0.143211E-01
 -.390000E+00 0.143219E-01
 -.370000E+00 0.143229E-01
 -.350000E+00 0.143225E-01
 -.330000E+00 0.143214E-01
 -.310000E+00 0.143212E-01
 -.290000E+00 0.143223E-01
 -.270000E+00 0.143229E-01
 -.250000E+00 0.143222E-01
 -.230000E+00 0.143211E-01
 -.210000E+00 0.143215E-01
 -.190000E+00 0.143226E-01
 -.170000E+00 0.143228E-01
 -.150000E+00 0.143218E-01
 -.130000E+00 0.143211E-01
 -.110000E+00 0.143218E-01
 -.900000E-01 0.143229E-01
 -.700000E-01 0.143226E-01
 -.500000E-01 0.143214E-01
 -.300000E-01 0.143212E-01
 -.100000E-01 0.143222E-01
 0.100000E-01 0.143230E-01
 0.300000E-01 0.143222E-01
 0.500000E-01 0.143212E-01
 0.700000E-01 0.143214E-01
 0.900000E-01 0.143226E-01
 0.110000E+00 0.143229E-01
 0.130000E+00 0.143218E-01
 0.150000E+00 0.143211E-01
 0.170000E+00 0.143218E-01
 0.190000E+00 0.143228E-01
 0.210000E+00 0.143226E-01
 0.230000E+00 0.143215E-01
 0.250000E+00 0.143211E-01
 0.270000E+00 0.143222E-01
 0.290000E+00 0.143230E-01
 0.310000E+00 0.143223E-01
 0.330000E+00 0.143212E-01
 0.350000E+00 0.143214E-01
 0.370000E+00 0.143225E-01
 0.390000E+00 0.143229E-01
 0.410000E+00 0.143219E-01
 0.430000E+00 0.143211E-01
 0.450000E+00 0.143217E-01
 0.470000E+00 0.143228E-01
 0.490000E+00 0.143227E-01
 0.510000E+00 0.143215E-01
 0.530000E+00 0.143211E-01
 0.550000E+00 0.143221E-01
 0.570000E+00 0.143230E-01
 0.590000E+00 0.143224E-01
 0.610000E+00 0.143212E-01
 0.630000E+00 0.143213E-01
 0.650000E+00 0.143225E-01
 0.670000E+00 0.143229E-01
 0.690000E+00 0.143220E-01
 0.710000E+00 0.143211E-01
 0.730000E+00 0.143216E-01
 0.750000E+00 0.143228E-01
 0.770000E+00 0.143227E-01
 0.790000E+00 0.143216E-01
 0.810000E+00 0.143211E-01
 0.830000E+00 0.143220E-01
 0.850000E+00 0.143230E-01
 0.870000E+00 0.143224E-01
 0.890000E+00 0.143213E-01
 0.910000E+00 0.143226E-01
 0.930000E+00 0.143230E-01
 0.950000E+00 0.143232E-01
 0.970000E+00 0.143230E-01
 0.990000E+00 0.143225E-01




































































































