 -.990000E+00 0.259407E+00
 -.970000E+00 0.259407E+00
 -.950000E+00 0.259408E+00
 -.930000E+00 0.259410E+00
 -.910000E+00 0.259411E+00
 -.890000E+00 -.127622E-04
 -.870000E+00 -.677322E-05
 -.850000E+00 0.215113E-05
 -.830000E+00 0.101432E-04
 -.810000E+00 0.137392E-04
 -.790000E+00 0.113809E-04
 -.770000E+00 0.409021E-05
 -.750000E+00 -.497310E-05
 -.730000E+00 -.118811E-04
 -.710000E+00 -.136399E-04
 -.690000E+00 -.948739E-05
 -.670000E+00 -.122314E-05
 -.650000E+00 0.757117E-05
 -.630000E+00 0.130842E-04
 -.610000E+00 0.129267E-04
 -.590000E+00 0.716689E-05
 -.570000E+00 -.169893E-05
 -.550000E+00 -.982842E-05
 -.530000E+00 -.136984E-04
 -.510000E+00 -.116316E-04
 -.490000E+00 -.452384E-05
 -.470000E+00 0.454449E-05
 -.450000E+00 0.116433E-04
 -.430000E+00 0.136960E-04
 -.410000E+00 0.981300E-05
 -.390000E+00 0.167720E-05
 -.370000E+00 -.718546E-05
 -.350000E+00 -.129340E-04
 -.330000E+00 -.130771E-04
 -.310000E+00 -.755273E-05
 -.290000E+00 0.124490E-05
 -.270000E+00 0.950299E-05
 -.250000E+00 0.136426E-04
 -.230000E+00 0.118696E-04
 -.210000E+00 0.495253E-05
 -.190000E+00 -.411094E-05
 -.170000E+00 -.113928E-04
 -.150000E+00 -.137371E-04
 -.130000E+00 -.101279E-04
 -.110000E+00 -.212942E-05
 -.900000E-01 0.679194E-05
 -.700000E-01 0.127697E-04
 -.500000E-01 0.132133E-04
 -.300000E-01 0.793034E-05
 -.100000E-01 -.789523E-06
 0.100000E-01 -.916722E-05
 0.300000E-01 -.135719E-04
 0.500000E-01 -.120947E-04
 0.700000E-01 -.537582E-05
 0.900000E-01 0.367293E-05
 0.110000E+00 0.111299E-04
 0.130000E+00 0.137633E-04
 0.150000E+00 0.104318E-04
 0.170000E+00 0.257932E-05
 0.190000E+00 -.639102E-05
 0.210000E+00 -.125916E-04
 0.230000E+00 -.133351E-04
 0.250000E+00 -.829932E-05
 0.270000E+00 0.333289E-06
 0.290000E+00 0.882147E-05
 0.310000E+00 0.134865E-04
 0.330000E+00 0.123067E-04
 0.350000E+00 0.579326E-05
 0.370000E+00 -.323092E-05
 0.390000E+00 -.108549E-04
 0.410000E+00 -.137744E-04
 0.430000E+00 -.107243E-04
 0.450000E+00 -.302642E-05
 0.470000E+00 0.598315E-05
 0.490000E+00 0.123997E-04
 0.510000E+00 0.134424E-04
 0.530000E+00 0.865927E-05
 0.550000E+00 0.123318E-06
 0.570000E+00 -.846610E-05
 0.590000E+00 -.133864E-04
 0.610000E+00 -.125052E-04
 0.630000E+00 -.620440E-05
 0.650000E+00 0.278537E-05
 0.670000E+00 0.105680E-04
 0.690000E+00 0.137706E-04
 0.710000E+00 0.110052E-04
 0.730000E+00 0.347023E-05
 0.750000E+00 -.556874E-05
 0.770000E+00 -.121943E-04
 0.790000E+00 -.135350E-04
 0.810000E+00 -.900980E-05
 0.830000E+00 -.579810E-06
 0.850000E+00 0.810150E-05
 0.870000E+00 0.132717E-04
 0.890000E+00 0.126902E-04
 0.910000E+00 -.259420E+00
 0.930000E+00 -.259435E+00
 0.950000E+00 -.259454E+00
 0.970000E+00 -.259467E+00
 0.990000E+00 -.259469E+00




































































































 -.990000E+00 0.259568E+00
 -.970000E+00 0.259566E+00
 -.950000E+00 0.259565E+00
 -.930000E+00 0.259562E+00
 -.910000E+00 0.259559E+00
 -.890000E+00 0.130941E-03
 -.870000E+00 0.127694E-03
 -.850000E+00 0.124326E-03
 -.830000E+00 0.120840E-03
 -.810000E+00 0.117240E-03
 -.790000E+00 0.113530E-03
 -.770000E+00 0.109711E-03
 -.750000E+00 0.105789E-03
 -.730000E+00 0.101767E-03
 -.710000E+00 0.976493E-04
 -.690000E+00 0.934388E-04
 -.670000E+00 0.891401E-04
 -.650000E+00 0.847572E-04
 -.630000E+00 0.802943E-04
 -.610000E+00 0.757557E-04
 -.590000E+00 0.711455E-04
 -.570000E+00 0.664682E-04
 -.550000E+00 0.617283E-04
 -.530000E+00 0.569302E-04
 -.510000E+00 0.520786E-04
 -.490000E+00 0.471779E-04
 -.470000E+00 0.422328E-04
 -.450000E+00 0.372482E-04
 -.430000E+00 0.322286E-04
 -.410000E+00 0.271788E-04
 -.390000E+00 0.221036E-04
 -.370000E+00 0.170079E-04
 -.350000E+00 0.118965E-04
 -.330000E+00 0.677421E-05
 -.310000E+00 0.164588E-05
 -.290000E+00 -.348361E-05
 -.270000E+00 -.860939E-05
 -.250000E+00 -.137266E-04
 -.230000E+00 -.188304E-04
 -.210000E+00 -.239160E-04
 -.190000E+00 -.289784E-04
 -.170000E+00 -.340130E-04
 -.150000E+00 -.390150E-04
 -.130000E+00 -.439796E-04
 -.110000E+00 -.489021E-04
 -.900000E-01 -.537778E-04
 -.700000E-01 -.586022E-04
 -.500000E-01 -.633706E-04
 -.300000E-01 -.680786E-04
 -.100000E-01 -.727216E-04
 0.100000E-01 -.772954E-04
 0.300000E-01 -.817955E-04
 0.500000E-01 -.862177E-04
 0.700000E-01 -.905578E-04
 0.900000E-01 -.948117E-04
 0.110000E+00 -.989754E-04
 0.130000E+00 -.103045E-03
 0.150000E+00 -.107016E-03
 0.170000E+00 -.110886E-03
 0.190000E+00 -.114650E-03
 0.210000E+00 -.118306E-03
 0.230000E+00 -.121848E-03
 0.250000E+00 -.125275E-03
 0.270000E+00 -.128583E-03
 0.290000E+00 -.131769E-03
 0.310000E+00 -.134830E-03
 0.330000E+00 -.137762E-03
 0.350000E+00 -.140564E-03
 0.370000E+00 -.143232E-03
 0.390000E+00 -.145764E-03
 0.410000E+00 -.148158E-03
 0.430000E+00 -.150411E-03
 0.450000E+00 -.152521E-03
 0.470000E+00 -.154486E-03
 0.490000E+00 -.156305E-03
 0.510000E+00 -.157976E-03
 0.530000E+00 -.159496E-03
 0.550000E+00 -.160865E-03
 0.570000E+00 -.162082E-03
 0.590000E+00 -.163144E-03
 0.610000E+00 -.164052E-03
 0.630000E+00 -.164805E-03
 0.650000E+00 -.165400E-03
 0.670000E+00 -.165839E-03
 0.690000E+00 -.166121E-03
 0.710000E+00 -.166245E-03
 0.730000E+00 -.166212E-03
 0.750000E+00 -.166020E-03
 0.770000E+00 -.165672E-03
 0.790000E+00 -.165166E-03
 0.810000E+00 -.164504E-03
 0.830000E+00 -.163685E-03
 0.850000E+00 -.162712E-03
 0.870000E+00 -.161584E-03
 0.890000E+00 -.160303E-03
 0.910000E+00 -.259585E+00
 0.930000E+00 -.259585E+00
 0.950000E+00 -.259584E+00
 0.970000E+00 -.259585E+00
 0.990000E+00 -.259585E+00




































































































 -.990000E+00 0.260030E+00
 -.970000E+00 0.260010E+00
 -.950000E+00 0.259990E+00
 -.930000E+00 0.259970E+00
 -.910000E+00 0.259949E+00
 -.890000E+00 0.498782E-03
 -.870000E+00 0.469713E-03
 -.850000E+00 0.440548E-03
 -.830000E+00 0.411293E-03
 -.810000E+00 0.381953E-03
 -.790000E+00 0.352536E-03
 -.770000E+00 0.323046E-03
 -.750000E+00 0.293490E-03
 -.730000E+00 0.263875E-03
 -.710000E+00 0.234205E-03
 -.690000E+00 0.204487E-03
 -.670000E+00 0.174727E-03
 -.650000E+00 0.144931E-03
 -.630000E+00 0.115106E-03
 -.610000E+00 0.852566E-04
 -.590000E+00 0.553896E-04
 -.570000E+00 0.255110E-04
 -.550000E+00 -.437311E-05
 -.530000E+00 -.342566E-04
 -.510000E+00 -.641335E-04
 -.490000E+00 -.939976E-04
 -.470000E+00 -.123843E-03
 -.450000E+00 -.153663E-03
 -.430000E+00 -.183452E-03
 -.410000E+00 -.213205E-03
 -.390000E+00 -.242914E-03
 -.370000E+00 -.272574E-03
 -.350000E+00 -.302179E-03
 -.330000E+00 -.331722E-03
 -.310000E+00 -.361198E-03
 -.290000E+00 -.390601E-03
 -.270000E+00 -.419925E-03
 -.250000E+00 -.449164E-03
 -.230000E+00 -.478311E-03
 -.210000E+00 -.507361E-03
 -.190000E+00 -.536308E-03
 -.170000E+00 -.565146E-03
 -.150000E+00 -.593869E-03
 -.130000E+00 -.622472E-03
 -.110000E+00 -.650948E-03
 -.900000E-01 -.679292E-03
 -.700000E-01 -.707498E-03
 -.500000E-01 -.735560E-03
 -.300000E-01 -.763472E-03
 -.100000E-01 -.791229E-03
 0.100000E-01 -.818825E-03
 0.300000E-01 -.846255E-03
 0.500000E-01 -.873512E-03
 0.700000E-01 -.900592E-03
 0.900000E-01 -.927489E-03
 0.110000E+00 -.954197E-03
 0.130000E+00 -.980711E-03
 0.150000E+00 -.100703E-02
 0.170000E+00 -.103314E-02
 0.190000E+00 -.105903E-02
 0.210000E+00 -.108472E-02
 0.230000E+00 -.111018E-02
 0.250000E+00 -.113542E-02
 0.270000E+00 -.116043E-02
 0.290000E+00 -.118520E-02
 0.310000E+00 -.120972E-02
 0.330000E+00 -.123401E-02
 0.350000E+00 -.125804E-02
 0.370000E+00 -.128181E-02
 0.390000E+00 -.130533E-02
 0.410000E+00 -.132858E-02
 0.430000E+00 -.135156E-02
 0.450000E+00 -.137426E-02
 0.470000E+00 -.139668E-02
 0.490000E+00 -.141882E-02
 0.510000E+00 -.144067E-02
 0.530000E+00 -.146223E-02
 0.550000E+00 -.148349E-02
 0.570000E+00 -.150445E-02
 0.590000E+00 -.152510E-02
 0.610000E+00 -.154544E-02
 0.630000E+00 -.156547E-02
 0.650000E+00 -.158518E-02
 0.670000E+00 -.160456E-02
 0.690000E+00 -.162362E-02
 0.710000E+00 -.164235E-02
 0.730000E+00 -.166074E-02
 0.750000E+00 -.167880E-02
 0.770000E+00 -.169651E-02
 0.790000E+00 -.171388E-02
 0.810000E+00 -.173090E-02
 0.830000E+00 -.174756E-02
 0.850000E+00 -.176388E-02
 0.870000E+00 -.177983E-02
 0.890000E+00 -.179542E-02
 0.910000E+00 -.261238E+00
 0.930000E+00 -.261258E+00
 0.950000E+00 -.261278E+00
 0.970000E+00 -.261297E+00
 0.990000E+00 -.261317E+00




































































































 -.990000E+00 0.260591E+00
 -.970000E+00 0.260574E+00
 -.950000E+00 0.260557E+00
 -.930000E+00 0.260541E+00
 -.910000E+00 0.260523E+00
 -.890000E+00 0.107787E-02
 -.870000E+00 0.105454E-02
 -.850000E+00 0.103114E-02
 -.830000E+00 0.100769E-02
 -.810000E+00 0.984177E-03
 -.790000E+00 0.960609E-03
 -.770000E+00 0.936987E-03
 -.750000E+00 0.913311E-03
 -.730000E+00 0.889583E-03
 -.710000E+00 0.865804E-03
 -.690000E+00 0.841976E-03
 -.670000E+00 0.818101E-03
 -.650000E+00 0.794178E-03
 -.630000E+00 0.770211E-03
 -.610000E+00 0.746200E-03
 -.590000E+00 0.722146E-03
 -.570000E+00 0.698051E-03
 -.550000E+00 0.673916E-03
 -.530000E+00 0.649743E-03
 -.510000E+00 0.625533E-03
 -.490000E+00 0.601287E-03
 -.470000E+00 0.577007E-03
 -.450000E+00 0.552695E-03
 -.430000E+00 0.528350E-03
 -.410000E+00 0.503976E-03
 -.390000E+00 0.479573E-03
 -.370000E+00 0.455143E-03
 -.350000E+00 0.430687E-03
 -.330000E+00 0.406206E-03
 -.310000E+00 0.381702E-03
 -.290000E+00 0.357176E-03
 -.270000E+00 0.332630E-03
 -.250000E+00 0.308066E-03
 -.230000E+00 0.283483E-03
 -.210000E+00 0.258885E-03
 -.190000E+00 0.234271E-03
 -.170000E+00 0.209645E-03
 -.150000E+00 0.185006E-03
 -.130000E+00 0.160357E-03
 -.110000E+00 0.135699E-03
 -.900000E-01 0.111033E-03
 -.700000E-01 0.863609E-04
 -.500000E-01 0.616837E-04
 -.300000E-01 0.370030E-04
 -.100000E-01 0.123202E-04
 0.100000E-01 -.123632E-04
 0.300000E-01 -.370460E-04
 0.500000E-01 -.617267E-04
 0.700000E-01 -.864039E-04
 0.900000E-01 -.111076E-03
 0.110000E+00 -.135742E-03
 0.130000E+00 -.160400E-03
 0.150000E+00 -.185049E-03
 0.170000E+00 -.209688E-03
 0.190000E+00 -.234314E-03
 0.210000E+00 -.258928E-03
 0.230000E+00 -.283526E-03
 0.250000E+00 -.308109E-03
 0.270000E+00 -.332673E-03
 0.290000E+00 -.357219E-03
 0.310000E+00 -.381745E-03
 0.330000E+00 -.406249E-03
 0.350000E+00 -.430729E-03
 0.370000E+00 -.455186E-03
 0.390000E+00 -.479616E-03
 0.410000E+00 -.504019E-03
 0.430000E+00 -.528393E-03
 0.450000E+00 -.552737E-03
 0.470000E+00 -.577050E-03
 0.490000E+00 -.601330E-03
 0.510000E+00 -.625575E-03
 0.530000E+00 -.649786E-03
 0.550000E+00 -.673959E-03
 0.570000E+00 -.698093E-03
 0.590000E+00 -.722188E-03
 0.610000E+00 -.746242E-03
 0.630000E+00 -.770253E-03
 0.650000E+00 -.794221E-03
 0.670000E+00 -.818143E-03
 0.690000E+00 -.842019E-03
 0.710000E+00 -.865847E-03
 0.730000E+00 -.889625E-03
 0.750000E+00 -.913353E-03
 0.770000E+00 -.937029E-03
 0.790000E+00 -.960651E-03
 0.810000E+00 -.984219E-03
 0.830000E+00 -.100773E-02
 0.850000E+00 -.103118E-02
 0.870000E+00 -.105458E-02
 0.890000E+00 -.107792E-02
 0.910000E+00 -.260524E+00
 0.930000E+00 -.260541E+00
 0.950000E+00 -.260557E+00
 0.970000E+00 -.260574E+00
 0.990000E+00 -.260591E+00




































































































 -.990000E+00 0.242103E+00
 -.970000E+00 0.241888E+00
 -.950000E+00 0.241671E+00
 -.930000E+00 0.241451E+00
 -.910000E+00 0.241229E+00
 -.890000E+00 -.183456E-01
 -.870000E+00 -.184200E-01
 -.850000E+00 -.184943E-01
 -.830000E+00 -.185685E-01
 -.810000E+00 -.186424E-01
 -.790000E+00 -.187162E-01
 -.770000E+00 -.187899E-01
 -.750000E+00 -.188633E-01
 -.730000E+00 -.189366E-01
 -.710000E+00 -.190098E-01
 -.690000E+00 -.190827E-01
 -.670000E+00 -.191555E-01
 -.650000E+00 -.192281E-01
 -.630000E+00 -.193006E-01
 -.610000E+00 -.193729E-01
 -.590000E+00 -.194450E-01
 -.570000E+00 -.195169E-01
 -.550000E+00 -.195886E-01
 -.530000E+00 -.196602E-01
 -.510000E+00 -.197316E-01
 -.490000E+00 -.198028E-01
 -.470000E+00 -.198739E-01
 -.450000E+00 -.199448E-01
 -.430000E+00 -.200154E-01
 -.410000E+00 -.200859E-01
 -.390000E+00 -.201563E-01
 -.370000E+00 -.202264E-01
 -.350000E+00 -.202964E-01
 -.330000E+00 -.203662E-01
 -.310000E+00 -.204358E-01
 -.290000E+00 -.205052E-01
 -.270000E+00 -.205744E-01
 -.250000E+00 -.206434E-01
 -.230000E+00 -.207123E-01
 -.210000E+00 -.207809E-01
 -.190000E+00 -.208494E-01
 -.170000E+00 -.209177E-01
 -.150000E+00 -.209858E-01
 -.130000E+00 -.210537E-01
 -.110000E+00 -.211214E-01
 -.900000E-01 -.211889E-01
 -.700000E-01 -.212563E-01
 -.500000E-01 -.213234E-01
 -.300000E-01 -.213903E-01
 -.100000E-01 -.214571E-01
 0.100000E-01 -.215236E-01
 0.300000E-01 -.215900E-01
 0.500000E-01 -.216561E-01
 0.700000E-01 -.217221E-01
 0.900000E-01 -.217879E-01
 0.110000E+00 -.218534E-01
 0.130000E+00 -.219188E-01
 0.150000E+00 -.219839E-01
 0.170000E+00 -.220489E-01
 0.190000E+00 -.221136E-01
 0.210000E+00 -.221782E-01
 0.230000E+00 -.222425E-01
 0.250000E+00 -.223067E-01
 0.270000E+00 -.223706E-01
 0.290000E+00 -.224343E-01
 0.310000E+00 -.224979E-01
 0.330000E+00 -.225612E-01
 0.350000E+00 -.226243E-01
 0.370000E+00 -.226872E-01
 0.390000E+00 -.227499E-01
 0.410000E+00 -.228123E-01
 0.430000E+00 -.228746E-01
 0.450000E+00 -.229367E-01
 0.470000E+00 -.229985E-01
 0.490000E+00 -.230601E-01
 0.510000E+00 -.231216E-01
 0.530000E+00 -.231828E-01
 0.550000E+00 -.232437E-01
 0.570000E+00 -.233045E-01
 0.590000E+00 -.233651E-01
 0.610000E+00 -.234254E-01
 0.630000E+00 -.234855E-01
 0.650000E+00 -.235454E-01
 0.670000E+00 -.236051E-01
 0.690000E+00 -.236645E-01
 0.710000E+00 -.237238E-01
 0.730000E+00 -.237828E-01
 0.750000E+00 -.238416E-01
 0.770000E+00 -.239002E-01
 0.790000E+00 -.239585E-01
 0.810000E+00 -.240166E-01
 0.830000E+00 -.240745E-01
 0.850000E+00 -.241322E-01
 0.870000E+00 -.241896E-01
 0.890000E+00 -.242469E-01
 0.910000E+00 -.283583E+00
 0.930000E+00 -.283350E+00
 0.950000E+00 -.283119E+00
 0.970000E+00 -.282890E+00
 0.990000E+00 -.282664E+00




































































































 -.990000E+00 0.259600E+00
 -.970000E+00 0.259576E+00
 -.950000E+00 0.259551E+00
 -.930000E+00 0.259526E+00
 -.910000E+00 0.259501E+00
 -.890000E+00 0.618460E-04
 -.870000E+00 0.604562E-04
 -.850000E+00 0.590665E-04
 -.830000E+00 0.576767E-04
 -.810000E+00 0.562870E-04
 -.790000E+00 0.548972E-04
 -.770000E+00 0.535074E-04
 -.750000E+00 0.521176E-04
 -.730000E+00 0.507279E-04
 -.710000E+00 0.493381E-04
 -.690000E+00 0.479483E-04
 -.670000E+00 0.465585E-04
 -.650000E+00 0.451688E-04
 -.630000E+00 0.437790E-04
 -.610000E+00 0.423892E-04
 -.590000E+00 0.409994E-04
 -.570000E+00 0.396096E-04
 -.550000E+00 0.382198E-04
 -.530000E+00 0.368300E-04
 -.510000E+00 0.354402E-04
 -.490000E+00 0.340504E-04
 -.470000E+00 0.326606E-04
 -.450000E+00 0.312708E-04
 -.430000E+00 0.298810E-04
 -.410000E+00 0.284912E-04
 -.390000E+00 0.271014E-04
 -.370000E+00 0.257116E-04
 -.350000E+00 0.243218E-04
 -.330000E+00 0.229320E-04
 -.310000E+00 0.215421E-04
 -.290000E+00 0.201523E-04
 -.270000E+00 0.187625E-04
 -.250000E+00 0.173727E-04
 -.230000E+00 0.159829E-04
 -.210000E+00 0.145931E-04
 -.190000E+00 0.132032E-04
 -.170000E+00 0.118134E-04
 -.150000E+00 0.104236E-04
 -.130000E+00 0.903378E-05
 -.110000E+00 0.764396E-05
 -.900000E-01 0.625414E-05
 -.700000E-01 0.486432E-05
 -.500000E-01 0.347449E-05
 -.300000E-01 0.208467E-05
 -.100000E-01 0.694850E-06
 0.100000E-01 -.694973E-06
 0.300000E-01 -.208479E-05
 0.500000E-01 -.347462E-05
 0.700000E-01 -.486444E-05
 0.900000E-01 -.625426E-05
 0.110000E+00 -.764408E-05
 0.130000E+00 -.903390E-05
 0.150000E+00 -.104237E-04
 0.170000E+00 -.118135E-04
 0.190000E+00 -.132034E-04
 0.210000E+00 -.145932E-04
 0.230000E+00 -.159830E-04
 0.250000E+00 -.173728E-04
 0.270000E+00 -.187626E-04
 0.290000E+00 -.201524E-04
 0.310000E+00 -.215423E-04
 0.330000E+00 -.229321E-04
 0.350000E+00 -.243219E-04
 0.370000E+00 -.257117E-04
 0.390000E+00 -.271015E-04
 0.410000E+00 -.284913E-04
 0.430000E+00 -.298811E-04
 0.450000E+00 -.312709E-04
 0.470000E+00 -.326607E-04
 0.490000E+00 -.340505E-04
 0.510000E+00 -.354403E-04
 0.530000E+00 -.368301E-04
 0.550000E+00 -.382199E-04
 0.570000E+00 -.396097E-04
 0.590000E+00 -.409995E-04
 0.610000E+00 -.423893E-04
 0.630000E+00 -.437791E-04
 0.650000E+00 -.451689E-04
 0.670000E+00 -.465587E-04
 0.690000E+00 -.479484E-04
 0.710000E+00 -.493382E-04
 0.730000E+00 -.507280E-04
 0.750000E+00 -.521178E-04
 0.770000E+00 -.535075E-04
 0.790000E+00 -.548973E-04
 0.810000E+00 -.562871E-04
 0.830000E+00 -.576768E-04
 0.850000E+00 -.590666E-04
 0.870000E+00 -.604564E-04
 0.890000E+00 -.618461E-04
 0.910000E+00 -.259501E+00
 0.930000E+00 -.259526E+00
 0.950000E+00 -.259551E+00
 0.970000E+00 -.259576E+00
 0.990000E+00 -.259600E+00




































































































 -.990000E+00 0.282664E+00
 -.970000E+00 0.282890E+00
 -.950000E+00 0.283119E+00
 -.930000E+00 0.283350E+00
 -.910000E+00 0.283583E+00
 -.890000E+00 0.242469E-01
 -.870000E+00 0.241896E-01
 -.850000E+00 0.241322E-01
 -.830000E+00 0.240745E-01
 -.810000E+00 0.240166E-01
 -.790000E+00 0.239585E-01
 -.770000E+00 0.239002E-01
 -.750000E+00 0.238416E-01
 -.730000E+00 0.237828E-01
 -.710000E+00 0.237238E-01
 -.690000E+00 0.236645E-01
 -.670000E+00 0.236051E-01
 -.650000E+00 0.235454E-01
 -.630000E+00 0.234855E-01
 -.610000E+00 0.234254E-01
 -.590000E+00 0.233651E-01
 -.570000E+00 0.233045E-01
 -.550000E+00 0.232437E-01
 -.530000E+00 0.231828E-01
 -.510000E+00 0.231216E-01
 -.490000E+00 0.230601E-01
 -.470000E+00 0.229985E-01
 -.450000E+00 0.229367E-01
 -.430000E+00 0.228746E-01
 -.410000E+00 0.228123E-01
 -.390000E+00 0.227499E-01
 -.370000E+00 0.226872E-01
 -.350000E+00 0.226243E-01
 -.330000E+00 0.225612E-01
 -.310000E+00 0.224979E-01
 -.290000E+00 0.224343E-01
 -.270000E+00 0.223706E-01
 -.250000E+00 0.223067E-01
 -.230000E+00 0.222425E-01
 -.210000E+00 0.221782E-01
 -.190000E+00 0.221136E-01
 -.170000E+00 0.220489E-01
 -.150000E+00 0.219839E-01
 -.130000E+00 0.219188E-01
 -.110000E+00 0.218534E-01
 -.900000E-01 0.217879E-01
 -.700000E-01 0.217221E-01
 -.500000E-01 0.216561E-01
 -.300000E-01 0.215900E-01
 -.100000E-01 0.215236E-01
 0.100000E-01 0.214571E-01
 0.300000E-01 0.213903E-01
 0.500000E-01 0.213234E-01
 0.700000E-01 0.212563E-01
 0.900000E-01 0.211889E-01
 0.110000E+00 0.211214E-01
 0.130000E+00 0.210537E-01
 0.150000E+00 0.209858E-01
 0.170000E+00 0.209177E-01
 0.190000E+00 0.208494E-01
 0.210000E+00 0.207809E-01
 0.230000E+00 0.207123E-01
 0.250000E+00 0.206434E-01
 0.270000E+00 0.205744E-01
 0.290000E+00 0.205052E-01
 0.310000E+00 0.204358E-01
 0.330000E+00 0.203662E-01
 0.350000E+00 0.202964E-01
 0.370000E+00 0.202264E-01
 0.390000E+00 0.201563E-01
 0.410000E+00 0.200859E-01
 0.430000E+00 0.200154E-01
 0.450000E+00 0.199448E-01
 0.470000E+00 0.198739E-01
 0.490000E+00 0.198028E-01
 0.510000E+00 0.197316E-01
 0.530000E+00 0.196602E-01
 0.550000E+00 0.195886E-01
 0.570000E+00 0.195169E-01
 0.590000E+00 0.194450E-01
 0.610000E+00 0.193729E-01
 0.630000E+00 0.193006E-01
 0.650000E+00 0.192281E-01
 0.670000E+00 0.191555E-01
 0.690000E+00 0.190827E-01
 0.710000E+00 0.190098E-01
 0.730000E+00 0.189366E-01
 0.750000E+00 0.188633E-01
 0.770000E+00 0.187899E-01
 0.790000E+00 0.187162E-01
 0.810000E+00 0.186424E-01
 0.830000E+00 0.185685E-01
 0.850000E+00 0.184943E-01
 0.870000E+00 0.184200E-01
 0.890000E+00 0.183456E-01
 0.910000E+00 -.241229E+00
 0.930000E+00 -.241451E+00
 0.950000E+00 -.241671E+00
 0.970000E+00 -.241888E+00
 0.990000E+00 -.242103E+00




































































































 -.990000E+00 0.260591E+00
 -.970000E+00 0.260574E+00
 -.950000E+00 0.260557E+00
 -.930000E+00 0.260541E+00
 -.910000E+00 0.260524E+00
 -.890000E+00 0.107792E-02
 -.870000E+00 0.105458E-02
 -.850000E+00 0.103118E-02
 -.830000E+00 0.100773E-02
 -.810000E+00 0.984219E-03
 -.790000E+00 0.960651E-03
 -.770000E+00 0.937029E-03
 -.750000E+00 0.913353E-03
 -.730000E+00 0.889625E-03
 -.710000E+00 0.865847E-03
 -.690000E+00 0.842019E-03
 -.670000E+00 0.818143E-03
 -.650000E+00 0.794221E-03
 -.630000E+00 0.770253E-03
 -.610000E+00 0.746242E-03
 -.590000E+00 0.722188E-03
 -.570000E+00 0.698093E-03
 -.550000E+00 0.673959E-03
 -.530000E+00 0.649786E-03
 -.510000E+00 0.625575E-03
 -.490000E+00 0.601330E-03
 -.470000E+00 0.577050E-03
 -.450000E+00 0.552737E-03
 -.430000E+00 0.528393E-03
 -.410000E+00 0.504019E-03
 -.390000E+00 0.479616E-03
 -.370000E+00 0.455186E-03
 -.350000E+00 0.430729E-03
 -.330000E+00 0.406249E-03
 -.310000E+00 0.381745E-03
 -.290000E+00 0.357219E-03
 -.270000E+00 0.332673E-03
 -.250000E+00 0.308109E-03
 -.230000E+00 0.283526E-03
 -.210000E+00 0.258928E-03
 -.190000E+00 0.234314E-03
 -.170000E+00 0.209688E-03
 -.150000E+00 0.185049E-03
 -.130000E+00 0.160400E-03
 -.110000E+00 0.135742E-03
 -.900000E-01 0.111076E-03
 -.700000E-01 0.864039E-04
 -.500000E-01 0.617267E-04
 -.300000E-01 0.370460E-04
 -.100000E-01 0.123632E-04
 0.100000E-01 -.123202E-04
 0.300000E-01 -.370030E-04
 0.500000E-01 -.616837E-04
 0.700000E-01 -.863609E-04
 0.900000E-01 -.111033E-03
 0.110000E+00 -.135699E-03
 0.130000E+00 -.160357E-03
 0.150000E+00 -.185006E-03
 0.170000E+00 -.209645E-03
 0.190000E+00 -.234271E-03
 0.210000E+00 -.258885E-03
 0.230000E+00 -.283483E-03
 0.250000E+00 -.308066E-03
 0.270000E+00 -.332630E-03
 0.290000E+00 -.357176E-03
 0.310000E+00 -.381702E-03
 0.330000E+00 -.406206E-03
 0.350000E+00 -.430687E-03
 0.370000E+00 -.455143E-03
 0.390000E+00 -.479573E-03
 0.410000E+00 -.503976E-03
 0.430000E+00 -.528350E-03
 0.450000E+00 -.552695E-03
 0.470000E+00 -.577007E-03
 0.490000E+00 -.601287E-03
 0.510000E+00 -.625533E-03
 0.530000E+00 -.649743E-03
 0.550000E+00 -.673916E-03
 0.570000E+00 -.698051E-03
 0.590000E+00 -.722146E-03
 0.610000E+00 -.746200E-03
 0.630000E+00 -.770211E-03
 0.650000E+00 -.794178E-03
 0.670000E+00 -.818101E-03
 0.690000E+00 -.841976E-03
 0.710000E+00 -.865804E-03
 0.730000E+00 -.889583E-03
 0.750000E+00 -.913311E-03
 0.770000E+00 -.936987E-03
 0.790000E+00 -.960609E-03
 0.810000E+00 -.984177E-03
 0.830000E+00 -.100769E-02
 0.850000E+00 -.103114E-02
 0.870000E+00 -.105454E-02
 0.890000E+00 -.107787E-02
 0.910000E+00 -.260523E+00
 0.930000E+00 -.260541E+00
 0.950000E+00 -.260557E+00
 0.970000E+00 -.260574E+00
 0.990000E+00 -.260591E+00




































































































 -.990000E+00 0.261317E+00
 -.970000E+00 0.261297E+00
 -.950000E+00 0.261278E+00
 -.930000E+00 0.261258E+00
 -.910000E+00 0.261238E+00
 -.890000E+00 0.179542E-02
 -.870000E+00 0.177983E-02
 -.850000E+00 0.176388E-02
 -.830000E+00 0.174756E-02
 -.810000E+00 0.173090E-02
 -.790000E+00 0.171388E-02
 -.770000E+00 0.169651E-02
 -.750000E+00 0.167880E-02
 -.730000E+00 0.166074E-02
 -.710000E+00 0.164235E-02
 -.690000E+00 0.162362E-02
 -.670000E+00 0.160456E-02
 -.650000E+00 0.158518E-02
 -.630000E+00 0.156547E-02
 -.610000E+00 0.154544E-02
 -.590000E+00 0.152510E-02
 -.570000E+00 0.150445E-02
 -.550000E+00 0.148349E-02
 -.530000E+00 0.146223E-02
 -.510000E+00 0.144067E-02
 -.490000E+00 0.141882E-02
 -.470000E+00 0.139668E-02
 -.450000E+00 0.137426E-02
 -.430000E+00 0.135156E-02
 -.410000E+00 0.132858E-02
 -.390000E+00 0.130533E-02
 -.370000E+00 0.128181E-02
 -.350000E+00 0.125804E-02
 -.330000E+00 0.123401E-02
 -.310000E+00 0.120972E-02
 -.290000E+00 0.118520E-02
 -.270000E+00 0.116043E-02
 -.250000E+00 0.113542E-02
 -.230000E+00 0.111018E-02
 -.210000E+00 0.108472E-02
 -.190000E+00 0.105903E-02
 -.170000E+00 0.103314E-02
 -.150000E+00 0.100703E-02
 -.130000E+00 0.980711E-03
 -.110000E+00 0.954197E-03
 -.900000E-01 0.927489E-03
 -.700000E-01 0.900592E-03
 -.500000E-01 0.873512E-03
 -.300000E-01 0.846255E-03
 -.100000E-01 0.818825E-03
 0.100000E-01 0.791229E-03
 0.300000E-01 0.763472E-03
 0.500000E-01 0.735560E-03
 0.700000E-01 0.707498E-03
 0.900000E-01 0.679292E-03
 0.110000E+00 0.650948E-03
 0.130000E+00 0.622472E-03
 0.150000E+00 0.593869E-03
 0.170000E+00 0.565146E-03
 0.190000E+00 0.536308E-03
 0.210000E+00 0.507361E-03
 0.230000E+00 0.478311E-03
 0.250000E+00 0.449164E-03
 0.270000E+00 0.419925E-03
 0.290000E+00 0.390601E-03
 0.310000E+00 0.361198E-03
 0.330000E+00 0.331722E-03
 0.350000E+00 0.302179E-03
 0.370000E+00 0.272574E-03
 0.390000E+00 0.242914E-03
 0.410000E+00 0.213205E-03
 0.430000E+00 0.183452E-03
 0.450000E+00 0.153663E-03
 0.470000E+00 0.123843E-03
 0.490000E+00 0.939976E-04
 0.510000E+00 0.641335E-04
 0.530000E+00 0.342566E-04
 0.550000E+00 0.437311E-05
 0.570000E+00 -.255110E-04
 0.590000E+00 -.553896E-04
 0.610000E+00 -.852566E-04
 0.630000E+00 -.115106E-03
 0.650000E+00 -.144931E-03
 0.670000E+00 -.174727E-03
 0.690000E+00 -.204487E-03
 0.710000E+00 -.234205E-03
 0.730000E+00 -.263875E-03
 0.750000E+00 -.293490E-03
 0.770000E+00 -.323046E-03
 0.790000E+00 -.352536E-03
 0.810000E+00 -.381953E-03
 0.830000E+00 -.411293E-03
 0.850000E+00 -.440548E-03
 0.870000E+00 -.469713E-03
 0.890000E+00 -.498782E-03
 0.910000E+00 -.259949E+00
 0.930000E+00 -.259970E+00
 0.950000E+00 -.259990E+00
 0.970000E+00 -.260010E+00
 0.990000E+00 -.260030E+00




































































































 -.990000E+00 0.259585E+00
 -.970000E+00 0.259585E+00
 -.950000E+00 0.259584E+00
 -.930000E+00 0.259585E+00
 -.910000E+00 0.259585E+00
 -.890000E+00 0.160303E-03
 -.870000E+00 0.161584E-03
 -.850000E+00 0.162712E-03
 -.830000E+00 0.163685E-03
 -.810000E+00 0.164504E-03
 -.790000E+00 0.165166E-03
 -.770000E+00 0.165672E-03
 -.750000E+00 0.166020E-03
 -.730000E+00 0.166212E-03
 -.710000E+00 0.166245E-03
 -.690000E+00 0.166121E-03
 -.670000E+00 0.165839E-03
 -.650000E+00 0.165400E-03
 -.630000E+00 0.164805E-03
 -.610000E+00 0.164052E-03
 -.590000E+00 0.163144E-03
 -.570000E+00 0.162082E-03
 -.550000E+00 0.160865E-03
 -.530000E+00 0.159496E-03
 -.510000E+00 0.157976E-03
 -.490000E+00 0.156305E-03
 -.470000E+00 0.154486E-03
 -.450000E+00 0.152521E-03
 -.430000E+00 0.150411E-03
 -.410000E+00 0.148158E-03
 -.390000E+00 0.145764E-03
 -.370000E+00 0.143232E-03
 -.350000E+00 0.140564E-03
 -.330000E+00 0.137762E-03
 -.310000E+00 0.134830E-03
 -.290000E+00 0.131769E-03
 -.270000E+00 0.128583E-03
 -.250000E+00 0.125275E-03
 -.230000E+00 0.121848E-03
 -.210000E+00 0.118306E-03
 -.190000E+00 0.114650E-03
 -.170000E+00 0.110886E-03
 -.150000E+00 0.107016E-03
 -.130000E+00 0.103045E-03
 -.110000E+00 0.989754E-04
 -.900000E-01 0.948117E-04
 -.700000E-01 0.905578E-04
 -.500000E-01 0.862177E-04
 -.300000E-01 0.817955E-04
 -.100000E-01 0.772954E-04
 0.100000E-01 0.727216E-04
 0.300000E-01 0.680786E-04
 0.500000E-01 0.633706E-04
 0.700000E-01 0.586022E-04
 0.900000E-01 0.537778E-04
 0.110000E+00 0.489021E-04
 0.130000E+00 0.439796E-04
 0.150000E+00 0.390150E-04
 0.170000E+00 0.340130E-04
 0.190000E+00 0.289784E-04
 0.210000E+00 0.239160E-04
 0.230000E+00 0.188304E-04
 0.250000E+00 0.137266E-04
 0.270000E+00 0.860939E-05
 0.290000E+00 0.348361E-05
 0.310000E+00 -.164588E-05
 0.330000E+00 -.677421E-05
 0.350000E+00 -.118965E-04
 0.370000E+00 -.170079E-04
 0.390000E+00 -.221036E-04
 0.410000E+00 -.271788E-04
 0.430000E+00 -.322286E-04
 0.450000E+00 -.372482E-04
 0.470000E+00 -.422328E-04
 0.490000E+00 -.471779E-04
 0.510000E+00 -.520786E-04
 0.530000E+00 -.569302E-04
 0.550000E+00 -.617283E-04
 0.570000E+00 -.664682E-04
 0.590000E+00 -.711455E-04
 0.610000E+00 -.757557E-04
 0.630000E+00 -.802943E-04
 0.650000E+00 -.847572E-04
 0.670000E+00 -.891401E-04
 0.690000E+00 -.934388E-04
 0.710000E+00 -.976493E-04
 0.730000E+00 -.101767E-03
 0.750000E+00 -.105789E-03
 0.770000E+00 -.109711E-03
 0.790000E+00 -.113530E-03
 0.810000E+00 -.117240E-03
 0.830000E+00 -.120840E-03
 0.850000E+00 -.124326E-03
 0.870000E+00 -.127694E-03
 0.890000E+00 -.130941E-03
 0.910000E+00 -.259559E+00
 0.930000E+00 -.259562E+00
 0.950000E+00 -.259565E+00
 0.970000E+00 -.259566E+00
 0.990000E+00 -.259568E+00




































































































 -.990000E+00 0.259469E+00
 -.970000E+00 0.259467E+00
 -.950000E+00 0.259454E+00
 -.930000E+00 0.259435E+00
 -.910000E+00 0.259420E+00
 -.890000E+00 -.126902E-04
 -.870000E+00 -.132717E-04
 -.850000E+00 -.810150E-05
 -.830000E+00 0.579810E-06
 -.810000E+00 0.900980E-05
 -.790000E+00 0.135350E-04
 -.770000E+00 0.121943E-04
 -.750000E+00 0.556874E-05
 -.730000E+00 -.347023E-05
 -.710000E+00 -.110052E-04
 -.690000E+00 -.137706E-04
 -.670000E+00 -.105680E-04
 -.650000E+00 -.278537E-05
 -.630000E+00 0.620440E-05
 -.610000E+00 0.125052E-04
 -.590000E+00 0.133864E-04
 -.570000E+00 0.846610E-05
 -.550000E+00 -.123318E-06
 -.530000E+00 -.865927E-05
 -.510000E+00 -.134424E-04
 -.490000E+00 -.123997E-04
 -.470000E+00 -.598315E-05
 -.450000E+00 0.302642E-05
 -.430000E+00 0.107243E-04
 -.410000E+00 0.137744E-04
 -.390000E+00 0.108549E-04
 -.370000E+00 0.323092E-05
 -.350000E+00 -.579326E-05
 -.330000E+00 -.123067E-04
 -.310000E+00 -.134865E-04
 -.290000E+00 -.882147E-05
 -.270000E+00 -.333289E-06
 -.250000E+00 0.829932E-05
 -.230000E+00 0.133351E-04
 -.210000E+00 0.125916E-04
 -.190000E+00 0.639102E-05
 -.170000E+00 -.257932E-05
 -.150000E+00 -.104318E-04
 -.130000E+00 -.137633E-04
 -.110000E+00 -.111299E-04
 -.900000E-01 -.367293E-05
 -.700000E-01 0.537582E-05
 -.500000E-01 0.120947E-04
 -.300000E-01 0.135719E-04
 -.100000E-01 0.916722E-05
 0.100000E-01 0.789523E-06
 0.300000E-01 -.793034E-05
 0.500000E-01 -.132133E-04
 0.700000E-01 -.127697E-04
 0.900000E-01 -.679194E-05
 0.110000E+00 0.212942E-05
 0.130000E+00 0.101279E-04
 0.150000E+00 0.137371E-04
 0.170000E+00 0.113928E-04
 0.190000E+00 0.411094E-05
 0.210000E+00 -.495253E-05
 0.230000E+00 -.118696E-04
 0.250000E+00 -.136426E-04
 0.270000E+00 -.950299E-05
 0.290000E+00 -.124490E-05
 0.310000E+00 0.755273E-05
 0.330000E+00 0.130771E-04
 0.350000E+00 0.129340E-04
 0.370000E+00 0.718546E-05
 0.390000E+00 -.167720E-05
 0.410000E+00 -.981300E-05
 0.430000E+00 -.136960E-04
 0.450000E+00 -.116433E-04
 0.470000E+00 -.454449E-05
 0.490000E+00 0.452384E-05
 0.510000E+00 0.116316E-04
 0.530000E+00 0.136984E-04
 0.550000E+00 0.982842E-05
 0.570000E+00 0.169893E-05
 0.590000E+00 -.716689E-05
 0.610000E+00 -.129267E-04
 0.630000E+00 -.130842E-04
 0.650000E+00 -.757117E-05
 0.670000E+00 0.122314E-05
 0.690000E+00 0.948739E-05
 0.710000E+00 0.136399E-04
 0.730000E+00 0.118811E-04
 0.750000E+00 0.497310E-05
 0.770000E+00 -.409021E-05
 0.790000E+00 -.113809E-04
 0.810000E+00 -.137392E-04
 0.830000E+00 -.101432E-04
 0.850000E+00 -.215113E-05
 0.870000E+00 0.677322E-05
 0.890000E+00 0.127622E-04
 0.910000E+00 -.259411E+00
 0.930000E+00 -.259410E+00
 0.950000E+00 -.259408E+00
 0.970000E+00 -.259407E+00
 0.990000E+00 -.259407E+00




































































































