 -.990000E+00 0.564700E-02
 -.970000E+00 0.619237E-02
 -.950000E+00 0.539450E-02
 -.930000E+00 0.359838E-02
 -.910000E+00 0.158186E-02
 -.890000E+00 0.309025E-02
 -.870000E+00 0.309025E-02
 -.850000E+00 0.309047E-02
 -.830000E+00 0.309056E-02
 -.810000E+00 0.309039E-02
 -.790000E+00 0.309022E-02
 -.770000E+00 0.309031E-02
 -.750000E+00 0.309052E-02
 -.730000E+00 0.309053E-02
 -.710000E+00 0.309032E-02
 -.690000E+00 0.309022E-02
 -.670000E+00 0.309038E-02
 -.650000E+00 0.309056E-02
 -.630000E+00 0.309047E-02
 -.610000E+00 0.309026E-02
 -.590000E+00 0.309025E-02
 -.570000E+00 0.309045E-02
 -.550000E+00 0.309056E-02
 -.530000E+00 0.309040E-02
 -.510000E+00 0.309022E-02
 -.490000E+00 0.309030E-02
 -.470000E+00 0.309052E-02
 -.450000E+00 0.309054E-02
 -.430000E+00 0.309033E-02
 -.410000E+00 0.309022E-02
 -.390000E+00 0.309037E-02
 -.370000E+00 0.309055E-02
 -.350000E+00 0.309049E-02
 -.330000E+00 0.309027E-02
 -.310000E+00 0.309024E-02
 -.290000E+00 0.309044E-02
 -.270000E+00 0.309056E-02
 -.250000E+00 0.309042E-02
 -.230000E+00 0.309023E-02
 -.210000E+00 0.309029E-02
 -.190000E+00 0.309051E-02
 -.170000E+00 0.309054E-02
 -.150000E+00 0.309034E-02
 -.130000E+00 0.309021E-02
 -.110000E+00 0.309036E-02
 -.900000E-01 0.309055E-02
 -.700000E-01 0.309050E-02
 -.500000E-01 0.309028E-02
 -.300000E-01 0.309023E-02
 -.100000E-01 0.309043E-02
 0.100000E-01 0.309057E-02
 0.300000E-01 0.309043E-02
 0.500000E-01 0.309023E-02
 0.700000E-01 0.309028E-02
 0.900000E-01 0.309050E-02
 0.110000E+00 0.309055E-02
 0.130000E+00 0.309035E-02
 0.150000E+00 0.309021E-02
 0.170000E+00 0.309034E-02
 0.190000E+00 0.309055E-02
 0.210000E+00 0.309051E-02
 0.230000E+00 0.309029E-02
 0.250000E+00 0.309023E-02
 0.270000E+00 0.309042E-02
 0.290000E+00 0.309057E-02
 0.310000E+00 0.309044E-02
 0.330000E+00 0.309024E-02
 0.350000E+00 0.309027E-02
 0.370000E+00 0.309049E-02
 0.390000E+00 0.309056E-02
 0.410000E+00 0.309037E-02
 0.430000E+00 0.309021E-02
 0.450000E+00 0.309033E-02
 0.470000E+00 0.309054E-02
 0.490000E+00 0.309052E-02
 0.510000E+00 0.309030E-02
 0.530000E+00 0.309022E-02
 0.550000E+00 0.309041E-02
 0.570000E+00 0.309056E-02
 0.590000E+00 0.309045E-02
 0.610000E+00 0.309024E-02
 0.630000E+00 0.309026E-02
 0.650000E+00 0.309048E-02
 0.670000E+00 0.309056E-02
 0.690000E+00 0.309038E-02
 0.710000E+00 0.309022E-02
 0.730000E+00 0.309032E-02
 0.750000E+00 0.309053E-02
 0.770000E+00 0.309052E-02
 0.790000E+00 0.309031E-02
 0.810000E+00 0.309022E-02
 0.830000E+00 0.309039E-02
 0.850000E+00 0.309056E-02
 0.870000E+00 0.309047E-02
 0.890000E+00 0.309025E-02
 0.910000E+00 0.309029E-02
 0.930000E+00 0.309030E-02
 0.950000E+00 0.309032E-02
 0.970000E+00 0.309034E-02
 0.990000E+00 0.309036E-02




































































































 -.990000E+00 -.187991E-01
 -.970000E+00 -.190322E-01
 -.950000E+00 -.192458E-01
 -.930000E+00 -.194397E-01
 -.910000E+00 -.196138E-01
 -.890000E+00 0.308646E-02
 -.870000E+00 0.309021E-02
 -.850000E+00 0.309421E-02
 -.830000E+00 0.309843E-02
 -.810000E+00 0.310285E-02
 -.790000E+00 0.310747E-02
 -.770000E+00 0.311227E-02
 -.750000E+00 0.311722E-02
 -.730000E+00 0.312231E-02
 -.710000E+00 0.312751E-02
 -.690000E+00 0.313281E-02
 -.670000E+00 0.313819E-02
 -.650000E+00 0.314362E-02
 -.630000E+00 0.314908E-02
 -.610000E+00 0.315456E-02
 -.590000E+00 0.316003E-02
 -.570000E+00 0.316547E-02
 -.550000E+00 0.317085E-02
 -.530000E+00 0.317617E-02
 -.510000E+00 0.318139E-02
 -.490000E+00 0.318649E-02
 -.470000E+00 0.319146E-02
 -.450000E+00 0.319628E-02
 -.430000E+00 0.320093E-02
 -.410000E+00 0.320539E-02
 -.390000E+00 0.320964E-02
 -.370000E+00 0.321366E-02
 -.350000E+00 0.321745E-02
 -.330000E+00 0.322098E-02
 -.310000E+00 0.322424E-02
 -.290000E+00 0.322722E-02
 -.270000E+00 0.322991E-02
 -.250000E+00 0.323229E-02
 -.230000E+00 0.323436E-02
 -.210000E+00 0.323611E-02
 -.190000E+00 0.323752E-02
 -.170000E+00 0.323861E-02
 -.150000E+00 0.323936E-02
 -.130000E+00 0.323976E-02
 -.110000E+00 0.323983E-02
 -.900000E-01 0.323955E-02
 -.700000E-01 0.323892E-02
 -.500000E-01 0.323796E-02
 -.300000E-01 0.323666E-02
 -.100000E-01 0.323503E-02
 0.100000E-01 0.323307E-02
 0.300000E-01 0.323080E-02
 0.500000E-01 0.322822E-02
 0.700000E-01 0.322534E-02
 0.900000E-01 0.322217E-02
 0.110000E+00 0.321872E-02
 0.130000E+00 0.321502E-02
 0.150000E+00 0.321106E-02
 0.170000E+00 0.320687E-02
 0.190000E+00 0.320247E-02
 0.210000E+00 0.319787E-02
 0.230000E+00 0.319308E-02
 0.250000E+00 0.318814E-02
 0.270000E+00 0.318305E-02
 0.290000E+00 0.317784E-02
 0.310000E+00 0.317252E-02
 0.330000E+00 0.316712E-02
 0.350000E+00 0.316166E-02
 0.370000E+00 0.315616E-02
 0.390000E+00 0.315064E-02
 0.410000E+00 0.314513E-02
 0.430000E+00 0.313964E-02
 0.450000E+00 0.313419E-02
 0.470000E+00 0.312881E-02
 0.490000E+00 0.312352E-02
 0.510000E+00 0.311834E-02
 0.530000E+00 0.311329E-02
 0.550000E+00 0.310839E-02
 0.570000E+00 0.310365E-02
 0.590000E+00 0.309910E-02
 0.610000E+00 0.309476E-02
 0.630000E+00 0.309063E-02
 0.650000E+00 0.308675E-02
 0.670000E+00 0.308311E-02
 0.690000E+00 0.307975E-02
 0.710000E+00 0.307666E-02
 0.730000E+00 0.307387E-02
 0.750000E+00 0.307138E-02
 0.770000E+00 0.306920E-02
 0.790000E+00 0.306734E-02
 0.810000E+00 0.306582E-02
 0.830000E+00 0.306462E-02
 0.850000E+00 0.306377E-02
 0.870000E+00 0.306326E-02
 0.890000E+00 0.306310E-02
 0.910000E+00 0.314870E-02
 0.930000E+00 0.315139E-02
 0.950000E+00 0.315410E-02
 0.970000E+00 0.315683E-02
 0.990000E+00 0.315957E-02




































































































 -.990000E+00 0.124250E+00
 -.970000E+00 0.123860E+00
 -.950000E+00 0.123452E+00
 -.930000E+00 0.123025E+00
 -.910000E+00 0.122580E+00
 -.890000E+00 0.295112E-02
 -.870000E+00 0.294213E-02
 -.850000E+00 0.293284E-02
 -.830000E+00 0.292325E-02
 -.810000E+00 0.291337E-02
 -.790000E+00 0.290321E-02
 -.770000E+00 0.289278E-02
 -.750000E+00 0.288209E-02
 -.730000E+00 0.287114E-02
 -.710000E+00 0.285994E-02
 -.690000E+00 0.284851E-02
 -.670000E+00 0.283685E-02
 -.650000E+00 0.282497E-02
 -.630000E+00 0.281288E-02
 -.610000E+00 0.280059E-02
 -.590000E+00 0.278812E-02
 -.570000E+00 0.277546E-02
 -.550000E+00 0.276264E-02
 -.530000E+00 0.274966E-02
 -.510000E+00 0.273654E-02
 -.490000E+00 0.272327E-02
 -.470000E+00 0.270988E-02
 -.450000E+00 0.269638E-02
 -.430000E+00 0.268277E-02
 -.410000E+00 0.266907E-02
 -.390000E+00 0.265529E-02
 -.370000E+00 0.264144E-02
 -.350000E+00 0.262753E-02
 -.330000E+00 0.261357E-02
 -.310000E+00 0.259958E-02
 -.290000E+00 0.258556E-02
 -.270000E+00 0.257153E-02
 -.250000E+00 0.255750E-02
 -.230000E+00 0.254348E-02
 -.210000E+00 0.252948E-02
 -.190000E+00 0.251551E-02
 -.170000E+00 0.250159E-02
 -.150000E+00 0.248773E-02
 -.130000E+00 0.247393E-02
 -.110000E+00 0.246021E-02
 -.900000E-01 0.244658E-02
 -.700000E-01 0.243306E-02
 -.500000E-01 0.241964E-02
 -.300000E-01 0.240635E-02
 -.100000E-01 0.239319E-02
 0.100000E-01 0.238018E-02
 0.300000E-01 0.236732E-02
 0.500000E-01 0.235463E-02
 0.700000E-01 0.234212E-02
 0.900000E-01 0.232980E-02
 0.110000E+00 0.231767E-02
 0.130000E+00 0.230575E-02
 0.150000E+00 0.229405E-02
 0.170000E+00 0.228257E-02
 0.190000E+00 0.227133E-02
 0.210000E+00 0.226034E-02
 0.230000E+00 0.224960E-02
 0.250000E+00 0.223912E-02
 0.270000E+00 0.222892E-02
 0.290000E+00 0.221899E-02
 0.310000E+00 0.220936E-02
 0.330000E+00 0.220002E-02
 0.350000E+00 0.219099E-02
 0.370000E+00 0.218227E-02
 0.390000E+00 0.217387E-02
 0.410000E+00 0.216579E-02
 0.430000E+00 0.215805E-02
 0.450000E+00 0.215065E-02
 0.470000E+00 0.214359E-02
 0.490000E+00 0.213688E-02
 0.510000E+00 0.213053E-02
 0.530000E+00 0.212454E-02
 0.550000E+00 0.211892E-02
 0.570000E+00 0.211367E-02
 0.590000E+00 0.210880E-02
 0.610000E+00 0.210431E-02
 0.630000E+00 0.210020E-02
 0.650000E+00 0.209648E-02
 0.670000E+00 0.209315E-02
 0.690000E+00 0.209021E-02
 0.710000E+00 0.208767E-02
 0.730000E+00 0.208553E-02
 0.750000E+00 0.208379E-02
 0.770000E+00 0.208244E-02
 0.790000E+00 0.208150E-02
 0.810000E+00 0.208097E-02
 0.830000E+00 0.208084E-02
 0.850000E+00 0.208111E-02
 0.870000E+00 0.208178E-02
 0.890000E+00 0.208286E-02
 0.910000E+00 0.332833E-02
 0.930000E+00 0.333157E-02
 0.950000E+00 0.333486E-02
 0.970000E+00 0.333821E-02
 0.990000E+00 0.334160E-02




































































































 -.990000E+00 0.178576E+00
 -.970000E+00 0.174987E+00
 -.950000E+00 0.171326E+00
 -.930000E+00 0.167595E+00
 -.910000E+00 0.163793E+00
 -.890000E+00 -.443223E-03
 -.870000E+00 -.459051E-03
 -.850000E+00 -.474485E-03
 -.830000E+00 -.489521E-03
 -.810000E+00 -.504156E-03
 -.790000E+00 -.518387E-03
 -.770000E+00 -.532211E-03
 -.750000E+00 -.545624E-03
 -.730000E+00 -.558624E-03
 -.710000E+00 -.571207E-03
 -.690000E+00 -.583372E-03
 -.670000E+00 -.595115E-03
 -.650000E+00 -.606433E-03
 -.630000E+00 -.617325E-03
 -.610000E+00 -.627787E-03
 -.590000E+00 -.637818E-03
 -.570000E+00 -.647415E-03
 -.550000E+00 -.656576E-03
 -.530000E+00 -.665299E-03
 -.510000E+00 -.673583E-03
 -.490000E+00 -.681425E-03
 -.470000E+00 -.688824E-03
 -.450000E+00 -.695778E-03
 -.430000E+00 -.702286E-03
 -.410000E+00 -.708346E-03
 -.390000E+00 -.713957E-03
 -.370000E+00 -.719119E-03
 -.350000E+00 -.723829E-03
 -.330000E+00 -.728087E-03
 -.310000E+00 -.731891E-03
 -.290000E+00 -.735243E-03
 -.270000E+00 -.738139E-03
 -.250000E+00 -.740581E-03
 -.230000E+00 -.742568E-03
 -.210000E+00 -.744098E-03
 -.190000E+00 -.745173E-03
 -.170000E+00 -.745792E-03
 -.150000E+00 -.745954E-03
 -.130000E+00 -.745661E-03
 -.110000E+00 -.744911E-03
 -.900000E-01 -.743706E-03
 -.700000E-01 -.742045E-03
 -.500000E-01 -.739930E-03
 -.300000E-01 -.737361E-03
 -.100000E-01 -.734338E-03
 0.100000E-01 -.730863E-03
 0.300000E-01 -.726936E-03
 0.500000E-01 -.722558E-03
 0.700000E-01 -.717730E-03
 0.900000E-01 -.712454E-03
 0.110000E+00 -.706731E-03
 0.130000E+00 -.700562E-03
 0.150000E+00 -.693948E-03
 0.170000E+00 -.686892E-03
 0.190000E+00 -.679395E-03
 0.210000E+00 -.671459E-03
 0.230000E+00 -.663086E-03
 0.250000E+00 -.654277E-03
 0.270000E+00 -.645035E-03
 0.290000E+00 -.635362E-03
 0.310000E+00 -.625261E-03
 0.330000E+00 -.614733E-03
 0.350000E+00 -.603781E-03
 0.370000E+00 -.592409E-03
 0.390000E+00 -.580617E-03
 0.410000E+00 -.568410E-03
 0.430000E+00 -.555789E-03
 0.450000E+00 -.542759E-03
 0.470000E+00 -.529321E-03
 0.490000E+00 -.515480E-03
 0.510000E+00 -.501238E-03
 0.530000E+00 -.486598E-03
 0.550000E+00 -.471565E-03
 0.570000E+00 -.456141E-03
 0.590000E+00 -.440330E-03
 0.610000E+00 -.424135E-03
 0.630000E+00 -.407561E-03
 0.650000E+00 -.390612E-03
 0.670000E+00 -.373290E-03
 0.690000E+00 -.355600E-03
 0.710000E+00 -.337547E-03
 0.730000E+00 -.319134E-03
 0.750000E+00 -.300365E-03
 0.770000E+00 -.281245E-03
 0.790000E+00 -.261778E-03
 0.810000E+00 -.241969E-03
 0.830000E+00 -.221821E-03
 0.850000E+00 -.201341E-03
 0.870000E+00 -.180532E-03
 0.890000E+00 -.159399E-03
 0.910000E+00 0.209778E+00
 0.930000E+00 0.209799E+00
 0.950000E+00 0.209821E+00
 0.970000E+00 0.209842E+00
 0.990000E+00 0.209864E+00




































































































 -.990000E+00 -.445579E-01
 -.970000E+00 -.467447E-01
 -.950000E+00 -.489133E-01
 -.930000E+00 -.510634E-01
 -.910000E+00 -.531945E-01
 -.890000E+00 0.283533E-01
 -.870000E+00 0.284618E-01
 -.850000E+00 0.285706E-01
 -.830000E+00 0.286798E-01
 -.810000E+00 0.287892E-01
 -.790000E+00 0.288991E-01
 -.770000E+00 0.290092E-01
 -.750000E+00 0.291197E-01
 -.730000E+00 0.292305E-01
 -.710000E+00 0.293417E-01
 -.690000E+00 0.294532E-01
 -.670000E+00 0.295650E-01
 -.650000E+00 0.296771E-01
 -.630000E+00 0.297896E-01
 -.610000E+00 0.299024E-01
 -.590000E+00 0.300155E-01
 -.570000E+00 0.301289E-01
 -.550000E+00 0.302426E-01
 -.530000E+00 0.303567E-01
 -.510000E+00 0.304711E-01
 -.490000E+00 0.305858E-01
 -.470000E+00 0.307008E-01
 -.450000E+00 0.308161E-01
 -.430000E+00 0.309317E-01
 -.410000E+00 0.310477E-01
 -.390000E+00 0.311639E-01
 -.370000E+00 0.312805E-01
 -.350000E+00 0.313973E-01
 -.330000E+00 0.315145E-01
 -.310000E+00 0.316319E-01
 -.290000E+00 0.317497E-01
 -.270000E+00 0.318677E-01
 -.250000E+00 0.319861E-01
 -.230000E+00 0.321047E-01
 -.210000E+00 0.322237E-01
 -.190000E+00 0.323429E-01
 -.170000E+00 0.324624E-01
 -.150000E+00 0.325822E-01
 -.130000E+00 0.327023E-01
 -.110000E+00 0.328227E-01
 -.900000E-01 0.329433E-01
 -.700000E-01 0.330643E-01
 -.500000E-01 0.331855E-01
 -.300000E-01 0.333070E-01
 -.100000E-01 0.334288E-01
 0.100000E-01 0.335508E-01
 0.300000E-01 0.336732E-01
 0.500000E-01 0.337957E-01
 0.700000E-01 0.339186E-01
 0.900000E-01 0.340418E-01
 0.110000E+00 0.341652E-01
 0.130000E+00 0.342888E-01
 0.150000E+00 0.344128E-01
 0.170000E+00 0.345370E-01
 0.190000E+00 0.346614E-01
 0.210000E+00 0.347861E-01
 0.230000E+00 0.349111E-01
 0.250000E+00 0.350363E-01
 0.270000E+00 0.351618E-01
 0.290000E+00 0.352875E-01
 0.310000E+00 0.354135E-01
 0.330000E+00 0.355397E-01
 0.350000E+00 0.356662E-01
 0.370000E+00 0.357929E-01
 0.390000E+00 0.359199E-01
 0.410000E+00 0.360471E-01
 0.430000E+00 0.361745E-01
 0.450000E+00 0.363022E-01
 0.470000E+00 0.364301E-01
 0.490000E+00 0.365582E-01
 0.510000E+00 0.366866E-01
 0.530000E+00 0.368152E-01
 0.550000E+00 0.369440E-01
 0.570000E+00 0.370731E-01
 0.590000E+00 0.372024E-01
 0.610000E+00 0.373319E-01
 0.630000E+00 0.374616E-01
 0.650000E+00 0.375916E-01
 0.670000E+00 0.377217E-01
 0.690000E+00 0.378521E-01
 0.710000E+00 0.379827E-01
 0.730000E+00 0.381135E-01
 0.750000E+00 0.382445E-01
 0.770000E+00 0.383757E-01
 0.790000E+00 0.385071E-01
 0.810000E+00 0.386387E-01
 0.830000E+00 0.387706E-01
 0.850000E+00 0.389026E-01
 0.870000E+00 0.390348E-01
 0.890000E+00 0.391672E-01
 0.910000E+00 0.273080E+00
 0.930000E+00 0.272697E+00
 0.950000E+00 0.272315E+00
 0.970000E+00 0.271933E+00
 0.990000E+00 0.271550E+00




































































































 -.990000E+00 -.179890E+00
 -.970000E+00 -.181745E+00
 -.950000E+00 -.183573E+00
 -.930000E+00 -.185374E+00
 -.910000E+00 -.187149E+00
 -.890000E+00 0.252960E-02
 -.870000E+00 0.252959E-02
 -.850000E+00 0.252959E-02
 -.830000E+00 0.252958E-02
 -.810000E+00 0.252958E-02
 -.790000E+00 0.252957E-02
 -.770000E+00 0.252957E-02
 -.750000E+00 0.252956E-02
 -.730000E+00 0.252956E-02
 -.710000E+00 0.252955E-02
 -.690000E+00 0.252955E-02
 -.670000E+00 0.252954E-02
 -.650000E+00 0.252954E-02
 -.630000E+00 0.252953E-02
 -.610000E+00 0.252953E-02
 -.590000E+00 0.252952E-02
 -.570000E+00 0.252952E-02
 -.550000E+00 0.252951E-02
 -.530000E+00 0.252951E-02
 -.510000E+00 0.252950E-02
 -.490000E+00 0.252950E-02
 -.470000E+00 0.252949E-02
 -.450000E+00 0.252949E-02
 -.430000E+00 0.252948E-02
 -.410000E+00 0.252948E-02
 -.390000E+00 0.252947E-02
 -.370000E+00 0.252947E-02
 -.350000E+00 0.252947E-02
 -.330000E+00 0.252946E-02
 -.310000E+00 0.252946E-02
 -.290000E+00 0.252945E-02
 -.270000E+00 0.252945E-02
 -.250000E+00 0.252944E-02
 -.230000E+00 0.252944E-02
 -.210000E+00 0.252943E-02
 -.190000E+00 0.252943E-02
 -.170000E+00 0.252942E-02
 -.150000E+00 0.252942E-02
 -.130000E+00 0.252941E-02
 -.110000E+00 0.252941E-02
 -.900000E-01 0.252940E-02
 -.700000E-01 0.252940E-02
 -.500000E-01 0.252939E-02
 -.300000E-01 0.252939E-02
 -.100000E-01 0.252938E-02
 0.100000E-01 0.252938E-02
 0.300000E-01 0.252937E-02
 0.500000E-01 0.252937E-02
 0.700000E-01 0.252936E-02
 0.900000E-01 0.252936E-02
 0.110000E+00 0.252935E-02
 0.130000E+00 0.252935E-02
 0.150000E+00 0.252934E-02
 0.170000E+00 0.252934E-02
 0.190000E+00 0.252933E-02
 0.210000E+00 0.252933E-02
 0.230000E+00 0.252932E-02
 0.250000E+00 0.252932E-02
 0.270000E+00 0.252931E-02
 0.290000E+00 0.252931E-02
 0.310000E+00 0.252930E-02
 0.330000E+00 0.252930E-02
 0.350000E+00 0.252929E-02
 0.370000E+00 0.252929E-02
 0.390000E+00 0.252928E-02
 0.410000E+00 0.252928E-02
 0.430000E+00 0.252927E-02
 0.450000E+00 0.252927E-02
 0.470000E+00 0.252926E-02
 0.490000E+00 0.252926E-02
 0.510000E+00 0.252925E-02
 0.530000E+00 0.252925E-02
 0.550000E+00 0.252924E-02
 0.570000E+00 0.252924E-02
 0.590000E+00 0.252923E-02
 0.610000E+00 0.252923E-02
 0.630000E+00 0.252922E-02
 0.650000E+00 0.252922E-02
 0.670000E+00 0.252921E-02
 0.690000E+00 0.252921E-02
 0.710000E+00 0.252920E-02
 0.730000E+00 0.252920E-02
 0.750000E+00 0.252919E-02
 0.770000E+00 0.252919E-02
 0.790000E+00 0.252918E-02
 0.810000E+00 0.252918E-02
 0.830000E+00 0.252917E-02
 0.850000E+00 0.252917E-02
 0.870000E+00 0.252916E-02
 0.890000E+00 0.252916E-02
 0.910000E+00 0.283276E+00
 0.930000E+00 0.283276E+00
 0.950000E+00 0.283276E+00
 0.970000E+00 0.283276E+00
 0.990000E+00 0.283276E+00




































































































 -.990000E+00 -.253852E+00
 -.970000E+00 -.253944E+00
 -.950000E+00 -.254035E+00
 -.930000E+00 -.254124E+00
 -.910000E+00 -.254211E+00
 -.890000E+00 0.718660E-02
 -.870000E+00 0.719627E-02
 -.850000E+00 0.720596E-02
 -.830000E+00 0.721566E-02
 -.810000E+00 0.722539E-02
 -.790000E+00 0.723513E-02
 -.770000E+00 0.724489E-02
 -.750000E+00 0.725467E-02
 -.730000E+00 0.726447E-02
 -.710000E+00 0.727428E-02
 -.690000E+00 0.728411E-02
 -.670000E+00 0.729396E-02
 -.650000E+00 0.730382E-02
 -.630000E+00 0.731371E-02
 -.610000E+00 0.732360E-02
 -.590000E+00 0.733351E-02
 -.570000E+00 0.734344E-02
 -.550000E+00 0.735338E-02
 -.530000E+00 0.736334E-02
 -.510000E+00 0.737331E-02
 -.490000E+00 0.738330E-02
 -.470000E+00 0.739330E-02
 -.450000E+00 0.740332E-02
 -.430000E+00 0.741335E-02
 -.410000E+00 0.742339E-02
 -.390000E+00 0.743345E-02
 -.370000E+00 0.744352E-02
 -.350000E+00 0.745360E-02
 -.330000E+00 0.746369E-02
 -.310000E+00 0.747380E-02
 -.290000E+00 0.748392E-02
 -.270000E+00 0.749405E-02
 -.250000E+00 0.750419E-02
 -.230000E+00 0.751435E-02
 -.210000E+00 0.752451E-02
 -.190000E+00 0.753469E-02
 -.170000E+00 0.754487E-02
 -.150000E+00 0.755507E-02
 -.130000E+00 0.756527E-02
 -.110000E+00 0.757549E-02
 -.900000E-01 0.758571E-02
 -.700000E-01 0.759595E-02
 -.500000E-01 0.760619E-02
 -.300000E-01 0.761644E-02
 -.100000E-01 0.762670E-02
 0.100000E-01 0.763697E-02
 0.300000E-01 0.764724E-02
 0.500000E-01 0.765753E-02
 0.700000E-01 0.766781E-02
 0.900000E-01 0.767811E-02
 0.110000E+00 0.768841E-02
 0.130000E+00 0.769872E-02
 0.150000E+00 0.770904E-02
 0.170000E+00 0.771936E-02
 0.190000E+00 0.772969E-02
 0.210000E+00 0.774002E-02
 0.230000E+00 0.775035E-02
 0.250000E+00 0.776069E-02
 0.270000E+00 0.777104E-02
 0.290000E+00 0.778139E-02
 0.310000E+00 0.779174E-02
 0.330000E+00 0.780209E-02
 0.350000E+00 0.781245E-02
 0.370000E+00 0.782281E-02
 0.390000E+00 0.783318E-02
 0.410000E+00 0.784354E-02
 0.430000E+00 0.785391E-02
 0.450000E+00 0.786428E-02
 0.470000E+00 0.787465E-02
 0.490000E+00 0.788502E-02
 0.510000E+00 0.789539E-02
 0.530000E+00 0.790576E-02
 0.550000E+00 0.791613E-02
 0.570000E+00 0.792650E-02
 0.590000E+00 0.793687E-02
 0.610000E+00 0.794724E-02
 0.630000E+00 0.795761E-02
 0.650000E+00 0.796798E-02
 0.670000E+00 0.797834E-02
 0.690000E+00 0.798870E-02
 0.710000E+00 0.799906E-02
 0.730000E+00 0.800942E-02
 0.750000E+00 0.801977E-02
 0.770000E+00 0.803012E-02
 0.790000E+00 0.804046E-02
 0.810000E+00 0.805080E-02
 0.830000E+00 0.806114E-02
 0.850000E+00 0.807147E-02
 0.870000E+00 0.808180E-02
 0.890000E+00 0.809212E-02
 0.910000E+00 0.271782E+00
 0.930000E+00 0.271724E+00
 0.950000E+00 0.271666E+00
 0.970000E+00 0.271608E+00
 0.990000E+00 0.271550E+00




































































































 -.990000E+00 -.216369E+00
 -.970000E+00 -.218967E+00
 -.950000E+00 -.221494E+00
 -.930000E+00 -.223952E+00
 -.910000E+00 -.226342E+00
 -.890000E+00 0.243230E-04
 -.870000E+00 0.286720E-04
 -.850000E+00 0.333013E-04
 -.830000E+00 0.382099E-04
 -.810000E+00 0.433967E-04
 -.790000E+00 0.488603E-04
 -.770000E+00 0.545996E-04
 -.750000E+00 0.606131E-04
 -.730000E+00 0.668995E-04
 -.710000E+00 0.734572E-04
 -.690000E+00 0.802849E-04
 -.670000E+00 0.873809E-04
 -.650000E+00 0.947435E-04
 -.630000E+00 0.102371E-03
 -.610000E+00 0.110262E-03
 -.590000E+00 0.118414E-03
 -.570000E+00 0.126825E-03
 -.550000E+00 0.135495E-03
 -.530000E+00 0.144419E-03
 -.510000E+00 0.153597E-03
 -.490000E+00 0.163027E-03
 -.470000E+00 0.172706E-03
 -.450000E+00 0.182631E-03
 -.430000E+00 0.192802E-03
 -.410000E+00 0.203214E-03
 -.390000E+00 0.213867E-03
 -.370000E+00 0.224757E-03
 -.350000E+00 0.235883E-03
 -.330000E+00 0.247241E-03
 -.310000E+00 0.258829E-03
 -.290000E+00 0.270644E-03
 -.270000E+00 0.282683E-03
 -.250000E+00 0.294945E-03
 -.230000E+00 0.307425E-03
 -.210000E+00 0.320122E-03
 -.190000E+00 0.333032E-03
 -.170000E+00 0.346152E-03
 -.150000E+00 0.359480E-03
 -.130000E+00 0.373012E-03
 -.110000E+00 0.386745E-03
 -.900000E-01 0.400677E-03
 -.700000E-01 0.414803E-03
 -.500000E-01 0.429121E-03
 -.300000E-01 0.443628E-03
 -.100000E-01 0.458320E-03
 0.100000E-01 0.473194E-03
 0.300000E-01 0.488246E-03
 0.500000E-01 0.503474E-03
 0.700000E-01 0.518873E-03
 0.900000E-01 0.534440E-03
 0.110000E+00 0.550172E-03
 0.130000E+00 0.566065E-03
 0.150000E+00 0.582116E-03
 0.170000E+00 0.598320E-03
 0.190000E+00 0.614674E-03
 0.210000E+00 0.631176E-03
 0.230000E+00 0.647819E-03
 0.250000E+00 0.664602E-03
 0.270000E+00 0.681520E-03
 0.290000E+00 0.698570E-03
 0.310000E+00 0.715747E-03
 0.330000E+00 0.733047E-03
 0.350000E+00 0.750467E-03
 0.370000E+00 0.768004E-03
 0.390000E+00 0.785652E-03
 0.410000E+00 0.803408E-03
 0.430000E+00 0.821267E-03
 0.450000E+00 0.839227E-03
 0.470000E+00 0.857282E-03
 0.490000E+00 0.875430E-03
 0.510000E+00 0.893664E-03
 0.530000E+00 0.911983E-03
 0.550000E+00 0.930380E-03
 0.570000E+00 0.948853E-03
 0.590000E+00 0.967397E-03
 0.610000E+00 0.986008E-03
 0.630000E+00 0.100468E-02
 0.650000E+00 0.102341E-02
 0.670000E+00 0.104220E-02
 0.690000E+00 0.106104E-02
 0.710000E+00 0.107992E-02
 0.730000E+00 0.109884E-02
 0.750000E+00 0.111780E-02
 0.770000E+00 0.113680E-02
 0.790000E+00 0.115582E-02
 0.810000E+00 0.117487E-02
 0.830000E+00 0.119394E-02
 0.850000E+00 0.121302E-02
 0.870000E+00 0.123212E-02
 0.890000E+00 0.125122E-02
 0.910000E+00 0.209823E+00
 0.930000E+00 0.209834E+00
 0.950000E+00 0.209844E+00
 0.970000E+00 0.209854E+00
 0.990000E+00 0.209864E+00




































































































 -.990000E+00 0.836202E-01
 -.970000E+00 0.802546E-01
 -.950000E+00 0.768506E-01
 -.930000E+00 0.734097E-01
 -.910000E+00 0.699335E-01
 -.890000E+00 0.362996E-02
 -.870000E+00 0.361622E-02
 -.850000E+00 0.360212E-02
 -.830000E+00 0.358769E-02
 -.810000E+00 0.357292E-02
 -.790000E+00 0.355784E-02
 -.770000E+00 0.354245E-02
 -.750000E+00 0.352677E-02
 -.730000E+00 0.351080E-02
 -.710000E+00 0.349458E-02
 -.690000E+00 0.347809E-02
 -.670000E+00 0.346137E-02
 -.650000E+00 0.344442E-02
 -.630000E+00 0.342726E-02
 -.610000E+00 0.340990E-02
 -.590000E+00 0.339236E-02
 -.570000E+00 0.337464E-02
 -.550000E+00 0.335677E-02
 -.530000E+00 0.333876E-02
 -.510000E+00 0.332063E-02
 -.490000E+00 0.330238E-02
 -.470000E+00 0.328404E-02
 -.450000E+00 0.326561E-02
 -.430000E+00 0.324712E-02
 -.410000E+00 0.322858E-02
 -.390000E+00 0.321000E-02
 -.370000E+00 0.319140E-02
 -.350000E+00 0.317280E-02
 -.330000E+00 0.315420E-02
 -.310000E+00 0.313563E-02
 -.290000E+00 0.311710E-02
 -.270000E+00 0.309863E-02
 -.250000E+00 0.308023E-02
 -.230000E+00 0.306191E-02
 -.210000E+00 0.304370E-02
 -.190000E+00 0.302560E-02
 -.170000E+00 0.300763E-02
 -.150000E+00 0.298981E-02
 -.130000E+00 0.297215E-02
 -.110000E+00 0.295466E-02
 -.900000E-01 0.293737E-02
 -.700000E-01 0.292027E-02
 -.500000E-01 0.290340E-02
 -.300000E-01 0.288675E-02
 -.100000E-01 0.287035E-02
 0.100000E-01 0.285421E-02
 0.300000E-01 0.283834E-02
 0.500000E-01 0.282276E-02
 0.700000E-01 0.280748E-02
 0.900000E-01 0.279250E-02
 0.110000E+00 0.277785E-02
 0.130000E+00 0.276353E-02
 0.150000E+00 0.274957E-02
 0.170000E+00 0.273595E-02
 0.190000E+00 0.272271E-02
 0.210000E+00 0.270985E-02
 0.230000E+00 0.269738E-02
 0.250000E+00 0.268532E-02
 0.270000E+00 0.267366E-02
 0.290000E+00 0.266243E-02
 0.310000E+00 0.265162E-02
 0.330000E+00 0.264126E-02
 0.350000E+00 0.263134E-02
 0.370000E+00 0.262188E-02
 0.390000E+00 0.261288E-02
 0.410000E+00 0.260436E-02
 0.430000E+00 0.259631E-02
 0.450000E+00 0.258875E-02
 0.470000E+00 0.258168E-02
 0.490000E+00 0.257511E-02
 0.510000E+00 0.256904E-02
 0.530000E+00 0.256348E-02
 0.550000E+00 0.255843E-02
 0.570000E+00 0.255390E-02
 0.590000E+00 0.254989E-02
 0.610000E+00 0.254640E-02
 0.630000E+00 0.254344E-02
 0.650000E+00 0.254101E-02
 0.670000E+00 0.253911E-02
 0.690000E+00 0.253774E-02
 0.710000E+00 0.253691E-02
 0.730000E+00 0.253662E-02
 0.750000E+00 0.253686E-02
 0.770000E+00 0.253763E-02
 0.790000E+00 0.253894E-02
 0.810000E+00 0.254079E-02
 0.830000E+00 0.254317E-02
 0.850000E+00 0.254607E-02
 0.870000E+00 0.254951E-02
 0.890000E+00 0.255347E-02
 0.910000E+00 0.331754E-02
 0.930000E+00 0.332348E-02
 0.950000E+00 0.332947E-02
 0.970000E+00 0.333551E-02
 0.990000E+00 0.334160E-02




































































































 -.990000E+00 0.529832E-01
 -.970000E+00 0.523356E-01
 -.950000E+00 0.516422E-01
 -.930000E+00 0.509031E-01
 -.910000E+00 0.501190E-01
 -.890000E+00 0.312695E-02
 -.870000E+00 0.313057E-02
 -.850000E+00 0.313445E-02
 -.830000E+00 0.313857E-02
 -.810000E+00 0.314291E-02
 -.790000E+00 0.314747E-02
 -.770000E+00 0.315221E-02
 -.750000E+00 0.315713E-02
 -.730000E+00 0.316220E-02
 -.710000E+00 0.316741E-02
 -.690000E+00 0.317273E-02
 -.670000E+00 0.317814E-02
 -.650000E+00 0.318362E-02
 -.630000E+00 0.318916E-02
 -.610000E+00 0.319472E-02
 -.590000E+00 0.320029E-02
 -.570000E+00 0.320584E-02
 -.550000E+00 0.321136E-02
 -.530000E+00 0.321682E-02
 -.510000E+00 0.322221E-02
 -.490000E+00 0.322749E-02
 -.470000E+00 0.323265E-02
 -.450000E+00 0.323767E-02
 -.430000E+00 0.324253E-02
 -.410000E+00 0.324721E-02
 -.390000E+00 0.325169E-02
 -.370000E+00 0.325596E-02
 -.350000E+00 0.325999E-02
 -.330000E+00 0.326378E-02
 -.310000E+00 0.326730E-02
 -.290000E+00 0.327055E-02
 -.270000E+00 0.327350E-02
 -.250000E+00 0.327616E-02
 -.230000E+00 0.327851E-02
 -.210000E+00 0.328053E-02
 -.190000E+00 0.328222E-02
 -.170000E+00 0.328358E-02
 -.150000E+00 0.328460E-02
 -.130000E+00 0.328528E-02
 -.110000E+00 0.328560E-02
 -.900000E-01 0.328558E-02
 -.700000E-01 0.328521E-02
 -.500000E-01 0.328449E-02
 -.300000E-01 0.328342E-02
 -.100000E-01 0.328202E-02
 0.100000E-01 0.328028E-02
 0.300000E-01 0.327820E-02
 0.500000E-01 0.327581E-02
 0.700000E-01 0.327311E-02
 0.900000E-01 0.327010E-02
 0.110000E+00 0.326681E-02
 0.130000E+00 0.326324E-02
 0.150000E+00 0.325941E-02
 0.170000E+00 0.325532E-02
 0.190000E+00 0.325101E-02
 0.210000E+00 0.324648E-02
 0.230000E+00 0.324175E-02
 0.250000E+00 0.323684E-02
 0.270000E+00 0.323177E-02
 0.290000E+00 0.322656E-02
 0.310000E+00 0.322123E-02
 0.330000E+00 0.321580E-02
 0.350000E+00 0.321030E-02
 0.370000E+00 0.320473E-02
 0.390000E+00 0.319913E-02
 0.410000E+00 0.319352E-02
 0.430000E+00 0.318791E-02
 0.450000E+00 0.318234E-02
 0.470000E+00 0.317681E-02
 0.490000E+00 0.317137E-02
 0.510000E+00 0.316601E-02
 0.530000E+00 0.316077E-02
 0.550000E+00 0.315567E-02
 0.570000E+00 0.315072E-02
 0.590000E+00 0.314595E-02
 0.610000E+00 0.314138E-02
 0.630000E+00 0.313701E-02
 0.650000E+00 0.313288E-02
 0.670000E+00 0.312899E-02
 0.690000E+00 0.312536E-02
 0.710000E+00 0.312200E-02
 0.730000E+00 0.311894E-02
 0.750000E+00 0.311617E-02
 0.770000E+00 0.311372E-02
 0.790000E+00 0.311159E-02
 0.810000E+00 0.310978E-02
 0.830000E+00 0.310831E-02
 0.850000E+00 0.310719E-02
 0.870000E+00 0.310641E-02
 0.890000E+00 0.310598E-02
 0.910000E+00 0.316281E-02
 0.930000E+00 0.316198E-02
 0.950000E+00 0.316117E-02
 0.970000E+00 0.316036E-02
 0.990000E+00 0.315957E-02




































































































 -.990000E+00 0.281647E-02
 -.970000E+00 0.291738E-02
 -.950000E+00 0.309321E-02
 -.930000E+00 0.326780E-02
 -.910000E+00 0.336554E-02
 -.890000E+00 0.309010E-02
 -.870000E+00 0.309010E-02
 -.850000E+00 0.309031E-02
 -.830000E+00 0.309041E-02
 -.810000E+00 0.309024E-02
 -.790000E+00 0.309007E-02
 -.770000E+00 0.309016E-02
 -.750000E+00 0.309037E-02
 -.730000E+00 0.309038E-02
 -.710000E+00 0.309017E-02
 -.690000E+00 0.309006E-02
 -.670000E+00 0.309023E-02
 -.650000E+00 0.309040E-02
 -.630000E+00 0.309032E-02
 -.610000E+00 0.309011E-02
 -.590000E+00 0.309009E-02
 -.570000E+00 0.309030E-02
 -.550000E+00 0.309041E-02
 -.530000E+00 0.309025E-02
 -.510000E+00 0.309007E-02
 -.490000E+00 0.309015E-02
 -.470000E+00 0.309036E-02
 -.450000E+00 0.309038E-02
 -.430000E+00 0.309018E-02
 -.410000E+00 0.309006E-02
 -.390000E+00 0.309022E-02
 -.370000E+00 0.309040E-02
 -.350000E+00 0.309033E-02
 -.330000E+00 0.309011E-02
 -.310000E+00 0.309008E-02
 -.290000E+00 0.309029E-02
 -.270000E+00 0.309041E-02
 -.250000E+00 0.309026E-02
 -.230000E+00 0.309007E-02
 -.210000E+00 0.309014E-02
 -.190000E+00 0.309035E-02
 -.170000E+00 0.309039E-02
 -.150000E+00 0.309019E-02
 -.130000E+00 0.309006E-02
 -.110000E+00 0.309020E-02
 -.900000E-01 0.309040E-02
 -.700000E-01 0.309034E-02
 -.500000E-01 0.309012E-02
 -.300000E-01 0.309008E-02
 -.100000E-01 0.309028E-02
 0.100000E-01 0.309041E-02
 0.300000E-01 0.309028E-02
 0.500000E-01 0.309008E-02
 0.700000E-01 0.309012E-02
 0.900000E-01 0.309034E-02
 0.110000E+00 0.309040E-02
 0.130000E+00 0.309020E-02
 0.150000E+00 0.309006E-02
 0.170000E+00 0.309019E-02
 0.190000E+00 0.309039E-02
 0.210000E+00 0.309035E-02
 0.230000E+00 0.309013E-02
 0.250000E+00 0.309007E-02
 0.270000E+00 0.309026E-02
 0.290000E+00 0.309041E-02
 0.310000E+00 0.309029E-02
 0.330000E+00 0.309008E-02
 0.350000E+00 0.309011E-02
 0.370000E+00 0.309033E-02
 0.390000E+00 0.309040E-02
 0.410000E+00 0.309021E-02
 0.430000E+00 0.309006E-02
 0.450000E+00 0.309018E-02
 0.470000E+00 0.309039E-02
 0.490000E+00 0.309036E-02
 0.510000E+00 0.309014E-02
 0.530000E+00 0.309007E-02
 0.550000E+00 0.309025E-02
 0.570000E+00 0.309041E-02
 0.590000E+00 0.309030E-02
 0.610000E+00 0.309009E-02
 0.630000E+00 0.309011E-02
 0.650000E+00 0.309032E-02
 0.670000E+00 0.309041E-02
 0.690000E+00 0.309023E-02
 0.710000E+00 0.309006E-02
 0.730000E+00 0.309017E-02
 0.750000E+00 0.309038E-02
 0.770000E+00 0.309037E-02
 0.790000E+00 0.309015E-02
 0.810000E+00 0.309006E-02
 0.830000E+00 0.309024E-02
 0.850000E+00 0.309041E-02
 0.870000E+00 0.309031E-02
 0.890000E+00 0.309010E-02
 0.910000E+00 0.309019E-02
 0.930000E+00 0.309010E-02
 0.950000E+00 0.309010E-02
 0.970000E+00 0.309020E-02
 0.990000E+00 0.309036E-02




































































































