 -.990000E+00 -.100686E-01
 -.970000E+00 -.283913E-02
 -.950000E+00 0.227130E-02
 -.930000E+00 0.304803E-02
 -.910000E+00 -.846749E-03
 -.890000E+00 -.624096E-02
 -.870000E+00 -.830896E-02
 -.850000E+00 -.677820E-02
 -.830000E+00 -.231121E-02
 -.810000E+00 0.315755E-02
 -.790000E+00 0.725942E-02
 -.770000E+00 0.821744E-02
 -.750000E+00 0.561618E-02
 -.730000E+00 0.581869E-03
 -.710000E+00 -.470523E-02
 -.690000E+00 -.795502E-02
 -.670000E+00 -.775954E-02
 -.650000E+00 -.420295E-02
 -.630000E+00 0.117469E-02
 -.610000E+00 0.604431E-02
 -.590000E+00 0.829653E-02
 -.570000E+00 0.695540E-02
 -.550000E+00 0.260131E-02
 -.530000E+00 -.288019E-02
 -.510000E+00 -.711493E-02
 -.490000E+00 -.826844E-02
 -.470000E+00 -.584061E-02
 -.450000E+00 -.882531E-03
 -.430000E+00 0.445855E-02
 -.410000E+00 0.786919E-02
 -.390000E+00 0.787175E-02
 -.370000E+00 0.446463E-02
 -.350000E+00 -.876866E-03
 -.330000E+00 -.583934E-02
 -.310000E+00 -.827321E-02
 -.290000E+00 -.712386E-02
 -.270000E+00 -.288861E-02
 -.250000E+00 0.259848E-02
 -.230000E+00 0.696084E-02
 -.210000E+00 0.830873E-02
 -.190000E+00 0.605786E-02
 -.170000E+00 0.118266E-02
 -.150000E+00 -.420553E-02
 -.130000E+00 -.777287E-02
 -.110000E+00 -.797389E-02
 -.900000E-01 -.472101E-02
 -.700000E-01 0.577275E-03
 -.500000E-01 0.562630E-02
 -.300000E-01 0.823901E-02
 -.100000E-01 0.728335E-02
 0.100000E-01 0.317273E-02
 0.300000E-01 -.231278E-02
 0.500000E-01 -.679731E-02
 0.700000E-01 -.833822E-02
 0.900000E-01 -.626762E-02
 0.110000E+00 -.148187E-02
 0.130000E+00 0.394647E-02
 0.150000E+00 0.766618E-02
 0.170000E+00 0.806580E-02
 0.190000E+00 0.497174E-02
 0.210000E+00 -.276306E-03
 0.230000E+00 -.540545E-02
 0.250000E+00 -.819396E-02
 0.270000E+00 -.743363E-02
 0.290000E+00 -.345328E-02
 0.310000E+00 0.202346E-02
 0.330000E+00 0.662455E-02
 0.350000E+00 0.835686E-02
 0.370000E+00 0.646962E-02
 0.390000E+00 0.177975E-02
 0.410000E+00 -.368171E-02
 0.430000E+00 -.754924E-02
 0.450000E+00 -.814735E-02
 0.470000E+00 -.521649E-02
 0.490000E+00 -.256480E-04
 0.510000E+00 0.517707E-02
 0.530000E+00 0.813809E-02
 0.550000E+00 0.757449E-02
 0.570000E+00 0.372989E-02
 0.590000E+00 -.173090E-02
 0.610000E+00 -.644275E-02
 0.630000E+00 -.836460E-02
 0.650000E+00 -.666356E-02
 0.670000E+00 -.207593E-02
 0.690000E+00 0.341159E-02
 0.710000E+00 0.742217E-02
 0.730000E+00 0.821840E-02
 0.750000E+00 0.545491E-02
 0.770000E+00 0.328195E-03
 0.790000E+00 -.494144E-02
 0.810000E+00 -.807145E-02
 0.830000E+00 -.770573E-02
 0.850000E+00 -.400220E-02
 0.870000E+00 0.143546E-02
 0.890000E+00 0.625214E-02
 0.910000E+00 0.773764E-02
 0.930000E+00 0.773761E-02
 0.950000E+00 0.773756E-02
 0.970000E+00 0.773752E-02
 0.990000E+00 0.773750E-02




































































































 -.990000E+00 -.173676E+00
 -.970000E+00 -.176129E+00
 -.950000E+00 -.178574E+00
 -.930000E+00 -.181011E+00
 -.910000E+00 -.183437E+00
 -.890000E+00 -.184802E+00
 -.870000E+00 -.184980E+00
 -.850000E+00 -.184978E+00
 -.830000E+00 -.184795E+00
 -.810000E+00 -.184433E+00
 -.790000E+00 -.183890E+00
 -.770000E+00 -.183167E+00
 -.750000E+00 -.182266E+00
 -.730000E+00 -.181187E+00
 -.710000E+00 -.179931E+00
 -.690000E+00 -.178500E+00
 -.670000E+00 -.176894E+00
 -.650000E+00 -.175115E+00
 -.630000E+00 -.173165E+00
 -.610000E+00 -.171046E+00
 -.590000E+00 -.168759E+00
 -.570000E+00 -.166308E+00
 -.550000E+00 -.163694E+00
 -.530000E+00 -.160920E+00
 -.510000E+00 -.157989E+00
 -.490000E+00 -.154903E+00
 -.470000E+00 -.151665E+00
 -.450000E+00 -.148279E+00
 -.430000E+00 -.144748E+00
 -.410000E+00 -.141075E+00
 -.390000E+00 -.137264E+00
 -.370000E+00 -.133318E+00
 -.350000E+00 -.129242E+00
 -.330000E+00 -.125039E+00
 -.310000E+00 -.120713E+00
 -.290000E+00 -.116269E+00
 -.270000E+00 -.111711E+00
 -.250000E+00 -.107043E+00
 -.230000E+00 -.102269E+00
 -.210000E+00 -.973957E-01
 -.190000E+00 -.924262E-01
 -.170000E+00 -.873657E-01
 -.150000E+00 -.822192E-01
 -.130000E+00 -.769916E-01
 -.110000E+00 -.716881E-01
 -.900000E-01 -.663139E-01
 -.700000E-01 -.608740E-01
 -.500000E-01 -.553739E-01
 -.300000E-01 -.498189E-01
 -.100000E-01 -.442144E-01
 0.100000E-01 -.385659E-01
 0.300000E-01 -.328788E-01
 0.500000E-01 -.271588E-01
 0.700000E-01 -.214114E-01
 0.900000E-01 -.156422E-01
 0.110000E+00 -.985678E-02
 0.130000E+00 -.406087E-02
 0.150000E+00 0.173992E-02
 0.170000E+00 0.753990E-02
 0.190000E+00 0.133334E-01
 0.210000E+00 0.191148E-01
 0.230000E+00 0.248785E-01
 0.250000E+00 0.306188E-01
 0.270000E+00 0.363300E-01
 0.290000E+00 0.420067E-01
 0.310000E+00 0.476433E-01
 0.330000E+00 0.532342E-01
 0.350000E+00 0.587740E-01
 0.370000E+00 0.642573E-01
 0.390000E+00 0.696787E-01
 0.410000E+00 0.750330E-01
 0.430000E+00 0.803148E-01
 0.450000E+00 0.855190E-01
 0.470000E+00 0.906405E-01
 0.490000E+00 0.956743E-01
 0.510000E+00 0.100616E+00
 0.530000E+00 0.105459E+00
 0.550000E+00 0.110201E+00
 0.570000E+00 0.114836E+00
 0.590000E+00 0.119359E+00
 0.610000E+00 0.123766E+00
 0.630000E+00 0.128054E+00
 0.650000E+00 0.132217E+00
 0.670000E+00 0.136251E+00
 0.690000E+00 0.140153E+00
 0.710000E+00 0.143919E+00
 0.730000E+00 0.147546E+00
 0.750000E+00 0.151028E+00
 0.770000E+00 0.154364E+00
 0.790000E+00 0.157550E+00
 0.810000E+00 0.160582E+00
 0.830000E+00 0.163458E+00
 0.850000E+00 0.166175E+00
 0.870000E+00 0.168730E+00
 0.890000E+00 0.171121E+00
 0.910000E+00 0.172255E+00
 0.930000E+00 0.172256E+00
 0.950000E+00 0.172257E+00
 0.970000E+00 0.172257E+00
 0.990000E+00 0.172257E+00




































































































 -.990000E+00 -.676358E-01
 -.970000E+00 -.635586E-01
 -.950000E+00 -.594979E-01
 -.930000E+00 -.554550E-01
 -.910000E+00 -.514309E-01
 -.890000E+00 -.459791E-01
 -.870000E+00 -.390774E-01
 -.850000E+00 -.321668E-01
 -.830000E+00 -.252487E-01
 -.810000E+00 -.183245E-01
 -.790000E+00 -.113956E-01
 -.770000E+00 -.446349E-02
 -.750000E+00 0.247044E-02
 -.730000E+00 0.940475E-02
 -.710000E+00 0.163380E-01
 -.690000E+00 0.232688E-01
 -.670000E+00 0.301958E-01
 -.650000E+00 0.371174E-01
 -.630000E+00 0.440322E-01
 -.610000E+00 0.509389E-01
 -.590000E+00 0.578360E-01
 -.570000E+00 0.647221E-01
 -.550000E+00 0.715957E-01
 -.530000E+00 0.784555E-01
 -.510000E+00 0.853000E-01
 -.490000E+00 0.921278E-01
 -.470000E+00 0.989376E-01
 -.450000E+00 0.105728E+00
 -.430000E+00 0.112497E+00
 -.410000E+00 0.119244E+00
 -.390000E+00 0.125968E+00
 -.370000E+00 0.132666E+00
 -.350000E+00 0.139338E+00
 -.330000E+00 0.145982E+00
 -.310000E+00 0.152596E+00
 -.290000E+00 0.159181E+00
 -.270000E+00 0.165733E+00
 -.250000E+00 0.172252E+00
 -.230000E+00 0.178736E+00
 -.210000E+00 0.185184E+00
 -.190000E+00 0.191595E+00
 -.170000E+00 0.197968E+00
 -.150000E+00 0.204300E+00
 -.130000E+00 0.210591E+00
 -.110000E+00 0.216840E+00
 -.900000E-01 0.223044E+00
 -.700000E-01 0.229204E+00
 -.500000E-01 0.235317E+00
 -.300000E-01 0.241382E+00
 -.100000E-01 0.247399E+00
 0.100000E-01 0.253365E+00
 0.300000E-01 0.259280E+00
 0.500000E-01 0.265143E+00
 0.700000E-01 0.270951E+00
 0.900000E-01 0.276704E+00
 0.110000E+00 0.282402E+00
 0.130000E+00 0.288042E+00
 0.150000E+00 0.293623E+00
 0.170000E+00 0.299144E+00
 0.190000E+00 0.304605E+00
 0.210000E+00 0.310004E+00
 0.230000E+00 0.315339E+00
 0.250000E+00 0.320611E+00
 0.270000E+00 0.325817E+00
 0.290000E+00 0.330957E+00
 0.310000E+00 0.336029E+00
 0.330000E+00 0.341033E+00
 0.350000E+00 0.345968E+00
 0.370000E+00 0.350832E+00
 0.390000E+00 0.355624E+00
 0.410000E+00 0.360344E+00
 0.430000E+00 0.364991E+00
 0.450000E+00 0.369563E+00
 0.470000E+00 0.374060E+00
 0.490000E+00 0.378480E+00
 0.510000E+00 0.382823E+00
 0.530000E+00 0.387089E+00
 0.550000E+00 0.391275E+00
 0.570000E+00 0.395382E+00
 0.590000E+00 0.399408E+00
 0.610000E+00 0.403352E+00
 0.630000E+00 0.407214E+00
 0.650000E+00 0.410993E+00
 0.670000E+00 0.414688E+00
 0.690000E+00 0.418299E+00
 0.710000E+00 0.421824E+00
 0.730000E+00 0.425264E+00
 0.750000E+00 0.428616E+00
 0.770000E+00 0.431881E+00
 0.790000E+00 0.435058E+00
 0.810000E+00 0.438146E+00
 0.830000E+00 0.441145E+00
 0.850000E+00 0.444054E+00
 0.870000E+00 0.446872E+00
 0.890000E+00 0.449599E+00
 0.910000E+00 0.450929E+00
 0.930000E+00 0.450929E+00
 0.950000E+00 0.450929E+00
 0.970000E+00 0.450929E+00
 0.990000E+00 0.450929E+00




































































































 -.990000E+00 0.955997E+00
 -.970000E+00 0.960646E+00
 -.950000E+00 0.965070E+00
 -.930000E+00 0.969261E+00
 -.910000E+00 0.973214E+00
 -.890000E+00 0.975929E+00
 -.870000E+00 0.977548E+00
 -.850000E+00 0.979111E+00
 -.830000E+00 0.980618E+00
 -.810000E+00 0.982069E+00
 -.790000E+00 0.983464E+00
 -.770000E+00 0.984803E+00
 -.750000E+00 0.986085E+00
 -.730000E+00 0.987311E+00
 -.710000E+00 0.988480E+00
 -.690000E+00 0.989593E+00
 -.670000E+00 0.990650E+00
 -.650000E+00 0.991650E+00
 -.630000E+00 0.992594E+00
 -.610000E+00 0.993481E+00
 -.590000E+00 0.994311E+00
 -.570000E+00 0.995085E+00
 -.550000E+00 0.995802E+00
 -.530000E+00 0.996463E+00
 -.510000E+00 0.997067E+00
 -.490000E+00 0.997614E+00
 -.470000E+00 0.998104E+00
 -.450000E+00 0.998538E+00
 -.430000E+00 0.998915E+00
 -.410000E+00 0.999236E+00
 -.390000E+00 0.999500E+00
 -.370000E+00 0.999707E+00
 -.350000E+00 0.999858E+00
 -.330000E+00 0.999952E+00
 -.310000E+00 0.999989E+00
 -.290000E+00 0.999970E+00
 -.270000E+00 0.999894E+00
 -.250000E+00 0.999762E+00
 -.230000E+00 0.999573E+00
 -.210000E+00 0.999328E+00
 -.190000E+00 0.999027E+00
 -.170000E+00 0.998669E+00
 -.150000E+00 0.998254E+00
 -.130000E+00 0.997784E+00
 -.110000E+00 0.997257E+00
 -.900000E-01 0.996675E+00
 -.700000E-01 0.996036E+00
 -.500000E-01 0.995341E+00
 -.300000E-01 0.994590E+00
 -.100000E-01 0.993784E+00
 0.100000E-01 0.992921E+00
 0.300000E-01 0.992003E+00
 0.500000E-01 0.991029E+00
 0.700000E-01 0.989999E+00
 0.900000E-01 0.988914E+00
 0.110000E+00 0.987774E+00
 0.130000E+00 0.986578E+00
 0.150000E+00 0.985328E+00
 0.170000E+00 0.984022E+00
 0.190000E+00 0.982660E+00
 0.210000E+00 0.981245E+00
 0.230000E+00 0.979774E+00
 0.250000E+00 0.978248E+00
 0.270000E+00 0.976668E+00
 0.290000E+00 0.975033E+00
 0.310000E+00 0.973344E+00
 0.330000E+00 0.971601E+00
 0.350000E+00 0.969804E+00
 0.370000E+00 0.967952E+00
 0.390000E+00 0.966047E+00
 0.410000E+00 0.964088E+00
 0.430000E+00 0.962075E+00
 0.450000E+00 0.960009E+00
 0.470000E+00 0.957890E+00
 0.490000E+00 0.955717E+00
 0.510000E+00 0.953491E+00
 0.530000E+00 0.951212E+00
 0.550000E+00 0.948881E+00
 0.570000E+00 0.946497E+00
 0.590000E+00 0.944060E+00
 0.610000E+00 0.941571E+00
 0.630000E+00 0.939030E+00
 0.650000E+00 0.936437E+00
 0.670000E+00 0.933792E+00
 0.690000E+00 0.931095E+00
 0.710000E+00 0.928347E+00
 0.730000E+00 0.925547E+00
 0.750000E+00 0.922697E+00
 0.770000E+00 0.919795E+00
 0.790000E+00 0.916842E+00
 0.810000E+00 0.913839E+00
 0.830000E+00 0.910785E+00
 0.850000E+00 0.907681E+00
 0.870000E+00 0.904527E+00
 0.890000E+00 0.901323E+00
 0.910000E+00 0.899704E+00
 0.930000E+00 0.899705E+00
 0.950000E+00 0.899707E+00
 0.970000E+00 0.899708E+00
 0.990000E+00 0.899708E+00




































































































 -.990000E+00 0.509091E+00
 -.970000E+00 0.504174E+00
 -.950000E+00 0.499205E+00
 -.930000E+00 0.494186E+00
 -.910000E+00 0.489119E+00
 -.890000E+00 0.486432E+00
 -.870000E+00 0.486163E+00
 -.850000E+00 0.485891E+00
 -.830000E+00 0.485618E+00
 -.810000E+00 0.485343E+00
 -.790000E+00 0.485066E+00
 -.770000E+00 0.484788E+00
 -.750000E+00 0.484508E+00
 -.730000E+00 0.484226E+00
 -.710000E+00 0.483942E+00
 -.690000E+00 0.483656E+00
 -.670000E+00 0.483369E+00
 -.650000E+00 0.483080E+00
 -.630000E+00 0.482789E+00
 -.610000E+00 0.482497E+00
 -.590000E+00 0.482202E+00
 -.570000E+00 0.481906E+00
 -.550000E+00 0.481608E+00
 -.530000E+00 0.481308E+00
 -.510000E+00 0.481006E+00
 -.490000E+00 0.480702E+00
 -.470000E+00 0.480397E+00
 -.450000E+00 0.480089E+00
 -.430000E+00 0.479780E+00
 -.410000E+00 0.479468E+00
 -.390000E+00 0.479155E+00
 -.370000E+00 0.478840E+00
 -.350000E+00 0.478523E+00
 -.330000E+00 0.478204E+00
 -.310000E+00 0.477882E+00
 -.290000E+00 0.477559E+00
 -.270000E+00 0.477234E+00
 -.250000E+00 0.476907E+00
 -.230000E+00 0.476578E+00
 -.210000E+00 0.476247E+00
 -.190000E+00 0.475914E+00
 -.170000E+00 0.475578E+00
 -.150000E+00 0.475241E+00
 -.130000E+00 0.474901E+00
 -.110000E+00 0.474560E+00
 -.900000E-01 0.474216E+00
 -.700000E-01 0.473870E+00
 -.500000E-01 0.473522E+00
 -.300000E-01 0.473172E+00
 -.100000E-01 0.472820E+00
 0.100000E-01 0.472465E+00
 0.300000E-01 0.472108E+00
 0.500000E-01 0.471749E+00
 0.700000E-01 0.471388E+00
 0.900000E-01 0.471025E+00
 0.110000E+00 0.470659E+00
 0.130000E+00 0.470291E+00
 0.150000E+00 0.469920E+00
 0.170000E+00 0.469548E+00
 0.190000E+00 0.469173E+00
 0.210000E+00 0.468795E+00
 0.230000E+00 0.468415E+00
 0.250000E+00 0.468033E+00
 0.270000E+00 0.467648E+00
 0.290000E+00 0.467261E+00
 0.310000E+00 0.466872E+00
 0.330000E+00 0.466480E+00
 0.350000E+00 0.466085E+00
 0.370000E+00 0.465688E+00
 0.390000E+00 0.465289E+00
 0.410000E+00 0.464887E+00
 0.430000E+00 0.464482E+00
 0.450000E+00 0.464075E+00
 0.470000E+00 0.463665E+00
 0.490000E+00 0.463253E+00
 0.510000E+00 0.462838E+00
 0.530000E+00 0.462420E+00
 0.550000E+00 0.461999E+00
 0.570000E+00 0.461576E+00
 0.590000E+00 0.461150E+00
 0.610000E+00 0.460722E+00
 0.630000E+00 0.460290E+00
 0.650000E+00 0.459856E+00
 0.670000E+00 0.459419E+00
 0.690000E+00 0.458979E+00
 0.710000E+00 0.458537E+00
 0.730000E+00 0.458091E+00
 0.750000E+00 0.457642E+00
 0.770000E+00 0.457191E+00
 0.790000E+00 0.456737E+00
 0.810000E+00 0.456279E+00
 0.830000E+00 0.455819E+00
 0.850000E+00 0.455355E+00
 0.870000E+00 0.454889E+00
 0.890000E+00 0.454419E+00
 0.910000E+00 0.454224E+00
 0.930000E+00 0.454294E+00
 0.950000E+00 0.454345E+00
 0.970000E+00 0.454375E+00
 0.990000E+00 0.454386E+00




































































































 -.990000E+00 0.453751E+00
 -.970000E+00 0.445960E+00
 -.950000E+00 0.438191E+00
 -.930000E+00 0.430445E+00
 -.910000E+00 0.422724E+00
 -.890000E+00 0.418770E+00
 -.870000E+00 0.418564E+00
 -.850000E+00 0.418359E+00
 -.830000E+00 0.418154E+00
 -.810000E+00 0.417948E+00
 -.790000E+00 0.417743E+00
 -.770000E+00 0.417538E+00
 -.750000E+00 0.417332E+00
 -.730000E+00 0.417127E+00
 -.710000E+00 0.416921E+00
 -.690000E+00 0.416716E+00
 -.670000E+00 0.416510E+00
 -.650000E+00 0.416305E+00
 -.630000E+00 0.416099E+00
 -.610000E+00 0.415893E+00
 -.590000E+00 0.415688E+00
 -.570000E+00 0.415482E+00
 -.550000E+00 0.415277E+00
 -.530000E+00 0.415071E+00
 -.510000E+00 0.414865E+00
 -.490000E+00 0.414660E+00
 -.470000E+00 0.414454E+00
 -.450000E+00 0.414248E+00
 -.430000E+00 0.414042E+00
 -.410000E+00 0.413836E+00
 -.390000E+00 0.413631E+00
 -.370000E+00 0.413425E+00
 -.350000E+00 0.413219E+00
 -.330000E+00 0.413013E+00
 -.310000E+00 0.412807E+00
 -.290000E+00 0.412601E+00
 -.270000E+00 0.412395E+00
 -.250000E+00 0.412189E+00
 -.230000E+00 0.411983E+00
 -.210000E+00 0.411777E+00
 -.190000E+00 0.411571E+00
 -.170000E+00 0.411365E+00
 -.150000E+00 0.411159E+00
 -.130000E+00 0.410953E+00
 -.110000E+00 0.410747E+00
 -.900000E-01 0.410541E+00
 -.700000E-01 0.410335E+00
 -.500000E-01 0.410129E+00
 -.300000E-01 0.409922E+00
 -.100000E-01 0.409716E+00
 0.100000E-01 0.409510E+00
 0.300000E-01 0.409304E+00
 0.500000E-01 0.409097E+00
 0.700000E-01 0.408891E+00
 0.900000E-01 0.408685E+00
 0.110000E+00 0.408478E+00
 0.130000E+00 0.408272E+00
 0.150000E+00 0.408066E+00
 0.170000E+00 0.407859E+00
 0.190000E+00 0.407653E+00
 0.210000E+00 0.407446E+00
 0.230000E+00 0.407240E+00
 0.250000E+00 0.407033E+00
 0.270000E+00 0.406827E+00
 0.290000E+00 0.406620E+00
 0.310000E+00 0.406414E+00
 0.330000E+00 0.406207E+00
 0.350000E+00 0.406001E+00
 0.370000E+00 0.405794E+00
 0.390000E+00 0.405587E+00
 0.410000E+00 0.405381E+00
 0.430000E+00 0.405174E+00
 0.450000E+00 0.404967E+00
 0.470000E+00 0.404761E+00
 0.490000E+00 0.404554E+00
 0.510000E+00 0.404347E+00
 0.530000E+00 0.404140E+00
 0.550000E+00 0.403933E+00
 0.570000E+00 0.403727E+00
 0.590000E+00 0.403520E+00
 0.610000E+00 0.403313E+00
 0.630000E+00 0.403106E+00
 0.650000E+00 0.402899E+00
 0.670000E+00 0.402692E+00
 0.690000E+00 0.402485E+00
 0.710000E+00 0.402278E+00
 0.730000E+00 0.402071E+00
 0.750000E+00 0.401864E+00
 0.770000E+00 0.401657E+00
 0.790000E+00 0.401450E+00
 0.810000E+00 0.401243E+00
 0.830000E+00 0.401036E+00
 0.850000E+00 0.400829E+00
 0.870000E+00 0.400622E+00
 0.890000E+00 0.400415E+00
 0.910000E+00 0.400307E+00
 0.930000E+00 0.400299E+00
 0.950000E+00 0.400293E+00
 0.970000E+00 0.400290E+00
 0.990000E+00 0.400289E+00




































































































 -.990000E+00 -.161409E+00
 -.970000E+00 -.160940E+00
 -.950000E+00 -.160478E+00
 -.930000E+00 -.160025E+00
 -.910000E+00 -.159578E+00
 -.890000E+00 -.157916E+00
 -.870000E+00 -.155031E+00
 -.850000E+00 -.152143E+00
 -.830000E+00 -.149252E+00
 -.810000E+00 -.146359E+00
 -.790000E+00 -.143462E+00
 -.770000E+00 -.140563E+00
 -.750000E+00 -.137661E+00
 -.730000E+00 -.134756E+00
 -.710000E+00 -.131849E+00
 -.690000E+00 -.128939E+00
 -.670000E+00 -.126026E+00
 -.650000E+00 -.123111E+00
 -.630000E+00 -.120193E+00
 -.610000E+00 -.117272E+00
 -.590000E+00 -.114349E+00
 -.570000E+00 -.111423E+00
 -.550000E+00 -.108495E+00
 -.530000E+00 -.105565E+00
 -.510000E+00 -.102632E+00
 -.490000E+00 -.996961E-01
 -.470000E+00 -.967582E-01
 -.450000E+00 -.938179E-01
 -.430000E+00 -.908753E-01
 -.410000E+00 -.879303E-01
 -.390000E+00 -.849830E-01
 -.370000E+00 -.820334E-01
 -.350000E+00 -.790816E-01
 -.330000E+00 -.761275E-01
 -.310000E+00 -.731712E-01
 -.290000E+00 -.702128E-01
 -.270000E+00 -.672521E-01
 -.250000E+00 -.642894E-01
 -.230000E+00 -.613245E-01
 -.210000E+00 -.583576E-01
 -.190000E+00 -.553886E-01
 -.170000E+00 -.524176E-01
 -.150000E+00 -.494445E-01
 -.130000E+00 -.464695E-01
 -.110000E+00 -.434925E-01
 -.900000E-01 -.405136E-01
 -.700000E-01 -.375328E-01
 -.500000E-01 -.345501E-01
 -.300000E-01 -.315656E-01
 -.100000E-01 -.285792E-01
 0.100000E-01 -.255910E-01
 0.300000E-01 -.226010E-01
 0.500000E-01 -.196093E-01
 0.700000E-01 -.166159E-01
 0.900000E-01 -.136207E-01
 0.110000E+00 -.106239E-01
 0.130000E+00 -.762543E-02
 0.150000E+00 -.462533E-02
 0.170000E+00 -.162363E-02
 0.190000E+00 0.137964E-02
 0.210000E+00 0.438447E-02
 0.230000E+00 0.739082E-02
 0.250000E+00 0.103987E-01
 0.270000E+00 0.134080E-01
 0.290000E+00 0.164187E-01
 0.310000E+00 0.194309E-01
 0.330000E+00 0.224445E-01
 0.350000E+00 0.254595E-01
 0.370000E+00 0.284757E-01
 0.390000E+00 0.314934E-01
 0.410000E+00 0.345123E-01
 0.430000E+00 0.375324E-01
 0.450000E+00 0.405538E-01
 0.470000E+00 0.435764E-01
 0.490000E+00 0.466002E-01
 0.510000E+00 0.496252E-01
 0.530000E+00 0.526513E-01
 0.550000E+00 0.556785E-01
 0.570000E+00 0.587068E-01
 0.590000E+00 0.617362E-01
 0.610000E+00 0.647666E-01
 0.630000E+00 0.677979E-01
 0.650000E+00 0.708303E-01
 0.670000E+00 0.738636E-01
 0.690000E+00 0.768979E-01
 0.710000E+00 0.799330E-01
 0.730000E+00 0.829690E-01
 0.750000E+00 0.860059E-01
 0.770000E+00 0.890436E-01
 0.790000E+00 0.920820E-01
 0.810000E+00 0.951213E-01
 0.830000E+00 0.981613E-01
 0.850000E+00 0.101202E+00
 0.870000E+00 0.104243E+00
 0.890000E+00 0.107285E+00
 0.910000E+00 0.108801E+00
 0.930000E+00 0.108792E+00
 0.950000E+00 0.108785E+00
 0.970000E+00 0.108781E+00
 0.990000E+00 0.108779E+00




































































































 -.990000E+00 -.883709E+00
 -.970000E+00 -.876754E+00
 -.950000E+00 -.869674E+00
 -.930000E+00 -.862476E+00
 -.910000E+00 -.855167E+00
 -.890000E+00 -.849485E+00
 -.870000E+00 -.845474E+00
 -.850000E+00 -.841415E+00
 -.830000E+00 -.837309E+00
 -.810000E+00 -.833155E+00
 -.790000E+00 -.828954E+00
 -.770000E+00 -.824706E+00
 -.750000E+00 -.820411E+00
 -.730000E+00 -.816070E+00
 -.710000E+00 -.811683E+00
 -.690000E+00 -.807250E+00
 -.670000E+00 -.802772E+00
 -.650000E+00 -.798248E+00
 -.630000E+00 -.793679E+00
 -.610000E+00 -.789065E+00
 -.590000E+00 -.784407E+00
 -.570000E+00 -.779705E+00
 -.550000E+00 -.774958E+00
 -.530000E+00 -.770168E+00
 -.510000E+00 -.765335E+00
 -.490000E+00 -.760458E+00
 -.470000E+00 -.755539E+00
 -.450000E+00 -.750577E+00
 -.430000E+00 -.745572E+00
 -.410000E+00 -.740526E+00
 -.390000E+00 -.735438E+00
 -.370000E+00 -.730309E+00
 -.350000E+00 -.725139E+00
 -.330000E+00 -.719927E+00
 -.310000E+00 -.714676E+00
 -.290000E+00 -.709384E+00
 -.270000E+00 -.704052E+00
 -.250000E+00 -.698681E+00
 -.230000E+00 -.693271E+00
 -.210000E+00 -.687821E+00
 -.190000E+00 -.682333E+00
 -.170000E+00 -.676807E+00
 -.150000E+00 -.671242E+00
 -.130000E+00 -.665640E+00
 -.110000E+00 -.660001E+00
 -.900000E-01 -.654324E+00
 -.700000E-01 -.648611E+00
 -.500000E-01 -.642862E+00
 -.300000E-01 -.637076E+00
 -.100000E-01 -.631255E+00
 0.100000E-01 -.625398E+00
 0.300000E-01 -.619506E+00
 0.500000E-01 -.613580E+00
 0.700000E-01 -.607619E+00
 0.900000E-01 -.601623E+00
 0.110000E+00 -.595595E+00
 0.130000E+00 -.589532E+00
 0.150000E+00 -.583437E+00
 0.170000E+00 -.577309E+00
 0.190000E+00 -.571149E+00
 0.210000E+00 -.564957E+00
 0.230000E+00 -.558733E+00
 0.250000E+00 -.552477E+00
 0.270000E+00 -.546191E+00
 0.290000E+00 -.539874E+00
 0.310000E+00 -.533527E+00
 0.330000E+00 -.527150E+00
 0.350000E+00 -.520743E+00
 0.370000E+00 -.514307E+00
 0.390000E+00 -.507843E+00
 0.410000E+00 -.501349E+00
 0.430000E+00 -.494828E+00
 0.450000E+00 -.488279E+00
 0.470000E+00 -.481703E+00
 0.490000E+00 -.475099E+00
 0.510000E+00 -.468469E+00
 0.530000E+00 -.461813E+00
 0.550000E+00 -.455130E+00
 0.570000E+00 -.448422E+00
 0.590000E+00 -.441689E+00
 0.610000E+00 -.434931E+00
 0.630000E+00 -.428149E+00
 0.650000E+00 -.421342E+00
 0.670000E+00 -.414512E+00
 0.690000E+00 -.407659E+00
 0.710000E+00 -.400783E+00
 0.730000E+00 -.393884E+00
 0.750000E+00 -.386963E+00
 0.770000E+00 -.380020E+00
 0.790000E+00 -.373055E+00
 0.810000E+00 -.366070E+00
 0.830000E+00 -.359064E+00
 0.850000E+00 -.352038E+00
 0.870000E+00 -.344992E+00
 0.890000E+00 -.337926E+00
 0.910000E+00 -.334388E+00
 0.930000E+00 -.334390E+00
 0.950000E+00 -.334392E+00
 0.970000E+00 -.334393E+00
 0.990000E+00 -.334393E+00




































































































 -.990000E+00 -.262751E+00
 -.970000E+00 -.272212E+00
 -.950000E+00 -.281530E+00
 -.930000E+00 -.290701E+00
 -.910000E+00 -.299718E+00
 -.890000E+00 -.306870E+00
 -.870000E+00 -.312230E+00
 -.850000E+00 -.317526E+00
 -.830000E+00 -.322759E+00
 -.810000E+00 -.327926E+00
 -.790000E+00 -.333026E+00
 -.770000E+00 -.338059E+00
 -.750000E+00 -.343024E+00
 -.730000E+00 -.347918E+00
 -.710000E+00 -.352742E+00
 -.690000E+00 -.357495E+00
 -.670000E+00 -.362175E+00
 -.650000E+00 -.366781E+00
 -.630000E+00 -.371312E+00
 -.610000E+00 -.375768E+00
 -.590000E+00 -.380147E+00
 -.570000E+00 -.384449E+00
 -.550000E+00 -.388673E+00
 -.530000E+00 -.392817E+00
 -.510000E+00 -.396881E+00
 -.490000E+00 -.400864E+00
 -.470000E+00 -.404766E+00
 -.450000E+00 -.408584E+00
 -.430000E+00 -.412320E+00
 -.410000E+00 -.415971E+00
 -.390000E+00 -.419537E+00
 -.370000E+00 -.423017E+00
 -.350000E+00 -.426411E+00
 -.330000E+00 -.429717E+00
 -.310000E+00 -.432936E+00
 -.290000E+00 -.436066E+00
 -.270000E+00 -.439107E+00
 -.250000E+00 -.442058E+00
 -.230000E+00 -.444918E+00
 -.210000E+00 -.447688E+00
 -.190000E+00 -.450365E+00
 -.170000E+00 -.452951E+00
 -.150000E+00 -.455443E+00
 -.130000E+00 -.457842E+00
 -.110000E+00 -.460148E+00
 -.900000E-01 -.462359E+00
 -.700000E-01 -.464475E+00
 -.500000E-01 -.466496E+00
 -.300000E-01 -.468421E+00
 -.100000E-01 -.470251E+00
 0.100000E-01 -.471984E+00
 0.300000E-01 -.473620E+00
 0.500000E-01 -.475158E+00
 0.700000E-01 -.476600E+00
 0.900000E-01 -.477943E+00
 0.110000E+00 -.479189E+00
 0.130000E+00 -.480336E+00
 0.150000E+00 -.481384E+00
 0.170000E+00 -.482334E+00
 0.190000E+00 -.483185E+00
 0.210000E+00 -.483936E+00
 0.230000E+00 -.484588E+00
 0.250000E+00 -.485141E+00
 0.270000E+00 -.485594E+00
 0.290000E+00 -.485947E+00
 0.310000E+00 -.486201E+00
 0.330000E+00 -.486354E+00
 0.350000E+00 -.486408E+00
 0.370000E+00 -.486362E+00
 0.390000E+00 -.486216E+00
 0.410000E+00 -.485971E+00
 0.430000E+00 -.485625E+00
 0.450000E+00 -.485180E+00
 0.470000E+00 -.484635E+00
 0.490000E+00 -.483990E+00
 0.510000E+00 -.483246E+00
 0.530000E+00 -.482403E+00
 0.550000E+00 -.481461E+00
 0.570000E+00 -.480420E+00
 0.590000E+00 -.479281E+00
 0.610000E+00 -.478042E+00
 0.630000E+00 -.476706E+00
 0.650000E+00 -.475272E+00
 0.670000E+00 -.473740E+00
 0.690000E+00 -.472111E+00
 0.710000E+00 -.470385E+00
 0.730000E+00 -.468562E+00
 0.750000E+00 -.466643E+00
 0.770000E+00 -.464629E+00
 0.790000E+00 -.462519E+00
 0.810000E+00 -.460314E+00
 0.830000E+00 -.458014E+00
 0.850000E+00 -.455620E+00
 0.870000E+00 -.453133E+00
 0.890000E+00 -.450553E+00
 0.910000E+00 -.449228E+00
 0.930000E+00 -.449228E+00
 0.950000E+00 -.449228E+00
 0.970000E+00 -.449228E+00
 0.990000E+00 -.449228E+00




































































































 -.990000E+00 0.164218E+00
 -.970000E+00 0.158425E+00
 -.950000E+00 0.152626E+00
 -.930000E+00 0.146826E+00
 -.910000E+00 0.141031E+00
 -.890000E+00 0.136211E+00
 -.870000E+00 0.132258E+00
 -.850000E+00 0.128176E+00
 -.830000E+00 0.123967E+00
 -.810000E+00 0.119638E+00
 -.790000E+00 0.115191E+00
 -.770000E+00 0.110631E+00
 -.750000E+00 0.105962E+00
 -.730000E+00 0.101190E+00
 -.710000E+00 0.963180E-01
 -.690000E+00 0.913513E-01
 -.670000E+00 0.862948E-01
 -.650000E+00 0.811534E-01
 -.630000E+00 0.759321E-01
 -.610000E+00 0.706359E-01
 -.590000E+00 0.652700E-01
 -.570000E+00 0.598396E-01
 -.550000E+00 0.543500E-01
 -.530000E+00 0.488065E-01
 -.510000E+00 0.432146E-01
 -.490000E+00 0.375797E-01
 -.470000E+00 0.319072E-01
 -.450000E+00 0.262027E-01
 -.430000E+00 0.204718E-01
 -.410000E+00 0.147200E-01
 -.390000E+00 0.895292E-02
 -.370000E+00 0.317620E-02
 -.350000E+00 -.260454E-02
 -.330000E+00 -.838366E-02
 -.310000E+00 -.141555E-01
 -.290000E+00 -.199145E-01
 -.270000E+00 -.256550E-01
 -.250000E+00 -.313714E-01
 -.230000E+00 -.370581E-01
 -.210000E+00 -.427096E-01
 -.190000E+00 -.483203E-01
 -.170000E+00 -.538848E-01
 -.150000E+00 -.593977E-01
 -.130000E+00 -.648535E-01
 -.110000E+00 -.702469E-01
 -.900000E-01 -.755727E-01
 -.700000E-01 -.808256E-01
 -.500000E-01 -.860005E-01
 -.300000E-01 -.910924E-01
 -.100000E-01 -.960962E-01
 0.100000E-01 -.101007E+00
 0.300000E-01 -.105820E+00
 0.500000E-01 -.110531E+00
 0.700000E-01 -.115135E+00
 0.900000E-01 -.119627E+00
 0.110000E+00 -.124003E+00
 0.130000E+00 -.128259E+00
 0.150000E+00 -.132390E+00
 0.170000E+00 -.136393E+00
 0.190000E+00 -.140263E+00
 0.210000E+00 -.143997E+00
 0.230000E+00 -.147592E+00
 0.250000E+00 -.151042E+00
 0.270000E+00 -.154347E+00
 0.290000E+00 -.157500E+00
 0.310000E+00 -.160501E+00
 0.330000E+00 -.163346E+00
 0.350000E+00 -.166032E+00
 0.370000E+00 -.168556E+00
 0.390000E+00 -.170916E+00
 0.410000E+00 -.173110E+00
 0.430000E+00 -.175135E+00
 0.450000E+00 -.176989E+00
 0.470000E+00 -.178672E+00
 0.490000E+00 -.180180E+00
 0.510000E+00 -.181512E+00
 0.530000E+00 -.182668E+00
 0.550000E+00 -.183646E+00
 0.570000E+00 -.184444E+00
 0.590000E+00 -.185063E+00
 0.610000E+00 -.185501E+00
 0.630000E+00 -.185759E+00
 0.650000E+00 -.185835E+00
 0.670000E+00 -.185730E+00
 0.690000E+00 -.185444E+00
 0.710000E+00 -.184977E+00
 0.730000E+00 -.184329E+00
 0.750000E+00 -.183501E+00
 0.770000E+00 -.182494E+00
 0.790000E+00 -.181309E+00
 0.810000E+00 -.179947E+00
 0.830000E+00 -.178409E+00
 0.850000E+00 -.176697E+00
 0.870000E+00 -.174813E+00
 0.890000E+00 -.172757E+00
 0.910000E+00 -.171666E+00
 0.930000E+00 -.171665E+00
 0.950000E+00 -.171665E+00
 0.970000E+00 -.171665E+00
 0.990000E+00 -.171665E+00




































































































 -.990000E+00 0.758495E-02
 -.970000E+00 0.823471E-02
 -.950000E+00 0.866927E-02
 -.930000E+00 0.870046E-02
 -.910000E+00 0.831468E-02
 -.890000E+00 0.830265E-02
 -.870000E+00 0.617996E-02
 -.850000E+00 0.138009E-02
 -.830000E+00 -.401829E-02
 -.810000E+00 -.767693E-02
 -.790000E+00 -.801081E-02
 -.770000E+00 -.487483E-02
 -.750000E+00 0.373176E-03
 -.730000E+00 0.546031E-02
 -.710000E+00 0.818304E-02
 -.690000E+00 0.736166E-02
 -.670000E+00 0.335141E-02
 -.650000E+00 -.211110E-02
 -.630000E+00 -.665999E-02
 -.610000E+00 -.832475E-02
 -.590000E+00 -.638385E-02
 -.570000E+00 -.167747E-02
 -.550000E+00 0.375621E-02
 -.530000E+00 0.756368E-02
 -.510000E+00 0.809547E-02
 -.490000E+00 0.512075E-02
 -.470000E+00 -.724819E-04
 -.450000E+00 -.523509E-02
 -.430000E+00 -.813086E-02
 -.410000E+00 -.750514E-02
 -.390000E+00 -.362844E-02
 -.370000E+00 0.182050E-02
 -.350000E+00 0.648170E-02
 -.330000E+00 0.833600E-02
 -.310000E+00 0.657981E-02
 -.290000E+00 0.197328E-02
 -.270000E+00 -.348866E-02
 -.250000E+00 -.744029E-02
 -.230000E+00 -.816970E-02
 -.210000E+00 -.536048E-02
 -.190000E+00 -.228930E-03
 -.170000E+00 0.500254E-02
 -.150000E+00 0.806792E-02
 -.130000E+00 0.763909E-02
 -.110000E+00 0.390130E-02
 -.900000E-01 -.152692E-02
 -.700000E-01 -.629454E-02
 -.500000E-01 -.833637E-02
 -.300000E-01 -.676756E-02
 -.100000E-01 -.226712E-02
 0.100000E-01 0.321600E-02
 0.300000E-01 0.730690E-02
 0.500000E-01 0.823340E-02
 0.700000E-01 0.559369E-02
 0.900000E-01 0.530668E-03
 0.110000E+00 -.476297E-02
 0.130000E+00 -.799429E-02
 0.150000E+00 -.776332E-02
 0.170000E+00 -.416961E-02
 0.190000E+00 0.123072E-02
 0.210000E+00 0.609876E-02
 0.230000E+00 0.832582E-02
 0.250000E+00 0.694683E-02
 0.270000E+00 0.255860E-02
 0.290000E+00 -.293856E-02
 0.310000E+00 -.716368E-02
 0.330000E+00 -.828644E-02
 0.350000E+00 -.582007E-02
 0.370000E+00 -.832337E-03
 0.390000E+00 0.451666E-02
 0.410000E+00 0.791004E-02
 0.430000E+00 0.787765E-02
 0.450000E+00 0.443302E-02
 0.470000E+00 -.932304E-03
 0.490000E+00 -.589459E-02
 0.510000E+00 -.830434E-02
 0.530000E+00 -.711739E-02
 0.550000E+00 -.284733E-02
 0.570000E+00 0.265669E-02
 0.590000E+00 0.701077E-02
 0.610000E+00 0.832875E-02
 0.630000E+00 0.603929E-02
 0.650000E+00 0.113354E-02
 0.670000E+00 -.426393E-02
 0.690000E+00 -.781526E-02
 0.710000E+00 -.798190E-02
 0.730000E+00 -.469117E-02
 0.750000E+00 0.632046E-03
 0.770000E+00 0.568228E-02
 0.790000E+00 0.827196E-02
 0.810000E+00 0.727898E-02
 0.830000E+00 0.313294E-02
 0.850000E+00 -.237077E-02
 0.870000E+00 -.684838E-02
 0.890000E+00 -.836025E-02
 0.910000E+00 -.773662E-02
 0.930000E+00 -.773700E-02
 0.950000E+00 -.773754E-02
 0.970000E+00 -.773799E-02
 0.990000E+00 -.773818E-02




































































































