 -.990000E+00 -.320469E-02
 -.970000E+00 -.320469E-02
 -.950000E+00 -.320470E-02
 -.930000E+00 -.320470E-02
 -.910000E+00 -.320471E-02
 -.890000E+00 -.557224E-02
 -.870000E+00 -.825039E-02
 -.850000E+00 -.735498E-02
 -.830000E+00 -.327433E-02
 -.810000E+00 0.222379E-02
 -.790000E+00 0.675800E-02
 -.770000E+00 0.836471E-02
 -.750000E+00 0.634851E-02
 -.730000E+00 0.158313E-02
 -.710000E+00 -.386719E-02
 -.690000E+00 -.764185E-02
 -.670000E+00 -.810635E-02
 -.650000E+00 -.505999E-02
 -.630000E+00 0.177345E-03
 -.610000E+00 0.533710E-02
 -.590000E+00 0.818465E-02
 -.570000E+00 0.748708E-02
 -.550000E+00 0.354703E-02
 -.530000E+00 -.192861E-02
 -.510000E+00 -.656819E-02
 -.490000E+00 -.836246E-02
 -.470000E+00 -.653476E-02
 -.450000E+00 -.187719E-02
 -.430000E+00 0.359268E-02
 -.410000E+00 0.750579E-02
 -.390000E+00 0.816763E-02
 -.370000E+00 0.529206E-02
 -.350000E+00 0.124968E-03
 -.330000E+00 -.509548E-02
 -.310000E+00 -.810835E-02
 -.290000E+00 -.760913E-02
 -.270000E+00 -.381454E-02
 -.250000E+00 0.163153E-02
 -.230000E+00 0.637019E-02
 -.210000E+00 0.834928E-02
 -.190000E+00 0.671209E-02
 -.170000E+00 0.216820E-02
 -.150000E+00 -.331405E-02
 -.130000E+00 -.736020E-02
 -.110000E+00 -.821812E-02
 -.900000E-01 -.551673E-02
 -.700000E-01 -.426492E-03
 -.500000E-01 0.484770E-02
 -.300000E-01 0.802162E-02
 -.100000E-01 0.772098E-02
 0.100000E-01 0.407651E-02
 0.300000E-01 -.133292E-02
 0.500000E-01 -.616428E-02
 0.700000E-01 -.832523E-02
 0.900000E-01 -.688028E-02
 0.110000E+00 -.245577E-02
 0.130000E+00 0.303166E-02
 0.150000E+00 0.720529E-02
 0.170000E+00 0.825777E-02
 0.190000E+00 0.573372E-02
 0.210000E+00 0.726834E-03
 0.230000E+00 -.459410E-02
 0.250000E+00 -.792458E-02
 0.270000E+00 -.782252E-02
 0.290000E+00 -.433261E-02
 0.310000E+00 0.103320E-02
 0.330000E+00 0.595074E-02
 0.350000E+00 0.829034E-02
 0.370000E+00 0.703914E-02
 0.390000E+00 0.273953E-02
 0.410000E+00 -.274590E-02
 0.430000E+00 -.704130E-02
 0.450000E+00 -.828654E-02
 0.470000E+00 -.594278E-02
 0.490000E+00 -.102561E-02
 0.510000E+00 0.433502E-02
 0.530000E+00 0.781740E-02
 0.550000E+00 0.791362E-02
 0.570000E+00 0.458252E-02
 0.590000E+00 -.732739E-03
 0.610000E+00 -.572987E-02
 0.630000E+00 -.824470E-02
 0.650000E+00 -.718847E-02
 0.670000E+00 -.301913E-02
 0.690000E+00 0.245714E-02
 0.710000E+00 0.686844E-02
 0.730000E+00 0.830443E-02
 0.750000E+00 0.614364E-02
 0.770000E+00 0.132242E-02
 0.790000E+00 -.407082E-02
 0.810000E+00 -.770023E-02
 0.830000E+00 -.799420E-02
 0.850000E+00 -.482592E-02
 0.870000E+00 0.431948E-03
 0.890000E+00 0.550197E-02
 0.910000E+00 0.546421E-02
 0.930000E+00 -.695345E-03
 0.950000E+00 -.794078E-02
 0.970000E+00 -.131337E-01
 0.990000E+00 -.140265E-01




































































































 -.990000E+00 -.710253E-01
 -.970000E+00 -.710253E-01
 -.950000E+00 -.710253E-01
 -.930000E+00 -.710254E-01
 -.910000E+00 -.710254E-01
 -.890000E+00 -.737011E-01
 -.870000E+00 -.789971E-01
 -.850000E+00 -.842154E-01
 -.830000E+00 -.893507E-01
 -.810000E+00 -.943981E-01
 -.790000E+00 -.993526E-01
 -.770000E+00 -.104210E+00
 -.750000E+00 -.108964E+00
 -.730000E+00 -.113612E+00
 -.710000E+00 -.118148E+00
 -.690000E+00 -.122568E+00
 -.670000E+00 -.126867E+00
 -.650000E+00 -.131043E+00
 -.630000E+00 -.135090E+00
 -.610000E+00 -.139004E+00
 -.590000E+00 -.142783E+00
 -.570000E+00 -.146421E+00
 -.550000E+00 -.149916E+00
 -.530000E+00 -.153264E+00
 -.510000E+00 -.156463E+00
 -.490000E+00 -.159508E+00
 -.470000E+00 -.162396E+00
 -.450000E+00 -.165126E+00
 -.430000E+00 -.167695E+00
 -.410000E+00 -.170099E+00
 -.390000E+00 -.172337E+00
 -.370000E+00 -.174407E+00
 -.350000E+00 -.176306E+00
 -.330000E+00 -.178033E+00
 -.310000E+00 -.179586E+00
 -.290000E+00 -.180963E+00
 -.270000E+00 -.182163E+00
 -.250000E+00 -.183186E+00
 -.230000E+00 -.184029E+00
 -.210000E+00 -.184693E+00
 -.190000E+00 -.185177E+00
 -.170000E+00 -.185480E+00
 -.150000E+00 -.185602E+00
 -.130000E+00 -.185542E+00
 -.110000E+00 -.185302E+00
 -.900000E-01 -.184881E+00
 -.700000E-01 -.184279E+00
 -.500000E-01 -.183498E+00
 -.300000E-01 -.182538E+00
 -.100000E-01 -.181400E+00
 0.100000E-01 -.180085E+00
 0.300000E-01 -.178595E+00
 0.500000E-01 -.176930E+00
 0.700000E-01 -.175093E+00
 0.900000E-01 -.173086E+00
 0.110000E+00 -.170910E+00
 0.130000E+00 -.168568E+00
 0.150000E+00 -.166062E+00
 0.170000E+00 -.163394E+00
 0.190000E+00 -.160567E+00
 0.210000E+00 -.157584E+00
 0.230000E+00 -.154447E+00
 0.250000E+00 -.151161E+00
 0.270000E+00 -.147727E+00
 0.290000E+00 -.144150E+00
 0.310000E+00 -.140433E+00
 0.330000E+00 -.136580E+00
 0.350000E+00 -.132594E+00
 0.370000E+00 -.128479E+00
 0.390000E+00 -.124239E+00
 0.410000E+00 -.119879E+00
 0.430000E+00 -.115403E+00
 0.450000E+00 -.110815E+00
 0.470000E+00 -.106119E+00
 0.490000E+00 -.101321E+00
 0.510000E+00 -.964243E-01
 0.530000E+00 -.914345E-01
 0.550000E+00 -.863563E-01
 0.570000E+00 -.811947E-01
 0.590000E+00 -.759547E-01
 0.610000E+00 -.706413E-01
 0.630000E+00 -.652599E-01
 0.650000E+00 -.598157E-01
 0.670000E+00 -.543139E-01
 0.690000E+00 -.487599E-01
 0.710000E+00 -.431592E-01
 0.730000E+00 -.375173E-01
 0.750000E+00 -.318396E-01
 0.770000E+00 -.261317E-01
 0.790000E+00 -.203992E-01
 0.810000E+00 -.146476E-01
 0.830000E+00 -.888251E-02
 0.850000E+00 -.310965E-02
 0.870000E+00 0.266540E-02
 0.890000E+00 0.843700E-02
 0.910000E+00 0.115144E-01
 0.930000E+00 0.118506E-01
 0.950000E+00 0.121156E-01
 0.970000E+00 0.123089E-01
 0.990000E+00 0.124302E-01




































































































 -.990000E+00 -.181987E+00
 -.970000E+00 -.181987E+00
 -.950000E+00 -.181987E+00
 -.930000E+00 -.181988E+00
 -.910000E+00 -.181988E+00
 -.890000E+00 -.185196E+00
 -.870000E+00 -.191583E+00
 -.850000E+00 -.197931E+00
 -.830000E+00 -.204237E+00
 -.810000E+00 -.210501E+00
 -.790000E+00 -.216722E+00
 -.770000E+00 -.222898E+00
 -.750000E+00 -.229028E+00
 -.730000E+00 -.235111E+00
 -.710000E+00 -.241145E+00
 -.690000E+00 -.247130E+00
 -.670000E+00 -.253063E+00
 -.650000E+00 -.258945E+00
 -.630000E+00 -.264773E+00
 -.610000E+00 -.270546E+00
 -.590000E+00 -.276264E+00
 -.570000E+00 -.281925E+00
 -.550000E+00 -.287528E+00
 -.530000E+00 -.293071E+00
 -.510000E+00 -.298554E+00
 -.490000E+00 -.303976E+00
 -.470000E+00 -.309335E+00
 -.450000E+00 -.314630E+00
 -.430000E+00 -.319861E+00
 -.410000E+00 -.325026E+00
 -.390000E+00 -.330124E+00
 -.370000E+00 -.335153E+00
 -.350000E+00 -.340114E+00
 -.330000E+00 -.345005E+00
 -.310000E+00 -.349825E+00
 -.290000E+00 -.354572E+00
 -.270000E+00 -.359247E+00
 -.250000E+00 -.363848E+00
 -.230000E+00 -.368374E+00
 -.210000E+00 -.372824E+00
 -.190000E+00 -.377197E+00
 -.170000E+00 -.381493E+00
 -.150000E+00 -.385710E+00
 -.130000E+00 -.389848E+00
 -.110000E+00 -.393905E+00
 -.900000E-01 -.397882E+00
 -.700000E-01 -.401776E+00
 -.500000E-01 -.405588E+00
 -.300000E-01 -.409317E+00
 -.100000E-01 -.412961E+00
 0.100000E-01 -.416520E+00
 0.300000E-01 -.419994E+00
 0.500000E-01 -.423381E+00
 0.700000E-01 -.426681E+00
 0.900000E-01 -.429893E+00
 0.110000E+00 -.433017E+00
 0.130000E+00 -.436052E+00
 0.150000E+00 -.438997E+00
 0.170000E+00 -.441852E+00
 0.190000E+00 -.444616E+00
 0.210000E+00 -.447288E+00
 0.230000E+00 -.449869E+00
 0.250000E+00 -.452357E+00
 0.270000E+00 -.454752E+00
 0.290000E+00 -.457053E+00
 0.310000E+00 -.459261E+00
 0.330000E+00 -.461374E+00
 0.350000E+00 -.463393E+00
 0.370000E+00 -.465316E+00
 0.390000E+00 -.467144E+00
 0.410000E+00 -.468875E+00
 0.430000E+00 -.470511E+00
 0.450000E+00 -.472049E+00
 0.470000E+00 -.473491E+00
 0.490000E+00 -.474836E+00
 0.510000E+00 -.476083E+00
 0.530000E+00 -.477232E+00
 0.550000E+00 -.478283E+00
 0.570000E+00 -.479237E+00
 0.590000E+00 -.480092E+00
 0.610000E+00 -.480848E+00
 0.630000E+00 -.481506E+00
 0.650000E+00 -.482065E+00
 0.670000E+00 -.482525E+00
 0.690000E+00 -.482886E+00
 0.710000E+00 -.483148E+00
 0.730000E+00 -.483311E+00
 0.750000E+00 -.483376E+00
 0.770000E+00 -.483341E+00
 0.790000E+00 -.483207E+00
 0.810000E+00 -.482974E+00
 0.830000E+00 -.482642E+00
 0.850000E+00 -.482211E+00
 0.870000E+00 -.481682E+00
 0.890000E+00 -.481054E+00
 0.910000E+00 -.482384E+00
 0.930000E+00 -.485699E+00
 0.950000E+00 -.488951E+00
 0.970000E+00 -.492140E+00
 0.990000E+00 -.495266E+00




































































































 -.990000E+00 0.436477E+00
 -.970000E+00 0.436477E+00
 -.950000E+00 0.436479E+00
 -.930000E+00 0.436482E+00
 -.910000E+00 0.436486E+00
 -.890000E+00 0.433131E+00
 -.870000E+00 0.426400E+00
 -.850000E+00 0.419644E+00
 -.830000E+00 0.412863E+00
 -.810000E+00 0.406059E+00
 -.790000E+00 0.399232E+00
 -.770000E+00 0.392381E+00
 -.750000E+00 0.385508E+00
 -.730000E+00 0.378613E+00
 -.710000E+00 0.371695E+00
 -.690000E+00 0.364756E+00
 -.670000E+00 0.357796E+00
 -.650000E+00 0.350815E+00
 -.630000E+00 0.343813E+00
 -.610000E+00 0.336791E+00
 -.590000E+00 0.329750E+00
 -.570000E+00 0.322689E+00
 -.550000E+00 0.315609E+00
 -.530000E+00 0.308511E+00
 -.510000E+00 0.301394E+00
 -.490000E+00 0.294260E+00
 -.470000E+00 0.287108E+00
 -.450000E+00 0.279939E+00
 -.430000E+00 0.272753E+00
 -.410000E+00 0.265552E+00
 -.390000E+00 0.258334E+00
 -.370000E+00 0.251100E+00
 -.350000E+00 0.243852E+00
 -.330000E+00 0.236588E+00
 -.310000E+00 0.229311E+00
 -.290000E+00 0.222019E+00
 -.270000E+00 0.214714E+00
 -.250000E+00 0.207396E+00
 -.230000E+00 0.200065E+00
 -.210000E+00 0.192722E+00
 -.190000E+00 0.185366E+00
 -.170000E+00 0.178000E+00
 -.150000E+00 0.170622E+00
 -.130000E+00 0.163233E+00
 -.110000E+00 0.155834E+00
 -.900000E-01 0.148425E+00
 -.700000E-01 0.141006E+00
 -.500000E-01 0.133579E+00
 -.300000E-01 0.126142E+00
 -.100000E-01 0.118698E+00
 0.100000E-01 0.111245E+00
 0.300000E-01 0.103785E+00
 0.500000E-01 0.963184E-01
 0.700000E-01 0.888448E-01
 0.900000E-01 0.813651E-01
 0.110000E+00 0.738795E-01
 0.130000E+00 0.663885E-01
 0.150000E+00 0.588926E-01
 0.170000E+00 0.513922E-01
 0.190000E+00 0.438877E-01
 0.210000E+00 0.363794E-01
 0.230000E+00 0.288680E-01
 0.250000E+00 0.213536E-01
 0.270000E+00 0.138369E-01
 0.290000E+00 0.631816E-02
 0.310000E+00 -.120213E-02
 0.330000E+00 -.872355E-02
 0.350000E+00 -.162457E-01
 0.370000E+00 -.237681E-01
 0.390000E+00 -.312903E-01
 0.410000E+00 -.388120E-01
 0.430000E+00 -.463327E-01
 0.450000E+00 -.538519E-01
 0.470000E+00 -.613693E-01
 0.490000E+00 -.688843E-01
 0.510000E+00 -.763966E-01
 0.530000E+00 -.839058E-01
 0.550000E+00 -.914113E-01
 0.570000E+00 -.989128E-01
 0.590000E+00 -.106410E+00
 0.610000E+00 -.113902E+00
 0.630000E+00 -.121389E+00
 0.650000E+00 -.128870E+00
 0.670000E+00 -.136345E+00
 0.690000E+00 -.143813E+00
 0.710000E+00 -.151274E+00
 0.730000E+00 -.158727E+00
 0.750000E+00 -.166173E+00
 0.770000E+00 -.173610E+00
 0.790000E+00 -.181039E+00
 0.810000E+00 -.188458E+00
 0.830000E+00 -.195867E+00
 0.850000E+00 -.203267E+00
 0.870000E+00 -.210655E+00
 0.890000E+00 -.218033E+00
 0.910000E+00 -.229849E+00
 0.930000E+00 -.245985E+00
 0.950000E+00 -.261947E+00
 0.970000E+00 -.277732E+00
 0.990000E+00 -.293335E+00




































































































 -.990000E+00 0.714089E+00
 -.970000E+00 0.714085E+00
 -.950000E+00 0.714074E+00
 -.930000E+00 0.714056E+00
 -.910000E+00 0.714030E+00
 -.890000E+00 0.712889E+00
 -.870000E+00 0.710638E+00
 -.850000E+00 0.708390E+00
 -.830000E+00 0.706145E+00
 -.810000E+00 0.703901E+00
 -.790000E+00 0.701661E+00
 -.770000E+00 0.699423E+00
 -.750000E+00 0.697187E+00
 -.730000E+00 0.694953E+00
 -.710000E+00 0.692722E+00
 -.690000E+00 0.690494E+00
 -.670000E+00 0.688268E+00
 -.650000E+00 0.686044E+00
 -.630000E+00 0.683822E+00
 -.610000E+00 0.681603E+00
 -.590000E+00 0.679386E+00
 -.570000E+00 0.677172E+00
 -.550000E+00 0.674959E+00
 -.530000E+00 0.672749E+00
 -.510000E+00 0.670541E+00
 -.490000E+00 0.668336E+00
 -.470000E+00 0.666133E+00
 -.450000E+00 0.663932E+00
 -.430000E+00 0.661733E+00
 -.410000E+00 0.659536E+00
 -.390000E+00 0.657341E+00
 -.370000E+00 0.655149E+00
 -.350000E+00 0.652959E+00
 -.330000E+00 0.650771E+00
 -.310000E+00 0.648585E+00
 -.290000E+00 0.646401E+00
 -.270000E+00 0.644219E+00
 -.250000E+00 0.642039E+00
 -.230000E+00 0.639862E+00
 -.210000E+00 0.637686E+00
 -.190000E+00 0.635513E+00
 -.170000E+00 0.633341E+00
 -.150000E+00 0.631172E+00
 -.130000E+00 0.629004E+00
 -.110000E+00 0.626838E+00
 -.900000E-01 0.624675E+00
 -.700000E-01 0.622513E+00
 -.500000E-01 0.620353E+00
 -.300000E-01 0.618196E+00
 -.100000E-01 0.616040E+00
 0.100000E-01 0.613886E+00
 0.300000E-01 0.611734E+00
 0.500000E-01 0.609584E+00
 0.700000E-01 0.607435E+00
 0.900000E-01 0.605289E+00
 0.110000E+00 0.603144E+00
 0.130000E+00 0.601001E+00
 0.150000E+00 0.598860E+00
 0.170000E+00 0.596721E+00
 0.190000E+00 0.594583E+00
 0.210000E+00 0.592448E+00
 0.230000E+00 0.590314E+00
 0.250000E+00 0.588182E+00
 0.270000E+00 0.586051E+00
 0.290000E+00 0.583922E+00
 0.310000E+00 0.581795E+00
 0.330000E+00 0.579670E+00
 0.350000E+00 0.577546E+00
 0.370000E+00 0.575424E+00
 0.390000E+00 0.573304E+00
 0.410000E+00 0.571185E+00
 0.430000E+00 0.569068E+00
 0.450000E+00 0.566952E+00
 0.470000E+00 0.564838E+00
 0.490000E+00 0.562726E+00
 0.510000E+00 0.560615E+00
 0.530000E+00 0.558506E+00
 0.550000E+00 0.556399E+00
 0.570000E+00 0.554292E+00
 0.590000E+00 0.552188E+00
 0.610000E+00 0.550085E+00
 0.630000E+00 0.547983E+00
 0.650000E+00 0.545883E+00
 0.670000E+00 0.543785E+00
 0.690000E+00 0.541688E+00
 0.710000E+00 0.539592E+00
 0.730000E+00 0.537498E+00
 0.750000E+00 0.535405E+00
 0.770000E+00 0.533314E+00
 0.790000E+00 0.531224E+00
 0.810000E+00 0.529135E+00
 0.830000E+00 0.527048E+00
 0.850000E+00 0.524962E+00
 0.870000E+00 0.522878E+00
 0.890000E+00 0.520795E+00
 0.910000E+00 0.515655E+00
 0.930000E+00 0.507411E+00
 0.950000E+00 0.499109E+00
 0.970000E+00 0.490748E+00
 0.990000E+00 0.482329E+00




































































































 -.990000E+00 0.916383E+00
 -.970000E+00 0.916383E+00
 -.950000E+00 0.916381E+00
 -.930000E+00 0.916379E+00
 -.910000E+00 0.916375E+00
 -.890000E+00 0.916328E+00
 -.870000E+00 0.916238E+00
 -.850000E+00 0.916147E+00
 -.830000E+00 0.916056E+00
 -.810000E+00 0.915965E+00
 -.790000E+00 0.915875E+00
 -.770000E+00 0.915784E+00
 -.750000E+00 0.915693E+00
 -.730000E+00 0.915602E+00
 -.710000E+00 0.915511E+00
 -.690000E+00 0.915420E+00
 -.670000E+00 0.915329E+00
 -.650000E+00 0.915238E+00
 -.630000E+00 0.915147E+00
 -.610000E+00 0.915055E+00
 -.590000E+00 0.914964E+00
 -.570000E+00 0.914873E+00
 -.550000E+00 0.914781E+00
 -.530000E+00 0.914690E+00
 -.510000E+00 0.914599E+00
 -.490000E+00 0.914507E+00
 -.470000E+00 0.914415E+00
 -.450000E+00 0.914324E+00
 -.430000E+00 0.914232E+00
 -.410000E+00 0.914141E+00
 -.390000E+00 0.914049E+00
 -.370000E+00 0.913957E+00
 -.350000E+00 0.913865E+00
 -.330000E+00 0.913773E+00
 -.310000E+00 0.913681E+00
 -.290000E+00 0.913589E+00
 -.270000E+00 0.913497E+00
 -.250000E+00 0.913405E+00
 -.230000E+00 0.913313E+00
 -.210000E+00 0.913221E+00
 -.190000E+00 0.913129E+00
 -.170000E+00 0.913037E+00
 -.150000E+00 0.912944E+00
 -.130000E+00 0.912852E+00
 -.110000E+00 0.912760E+00
 -.900000E-01 0.912667E+00
 -.700000E-01 0.912575E+00
 -.500000E-01 0.912482E+00
 -.300000E-01 0.912390E+00
 -.100000E-01 0.912297E+00
 0.100000E-01 0.912204E+00
 0.300000E-01 0.912112E+00
 0.500000E-01 0.912019E+00
 0.700000E-01 0.911926E+00
 0.900000E-01 0.911833E+00
 0.110000E+00 0.911740E+00
 0.130000E+00 0.911647E+00
 0.150000E+00 0.911554E+00
 0.170000E+00 0.911461E+00
 0.190000E+00 0.911368E+00
 0.210000E+00 0.911275E+00
 0.230000E+00 0.911182E+00
 0.250000E+00 0.911089E+00
 0.270000E+00 0.910995E+00
 0.290000E+00 0.910902E+00
 0.310000E+00 0.910809E+00
 0.330000E+00 0.910715E+00
 0.350000E+00 0.910622E+00
 0.370000E+00 0.910528E+00
 0.390000E+00 0.910435E+00
 0.410000E+00 0.910341E+00
 0.430000E+00 0.910247E+00
 0.450000E+00 0.910154E+00
 0.470000E+00 0.910060E+00
 0.490000E+00 0.909966E+00
 0.510000E+00 0.909872E+00
 0.530000E+00 0.909778E+00
 0.550000E+00 0.909685E+00
 0.570000E+00 0.909591E+00
 0.590000E+00 0.909497E+00
 0.610000E+00 0.909402E+00
 0.630000E+00 0.909308E+00
 0.650000E+00 0.909214E+00
 0.670000E+00 0.909120E+00
 0.690000E+00 0.909026E+00
 0.710000E+00 0.908931E+00
 0.730000E+00 0.908837E+00
 0.750000E+00 0.908743E+00
 0.770000E+00 0.908648E+00
 0.790000E+00 0.908554E+00
 0.810000E+00 0.908459E+00
 0.830000E+00 0.908365E+00
 0.850000E+00 0.908270E+00
 0.870000E+00 0.908175E+00
 0.890000E+00 0.908081E+00
 0.910000E+00 0.906247E+00
 0.930000E+00 0.902604E+00
 0.950000E+00 0.898869E+00
 0.970000E+00 0.895040E+00
 0.990000E+00 0.891116E+00




































































































 -.990000E+00 0.971491E+00
 -.970000E+00 0.971490E+00
 -.950000E+00 0.971485E+00
 -.930000E+00 0.971478E+00
 -.910000E+00 0.971468E+00
 -.890000E+00 0.971505E+00
 -.870000E+00 0.971583E+00
 -.850000E+00 0.971652E+00
 -.830000E+00 0.971711E+00
 -.810000E+00 0.971761E+00
 -.790000E+00 0.971802E+00
 -.770000E+00 0.971833E+00
 -.750000E+00 0.971854E+00
 -.730000E+00 0.971867E+00
 -.710000E+00 0.971869E+00
 -.690000E+00 0.971863E+00
 -.670000E+00 0.971847E+00
 -.650000E+00 0.971821E+00
 -.630000E+00 0.971786E+00
 -.610000E+00 0.971742E+00
 -.590000E+00 0.971688E+00
 -.570000E+00 0.971625E+00
 -.550000E+00 0.971552E+00
 -.530000E+00 0.971470E+00
 -.510000E+00 0.971379E+00
 -.490000E+00 0.971278E+00
 -.470000E+00 0.971168E+00
 -.450000E+00 0.971049E+00
 -.430000E+00 0.970920E+00
 -.410000E+00 0.970782E+00
 -.390000E+00 0.970635E+00
 -.370000E+00 0.970478E+00
 -.350000E+00 0.970312E+00
 -.330000E+00 0.970136E+00
 -.310000E+00 0.969952E+00
 -.290000E+00 0.969758E+00
 -.270000E+00 0.969554E+00
 -.250000E+00 0.969342E+00
 -.230000E+00 0.969120E+00
 -.210000E+00 0.968889E+00
 -.190000E+00 0.968648E+00
 -.170000E+00 0.968398E+00
 -.150000E+00 0.968139E+00
 -.130000E+00 0.967871E+00
 -.110000E+00 0.967594E+00
 -.900000E-01 0.967307E+00
 -.700000E-01 0.967011E+00
 -.500000E-01 0.966706E+00
 -.300000E-01 0.966391E+00
 -.100000E-01 0.966068E+00
 0.100000E-01 0.965735E+00
 0.300000E-01 0.965393E+00
 0.500000E-01 0.965042E+00
 0.700000E-01 0.964682E+00
 0.900000E-01 0.964312E+00
 0.110000E+00 0.963933E+00
 0.130000E+00 0.963546E+00
 0.150000E+00 0.963149E+00
 0.170000E+00 0.962743E+00
 0.190000E+00 0.962327E+00
 0.210000E+00 0.961903E+00
 0.230000E+00 0.961470E+00
 0.250000E+00 0.961027E+00
 0.270000E+00 0.960575E+00
 0.290000E+00 0.960115E+00
 0.310000E+00 0.959645E+00
 0.330000E+00 0.959166E+00
 0.350000E+00 0.958678E+00
 0.370000E+00 0.958181E+00
 0.390000E+00 0.957675E+00
 0.410000E+00 0.957160E+00
 0.430000E+00 0.956635E+00
 0.450000E+00 0.956102E+00
 0.470000E+00 0.955560E+00
 0.490000E+00 0.955009E+00
 0.510000E+00 0.954449E+00
 0.530000E+00 0.953880E+00
 0.550000E+00 0.953301E+00
 0.570000E+00 0.952714E+00
 0.590000E+00 0.952118E+00
 0.610000E+00 0.951513E+00
 0.630000E+00 0.950899E+00
 0.650000E+00 0.950276E+00
 0.670000E+00 0.949644E+00
 0.690000E+00 0.949004E+00
 0.710000E+00 0.948354E+00
 0.730000E+00 0.947696E+00
 0.750000E+00 0.947028E+00
 0.770000E+00 0.946352E+00
 0.790000E+00 0.945667E+00
 0.810000E+00 0.944973E+00
 0.830000E+00 0.944270E+00
 0.850000E+00 0.943558E+00
 0.870000E+00 0.942838E+00
 0.890000E+00 0.942108E+00
 0.910000E+00 0.941334E+00
 0.930000E+00 0.940515E+00
 0.950000E+00 0.939690E+00
 0.970000E+00 0.938858E+00
 0.990000E+00 0.938020E+00




































































































 -.990000E+00 0.942427E+00
 -.970000E+00 0.942427E+00
 -.950000E+00 0.942427E+00
 -.930000E+00 0.942428E+00
 -.910000E+00 0.942429E+00
 -.890000E+00 0.941165E+00
 -.870000E+00 0.938598E+00
 -.850000E+00 0.935978E+00
 -.830000E+00 0.933306E+00
 -.810000E+00 0.930580E+00
 -.790000E+00 0.927802E+00
 -.770000E+00 0.924971E+00
 -.750000E+00 0.922088E+00
 -.730000E+00 0.919153E+00
 -.710000E+00 0.916165E+00
 -.690000E+00 0.913126E+00
 -.670000E+00 0.910036E+00
 -.650000E+00 0.906893E+00
 -.630000E+00 0.903700E+00
 -.610000E+00 0.900455E+00
 -.590000E+00 0.897160E+00
 -.570000E+00 0.893813E+00
 -.550000E+00 0.890416E+00
 -.530000E+00 0.886969E+00
 -.510000E+00 0.883471E+00
 -.490000E+00 0.879923E+00
 -.470000E+00 0.876326E+00
 -.450000E+00 0.872678E+00
 -.430000E+00 0.868982E+00
 -.410000E+00 0.865236E+00
 -.390000E+00 0.861440E+00
 -.370000E+00 0.857596E+00
 -.350000E+00 0.853704E+00
 -.330000E+00 0.849763E+00
 -.310000E+00 0.845773E+00
 -.290000E+00 0.841736E+00
 -.270000E+00 0.837651E+00
 -.250000E+00 0.833518E+00
 -.230000E+00 0.829338E+00
 -.210000E+00 0.825110E+00
 -.190000E+00 0.820836E+00
 -.170000E+00 0.816515E+00
 -.150000E+00 0.812147E+00
 -.130000E+00 0.807734E+00
 -.110000E+00 0.803274E+00
 -.900000E-01 0.798769E+00
 -.700000E-01 0.794218E+00
 -.500000E-01 0.789621E+00
 -.300000E-01 0.784980E+00
 -.100000E-01 0.780294E+00
 0.100000E-01 0.775564E+00
 0.300000E-01 0.770789E+00
 0.500000E-01 0.765970E+00
 0.700000E-01 0.761107E+00
 0.900000E-01 0.756201E+00
 0.110000E+00 0.751252E+00
 0.130000E+00 0.746260E+00
 0.150000E+00 0.741225E+00
 0.170000E+00 0.736148E+00
 0.190000E+00 0.731028E+00
 0.210000E+00 0.725867E+00
 0.230000E+00 0.720664E+00
 0.250000E+00 0.715419E+00
 0.270000E+00 0.710134E+00
 0.290000E+00 0.704808E+00
 0.310000E+00 0.699441E+00
 0.330000E+00 0.694035E+00
 0.350000E+00 0.688588E+00
 0.370000E+00 0.683102E+00
 0.390000E+00 0.677577E+00
 0.410000E+00 0.672012E+00
 0.430000E+00 0.666409E+00
 0.450000E+00 0.660768E+00
 0.470000E+00 0.655088E+00
 0.490000E+00 0.649371E+00
 0.510000E+00 0.643616E+00
 0.530000E+00 0.637824E+00
 0.550000E+00 0.631995E+00
 0.570000E+00 0.626130E+00
 0.590000E+00 0.620229E+00
 0.610000E+00 0.614292E+00
 0.630000E+00 0.608319E+00
 0.650000E+00 0.602311E+00
 0.670000E+00 0.596268E+00
 0.690000E+00 0.590190E+00
 0.710000E+00 0.584079E+00
 0.730000E+00 0.577933E+00
 0.750000E+00 0.571754E+00
 0.770000E+00 0.565542E+00
 0.790000E+00 0.559297E+00
 0.810000E+00 0.553019E+00
 0.830000E+00 0.546709E+00
 0.850000E+00 0.540367E+00
 0.870000E+00 0.533994E+00
 0.890000E+00 0.527590E+00
 0.910000E+00 0.518329E+00
 0.930000E+00 0.506074E+00
 0.950000E+00 0.493602E+00
 0.970000E+00 0.480914E+00
 0.990000E+00 0.468009E+00




































































































 -.990000E+00 0.189003E+00
 -.970000E+00 0.189003E+00
 -.950000E+00 0.189002E+00
 -.930000E+00 0.189002E+00
 -.910000E+00 0.189002E+00
 -.890000E+00 0.185789E+00
 -.870000E+00 0.179336E+00
 -.850000E+00 0.172847E+00
 -.830000E+00 0.166324E+00
 -.810000E+00 0.159766E+00
 -.790000E+00 0.153177E+00
 -.770000E+00 0.146557E+00
 -.750000E+00 0.139908E+00
 -.730000E+00 0.133231E+00
 -.710000E+00 0.126527E+00
 -.690000E+00 0.119798E+00
 -.670000E+00 0.113045E+00
 -.650000E+00 0.106270E+00
 -.630000E+00 0.994732E-01
 -.610000E+00 0.926569E-01
 -.590000E+00 0.858224E-01
 -.570000E+00 0.789710E-01
 -.550000E+00 0.721041E-01
 -.530000E+00 0.652231E-01
 -.510000E+00 0.583295E-01
 -.490000E+00 0.514246E-01
 -.470000E+00 0.445099E-01
 -.450000E+00 0.375867E-01
 -.430000E+00 0.306566E-01
 -.410000E+00 0.237210E-01
 -.390000E+00 0.167812E-01
 -.370000E+00 0.983876E-02
 -.350000E+00 0.289504E-02
 -.330000E+00 -.404851E-02
 -.310000E+00 -.109905E-01
 -.290000E+00 -.179294E-01
 -.270000E+00 -.248639E-01
 -.250000E+00 -.317924E-01
 -.230000E+00 -.387137E-01
 -.210000E+00 -.456262E-01
 -.190000E+00 -.525285E-01
 -.170000E+00 -.594192E-01
 -.150000E+00 -.662969E-01
 -.130000E+00 -.731601E-01
 -.110000E+00 -.800075E-01
 -.900000E-01 -.868376E-01
 -.700000E-01 -.936491E-01
 -.500000E-01 -.100440E+00
 -.300000E-01 -.107210E+00
 -.100000E-01 -.113957E+00
 0.100000E-01 -.120680E+00
 0.300000E-01 -.127377E+00
 0.500000E-01 -.134047E+00
 0.700000E-01 -.140688E+00
 0.900000E-01 -.147300E+00
 0.110000E+00 -.153880E+00
 0.130000E+00 -.160428E+00
 0.150000E+00 -.166942E+00
 0.170000E+00 -.173421E+00
 0.190000E+00 -.179863E+00
 0.210000E+00 -.186268E+00
 0.230000E+00 -.192633E+00
 0.250000E+00 -.198957E+00
 0.270000E+00 -.205240E+00
 0.290000E+00 -.211480E+00
 0.310000E+00 -.217675E+00
 0.330000E+00 -.223824E+00
 0.350000E+00 -.229927E+00
 0.370000E+00 -.235981E+00
 0.390000E+00 -.241986E+00
 0.410000E+00 -.247940E+00
 0.430000E+00 -.253842E+00
 0.450000E+00 -.259691E+00
 0.470000E+00 -.265486E+00
 0.490000E+00 -.271225E+00
 0.510000E+00 -.276907E+00
 0.530000E+00 -.282531E+00
 0.550000E+00 -.288097E+00
 0.570000E+00 -.293602E+00
 0.590000E+00 -.299046E+00
 0.610000E+00 -.304428E+00
 0.630000E+00 -.309746E+00
 0.650000E+00 -.314999E+00
 0.670000E+00 -.320187E+00
 0.690000E+00 -.325307E+00
 0.710000E+00 -.330361E+00
 0.730000E+00 -.335345E+00
 0.750000E+00 -.340259E+00
 0.770000E+00 -.345103E+00
 0.790000E+00 -.349875E+00
 0.810000E+00 -.354574E+00
 0.830000E+00 -.359199E+00
 0.850000E+00 -.363749E+00
 0.870000E+00 -.368224E+00
 0.890000E+00 -.372623E+00
 0.910000E+00 -.379644E+00
 0.930000E+00 -.389197E+00
 0.950000E+00 -.398551E+00
 0.970000E+00 -.407701E+00
 0.990000E+00 -.416644E+00




































































































 -.990000E+00 0.713274E-01
 -.970000E+00 0.713274E-01
 -.950000E+00 0.713274E-01
 -.930000E+00 0.713274E-01
 -.910000E+00 0.713274E-01
 -.890000E+00 0.686351E-01
 -.870000E+00 0.632016E-01
 -.850000E+00 0.577072E-01
 -.830000E+00 0.521573E-01
 -.810000E+00 0.465574E-01
 -.790000E+00 0.409129E-01
 -.770000E+00 0.352293E-01
 -.750000E+00 0.295122E-01
 -.730000E+00 0.237672E-01
 -.710000E+00 0.179998E-01
 -.690000E+00 0.122157E-01
 -.670000E+00 0.642062E-02
 -.650000E+00 0.620106E-03
 -.630000E+00 -.518015E-02
 -.610000E+00 -.109745E-01
 -.590000E+00 -.167572E-01
 -.570000E+00 -.225228E-01
 -.550000E+00 -.282655E-01
 -.530000E+00 -.339797E-01
 -.510000E+00 -.396600E-01
 -.490000E+00 -.453007E-01
 -.470000E+00 -.508963E-01
 -.450000E+00 -.564414E-01
 -.430000E+00 -.619306E-01
 -.410000E+00 -.673586E-01
 -.390000E+00 -.727200E-01
 -.370000E+00 -.780096E-01
 -.350000E+00 -.832223E-01
 -.330000E+00 -.883530E-01
 -.310000E+00 -.933968E-01
 -.290000E+00 -.983486E-01
 -.270000E+00 -.103204E+00
 -.250000E+00 -.107957E+00
 -.230000E+00 -.112605E+00
 -.210000E+00 -.117142E+00
 -.190000E+00 -.121564E+00
 -.170000E+00 -.125867E+00
 -.150000E+00 -.130046E+00
 -.130000E+00 -.134098E+00
 -.110000E+00 -.138018E+00
 -.900000E-01 -.141803E+00
 -.700000E-01 -.145449E+00
 -.500000E-01 -.148953E+00
 -.300000E-01 -.152311E+00
 -.100000E-01 -.155519E+00
 0.100000E-01 -.158576E+00
 0.300000E-01 -.161477E+00
 0.500000E-01 -.164220E+00
 0.700000E-01 -.166803E+00
 0.900000E-01 -.169223E+00
 0.110000E+00 -.171477E+00
 0.130000E+00 -.173564E+00
 0.150000E+00 -.175481E+00
 0.170000E+00 -.177226E+00
 0.190000E+00 -.178799E+00
 0.210000E+00 -.180196E+00
 0.230000E+00 -.181418E+00
 0.250000E+00 -.182463E+00
 0.270000E+00 -.183329E+00
 0.290000E+00 -.184017E+00
 0.310000E+00 -.184525E+00
 0.330000E+00 -.184853E+00
 0.350000E+00 -.185001E+00
 0.370000E+00 -.184968E+00
 0.390000E+00 -.184755E+00
 0.410000E+00 -.184362E+00
 0.430000E+00 -.183789E+00
 0.450000E+00 -.183037E+00
 0.470000E+00 -.182107E+00
 0.490000E+00 -.180999E+00
 0.510000E+00 -.179715E+00
 0.530000E+00 -.178256E+00
 0.550000E+00 -.176623E+00
 0.570000E+00 -.174819E+00
 0.590000E+00 -.172844E+00
 0.610000E+00 -.170701E+00
 0.630000E+00 -.168391E+00
 0.650000E+00 -.165918E+00
 0.670000E+00 -.163284E+00
 0.690000E+00 -.160491E+00
 0.710000E+00 -.157541E+00
 0.730000E+00 -.154439E+00
 0.750000E+00 -.151186E+00
 0.770000E+00 -.147787E+00
 0.790000E+00 -.144244E+00
 0.810000E+00 -.140560E+00
 0.830000E+00 -.136740E+00
 0.850000E+00 -.132788E+00
 0.870000E+00 -.128706E+00
 0.890000E+00 -.124500E+00
 0.910000E+00 -.122734E+00
 0.930000E+00 -.123367E+00
 0.950000E+00 -.123824E+00
 0.970000E+00 -.124105E+00
 0.990000E+00 -.124211E+00




































































































 -.990000E+00 0.320505E-02
 -.970000E+00 0.320506E-02
 -.950000E+00 0.320514E-02
 -.930000E+00 0.320526E-02
 -.910000E+00 0.320536E-02
 -.890000E+00 0.480905E-03
 -.870000E+00 -.481876E-02
 -.850000E+00 -.803068E-02
 -.830000E+00 -.776412E-02
 -.810000E+00 -.413503E-02
 -.790000E+00 0.128436E-02
 -.770000E+00 0.614671E-02
 -.750000E+00 0.834625E-02
 -.730000E+00 0.693079E-02
 -.710000E+00 0.251388E-02
 -.690000E+00 -.299111E-02
 -.670000E+00 -.719987E-02
 -.650000E+00 -.828981E-02
 -.630000E+00 -.578935E-02
 -.610000E+00 -.781952E-03
 -.590000E+00 0.456336E-02
 -.570000E+00 0.793154E-02
 -.550000E+00 0.786414E-02
 -.530000E+00 0.439087E-02
 -.510000E+00 -.983527E-03
 -.490000E+00 -.593118E-02
 -.470000E+00 -.830936E-02
 -.450000E+00 -.708849E-02
 -.430000E+00 -.279784E-02
 -.410000E+00 0.270389E-02
 -.390000E+00 0.703378E-02
 -.370000E+00 0.831676E-02
 -.350000E+00 0.599765E-02
 -.330000E+00 0.108135E-02
 -.310000E+00 -.430254E-02
 -.290000E+00 -.782224E-02
 -.270000E+00 -.795369E-02
 -.250000E+00 -.464045E-02
 -.230000E+00 0.682030E-03
 -.210000E+00 0.570834E-02
 -.190000E+00 0.826169E-02
 -.170000E+00 0.723659E-02
 -.150000E+00 0.307755E-02
 -.130000E+00 -.241373E-02
 -.110000E+00 -.685884E-02
 -.900000E-01 -.833279E-02
 -.700000E-01 -.619768E-02
 -.500000E-01 -.137872E-02
 -.300000E-01 0.403663E-02
 -.100000E-01 0.770295E-02
 0.100000E-01 0.803266E-02
 0.300000E-01 0.488345E-02
 0.500000E-01 -.380265E-03
 0.700000E-01 -.547852E-02
 0.900000E-01 -.820332E-02
 0.110000E+00 -.737494E-02
 0.130000E+00 -.335267E-02
 0.150000E+00 0.212101E-02
 0.170000E+00 0.667530E-02
 0.190000E+00 0.833790E-02
 0.210000E+00 0.638919E-02
 0.230000E+00 0.167368E-02
 0.250000E+00 -.376600E-02
 0.270000E+00 -.757385E-02
 0.290000E+00 -.810097E-02
 0.310000E+00 -.511957E-02
 0.330000E+00 0.786288E-04
 0.350000E+00 0.524200E-02
 0.370000E+00 0.813435E-02
 0.390000E+00 0.750337E-02
 0.410000E+00 0.362284E-02
 0.430000E+00 -.182614E-02
 0.450000E+00 -.648342E-02
 0.470000E+00 -.833211E-02
 0.490000E+00 -.657197E-02
 0.510000E+00 -.196583E-02
 0.530000E+00 0.349100E-02
 0.550000E+00 0.743511E-02
 0.570000E+00 0.815856E-02
 0.590000E+00 0.534851E-02
 0.610000E+00 0.222486E-03
 0.630000E+00 -.499914E-02
 0.650000E+00 -.805491E-02
 0.670000E+00 -.762172E-02
 0.690000E+00 -.388771E-02
 0.710000E+00 0.152948E-02
 0.730000E+00 0.628347E-02
 0.750000E+00 0.831544E-02
 0.770000E+00 0.674578E-02
 0.790000E+00 0.225481E-02
 0.810000E+00 -.321202E-02
 0.830000E+00 -.728695E-02
 0.850000E+00 -.820537E-02
 0.870000E+00 -.556999E-02
 0.890000E+00 -.522687E-03
 0.910000E+00 0.238269E-02
 0.930000E+00 0.291929E-02
 0.950000E+00 0.357938E-02
 0.970000E+00 0.407715E-02
 0.990000E+00 0.419711E-02




































































































