 -.990000E+00 0.107413E+00
 -.970000E+00 0.107431E+00
 -.950000E+00 0.107444E+00
 -.930000E+00 0.107446E+00
 -.910000E+00 0.107436E+00
 -.890000E+00 -.369008E-04
 -.870000E+00 -.383070E-04
 -.850000E+00 -.231228E-04
 -.830000E+00 0.207560E-05
 -.810000E+00 0.263751E-04
 -.790000E+00 0.392518E-04
 -.770000E+00 0.351289E-04
 -.750000E+00 0.157920E-04
 -.730000E+00 -.103842E-04
 -.710000E+00 -.320632E-04
 -.690000E+00 -.398558E-04
 -.670000E+00 -.303873E-04
 -.650000E+00 -.775833E-05
 -.630000E+00 0.182307E-04
 -.610000E+00 0.363242E-04
 -.590000E+00 0.386860E-04
 -.570000E+00 0.242933E-04
 -.550000E+00 -.620627E-06
 -.530000E+00 -.252657E-04
 -.510000E+00 -.389685E-04
 -.490000E+00 -.357943E-04
 -.470000E+00 -.171180E-04
 -.450000E+00 0.897195E-05
 -.430000E+00 0.311762E-04
 -.410000E+00 0.398784E-04
 -.390000E+00 0.313096E-04
 -.370000E+00 0.918089E-05
 -.350000E+00 -.169239E-04
 -.330000E+00 -.356992E-04
 -.310000E+00 -.390134E-04
 -.290000E+00 -.254313E-04
 -.270000E+00 -.835169E-06
 -.250000E+00 0.241227E-04
 -.230000E+00 0.386332E-04
 -.210000E+00 0.364121E-04
 -.190000E+00 0.184212E-04
 -.170000E+00 -.754772E-05
 -.150000E+00 -.302478E-04
 -.130000E+00 -.398479E-04
 -.110000E+00 -.321902E-04
 -.900000E-01 -.105912E-04
 -.700000E-01 0.155947E-04
 -.500000E-01 0.350267E-04
 -.300000E-01 0.392889E-04
 -.100000E-01 0.265355E-04
 0.100000E-01 0.228985E-05
 0.300000E-01 -.229476E-04
 0.500000E-01 -.382466E-04
 0.700000E-01 -.369814E-04
 0.900000E-01 -.196999E-04
 0.110000E+00 0.611344E-05
 0.130000E+00 0.292791E-04
 0.150000E+00 0.397643E-04
 0.170000E+00 0.330279E-04
 0.190000E+00 0.119875E-04
 0.210000E+00 -.142446E-04
 0.230000E+00 -.343075E-04
 0.250000E+00 -.395121E-04
 0.270000E+00 -.276044E-04
 0.290000E+00 -.374148E-05
 0.310000E+00 0.217419E-04
 0.330000E+00 0.378090E-04
 0.350000E+00 0.375014E-04
 0.370000E+00 0.209523E-04
 0.390000E+00 -.467102E-05
 0.410000E+00 -.282714E-04
 0.430000E+00 -.396277E-04
 0.450000E+00 -.338217E-04
 0.470000E+00 -.133677E-04
 0.490000E+00 0.128756E-04
 0.510000E+00 0.335427E-04
 0.530000E+00 0.396827E-04
 0.550000E+00 0.286365E-04
 0.570000E+00 0.518814E-05
 0.590000E+00 -.205072E-04
 0.610000E+00 -.373211E-04
 0.630000E+00 -.379716E-04
 0.650000E+00 -.221769E-04
 0.670000E+00 0.322238E-05
 0.690000E+00 0.272261E-04
 0.710000E+00 0.394384E-04
 0.730000E+00 0.345704E-04
 0.750000E+00 0.147302E-04
 0.770000E+00 -.114895E-04
 0.790000E+00 -.327332E-04
 0.810000E+00 -.398005E-04
 0.830000E+00 -.296305E-04
 0.850000E+00 -.662789E-05
 0.870000E+00 0.192453E-04
 0.890000E+00 0.367835E-04
 0.910000E+00 0.107498E+00
 0.930000E+00 0.107499E+00
 0.950000E+00 0.107499E+00
 0.970000E+00 0.107498E+00
 0.990000E+00 0.107496E+00




































































































 -.990000E+00 0.106570E+00
 -.970000E+00 0.106564E+00
 -.950000E+00 0.106558E+00
 -.930000E+00 0.106552E+00
 -.910000E+00 0.106545E+00
 -.890000E+00 -.918804E-03
 -.870000E+00 -.925207E-03
 -.850000E+00 -.930707E-03
 -.830000E+00 -.935298E-03
 -.810000E+00 -.938975E-03
 -.790000E+00 -.941736E-03
 -.770000E+00 -.943578E-03
 -.750000E+00 -.944498E-03
 -.730000E+00 -.944496E-03
 -.710000E+00 -.943572E-03
 -.690000E+00 -.941727E-03
 -.670000E+00 -.938962E-03
 -.650000E+00 -.935280E-03
 -.630000E+00 -.930686E-03
 -.610000E+00 -.925182E-03
 -.590000E+00 -.918776E-03
 -.570000E+00 -.911472E-03
 -.550000E+00 -.903278E-03
 -.530000E+00 -.894203E-03
 -.510000E+00 -.884254E-03
 -.490000E+00 -.873442E-03
 -.470000E+00 -.861778E-03
 -.450000E+00 -.849272E-03
 -.430000E+00 -.835937E-03
 -.410000E+00 -.821785E-03
 -.390000E+00 -.806832E-03
 -.370000E+00 -.791090E-03
 -.350000E+00 -.774576E-03
 -.330000E+00 -.757306E-03
 -.310000E+00 -.739297E-03
 -.290000E+00 -.720566E-03
 -.270000E+00 -.701131E-03
 -.250000E+00 -.681012E-03
 -.230000E+00 -.660228E-03
 -.210000E+00 -.638799E-03
 -.190000E+00 -.616747E-03
 -.170000E+00 -.594092E-03
 -.150000E+00 -.570858E-03
 -.130000E+00 -.547066E-03
 -.110000E+00 -.522740E-03
 -.900000E-01 -.497903E-03
 -.700000E-01 -.472581E-03
 -.500000E-01 -.446797E-03
 -.300000E-01 -.420577E-03
 -.100000E-01 -.393947E-03
 0.100000E-01 -.366932E-03
 0.300000E-01 -.339558E-03
 0.500000E-01 -.311853E-03
 0.700000E-01 -.283844E-03
 0.900000E-01 -.255558E-03
 0.110000E+00 -.227022E-03
 0.130000E+00 -.198264E-03
 0.150000E+00 -.169313E-03
 0.170000E+00 -.140197E-03
 0.190000E+00 -.110943E-03
 0.210000E+00 -.815819E-04
 0.230000E+00 -.521408E-04
 0.250000E+00 -.226488E-04
 0.270000E+00 0.686525E-05
 0.290000E+00 0.363726E-04
 0.310000E+00 0.658444E-04
 0.330000E+00 0.952519E-04
 0.350000E+00 0.124566E-03
 0.370000E+00 0.153759E-03
 0.390000E+00 0.182802E-03
 0.410000E+00 0.211666E-03
 0.430000E+00 0.240323E-03
 0.450000E+00 0.268746E-03
 0.470000E+00 0.296907E-03
 0.490000E+00 0.324777E-03
 0.510000E+00 0.352330E-03
 0.530000E+00 0.379540E-03
 0.550000E+00 0.406378E-03
 0.570000E+00 0.432820E-03
 0.590000E+00 0.458840E-03
 0.610000E+00 0.484411E-03
 0.630000E+00 0.509509E-03
 0.650000E+00 0.534110E-03
 0.670000E+00 0.558189E-03
 0.690000E+00 0.581724E-03
 0.710000E+00 0.604690E-03
 0.730000E+00 0.627066E-03
 0.750000E+00 0.648830E-03
 0.770000E+00 0.669960E-03
 0.790000E+00 0.690436E-03
 0.810000E+00 0.710238E-03
 0.830000E+00 0.729346E-03
 0.850000E+00 0.747743E-03
 0.870000E+00 0.765409E-03
 0.890000E+00 0.782328E-03
 0.910000E+00 0.108255E+00
 0.930000E+00 0.108270E+00
 0.950000E+00 0.108285E+00
 0.970000E+00 0.108300E+00
 0.990000E+00 0.108315E+00




































































































 -.990000E+00 0.106706E+00
 -.970000E+00 0.106711E+00
 -.950000E+00 0.106717E+00
 -.930000E+00 0.106722E+00
 -.910000E+00 0.106728E+00
 -.890000E+00 -.721223E-03
 -.870000E+00 -.708832E-03
 -.850000E+00 -.696293E-03
 -.830000E+00 -.683608E-03
 -.810000E+00 -.670780E-03
 -.790000E+00 -.657811E-03
 -.770000E+00 -.644705E-03
 -.750000E+00 -.631464E-03
 -.730000E+00 -.618090E-03
 -.710000E+00 -.604586E-03
 -.690000E+00 -.590956E-03
 -.670000E+00 -.577202E-03
 -.650000E+00 -.563326E-03
 -.630000E+00 -.549333E-03
 -.610000E+00 -.535224E-03
 -.590000E+00 -.521003E-03
 -.570000E+00 -.506672E-03
 -.550000E+00 -.492235E-03
 -.530000E+00 -.477694E-03
 -.510000E+00 -.463053E-03
 -.490000E+00 -.448314E-03
 -.470000E+00 -.433481E-03
 -.450000E+00 -.418556E-03
 -.430000E+00 -.403543E-03
 -.410000E+00 -.388445E-03
 -.390000E+00 -.373266E-03
 -.370000E+00 -.358007E-03
 -.350000E+00 -.342672E-03
 -.330000E+00 -.327265E-03
 -.310000E+00 -.311789E-03
 -.290000E+00 -.296247E-03
 -.270000E+00 -.280642E-03
 -.250000E+00 -.264977E-03
 -.230000E+00 -.249255E-03
 -.210000E+00 -.233481E-03
 -.190000E+00 -.217657E-03
 -.170000E+00 -.201786E-03
 -.150000E+00 -.185872E-03
 -.130000E+00 -.169918E-03
 -.110000E+00 -.153927E-03
 -.900000E-01 -.137903E-03
 -.700000E-01 -.121849E-03
 -.500000E-01 -.105768E-03
 -.300000E-01 -.896640E-04
 -.100000E-01 -.735399E-04
 0.100000E-01 -.573991E-04
 0.300000E-01 -.412450E-04
 0.500000E-01 -.250810E-04
 0.700000E-01 -.891035E-05
 0.900000E-01 0.726349E-05
 0.110000E+00 0.234372E-04
 0.130000E+00 0.396074E-04
 0.150000E+00 0.557708E-04
 0.170000E+00 0.719239E-04
 0.190000E+00 0.880635E-04
 0.210000E+00 0.104186E-03
 0.230000E+00 0.120289E-03
 0.250000E+00 0.136367E-03
 0.270000E+00 0.152419E-03
 0.290000E+00 0.168441E-03
 0.310000E+00 0.184429E-03
 0.330000E+00 0.200379E-03
 0.350000E+00 0.216290E-03
 0.370000E+00 0.232157E-03
 0.390000E+00 0.247977E-03
 0.410000E+00 0.263747E-03
 0.430000E+00 0.279464E-03
 0.450000E+00 0.295124E-03
 0.470000E+00 0.310723E-03
 0.490000E+00 0.326260E-03
 0.510000E+00 0.341730E-03
 0.530000E+00 0.357131E-03
 0.550000E+00 0.372458E-03
 0.570000E+00 0.387710E-03
 0.590000E+00 0.402882E-03
 0.610000E+00 0.417972E-03
 0.630000E+00 0.432976E-03
 0.650000E+00 0.447891E-03
 0.670000E+00 0.462715E-03
 0.690000E+00 0.477444E-03
 0.710000E+00 0.492075E-03
 0.730000E+00 0.506605E-03
 0.750000E+00 0.521031E-03
 0.770000E+00 0.535350E-03
 0.790000E+00 0.549559E-03
 0.810000E+00 0.563655E-03
 0.830000E+00 0.577635E-03
 0.850000E+00 0.591496E-03
 0.870000E+00 0.605236E-03
 0.890000E+00 0.618850E-03
 0.910000E+00 0.108091E+00
 0.930000E+00 0.108106E+00
 0.950000E+00 0.108122E+00
 0.970000E+00 0.108138E+00
 0.990000E+00 0.108154E+00




































































































 -.990000E+00 0.106836E+00
 -.970000E+00 0.106819E+00
 -.950000E+00 0.106803E+00
 -.930000E+00 0.106787E+00
 -.910000E+00 0.106770E+00
 -.890000E+00 -.696421E-03
 -.870000E+00 -.698295E-03
 -.850000E+00 -.700128E-03
 -.830000E+00 -.701920E-03
 -.810000E+00 -.703671E-03
 -.790000E+00 -.705380E-03
 -.770000E+00 -.707048E-03
 -.750000E+00 -.708674E-03
 -.730000E+00 -.710259E-03
 -.710000E+00 -.711802E-03
 -.690000E+00 -.713304E-03
 -.670000E+00 -.714763E-03
 -.650000E+00 -.716180E-03
 -.630000E+00 -.717556E-03
 -.610000E+00 -.718889E-03
 -.590000E+00 -.720180E-03
 -.570000E+00 -.721428E-03
 -.550000E+00 -.722635E-03
 -.530000E+00 -.723798E-03
 -.510000E+00 -.724920E-03
 -.490000E+00 -.725998E-03
 -.470000E+00 -.727034E-03
 -.450000E+00 -.728028E-03
 -.430000E+00 -.728978E-03
 -.410000E+00 -.729886E-03
 -.390000E+00 -.730751E-03
 -.370000E+00 -.731573E-03
 -.350000E+00 -.732351E-03
 -.330000E+00 -.733087E-03
 -.310000E+00 -.733780E-03
 -.290000E+00 -.734430E-03
 -.270000E+00 -.735037E-03
 -.250000E+00 -.735600E-03
 -.230000E+00 -.736120E-03
 -.210000E+00 -.736597E-03
 -.190000E+00 -.737031E-03
 -.170000E+00 -.737421E-03
 -.150000E+00 -.737768E-03
 -.130000E+00 -.738072E-03
 -.110000E+00 -.738332E-03
 -.900000E-01 -.738549E-03
 -.700000E-01 -.738723E-03
 -.500000E-01 -.738853E-03
 -.300000E-01 -.738940E-03
 -.100000E-01 -.738983E-03
 0.100000E-01 -.738983E-03
 0.300000E-01 -.738940E-03
 0.500000E-01 -.738853E-03
 0.700000E-01 -.738723E-03
 0.900000E-01 -.738549E-03
 0.110000E+00 -.738332E-03
 0.130000E+00 -.738072E-03
 0.150000E+00 -.737768E-03
 0.170000E+00 -.737421E-03
 0.190000E+00 -.737031E-03
 0.210000E+00 -.736597E-03
 0.230000E+00 -.736120E-03
 0.250000E+00 -.735600E-03
 0.270000E+00 -.735036E-03
 0.290000E+00 -.734430E-03
 0.310000E+00 -.733780E-03
 0.330000E+00 -.733087E-03
 0.350000E+00 -.732351E-03
 0.370000E+00 -.731572E-03
 0.390000E+00 -.730751E-03
 0.410000E+00 -.729886E-03
 0.430000E+00 -.728978E-03
 0.450000E+00 -.728028E-03
 0.470000E+00 -.727034E-03
 0.490000E+00 -.725998E-03
 0.510000E+00 -.724920E-03
 0.530000E+00 -.723798E-03
 0.550000E+00 -.722635E-03
 0.570000E+00 -.721428E-03
 0.590000E+00 -.720180E-03
 0.610000E+00 -.718889E-03
 0.630000E+00 -.717556E-03
 0.650000E+00 -.716180E-03
 0.670000E+00 -.714763E-03
 0.690000E+00 -.713304E-03
 0.710000E+00 -.711803E-03
 0.730000E+00 -.710259E-03
 0.750000E+00 -.708675E-03
 0.770000E+00 -.707048E-03
 0.790000E+00 -.705380E-03
 0.810000E+00 -.703671E-03
 0.830000E+00 -.701920E-03
 0.850000E+00 -.700128E-03
 0.870000E+00 -.698295E-03
 0.890000E+00 -.696421E-03
 0.910000E+00 0.106770E+00
 0.930000E+00 0.106787E+00
 0.950000E+00 0.106803E+00
 0.970000E+00 0.106819E+00
 0.990000E+00 0.106836E+00




































































































 -.990000E+00 0.948526E-01
 -.970000E+00 0.947070E-01
 -.950000E+00 0.945600E-01
 -.930000E+00 0.944117E-01
 -.910000E+00 0.942619E-01
 -.890000E+00 -.133062E-01
 -.870000E+00 -.133763E-01
 -.850000E+00 -.134462E-01
 -.830000E+00 -.135158E-01
 -.810000E+00 -.135854E-01
 -.790000E+00 -.136547E-01
 -.770000E+00 -.137238E-01
 -.750000E+00 -.137928E-01
 -.730000E+00 -.138615E-01
 -.710000E+00 -.139301E-01
 -.690000E+00 -.139985E-01
 -.670000E+00 -.140667E-01
 -.650000E+00 -.141347E-01
 -.630000E+00 -.142026E-01
 -.610000E+00 -.142702E-01
 -.590000E+00 -.143377E-01
 -.570000E+00 -.144049E-01
 -.550000E+00 -.144720E-01
 -.530000E+00 -.145389E-01
 -.510000E+00 -.146056E-01
 -.490000E+00 -.146721E-01
 -.470000E+00 -.147384E-01
 -.450000E+00 -.148045E-01
 -.430000E+00 -.148704E-01
 -.410000E+00 -.149361E-01
 -.390000E+00 -.150017E-01
 -.370000E+00 -.150670E-01
 -.350000E+00 -.151321E-01
 -.330000E+00 -.151971E-01
 -.310000E+00 -.152618E-01
 -.290000E+00 -.153264E-01
 -.270000E+00 -.153907E-01
 -.250000E+00 -.154549E-01
 -.230000E+00 -.155188E-01
 -.210000E+00 -.155826E-01
 -.190000E+00 -.156461E-01
 -.170000E+00 -.157095E-01
 -.150000E+00 -.157726E-01
 -.130000E+00 -.158356E-01
 -.110000E+00 -.158983E-01
 -.900000E-01 -.159609E-01
 -.700000E-01 -.160232E-01
 -.500000E-01 -.160853E-01
 -.300000E-01 -.161473E-01
 -.100000E-01 -.162090E-01
 0.100000E-01 -.162705E-01
 0.300000E-01 -.163318E-01
 0.500000E-01 -.163930E-01
 0.700000E-01 -.164539E-01
 0.900000E-01 -.165146E-01
 0.110000E+00 -.165751E-01
 0.130000E+00 -.166353E-01
 0.150000E+00 -.166954E-01
 0.170000E+00 -.167553E-01
 0.190000E+00 -.168150E-01
 0.210000E+00 -.168744E-01
 0.230000E+00 -.169337E-01
 0.250000E+00 -.169927E-01
 0.270000E+00 -.170515E-01
 0.290000E+00 -.171101E-01
 0.310000E+00 -.171685E-01
 0.330000E+00 -.172267E-01
 0.350000E+00 -.172847E-01
 0.370000E+00 -.173424E-01
 0.390000E+00 -.174000E-01
 0.410000E+00 -.174573E-01
 0.430000E+00 -.175144E-01
 0.450000E+00 -.175714E-01
 0.470000E+00 -.176280E-01
 0.490000E+00 -.176845E-01
 0.510000E+00 -.177408E-01
 0.530000E+00 -.177968E-01
 0.550000E+00 -.178526E-01
 0.570000E+00 -.179083E-01
 0.590000E+00 -.179637E-01
 0.610000E+00 -.180188E-01
 0.630000E+00 -.180738E-01
 0.650000E+00 -.181285E-01
 0.670000E+00 -.181830E-01
 0.690000E+00 -.182373E-01
 0.710000E+00 -.182914E-01
 0.730000E+00 -.183453E-01
 0.750000E+00 -.183989E-01
 0.770000E+00 -.184523E-01
 0.790000E+00 -.185055E-01
 0.810000E+00 -.185585E-01
 0.830000E+00 -.186113E-01
 0.850000E+00 -.186638E-01
 0.870000E+00 -.187161E-01
 0.890000E+00 -.187682E-01
 0.910000E+00 0.887693E-01
 0.930000E+00 0.889794E-01
 0.950000E+00 0.891872E-01
 0.970000E+00 0.893925E-01
 0.990000E+00 0.895955E-01




































































































 -.990000E+00 0.113372E+00
 -.970000E+00 0.113428E+00
 -.950000E+00 0.113484E+00
 -.930000E+00 0.113542E+00
 -.910000E+00 0.113599E+00
 -.890000E+00 0.617103E-02
 -.870000E+00 0.617104E-02
 -.850000E+00 0.617105E-02
 -.830000E+00 0.617107E-02
 -.810000E+00 0.617108E-02
 -.790000E+00 0.617109E-02
 -.770000E+00 0.617110E-02
 -.750000E+00 0.617112E-02
 -.730000E+00 0.617113E-02
 -.710000E+00 0.617114E-02
 -.690000E+00 0.617115E-02
 -.670000E+00 0.617116E-02
 -.650000E+00 0.617117E-02
 -.630000E+00 0.617118E-02
 -.610000E+00 0.617119E-02
 -.590000E+00 0.617120E-02
 -.570000E+00 0.617121E-02
 -.550000E+00 0.617122E-02
 -.530000E+00 0.617123E-02
 -.510000E+00 0.617124E-02
 -.490000E+00 0.617124E-02
 -.470000E+00 0.617125E-02
 -.450000E+00 0.617126E-02
 -.430000E+00 0.617126E-02
 -.410000E+00 0.617127E-02
 -.390000E+00 0.617128E-02
 -.370000E+00 0.617128E-02
 -.350000E+00 0.617129E-02
 -.330000E+00 0.617129E-02
 -.310000E+00 0.617130E-02
 -.290000E+00 0.617130E-02
 -.270000E+00 0.617131E-02
 -.250000E+00 0.617131E-02
 -.230000E+00 0.617132E-02
 -.210000E+00 0.617132E-02
 -.190000E+00 0.617132E-02
 -.170000E+00 0.617133E-02
 -.150000E+00 0.617133E-02
 -.130000E+00 0.617133E-02
 -.110000E+00 0.617133E-02
 -.900000E-01 0.617133E-02
 -.700000E-01 0.617134E-02
 -.500000E-01 0.617134E-02
 -.300000E-01 0.617134E-02
 -.100000E-01 0.617134E-02
 0.100000E-01 0.617134E-02
 0.300000E-01 0.617134E-02
 0.500000E-01 0.617134E-02
 0.700000E-01 0.617134E-02
 0.900000E-01 0.617133E-02
 0.110000E+00 0.617133E-02
 0.130000E+00 0.617133E-02
 0.150000E+00 0.617133E-02
 0.170000E+00 0.617133E-02
 0.190000E+00 0.617132E-02
 0.210000E+00 0.617132E-02
 0.230000E+00 0.617132E-02
 0.250000E+00 0.617131E-02
 0.270000E+00 0.617131E-02
 0.290000E+00 0.617130E-02
 0.310000E+00 0.617130E-02
 0.330000E+00 0.617129E-02
 0.350000E+00 0.617129E-02
 0.370000E+00 0.617128E-02
 0.390000E+00 0.617128E-02
 0.410000E+00 0.617127E-02
 0.430000E+00 0.617126E-02
 0.450000E+00 0.617126E-02
 0.470000E+00 0.617125E-02
 0.490000E+00 0.617124E-02
 0.510000E+00 0.617124E-02
 0.530000E+00 0.617123E-02
 0.550000E+00 0.617122E-02
 0.570000E+00 0.617121E-02
 0.590000E+00 0.617120E-02
 0.610000E+00 0.617119E-02
 0.630000E+00 0.617118E-02
 0.650000E+00 0.617117E-02
 0.670000E+00 0.617116E-02
 0.690000E+00 0.617115E-02
 0.710000E+00 0.617114E-02
 0.730000E+00 0.617113E-02
 0.750000E+00 0.617112E-02
 0.770000E+00 0.617110E-02
 0.790000E+00 0.617109E-02
 0.810000E+00 0.617108E-02
 0.830000E+00 0.617107E-02
 0.850000E+00 0.617105E-02
 0.870000E+00 0.617104E-02
 0.890000E+00 0.617103E-02
 0.910000E+00 0.113599E+00
 0.930000E+00 0.113542E+00
 0.950000E+00 0.113484E+00
 0.970000E+00 0.113428E+00
 0.990000E+00 0.113372E+00




































































































 -.990000E+00 0.895955E-01
 -.970000E+00 0.893925E-01
 -.950000E+00 0.891872E-01
 -.930000E+00 0.889794E-01
 -.910000E+00 0.887693E-01
 -.890000E+00 -.187682E-01
 -.870000E+00 -.187161E-01
 -.850000E+00 -.186638E-01
 -.830000E+00 -.186113E-01
 -.810000E+00 -.185585E-01
 -.790000E+00 -.185055E-01
 -.770000E+00 -.184523E-01
 -.750000E+00 -.183989E-01
 -.730000E+00 -.183453E-01
 -.710000E+00 -.182914E-01
 -.690000E+00 -.182373E-01
 -.670000E+00 -.181830E-01
 -.650000E+00 -.181285E-01
 -.630000E+00 -.180738E-01
 -.610000E+00 -.180188E-01
 -.590000E+00 -.179637E-01
 -.570000E+00 -.179083E-01
 -.550000E+00 -.178526E-01
 -.530000E+00 -.177968E-01
 -.510000E+00 -.177408E-01
 -.490000E+00 -.176845E-01
 -.470000E+00 -.176280E-01
 -.450000E+00 -.175714E-01
 -.430000E+00 -.175144E-01
 -.410000E+00 -.174573E-01
 -.390000E+00 -.174000E-01
 -.370000E+00 -.173424E-01
 -.350000E+00 -.172847E-01
 -.330000E+00 -.172267E-01
 -.310000E+00 -.171685E-01
 -.290000E+00 -.171101E-01
 -.270000E+00 -.170515E-01
 -.250000E+00 -.169927E-01
 -.230000E+00 -.169337E-01
 -.210000E+00 -.168744E-01
 -.190000E+00 -.168150E-01
 -.170000E+00 -.167553E-01
 -.150000E+00 -.166954E-01
 -.130000E+00 -.166353E-01
 -.110000E+00 -.165751E-01
 -.900000E-01 -.165146E-01
 -.700000E-01 -.164539E-01
 -.500000E-01 -.163930E-01
 -.300000E-01 -.163318E-01
 -.100000E-01 -.162705E-01
 0.100000E-01 -.162090E-01
 0.300000E-01 -.161473E-01
 0.500000E-01 -.160853E-01
 0.700000E-01 -.160232E-01
 0.900000E-01 -.159609E-01
 0.110000E+00 -.158983E-01
 0.130000E+00 -.158356E-01
 0.150000E+00 -.157726E-01
 0.170000E+00 -.157095E-01
 0.190000E+00 -.156461E-01
 0.210000E+00 -.155826E-01
 0.230000E+00 -.155188E-01
 0.250000E+00 -.154549E-01
 0.270000E+00 -.153907E-01
 0.290000E+00 -.153264E-01
 0.310000E+00 -.152618E-01
 0.330000E+00 -.151971E-01
 0.350000E+00 -.151321E-01
 0.370000E+00 -.150670E-01
 0.390000E+00 -.150017E-01
 0.410000E+00 -.149361E-01
 0.430000E+00 -.148704E-01
 0.450000E+00 -.148045E-01
 0.470000E+00 -.147384E-01
 0.490000E+00 -.146721E-01
 0.510000E+00 -.146056E-01
 0.530000E+00 -.145389E-01
 0.550000E+00 -.144720E-01
 0.570000E+00 -.144049E-01
 0.590000E+00 -.143377E-01
 0.610000E+00 -.142702E-01
 0.630000E+00 -.142026E-01
 0.650000E+00 -.141347E-01
 0.670000E+00 -.140667E-01
 0.690000E+00 -.139985E-01
 0.710000E+00 -.139301E-01
 0.730000E+00 -.138615E-01
 0.750000E+00 -.137928E-01
 0.770000E+00 -.137238E-01
 0.790000E+00 -.136547E-01
 0.810000E+00 -.135854E-01
 0.830000E+00 -.135158E-01
 0.850000E+00 -.134462E-01
 0.870000E+00 -.133763E-01
 0.890000E+00 -.133062E-01
 0.910000E+00 0.942619E-01
 0.930000E+00 0.944117E-01
 0.950000E+00 0.945600E-01
 0.970000E+00 0.947070E-01
 0.990000E+00 0.948526E-01




































































































 -.990000E+00 0.106836E+00
 -.970000E+00 0.106819E+00
 -.950000E+00 0.106803E+00
 -.930000E+00 0.106787E+00
 -.910000E+00 0.106770E+00
 -.890000E+00 -.696421E-03
 -.870000E+00 -.698295E-03
 -.850000E+00 -.700128E-03
 -.830000E+00 -.701920E-03
 -.810000E+00 -.703671E-03
 -.790000E+00 -.705380E-03
 -.770000E+00 -.707048E-03
 -.750000E+00 -.708675E-03
 -.730000E+00 -.710259E-03
 -.710000E+00 -.711803E-03
 -.690000E+00 -.713304E-03
 -.670000E+00 -.714763E-03
 -.650000E+00 -.716180E-03
 -.630000E+00 -.717556E-03
 -.610000E+00 -.718889E-03
 -.590000E+00 -.720180E-03
 -.570000E+00 -.721428E-03
 -.550000E+00 -.722635E-03
 -.530000E+00 -.723798E-03
 -.510000E+00 -.724920E-03
 -.490000E+00 -.725998E-03
 -.470000E+00 -.727034E-03
 -.450000E+00 -.728028E-03
 -.430000E+00 -.728978E-03
 -.410000E+00 -.729886E-03
 -.390000E+00 -.730751E-03
 -.370000E+00 -.731572E-03
 -.350000E+00 -.732351E-03
 -.330000E+00 -.733087E-03
 -.310000E+00 -.733780E-03
 -.290000E+00 -.734430E-03
 -.270000E+00 -.735036E-03
 -.250000E+00 -.735600E-03
 -.230000E+00 -.736120E-03
 -.210000E+00 -.736597E-03
 -.190000E+00 -.737031E-03
 -.170000E+00 -.737421E-03
 -.150000E+00 -.737768E-03
 -.130000E+00 -.738072E-03
 -.110000E+00 -.738332E-03
 -.900000E-01 -.738549E-03
 -.700000E-01 -.738723E-03
 -.500000E-01 -.738853E-03
 -.300000E-01 -.738940E-03
 -.100000E-01 -.738983E-03
 0.100000E-01 -.738983E-03
 0.300000E-01 -.738940E-03
 0.500000E-01 -.738853E-03
 0.700000E-01 -.738723E-03
 0.900000E-01 -.738549E-03
 0.110000E+00 -.738332E-03
 0.130000E+00 -.738072E-03
 0.150000E+00 -.737768E-03
 0.170000E+00 -.737421E-03
 0.190000E+00 -.737031E-03
 0.210000E+00 -.736597E-03
 0.230000E+00 -.736120E-03
 0.250000E+00 -.735600E-03
 0.270000E+00 -.735037E-03
 0.290000E+00 -.734430E-03
 0.310000E+00 -.733780E-03
 0.330000E+00 -.733087E-03
 0.350000E+00 -.732351E-03
 0.370000E+00 -.731573E-03
 0.390000E+00 -.730751E-03
 0.410000E+00 -.729886E-03
 0.430000E+00 -.728978E-03
 0.450000E+00 -.728028E-03
 0.470000E+00 -.727034E-03
 0.490000E+00 -.725998E-03
 0.510000E+00 -.724920E-03
 0.530000E+00 -.723798E-03
 0.550000E+00 -.722635E-03
 0.570000E+00 -.721428E-03
 0.590000E+00 -.720180E-03
 0.610000E+00 -.718889E-03
 0.630000E+00 -.717556E-03
 0.650000E+00 -.716180E-03
 0.670000E+00 -.714763E-03
 0.690000E+00 -.713304E-03
 0.710000E+00 -.711802E-03
 0.730000E+00 -.710259E-03
 0.750000E+00 -.708674E-03
 0.770000E+00 -.707048E-03
 0.790000E+00 -.705380E-03
 0.810000E+00 -.703671E-03
 0.830000E+00 -.701920E-03
 0.850000E+00 -.700128E-03
 0.870000E+00 -.698295E-03
 0.890000E+00 -.696421E-03
 0.910000E+00 0.106770E+00
 0.930000E+00 0.106787E+00
 0.950000E+00 0.106803E+00
 0.970000E+00 0.106819E+00
 0.990000E+00 0.106836E+00




































































































 -.990000E+00 0.108154E+00
 -.970000E+00 0.108138E+00
 -.950000E+00 0.108122E+00
 -.930000E+00 0.108106E+00
 -.910000E+00 0.108091E+00
 -.890000E+00 0.618850E-03
 -.870000E+00 0.605236E-03
 -.850000E+00 0.591496E-03
 -.830000E+00 0.577635E-03
 -.810000E+00 0.563655E-03
 -.790000E+00 0.549559E-03
 -.770000E+00 0.535350E-03
 -.750000E+00 0.521031E-03
 -.730000E+00 0.506605E-03
 -.710000E+00 0.492075E-03
 -.690000E+00 0.477444E-03
 -.670000E+00 0.462715E-03
 -.650000E+00 0.447891E-03
 -.630000E+00 0.432976E-03
 -.610000E+00 0.417972E-03
 -.590000E+00 0.402882E-03
 -.570000E+00 0.387710E-03
 -.550000E+00 0.372458E-03
 -.530000E+00 0.357131E-03
 -.510000E+00 0.341730E-03
 -.490000E+00 0.326260E-03
 -.470000E+00 0.310723E-03
 -.450000E+00 0.295124E-03
 -.430000E+00 0.279464E-03
 -.410000E+00 0.263747E-03
 -.390000E+00 0.247977E-03
 -.370000E+00 0.232157E-03
 -.350000E+00 0.216290E-03
 -.330000E+00 0.200379E-03
 -.310000E+00 0.184429E-03
 -.290000E+00 0.168441E-03
 -.270000E+00 0.152419E-03
 -.250000E+00 0.136367E-03
 -.230000E+00 0.120289E-03
 -.210000E+00 0.104186E-03
 -.190000E+00 0.880635E-04
 -.170000E+00 0.719239E-04
 -.150000E+00 0.557708E-04
 -.130000E+00 0.396074E-04
 -.110000E+00 0.234372E-04
 -.900000E-01 0.726349E-05
 -.700000E-01 -.891035E-05
 -.500000E-01 -.250810E-04
 -.300000E-01 -.412450E-04
 -.100000E-01 -.573991E-04
 0.100000E-01 -.735399E-04
 0.300000E-01 -.896640E-04
 0.500000E-01 -.105768E-03
 0.700000E-01 -.121849E-03
 0.900000E-01 -.137903E-03
 0.110000E+00 -.153927E-03
 0.130000E+00 -.169918E-03
 0.150000E+00 -.185872E-03
 0.170000E+00 -.201786E-03
 0.190000E+00 -.217657E-03
 0.210000E+00 -.233481E-03
 0.230000E+00 -.249255E-03
 0.250000E+00 -.264977E-03
 0.270000E+00 -.280642E-03
 0.290000E+00 -.296247E-03
 0.310000E+00 -.311789E-03
 0.330000E+00 -.327265E-03
 0.350000E+00 -.342672E-03
 0.370000E+00 -.358007E-03
 0.390000E+00 -.373266E-03
 0.410000E+00 -.388445E-03
 0.430000E+00 -.403543E-03
 0.450000E+00 -.418556E-03
 0.470000E+00 -.433481E-03
 0.490000E+00 -.448314E-03
 0.510000E+00 -.463053E-03
 0.530000E+00 -.477694E-03
 0.550000E+00 -.492235E-03
 0.570000E+00 -.506672E-03
 0.590000E+00 -.521003E-03
 0.610000E+00 -.535224E-03
 0.630000E+00 -.549333E-03
 0.650000E+00 -.563326E-03
 0.670000E+00 -.577202E-03
 0.690000E+00 -.590956E-03
 0.710000E+00 -.604586E-03
 0.730000E+00 -.618090E-03
 0.750000E+00 -.631464E-03
 0.770000E+00 -.644705E-03
 0.790000E+00 -.657811E-03
 0.810000E+00 -.670780E-03
 0.830000E+00 -.683608E-03
 0.850000E+00 -.696293E-03
 0.870000E+00 -.708832E-03
 0.890000E+00 -.721223E-03
 0.910000E+00 0.106728E+00
 0.930000E+00 0.106722E+00
 0.950000E+00 0.106717E+00
 0.970000E+00 0.106711E+00
 0.990000E+00 0.106706E+00




































































































 -.990000E+00 0.108315E+00
 -.970000E+00 0.108300E+00
 -.950000E+00 0.108285E+00
 -.930000E+00 0.108270E+00
 -.910000E+00 0.108255E+00
 -.890000E+00 0.782328E-03
 -.870000E+00 0.765409E-03
 -.850000E+00 0.747743E-03
 -.830000E+00 0.729346E-03
 -.810000E+00 0.710238E-03
 -.790000E+00 0.690436E-03
 -.770000E+00 0.669960E-03
 -.750000E+00 0.648830E-03
 -.730000E+00 0.627066E-03
 -.710000E+00 0.604690E-03
 -.690000E+00 0.581724E-03
 -.670000E+00 0.558189E-03
 -.650000E+00 0.534110E-03
 -.630000E+00 0.509509E-03
 -.610000E+00 0.484411E-03
 -.590000E+00 0.458840E-03
 -.570000E+00 0.432820E-03
 -.550000E+00 0.406378E-03
 -.530000E+00 0.379540E-03
 -.510000E+00 0.352330E-03
 -.490000E+00 0.324777E-03
 -.470000E+00 0.296907E-03
 -.450000E+00 0.268746E-03
 -.430000E+00 0.240323E-03
 -.410000E+00 0.211666E-03
 -.390000E+00 0.182802E-03
 -.370000E+00 0.153759E-03
 -.350000E+00 0.124566E-03
 -.330000E+00 0.952519E-04
 -.310000E+00 0.658444E-04
 -.290000E+00 0.363726E-04
 -.270000E+00 0.686525E-05
 -.250000E+00 -.226488E-04
 -.230000E+00 -.521408E-04
 -.210000E+00 -.815819E-04
 -.190000E+00 -.110943E-03
 -.170000E+00 -.140197E-03
 -.150000E+00 -.169313E-03
 -.130000E+00 -.198264E-03
 -.110000E+00 -.227022E-03
 -.900000E-01 -.255558E-03
 -.700000E-01 -.283844E-03
 -.500000E-01 -.311853E-03
 -.300000E-01 -.339558E-03
 -.100000E-01 -.366932E-03
 0.100000E-01 -.393947E-03
 0.300000E-01 -.420577E-03
 0.500000E-01 -.446797E-03
 0.700000E-01 -.472581E-03
 0.900000E-01 -.497903E-03
 0.110000E+00 -.522740E-03
 0.130000E+00 -.547066E-03
 0.150000E+00 -.570858E-03
 0.170000E+00 -.594092E-03
 0.190000E+00 -.616747E-03
 0.210000E+00 -.638799E-03
 0.230000E+00 -.660228E-03
 0.250000E+00 -.681012E-03
 0.270000E+00 -.701131E-03
 0.290000E+00 -.720566E-03
 0.310000E+00 -.739297E-03
 0.330000E+00 -.757306E-03
 0.350000E+00 -.774576E-03
 0.370000E+00 -.791090E-03
 0.390000E+00 -.806832E-03
 0.410000E+00 -.821785E-03
 0.430000E+00 -.835937E-03
 0.450000E+00 -.849272E-03
 0.470000E+00 -.861778E-03
 0.490000E+00 -.873442E-03
 0.510000E+00 -.884254E-03
 0.530000E+00 -.894203E-03
 0.550000E+00 -.903278E-03
 0.570000E+00 -.911472E-03
 0.590000E+00 -.918776E-03
 0.610000E+00 -.925182E-03
 0.630000E+00 -.930686E-03
 0.650000E+00 -.935280E-03
 0.670000E+00 -.938962E-03
 0.690000E+00 -.941727E-03
 0.710000E+00 -.943572E-03
 0.730000E+00 -.944496E-03
 0.750000E+00 -.944498E-03
 0.770000E+00 -.943578E-03
 0.790000E+00 -.941736E-03
 0.810000E+00 -.938975E-03
 0.830000E+00 -.935298E-03
 0.850000E+00 -.930707E-03
 0.870000E+00 -.925207E-03
 0.890000E+00 -.918804E-03
 0.910000E+00 0.106545E+00
 0.930000E+00 0.106552E+00
 0.950000E+00 0.106558E+00
 0.970000E+00 0.106564E+00
 0.990000E+00 0.106570E+00




































































































 -.990000E+00 0.107496E+00
 -.970000E+00 0.107498E+00
 -.950000E+00 0.107499E+00
 -.930000E+00 0.107499E+00
 -.910000E+00 0.107498E+00
 -.890000E+00 0.367835E-04
 -.870000E+00 0.192453E-04
 -.850000E+00 -.662789E-05
 -.830000E+00 -.296305E-04
 -.810000E+00 -.398005E-04
 -.790000E+00 -.327332E-04
 -.770000E+00 -.114895E-04
 -.750000E+00 0.147302E-04
 -.730000E+00 0.345704E-04
 -.710000E+00 0.394384E-04
 -.690000E+00 0.272261E-04
 -.670000E+00 0.322238E-05
 -.650000E+00 -.221769E-04
 -.630000E+00 -.379716E-04
 -.610000E+00 -.373211E-04
 -.590000E+00 -.205072E-04
 -.570000E+00 0.518814E-05
 -.550000E+00 0.286365E-04
 -.530000E+00 0.396827E-04
 -.510000E+00 0.335427E-04
 -.490000E+00 0.128756E-04
 -.470000E+00 -.133677E-04
 -.450000E+00 -.338217E-04
 -.430000E+00 -.396277E-04
 -.410000E+00 -.282714E-04
 -.390000E+00 -.467102E-05
 -.370000E+00 0.209523E-04
 -.350000E+00 0.375014E-04
 -.330000E+00 0.378090E-04
 -.310000E+00 0.217419E-04
 -.290000E+00 -.374148E-05
 -.270000E+00 -.276044E-04
 -.250000E+00 -.395121E-04
 -.230000E+00 -.343075E-04
 -.210000E+00 -.142446E-04
 -.190000E+00 0.119875E-04
 -.170000E+00 0.330279E-04
 -.150000E+00 0.397643E-04
 -.130000E+00 0.292791E-04
 -.110000E+00 0.611344E-05
 -.900000E-01 -.196999E-04
 -.700000E-01 -.369814E-04
 -.500000E-01 -.382466E-04
 -.300000E-01 -.229476E-04
 -.100000E-01 0.228985E-05
 0.100000E-01 0.265355E-04
 0.300000E-01 0.392889E-04
 0.500000E-01 0.350267E-04
 0.700000E-01 0.155947E-04
 0.900000E-01 -.105912E-04
 0.110000E+00 -.321902E-04
 0.130000E+00 -.398479E-04
 0.150000E+00 -.302478E-04
 0.170000E+00 -.754772E-05
 0.190000E+00 0.184212E-04
 0.210000E+00 0.364121E-04
 0.230000E+00 0.386332E-04
 0.250000E+00 0.241227E-04
 0.270000E+00 -.835169E-06
 0.290000E+00 -.254313E-04
 0.310000E+00 -.390134E-04
 0.330000E+00 -.356992E-04
 0.350000E+00 -.169239E-04
 0.370000E+00 0.918089E-05
 0.390000E+00 0.313096E-04
 0.410000E+00 0.398784E-04
 0.430000E+00 0.311762E-04
 0.450000E+00 0.897195E-05
 0.470000E+00 -.171180E-04
 0.490000E+00 -.357943E-04
 0.510000E+00 -.389685E-04
 0.530000E+00 -.252657E-04
 0.550000E+00 -.620627E-06
 0.570000E+00 0.242933E-04
 0.590000E+00 0.386860E-04
 0.610000E+00 0.363242E-04
 0.630000E+00 0.182307E-04
 0.650000E+00 -.775833E-05
 0.670000E+00 -.303873E-04
 0.690000E+00 -.398558E-04
 0.710000E+00 -.320632E-04
 0.730000E+00 -.103842E-04
 0.750000E+00 0.157920E-04
 0.770000E+00 0.351289E-04
 0.790000E+00 0.392518E-04
 0.810000E+00 0.263751E-04
 0.830000E+00 0.207560E-05
 0.850000E+00 -.231228E-04
 0.870000E+00 -.383070E-04
 0.890000E+00 -.369008E-04
 0.910000E+00 0.107436E+00
 0.930000E+00 0.107446E+00
 0.950000E+00 0.107444E+00
 0.970000E+00 0.107431E+00
 0.990000E+00 0.107413E+00




































































































