 -.990000E+00 -.773750E-02
 -.970000E+00 -.773752E-02
 -.950000E+00 -.773756E-02
 -.930000E+00 -.773761E-02
 -.910000E+00 -.773764E-02
 -.890000E+00 -.625214E-02
 -.870000E+00 -.143546E-02
 -.850000E+00 0.400220E-02
 -.830000E+00 0.770573E-02
 -.810000E+00 0.807145E-02
 -.790000E+00 0.494144E-02
 -.770000E+00 -.328195E-03
 -.750000E+00 -.545491E-02
 -.730000E+00 -.821840E-02
 -.710000E+00 -.742217E-02
 -.690000E+00 -.341159E-02
 -.670000E+00 0.207593E-02
 -.650000E+00 0.666356E-02
 -.630000E+00 0.836460E-02
 -.610000E+00 0.644275E-02
 -.590000E+00 0.173090E-02
 -.570000E+00 -.372989E-02
 -.550000E+00 -.757449E-02
 -.530000E+00 -.813809E-02
 -.510000E+00 -.517707E-02
 -.490000E+00 0.256480E-04
 -.470000E+00 0.521649E-02
 -.450000E+00 0.814735E-02
 -.430000E+00 0.754924E-02
 -.410000E+00 0.368171E-02
 -.390000E+00 -.177975E-02
 -.370000E+00 -.646962E-02
 -.350000E+00 -.835686E-02
 -.330000E+00 -.662455E-02
 -.310000E+00 -.202346E-02
 -.290000E+00 0.345328E-02
 -.270000E+00 0.743363E-02
 -.250000E+00 0.819396E-02
 -.230000E+00 0.540545E-02
 -.210000E+00 0.276306E-03
 -.190000E+00 -.497174E-02
 -.170000E+00 -.806580E-02
 -.150000E+00 -.766618E-02
 -.130000E+00 -.394647E-02
 -.110000E+00 0.148187E-02
 -.900000E-01 0.626762E-02
 -.700000E-01 0.833822E-02
 -.500000E-01 0.679731E-02
 -.300000E-01 0.231278E-02
 -.100000E-01 -.317273E-02
 0.100000E-01 -.728335E-02
 0.300000E-01 -.823901E-02
 0.500000E-01 -.562630E-02
 0.700000E-01 -.577275E-03
 0.900000E-01 0.472101E-02
 0.110000E+00 0.797389E-02
 0.130000E+00 0.777287E-02
 0.150000E+00 0.420553E-02
 0.170000E+00 -.118266E-02
 0.190000E+00 -.605786E-02
 0.210000E+00 -.830873E-02
 0.230000E+00 -.696084E-02
 0.250000E+00 -.259848E-02
 0.270000E+00 0.288861E-02
 0.290000E+00 0.712386E-02
 0.310000E+00 0.827321E-02
 0.330000E+00 0.583934E-02
 0.350000E+00 0.876866E-03
 0.370000E+00 -.446463E-02
 0.390000E+00 -.787175E-02
 0.410000E+00 -.786919E-02
 0.430000E+00 -.445855E-02
 0.450000E+00 0.882531E-03
 0.470000E+00 0.584061E-02
 0.490000E+00 0.826844E-02
 0.510000E+00 0.711493E-02
 0.530000E+00 0.288019E-02
 0.550000E+00 -.260131E-02
 0.570000E+00 -.695540E-02
 0.590000E+00 -.829653E-02
 0.610000E+00 -.604431E-02
 0.630000E+00 -.117469E-02
 0.650000E+00 0.420295E-02
 0.670000E+00 0.775954E-02
 0.690000E+00 0.795502E-02
 0.710000E+00 0.470523E-02
 0.730000E+00 -.581869E-03
 0.750000E+00 -.561618E-02
 0.770000E+00 -.821744E-02
 0.790000E+00 -.725942E-02
 0.810000E+00 -.315755E-02
 0.830000E+00 0.231121E-02
 0.850000E+00 0.677820E-02
 0.870000E+00 0.830896E-02
 0.890000E+00 0.624096E-02
 0.910000E+00 0.846749E-03
 0.930000E+00 -.304803E-02
 0.950000E+00 -.227130E-02
 0.970000E+00 0.283913E-02
 0.990000E+00 0.100686E-01




































































































 -.990000E+00 -.172257E+00
 -.970000E+00 -.172257E+00
 -.950000E+00 -.172257E+00
 -.930000E+00 -.172256E+00
 -.910000E+00 -.172255E+00
 -.890000E+00 -.171121E+00
 -.870000E+00 -.168730E+00
 -.850000E+00 -.166175E+00
 -.830000E+00 -.163458E+00
 -.810000E+00 -.160582E+00
 -.790000E+00 -.157550E+00
 -.770000E+00 -.154364E+00
 -.750000E+00 -.151028E+00
 -.730000E+00 -.147546E+00
 -.710000E+00 -.143919E+00
 -.690000E+00 -.140153E+00
 -.670000E+00 -.136251E+00
 -.650000E+00 -.132217E+00
 -.630000E+00 -.128054E+00
 -.610000E+00 -.123766E+00
 -.590000E+00 -.119359E+00
 -.570000E+00 -.114836E+00
 -.550000E+00 -.110201E+00
 -.530000E+00 -.105459E+00
 -.510000E+00 -.100616E+00
 -.490000E+00 -.956743E-01
 -.470000E+00 -.906405E-01
 -.450000E+00 -.855190E-01
 -.430000E+00 -.803148E-01
 -.410000E+00 -.750330E-01
 -.390000E+00 -.696787E-01
 -.370000E+00 -.642573E-01
 -.350000E+00 -.587740E-01
 -.330000E+00 -.532342E-01
 -.310000E+00 -.476433E-01
 -.290000E+00 -.420067E-01
 -.270000E+00 -.363300E-01
 -.250000E+00 -.306188E-01
 -.230000E+00 -.248785E-01
 -.210000E+00 -.191148E-01
 -.190000E+00 -.133334E-01
 -.170000E+00 -.753990E-02
 -.150000E+00 -.173992E-02
 -.130000E+00 0.406087E-02
 -.110000E+00 0.985678E-02
 -.900000E-01 0.156422E-01
 -.700000E-01 0.214114E-01
 -.500000E-01 0.271588E-01
 -.300000E-01 0.328788E-01
 -.100000E-01 0.385659E-01
 0.100000E-01 0.442144E-01
 0.300000E-01 0.498189E-01
 0.500000E-01 0.553739E-01
 0.700000E-01 0.608740E-01
 0.900000E-01 0.663139E-01
 0.110000E+00 0.716881E-01
 0.130000E+00 0.769916E-01
 0.150000E+00 0.822192E-01
 0.170000E+00 0.873657E-01
 0.190000E+00 0.924262E-01
 0.210000E+00 0.973957E-01
 0.230000E+00 0.102269E+00
 0.250000E+00 0.107043E+00
 0.270000E+00 0.111711E+00
 0.290000E+00 0.116269E+00
 0.310000E+00 0.120713E+00
 0.330000E+00 0.125039E+00
 0.350000E+00 0.129242E+00
 0.370000E+00 0.133318E+00
 0.390000E+00 0.137264E+00
 0.410000E+00 0.141075E+00
 0.430000E+00 0.144748E+00
 0.450000E+00 0.148279E+00
 0.470000E+00 0.151665E+00
 0.490000E+00 0.154903E+00
 0.510000E+00 0.157989E+00
 0.530000E+00 0.160920E+00
 0.550000E+00 0.163694E+00
 0.570000E+00 0.166308E+00
 0.590000E+00 0.168759E+00
 0.610000E+00 0.171046E+00
 0.630000E+00 0.173165E+00
 0.650000E+00 0.175115E+00
 0.670000E+00 0.176894E+00
 0.690000E+00 0.178500E+00
 0.710000E+00 0.179931E+00
 0.730000E+00 0.181187E+00
 0.750000E+00 0.182266E+00
 0.770000E+00 0.183167E+00
 0.790000E+00 0.183890E+00
 0.810000E+00 0.184433E+00
 0.830000E+00 0.184795E+00
 0.850000E+00 0.184978E+00
 0.870000E+00 0.184980E+00
 0.890000E+00 0.184802E+00
 0.910000E+00 0.183437E+00
 0.930000E+00 0.181011E+00
 0.950000E+00 0.178574E+00
 0.970000E+00 0.176129E+00
 0.990000E+00 0.173676E+00




































































































 -.990000E+00 -.450929E+00
 -.970000E+00 -.450929E+00
 -.950000E+00 -.450929E+00
 -.930000E+00 -.450929E+00
 -.910000E+00 -.450929E+00
 -.890000E+00 -.449599E+00
 -.870000E+00 -.446872E+00
 -.850000E+00 -.444054E+00
 -.830000E+00 -.441145E+00
 -.810000E+00 -.438146E+00
 -.790000E+00 -.435058E+00
 -.770000E+00 -.431881E+00
 -.750000E+00 -.428616E+00
 -.730000E+00 -.425264E+00
 -.710000E+00 -.421824E+00
 -.690000E+00 -.418299E+00
 -.670000E+00 -.414688E+00
 -.650000E+00 -.410993E+00
 -.630000E+00 -.407214E+00
 -.610000E+00 -.403352E+00
 -.590000E+00 -.399408E+00
 -.570000E+00 -.395382E+00
 -.550000E+00 -.391275E+00
 -.530000E+00 -.387089E+00
 -.510000E+00 -.382823E+00
 -.490000E+00 -.378480E+00
 -.470000E+00 -.374060E+00
 -.450000E+00 -.369563E+00
 -.430000E+00 -.364991E+00
 -.410000E+00 -.360344E+00
 -.390000E+00 -.355624E+00
 -.370000E+00 -.350832E+00
 -.350000E+00 -.345968E+00
 -.330000E+00 -.341033E+00
 -.310000E+00 -.336029E+00
 -.290000E+00 -.330957E+00
 -.270000E+00 -.325817E+00
 -.250000E+00 -.320611E+00
 -.230000E+00 -.315339E+00
 -.210000E+00 -.310004E+00
 -.190000E+00 -.304605E+00
 -.170000E+00 -.299144E+00
 -.150000E+00 -.293623E+00
 -.130000E+00 -.288042E+00
 -.110000E+00 -.282402E+00
 -.900000E-01 -.276704E+00
 -.700000E-01 -.270951E+00
 -.500000E-01 -.265143E+00
 -.300000E-01 -.259280E+00
 -.100000E-01 -.253365E+00
 0.100000E-01 -.247399E+00
 0.300000E-01 -.241382E+00
 0.500000E-01 -.235317E+00
 0.700000E-01 -.229204E+00
 0.900000E-01 -.223044E+00
 0.110000E+00 -.216840E+00
 0.130000E+00 -.210591E+00
 0.150000E+00 -.204300E+00
 0.170000E+00 -.197968E+00
 0.190000E+00 -.191595E+00
 0.210000E+00 -.185184E+00
 0.230000E+00 -.178736E+00
 0.250000E+00 -.172252E+00
 0.270000E+00 -.165733E+00
 0.290000E+00 -.159181E+00
 0.310000E+00 -.152596E+00
 0.330000E+00 -.145982E+00
 0.350000E+00 -.139338E+00
 0.370000E+00 -.132666E+00
 0.390000E+00 -.125968E+00
 0.410000E+00 -.119244E+00
 0.430000E+00 -.112497E+00
 0.450000E+00 -.105728E+00
 0.470000E+00 -.989376E-01
 0.490000E+00 -.921278E-01
 0.510000E+00 -.853000E-01
 0.530000E+00 -.784555E-01
 0.550000E+00 -.715957E-01
 0.570000E+00 -.647221E-01
 0.590000E+00 -.578360E-01
 0.610000E+00 -.509389E-01
 0.630000E+00 -.440322E-01
 0.650000E+00 -.371174E-01
 0.670000E+00 -.301958E-01
 0.690000E+00 -.232688E-01
 0.710000E+00 -.163380E-01
 0.730000E+00 -.940475E-02
 0.750000E+00 -.247044E-02
 0.770000E+00 0.446349E-02
 0.790000E+00 0.113956E-01
 0.810000E+00 0.183245E-01
 0.830000E+00 0.252487E-01
 0.850000E+00 0.321668E-01
 0.870000E+00 0.390774E-01
 0.890000E+00 0.459791E-01
 0.910000E+00 0.514309E-01
 0.930000E+00 0.554550E-01
 0.950000E+00 0.594979E-01
 0.970000E+00 0.635586E-01
 0.990000E+00 0.676358E-01




































































































 -.990000E+00 -.899708E+00
 -.970000E+00 -.899708E+00
 -.950000E+00 -.899707E+00
 -.930000E+00 -.899705E+00
 -.910000E+00 -.899704E+00
 -.890000E+00 -.901323E+00
 -.870000E+00 -.904527E+00
 -.850000E+00 -.907681E+00
 -.830000E+00 -.910785E+00
 -.810000E+00 -.913839E+00
 -.790000E+00 -.916842E+00
 -.770000E+00 -.919795E+00
 -.750000E+00 -.922697E+00
 -.730000E+00 -.925547E+00
 -.710000E+00 -.928347E+00
 -.690000E+00 -.931095E+00
 -.670000E+00 -.933792E+00
 -.650000E+00 -.936437E+00
 -.630000E+00 -.939030E+00
 -.610000E+00 -.941571E+00
 -.590000E+00 -.944060E+00
 -.570000E+00 -.946497E+00
 -.550000E+00 -.948881E+00
 -.530000E+00 -.951212E+00
 -.510000E+00 -.953491E+00
 -.490000E+00 -.955717E+00
 -.470000E+00 -.957890E+00
 -.450000E+00 -.960009E+00
 -.430000E+00 -.962075E+00
 -.410000E+00 -.964088E+00
 -.390000E+00 -.966047E+00
 -.370000E+00 -.967952E+00
 -.350000E+00 -.969804E+00
 -.330000E+00 -.971601E+00
 -.310000E+00 -.973344E+00
 -.290000E+00 -.975033E+00
 -.270000E+00 -.976668E+00
 -.250000E+00 -.978248E+00
 -.230000E+00 -.979774E+00
 -.210000E+00 -.981245E+00
 -.190000E+00 -.982660E+00
 -.170000E+00 -.984022E+00
 -.150000E+00 -.985328E+00
 -.130000E+00 -.986578E+00
 -.110000E+00 -.987774E+00
 -.900000E-01 -.988914E+00
 -.700000E-01 -.989999E+00
 -.500000E-01 -.991029E+00
 -.300000E-01 -.992003E+00
 -.100000E-01 -.992921E+00
 0.100000E-01 -.993784E+00
 0.300000E-01 -.994590E+00
 0.500000E-01 -.995341E+00
 0.700000E-01 -.996036E+00
 0.900000E-01 -.996675E+00
 0.110000E+00 -.997257E+00
 0.130000E+00 -.997784E+00
 0.150000E+00 -.998254E+00
 0.170000E+00 -.998669E+00
 0.190000E+00 -.999027E+00
 0.210000E+00 -.999328E+00
 0.230000E+00 -.999573E+00
 0.250000E+00 -.999762E+00
 0.270000E+00 -.999894E+00
 0.290000E+00 -.999970E+00
 0.310000E+00 -.999989E+00
 0.330000E+00 -.999952E+00
 0.350000E+00 -.999858E+00
 0.370000E+00 -.999707E+00
 0.390000E+00 -.999500E+00
 0.410000E+00 -.999236E+00
 0.430000E+00 -.998915E+00
 0.450000E+00 -.998538E+00
 0.470000E+00 -.998104E+00
 0.490000E+00 -.997614E+00
 0.510000E+00 -.997067E+00
 0.530000E+00 -.996463E+00
 0.550000E+00 -.995802E+00
 0.570000E+00 -.995085E+00
 0.590000E+00 -.994311E+00
 0.610000E+00 -.993481E+00
 0.630000E+00 -.992594E+00
 0.650000E+00 -.991650E+00
 0.670000E+00 -.990650E+00
 0.690000E+00 -.989593E+00
 0.710000E+00 -.988480E+00
 0.730000E+00 -.987311E+00
 0.750000E+00 -.986085E+00
 0.770000E+00 -.984803E+00
 0.790000E+00 -.983464E+00
 0.810000E+00 -.982069E+00
 0.830000E+00 -.980618E+00
 0.850000E+00 -.979111E+00
 0.870000E+00 -.977548E+00
 0.890000E+00 -.975929E+00
 0.910000E+00 -.973214E+00
 0.930000E+00 -.969261E+00
 0.950000E+00 -.965070E+00
 0.970000E+00 -.960646E+00
 0.990000E+00 -.955997E+00




































































































 -.990000E+00 -.454386E+00
 -.970000E+00 -.454375E+00
 -.950000E+00 -.454345E+00
 -.930000E+00 -.454294E+00
 -.910000E+00 -.454224E+00
 -.890000E+00 -.454419E+00
 -.870000E+00 -.454889E+00
 -.850000E+00 -.455355E+00
 -.830000E+00 -.455819E+00
 -.810000E+00 -.456279E+00
 -.790000E+00 -.456737E+00
 -.770000E+00 -.457191E+00
 -.750000E+00 -.457642E+00
 -.730000E+00 -.458091E+00
 -.710000E+00 -.458537E+00
 -.690000E+00 -.458979E+00
 -.670000E+00 -.459419E+00
 -.650000E+00 -.459856E+00
 -.630000E+00 -.460290E+00
 -.610000E+00 -.460722E+00
 -.590000E+00 -.461150E+00
 -.570000E+00 -.461576E+00
 -.550000E+00 -.461999E+00
 -.530000E+00 -.462420E+00
 -.510000E+00 -.462838E+00
 -.490000E+00 -.463253E+00
 -.470000E+00 -.463665E+00
 -.450000E+00 -.464075E+00
 -.430000E+00 -.464482E+00
 -.410000E+00 -.464887E+00
 -.390000E+00 -.465289E+00
 -.370000E+00 -.465688E+00
 -.350000E+00 -.466085E+00
 -.330000E+00 -.466480E+00
 -.310000E+00 -.466872E+00
 -.290000E+00 -.467261E+00
 -.270000E+00 -.467648E+00
 -.250000E+00 -.468033E+00
 -.230000E+00 -.468415E+00
 -.210000E+00 -.468795E+00
 -.190000E+00 -.469173E+00
 -.170000E+00 -.469548E+00
 -.150000E+00 -.469920E+00
 -.130000E+00 -.470291E+00
 -.110000E+00 -.470659E+00
 -.900000E-01 -.471025E+00
 -.700000E-01 -.471388E+00
 -.500000E-01 -.471749E+00
 -.300000E-01 -.472108E+00
 -.100000E-01 -.472465E+00
 0.100000E-01 -.472820E+00
 0.300000E-01 -.473172E+00
 0.500000E-01 -.473522E+00
 0.700000E-01 -.473870E+00
 0.900000E-01 -.474216E+00
 0.110000E+00 -.474560E+00
 0.130000E+00 -.474901E+00
 0.150000E+00 -.475241E+00
 0.170000E+00 -.475578E+00
 0.190000E+00 -.475914E+00
 0.210000E+00 -.476247E+00
 0.230000E+00 -.476578E+00
 0.250000E+00 -.476907E+00
 0.270000E+00 -.477234E+00
 0.290000E+00 -.477559E+00
 0.310000E+00 -.477882E+00
 0.330000E+00 -.478204E+00
 0.350000E+00 -.478523E+00
 0.370000E+00 -.478840E+00
 0.390000E+00 -.479155E+00
 0.410000E+00 -.479468E+00
 0.430000E+00 -.479780E+00
 0.450000E+00 -.480089E+00
 0.470000E+00 -.480397E+00
 0.490000E+00 -.480702E+00
 0.510000E+00 -.481006E+00
 0.530000E+00 -.481308E+00
 0.550000E+00 -.481608E+00
 0.570000E+00 -.481906E+00
 0.590000E+00 -.482202E+00
 0.610000E+00 -.482497E+00
 0.630000E+00 -.482789E+00
 0.650000E+00 -.483080E+00
 0.670000E+00 -.483369E+00
 0.690000E+00 -.483656E+00
 0.710000E+00 -.483942E+00
 0.730000E+00 -.484226E+00
 0.750000E+00 -.484508E+00
 0.770000E+00 -.484788E+00
 0.790000E+00 -.485066E+00
 0.810000E+00 -.485343E+00
 0.830000E+00 -.485618E+00
 0.850000E+00 -.485891E+00
 0.870000E+00 -.486163E+00
 0.890000E+00 -.486432E+00
 0.910000E+00 -.489119E+00
 0.930000E+00 -.494186E+00
 0.950000E+00 -.499205E+00
 0.970000E+00 -.504174E+00
 0.990000E+00 -.509091E+00




































































































 -.990000E+00 -.400289E+00
 -.970000E+00 -.400290E+00
 -.950000E+00 -.400293E+00
 -.930000E+00 -.400299E+00
 -.910000E+00 -.400307E+00
 -.890000E+00 -.400415E+00
 -.870000E+00 -.400622E+00
 -.850000E+00 -.400829E+00
 -.830000E+00 -.401036E+00
 -.810000E+00 -.401243E+00
 -.790000E+00 -.401450E+00
 -.770000E+00 -.401657E+00
 -.750000E+00 -.401864E+00
 -.730000E+00 -.402071E+00
 -.710000E+00 -.402278E+00
 -.690000E+00 -.402485E+00
 -.670000E+00 -.402692E+00
 -.650000E+00 -.402899E+00
 -.630000E+00 -.403106E+00
 -.610000E+00 -.403313E+00
 -.590000E+00 -.403520E+00
 -.570000E+00 -.403727E+00
 -.550000E+00 -.403933E+00
 -.530000E+00 -.404140E+00
 -.510000E+00 -.404347E+00
 -.490000E+00 -.404554E+00
 -.470000E+00 -.404761E+00
 -.450000E+00 -.404967E+00
 -.430000E+00 -.405174E+00
 -.410000E+00 -.405381E+00
 -.390000E+00 -.405587E+00
 -.370000E+00 -.405794E+00
 -.350000E+00 -.406001E+00
 -.330000E+00 -.406207E+00
 -.310000E+00 -.406414E+00
 -.290000E+00 -.406620E+00
 -.270000E+00 -.406827E+00
 -.250000E+00 -.407033E+00
 -.230000E+00 -.407240E+00
 -.210000E+00 -.407446E+00
 -.190000E+00 -.407653E+00
 -.170000E+00 -.407859E+00
 -.150000E+00 -.408066E+00
 -.130000E+00 -.408272E+00
 -.110000E+00 -.408478E+00
 -.900000E-01 -.408685E+00
 -.700000E-01 -.408891E+00
 -.500000E-01 -.409097E+00
 -.300000E-01 -.409304E+00
 -.100000E-01 -.409510E+00
 0.100000E-01 -.409716E+00
 0.300000E-01 -.409922E+00
 0.500000E-01 -.410129E+00
 0.700000E-01 -.410335E+00
 0.900000E-01 -.410541E+00
 0.110000E+00 -.410747E+00
 0.130000E+00 -.410953E+00
 0.150000E+00 -.411159E+00
 0.170000E+00 -.411365E+00
 0.190000E+00 -.411571E+00
 0.210000E+00 -.411777E+00
 0.230000E+00 -.411983E+00
 0.250000E+00 -.412189E+00
 0.270000E+00 -.412395E+00
 0.290000E+00 -.412601E+00
 0.310000E+00 -.412807E+00
 0.330000E+00 -.413013E+00
 0.350000E+00 -.413219E+00
 0.370000E+00 -.413425E+00
 0.390000E+00 -.413631E+00
 0.410000E+00 -.413836E+00
 0.430000E+00 -.414042E+00
 0.450000E+00 -.414248E+00
 0.470000E+00 -.414454E+00
 0.490000E+00 -.414660E+00
 0.510000E+00 -.414865E+00
 0.530000E+00 -.415071E+00
 0.550000E+00 -.415277E+00
 0.570000E+00 -.415482E+00
 0.590000E+00 -.415688E+00
 0.610000E+00 -.415893E+00
 0.630000E+00 -.416099E+00
 0.650000E+00 -.416305E+00
 0.670000E+00 -.416510E+00
 0.690000E+00 -.416716E+00
 0.710000E+00 -.416921E+00
 0.730000E+00 -.417127E+00
 0.750000E+00 -.417332E+00
 0.770000E+00 -.417538E+00
 0.790000E+00 -.417743E+00
 0.810000E+00 -.417948E+00
 0.830000E+00 -.418154E+00
 0.850000E+00 -.418359E+00
 0.870000E+00 -.418564E+00
 0.890000E+00 -.418770E+00
 0.910000E+00 -.422724E+00
 0.930000E+00 -.430445E+00
 0.950000E+00 -.438191E+00
 0.970000E+00 -.445960E+00
 0.990000E+00 -.453751E+00




































































































 -.990000E+00 -.108779E+00
 -.970000E+00 -.108781E+00
 -.950000E+00 -.108785E+00
 -.930000E+00 -.108792E+00
 -.910000E+00 -.108801E+00
 -.890000E+00 -.107285E+00
 -.870000E+00 -.104243E+00
 -.850000E+00 -.101202E+00
 -.830000E+00 -.981613E-01
 -.810000E+00 -.951213E-01
 -.790000E+00 -.920820E-01
 -.770000E+00 -.890436E-01
 -.750000E+00 -.860059E-01
 -.730000E+00 -.829690E-01
 -.710000E+00 -.799330E-01
 -.690000E+00 -.768979E-01
 -.670000E+00 -.738636E-01
 -.650000E+00 -.708303E-01
 -.630000E+00 -.677979E-01
 -.610000E+00 -.647666E-01
 -.590000E+00 -.617362E-01
 -.570000E+00 -.587068E-01
 -.550000E+00 -.556785E-01
 -.530000E+00 -.526513E-01
 -.510000E+00 -.496252E-01
 -.490000E+00 -.466002E-01
 -.470000E+00 -.435764E-01
 -.450000E+00 -.405538E-01
 -.430000E+00 -.375324E-01
 -.410000E+00 -.345123E-01
 -.390000E+00 -.314934E-01
 -.370000E+00 -.284757E-01
 -.350000E+00 -.254595E-01
 -.330000E+00 -.224445E-01
 -.310000E+00 -.194309E-01
 -.290000E+00 -.164187E-01
 -.270000E+00 -.134080E-01
 -.250000E+00 -.103987E-01
 -.230000E+00 -.739082E-02
 -.210000E+00 -.438447E-02
 -.190000E+00 -.137964E-02
 -.170000E+00 0.162363E-02
 -.150000E+00 0.462533E-02
 -.130000E+00 0.762543E-02
 -.110000E+00 0.106239E-01
 -.900000E-01 0.136207E-01
 -.700000E-01 0.166159E-01
 -.500000E-01 0.196093E-01
 -.300000E-01 0.226010E-01
 -.100000E-01 0.255910E-01
 0.100000E-01 0.285792E-01
 0.300000E-01 0.315656E-01
 0.500000E-01 0.345501E-01
 0.700000E-01 0.375328E-01
 0.900000E-01 0.405136E-01
 0.110000E+00 0.434925E-01
 0.130000E+00 0.464695E-01
 0.150000E+00 0.494445E-01
 0.170000E+00 0.524176E-01
 0.190000E+00 0.553886E-01
 0.210000E+00 0.583576E-01
 0.230000E+00 0.613245E-01
 0.250000E+00 0.642894E-01
 0.270000E+00 0.672521E-01
 0.290000E+00 0.702128E-01
 0.310000E+00 0.731712E-01
 0.330000E+00 0.761275E-01
 0.350000E+00 0.790816E-01
 0.370000E+00 0.820334E-01
 0.390000E+00 0.849830E-01
 0.410000E+00 0.879303E-01
 0.430000E+00 0.908753E-01
 0.450000E+00 0.938179E-01
 0.470000E+00 0.967582E-01
 0.490000E+00 0.996961E-01
 0.510000E+00 0.102632E+00
 0.530000E+00 0.105565E+00
 0.550000E+00 0.108495E+00
 0.570000E+00 0.111423E+00
 0.590000E+00 0.114349E+00
 0.610000E+00 0.117272E+00
 0.630000E+00 0.120193E+00
 0.650000E+00 0.123111E+00
 0.670000E+00 0.126026E+00
 0.690000E+00 0.128939E+00
 0.710000E+00 0.131849E+00
 0.730000E+00 0.134756E+00
 0.750000E+00 0.137661E+00
 0.770000E+00 0.140563E+00
 0.790000E+00 0.143462E+00
 0.810000E+00 0.146359E+00
 0.830000E+00 0.149252E+00
 0.850000E+00 0.152143E+00
 0.870000E+00 0.155031E+00
 0.890000E+00 0.157916E+00
 0.910000E+00 0.159578E+00
 0.930000E+00 0.160025E+00
 0.950000E+00 0.160478E+00
 0.970000E+00 0.160940E+00
 0.990000E+00 0.161409E+00




































































































 -.990000E+00 0.334393E+00
 -.970000E+00 0.334393E+00
 -.950000E+00 0.334392E+00
 -.930000E+00 0.334390E+00
 -.910000E+00 0.334388E+00
 -.890000E+00 0.337926E+00
 -.870000E+00 0.344992E+00
 -.850000E+00 0.352038E+00
 -.830000E+00 0.359064E+00
 -.810000E+00 0.366070E+00
 -.790000E+00 0.373055E+00
 -.770000E+00 0.380020E+00
 -.750000E+00 0.386963E+00
 -.730000E+00 0.393884E+00
 -.710000E+00 0.400783E+00
 -.690000E+00 0.407659E+00
 -.670000E+00 0.414512E+00
 -.650000E+00 0.421342E+00
 -.630000E+00 0.428149E+00
 -.610000E+00 0.434931E+00
 -.590000E+00 0.441689E+00
 -.570000E+00 0.448422E+00
 -.550000E+00 0.455130E+00
 -.530000E+00 0.461813E+00
 -.510000E+00 0.468469E+00
 -.490000E+00 0.475099E+00
 -.470000E+00 0.481703E+00
 -.450000E+00 0.488279E+00
 -.430000E+00 0.494828E+00
 -.410000E+00 0.501349E+00
 -.390000E+00 0.507843E+00
 -.370000E+00 0.514307E+00
 -.350000E+00 0.520743E+00
 -.330000E+00 0.527150E+00
 -.310000E+00 0.533527E+00
 -.290000E+00 0.539874E+00
 -.270000E+00 0.546191E+00
 -.250000E+00 0.552477E+00
 -.230000E+00 0.558733E+00
 -.210000E+00 0.564957E+00
 -.190000E+00 0.571149E+00
 -.170000E+00 0.577309E+00
 -.150000E+00 0.583437E+00
 -.130000E+00 0.589532E+00
 -.110000E+00 0.595595E+00
 -.900000E-01 0.601623E+00
 -.700000E-01 0.607619E+00
 -.500000E-01 0.613580E+00
 -.300000E-01 0.619506E+00
 -.100000E-01 0.625398E+00
 0.100000E-01 0.631255E+00
 0.300000E-01 0.637076E+00
 0.500000E-01 0.642862E+00
 0.700000E-01 0.648611E+00
 0.900000E-01 0.654324E+00
 0.110000E+00 0.660001E+00
 0.130000E+00 0.665640E+00
 0.150000E+00 0.671242E+00
 0.170000E+00 0.676807E+00
 0.190000E+00 0.682333E+00
 0.210000E+00 0.687821E+00
 0.230000E+00 0.693271E+00
 0.250000E+00 0.698681E+00
 0.270000E+00 0.704052E+00
 0.290000E+00 0.709384E+00
 0.310000E+00 0.714676E+00
 0.330000E+00 0.719927E+00
 0.350000E+00 0.725139E+00
 0.370000E+00 0.730309E+00
 0.390000E+00 0.735438E+00
 0.410000E+00 0.740526E+00
 0.430000E+00 0.745572E+00
 0.450000E+00 0.750577E+00
 0.470000E+00 0.755539E+00
 0.490000E+00 0.760458E+00
 0.510000E+00 0.765335E+00
 0.530000E+00 0.770168E+00
 0.550000E+00 0.774958E+00
 0.570000E+00 0.779705E+00
 0.590000E+00 0.784407E+00
 0.610000E+00 0.789065E+00
 0.630000E+00 0.793679E+00
 0.650000E+00 0.798248E+00
 0.670000E+00 0.802772E+00
 0.690000E+00 0.807250E+00
 0.710000E+00 0.811683E+00
 0.730000E+00 0.816070E+00
 0.750000E+00 0.820411E+00
 0.770000E+00 0.824706E+00
 0.790000E+00 0.828954E+00
 0.810000E+00 0.833155E+00
 0.830000E+00 0.837309E+00
 0.850000E+00 0.841415E+00
 0.870000E+00 0.845474E+00
 0.890000E+00 0.849485E+00
 0.910000E+00 0.855167E+00
 0.930000E+00 0.862476E+00
 0.950000E+00 0.869674E+00
 0.970000E+00 0.876754E+00
 0.990000E+00 0.883709E+00




































































































 -.990000E+00 0.449228E+00
 -.970000E+00 0.449228E+00
 -.950000E+00 0.449228E+00
 -.930000E+00 0.449228E+00
 -.910000E+00 0.449228E+00
 -.890000E+00 0.450553E+00
 -.870000E+00 0.453133E+00
 -.850000E+00 0.455620E+00
 -.830000E+00 0.458014E+00
 -.810000E+00 0.460314E+00
 -.790000E+00 0.462519E+00
 -.770000E+00 0.464629E+00
 -.750000E+00 0.466643E+00
 -.730000E+00 0.468562E+00
 -.710000E+00 0.470385E+00
 -.690000E+00 0.472111E+00
 -.670000E+00 0.473740E+00
 -.650000E+00 0.475272E+00
 -.630000E+00 0.476706E+00
 -.610000E+00 0.478042E+00
 -.590000E+00 0.479281E+00
 -.570000E+00 0.480420E+00
 -.550000E+00 0.481461E+00
 -.530000E+00 0.482403E+00
 -.510000E+00 0.483246E+00
 -.490000E+00 0.483990E+00
 -.470000E+00 0.484635E+00
 -.450000E+00 0.485180E+00
 -.430000E+00 0.485625E+00
 -.410000E+00 0.485971E+00
 -.390000E+00 0.486216E+00
 -.370000E+00 0.486362E+00
 -.350000E+00 0.486408E+00
 -.330000E+00 0.486354E+00
 -.310000E+00 0.486201E+00
 -.290000E+00 0.485947E+00
 -.270000E+00 0.485594E+00
 -.250000E+00 0.485141E+00
 -.230000E+00 0.484588E+00
 -.210000E+00 0.483936E+00
 -.190000E+00 0.483185E+00
 -.170000E+00 0.482334E+00
 -.150000E+00 0.481384E+00
 -.130000E+00 0.480336E+00
 -.110000E+00 0.479189E+00
 -.900000E-01 0.477943E+00
 -.700000E-01 0.476600E+00
 -.500000E-01 0.475158E+00
 -.300000E-01 0.473620E+00
 -.100000E-01 0.471984E+00
 0.100000E-01 0.470251E+00
 0.300000E-01 0.468421E+00
 0.500000E-01 0.466496E+00
 0.700000E-01 0.464475E+00
 0.900000E-01 0.462359E+00
 0.110000E+00 0.460148E+00
 0.130000E+00 0.457842E+00
 0.150000E+00 0.455443E+00
 0.170000E+00 0.452951E+00
 0.190000E+00 0.450365E+00
 0.210000E+00 0.447688E+00
 0.230000E+00 0.444918E+00
 0.250000E+00 0.442058E+00
 0.270000E+00 0.439107E+00
 0.290000E+00 0.436066E+00
 0.310000E+00 0.432936E+00
 0.330000E+00 0.429717E+00
 0.350000E+00 0.426411E+00
 0.370000E+00 0.423017E+00
 0.390000E+00 0.419537E+00
 0.410000E+00 0.415971E+00
 0.430000E+00 0.412320E+00
 0.450000E+00 0.408584E+00
 0.470000E+00 0.404766E+00
 0.490000E+00 0.400864E+00
 0.510000E+00 0.396881E+00
 0.530000E+00 0.392817E+00
 0.550000E+00 0.388673E+00
 0.570000E+00 0.384449E+00
 0.590000E+00 0.380147E+00
 0.610000E+00 0.375768E+00
 0.630000E+00 0.371312E+00
 0.650000E+00 0.366781E+00
 0.670000E+00 0.362175E+00
 0.690000E+00 0.357495E+00
 0.710000E+00 0.352742E+00
 0.730000E+00 0.347918E+00
 0.750000E+00 0.343024E+00
 0.770000E+00 0.338059E+00
 0.790000E+00 0.333026E+00
 0.810000E+00 0.327926E+00
 0.830000E+00 0.322759E+00
 0.850000E+00 0.317526E+00
 0.870000E+00 0.312230E+00
 0.890000E+00 0.306870E+00
 0.910000E+00 0.299718E+00
 0.930000E+00 0.290701E+00
 0.950000E+00 0.281530E+00
 0.970000E+00 0.272212E+00
 0.990000E+00 0.262751E+00




































































































 -.990000E+00 0.171665E+00
 -.970000E+00 0.171665E+00
 -.950000E+00 0.171665E+00
 -.930000E+00 0.171665E+00
 -.910000E+00 0.171666E+00
 -.890000E+00 0.172757E+00
 -.870000E+00 0.174813E+00
 -.850000E+00 0.176697E+00
 -.830000E+00 0.178409E+00
 -.810000E+00 0.179947E+00
 -.790000E+00 0.181309E+00
 -.770000E+00 0.182494E+00
 -.750000E+00 0.183501E+00
 -.730000E+00 0.184329E+00
 -.710000E+00 0.184977E+00
 -.690000E+00 0.185444E+00
 -.670000E+00 0.185730E+00
 -.650000E+00 0.185835E+00
 -.630000E+00 0.185759E+00
 -.610000E+00 0.185501E+00
 -.590000E+00 0.185063E+00
 -.570000E+00 0.184444E+00
 -.550000E+00 0.183646E+00
 -.530000E+00 0.182668E+00
 -.510000E+00 0.181512E+00
 -.490000E+00 0.180180E+00
 -.470000E+00 0.178672E+00
 -.450000E+00 0.176989E+00
 -.430000E+00 0.175135E+00
 -.410000E+00 0.173110E+00
 -.390000E+00 0.170916E+00
 -.370000E+00 0.168556E+00
 -.350000E+00 0.166032E+00
 -.330000E+00 0.163346E+00
 -.310000E+00 0.160501E+00
 -.290000E+00 0.157500E+00
 -.270000E+00 0.154347E+00
 -.250000E+00 0.151042E+00
 -.230000E+00 0.147592E+00
 -.210000E+00 0.143997E+00
 -.190000E+00 0.140263E+00
 -.170000E+00 0.136393E+00
 -.150000E+00 0.132390E+00
 -.130000E+00 0.128259E+00
 -.110000E+00 0.124003E+00
 -.900000E-01 0.119627E+00
 -.700000E-01 0.115135E+00
 -.500000E-01 0.110531E+00
 -.300000E-01 0.105820E+00
 -.100000E-01 0.101007E+00
 0.100000E-01 0.960962E-01
 0.300000E-01 0.910924E-01
 0.500000E-01 0.860005E-01
 0.700000E-01 0.808256E-01
 0.900000E-01 0.755727E-01
 0.110000E+00 0.702469E-01
 0.130000E+00 0.648535E-01
 0.150000E+00 0.593977E-01
 0.170000E+00 0.538848E-01
 0.190000E+00 0.483203E-01
 0.210000E+00 0.427096E-01
 0.230000E+00 0.370581E-01
 0.250000E+00 0.313714E-01
 0.270000E+00 0.256550E-01
 0.290000E+00 0.199145E-01
 0.310000E+00 0.141555E-01
 0.330000E+00 0.838366E-02
 0.350000E+00 0.260454E-02
 0.370000E+00 -.317620E-02
 0.390000E+00 -.895292E-02
 0.410000E+00 -.147200E-01
 0.430000E+00 -.204718E-01
 0.450000E+00 -.262027E-01
 0.470000E+00 -.319072E-01
 0.490000E+00 -.375797E-01
 0.510000E+00 -.432146E-01
 0.530000E+00 -.488065E-01
 0.550000E+00 -.543500E-01
 0.570000E+00 -.598396E-01
 0.590000E+00 -.652700E-01
 0.610000E+00 -.706359E-01
 0.630000E+00 -.759321E-01
 0.650000E+00 -.811534E-01
 0.670000E+00 -.862948E-01
 0.690000E+00 -.913513E-01
 0.710000E+00 -.963180E-01
 0.730000E+00 -.101190E+00
 0.750000E+00 -.105962E+00
 0.770000E+00 -.110631E+00
 0.790000E+00 -.115191E+00
 0.810000E+00 -.119638E+00
 0.830000E+00 -.123967E+00
 0.850000E+00 -.128176E+00
 0.870000E+00 -.132258E+00
 0.890000E+00 -.136211E+00
 0.910000E+00 -.141031E+00
 0.930000E+00 -.146826E+00
 0.950000E+00 -.152626E+00
 0.970000E+00 -.158425E+00
 0.990000E+00 -.164218E+00




































































































 -.990000E+00 0.773818E-02
 -.970000E+00 0.773799E-02
 -.950000E+00 0.773754E-02
 -.930000E+00 0.773700E-02
 -.910000E+00 0.773662E-02
 -.890000E+00 0.836025E-02
 -.870000E+00 0.684838E-02
 -.850000E+00 0.237077E-02
 -.830000E+00 -.313294E-02
 -.810000E+00 -.727898E-02
 -.790000E+00 -.827196E-02
 -.770000E+00 -.568228E-02
 -.750000E+00 -.632046E-03
 -.730000E+00 0.469117E-02
 -.710000E+00 0.798190E-02
 -.690000E+00 0.781526E-02
 -.670000E+00 0.426393E-02
 -.650000E+00 -.113354E-02
 -.630000E+00 -.603929E-02
 -.610000E+00 -.832875E-02
 -.590000E+00 -.701077E-02
 -.570000E+00 -.265669E-02
 -.550000E+00 0.284733E-02
 -.530000E+00 0.711739E-02
 -.510000E+00 0.830434E-02
 -.490000E+00 0.589459E-02
 -.470000E+00 0.932304E-03
 -.450000E+00 -.443302E-02
 -.430000E+00 -.787765E-02
 -.410000E+00 -.791004E-02
 -.390000E+00 -.451666E-02
 -.370000E+00 0.832337E-03
 -.350000E+00 0.582007E-02
 -.330000E+00 0.828644E-02
 -.310000E+00 0.716368E-02
 -.290000E+00 0.293856E-02
 -.270000E+00 -.255860E-02
 -.250000E+00 -.694683E-02
 -.230000E+00 -.832582E-02
 -.210000E+00 -.609876E-02
 -.190000E+00 -.123072E-02
 -.170000E+00 0.416961E-02
 -.150000E+00 0.776332E-02
 -.130000E+00 0.799429E-02
 -.110000E+00 0.476297E-02
 -.900000E-01 -.530668E-03
 -.700000E-01 -.559369E-02
 -.500000E-01 -.823340E-02
 -.300000E-01 -.730690E-02
 -.100000E-01 -.321600E-02
 0.100000E-01 0.226712E-02
 0.300000E-01 0.676756E-02
 0.500000E-01 0.833637E-02
 0.700000E-01 0.629454E-02
 0.900000E-01 0.152692E-02
 0.110000E+00 -.390130E-02
 0.130000E+00 -.763909E-02
 0.150000E+00 -.806792E-02
 0.170000E+00 -.500254E-02
 0.190000E+00 0.228930E-03
 0.210000E+00 0.536048E-02
 0.230000E+00 0.816970E-02
 0.250000E+00 0.744029E-02
 0.270000E+00 0.348866E-02
 0.290000E+00 -.197328E-02
 0.310000E+00 -.657981E-02
 0.330000E+00 -.833600E-02
 0.350000E+00 -.648170E-02
 0.370000E+00 -.182050E-02
 0.390000E+00 0.362844E-02
 0.410000E+00 0.750514E-02
 0.430000E+00 0.813086E-02
 0.450000E+00 0.523509E-02
 0.470000E+00 0.724819E-04
 0.490000E+00 -.512075E-02
 0.510000E+00 -.809547E-02
 0.530000E+00 -.756368E-02
 0.550000E+00 -.375621E-02
 0.570000E+00 0.167747E-02
 0.590000E+00 0.638385E-02
 0.610000E+00 0.832475E-02
 0.630000E+00 0.665999E-02
 0.650000E+00 0.211110E-02
 0.670000E+00 -.335141E-02
 0.690000E+00 -.736166E-02
 0.710000E+00 -.818304E-02
 0.730000E+00 -.546031E-02
 0.750000E+00 -.373176E-03
 0.770000E+00 0.487483E-02
 0.790000E+00 0.801081E-02
 0.810000E+00 0.767693E-02
 0.830000E+00 0.401829E-02
 0.850000E+00 -.138009E-02
 0.870000E+00 -.617996E-02
 0.890000E+00 -.830265E-02
 0.910000E+00 -.831468E-02
 0.930000E+00 -.870046E-02
 0.950000E+00 -.866927E-02
 0.970000E+00 -.823471E-02
 0.990000E+00 -.758495E-02




































































































