 -.990000E+00 0.140265E-01
 -.970000E+00 0.131337E-01
 -.950000E+00 0.794078E-02
 -.930000E+00 0.695345E-03
 -.910000E+00 -.546421E-02
 -.890000E+00 -.550197E-02
 -.870000E+00 -.431948E-03
 -.850000E+00 0.482592E-02
 -.830000E+00 0.799420E-02
 -.810000E+00 0.770023E-02
 -.790000E+00 0.407082E-02
 -.770000E+00 -.132242E-02
 -.750000E+00 -.614364E-02
 -.730000E+00 -.830443E-02
 -.710000E+00 -.686844E-02
 -.690000E+00 -.245714E-02
 -.670000E+00 0.301913E-02
 -.650000E+00 0.718847E-02
 -.630000E+00 0.824470E-02
 -.610000E+00 0.572987E-02
 -.590000E+00 0.732739E-03
 -.570000E+00 -.458252E-02
 -.550000E+00 -.791362E-02
 -.530000E+00 -.781740E-02
 -.510000E+00 -.433502E-02
 -.490000E+00 0.102561E-02
 -.470000E+00 0.594278E-02
 -.450000E+00 0.828654E-02
 -.430000E+00 0.704130E-02
 -.410000E+00 0.274590E-02
 -.390000E+00 -.273953E-02
 -.370000E+00 -.703914E-02
 -.350000E+00 -.829034E-02
 -.330000E+00 -.595074E-02
 -.310000E+00 -.103320E-02
 -.290000E+00 0.433261E-02
 -.270000E+00 0.782252E-02
 -.250000E+00 0.792458E-02
 -.230000E+00 0.459410E-02
 -.210000E+00 -.726834E-03
 -.190000E+00 -.573372E-02
 -.170000E+00 -.825777E-02
 -.150000E+00 -.720529E-02
 -.130000E+00 -.303166E-02
 -.110000E+00 0.245577E-02
 -.900000E-01 0.688028E-02
 -.700000E-01 0.832523E-02
 -.500000E-01 0.616428E-02
 -.300000E-01 0.133292E-02
 -.100000E-01 -.407651E-02
 0.100000E-01 -.772098E-02
 0.300000E-01 -.802162E-02
 0.500000E-01 -.484770E-02
 0.700000E-01 0.426492E-03
 0.900000E-01 0.551673E-02
 0.110000E+00 0.821812E-02
 0.130000E+00 0.736020E-02
 0.150000E+00 0.331405E-02
 0.170000E+00 -.216820E-02
 0.190000E+00 -.671209E-02
 0.210000E+00 -.834928E-02
 0.230000E+00 -.637019E-02
 0.250000E+00 -.163153E-02
 0.270000E+00 0.381454E-02
 0.290000E+00 0.760913E-02
 0.310000E+00 0.810835E-02
 0.330000E+00 0.509548E-02
 0.350000E+00 -.124968E-03
 0.370000E+00 -.529206E-02
 0.390000E+00 -.816763E-02
 0.410000E+00 -.750579E-02
 0.430000E+00 -.359268E-02
 0.450000E+00 0.187719E-02
 0.470000E+00 0.653476E-02
 0.490000E+00 0.836246E-02
 0.510000E+00 0.656819E-02
 0.530000E+00 0.192861E-02
 0.550000E+00 -.354703E-02
 0.570000E+00 -.748708E-02
 0.590000E+00 -.818465E-02
 0.610000E+00 -.533710E-02
 0.630000E+00 -.177345E-03
 0.650000E+00 0.505999E-02
 0.670000E+00 0.810635E-02
 0.690000E+00 0.764185E-02
 0.710000E+00 0.386719E-02
 0.730000E+00 -.158313E-02
 0.750000E+00 -.634851E-02
 0.770000E+00 -.836471E-02
 0.790000E+00 -.675800E-02
 0.810000E+00 -.222379E-02
 0.830000E+00 0.327433E-02
 0.850000E+00 0.735498E-02
 0.870000E+00 0.825039E-02
 0.890000E+00 0.557224E-02
 0.910000E+00 0.320471E-02
 0.930000E+00 0.320470E-02
 0.950000E+00 0.320470E-02
 0.970000E+00 0.320469E-02
 0.990000E+00 0.320469E-02




































































































 -.990000E+00 -.124302E-01
 -.970000E+00 -.123089E-01
 -.950000E+00 -.121156E-01
 -.930000E+00 -.118506E-01
 -.910000E+00 -.115144E-01
 -.890000E+00 -.843700E-02
 -.870000E+00 -.266540E-02
 -.850000E+00 0.310965E-02
 -.830000E+00 0.888251E-02
 -.810000E+00 0.146476E-01
 -.790000E+00 0.203992E-01
 -.770000E+00 0.261317E-01
 -.750000E+00 0.318396E-01
 -.730000E+00 0.375173E-01
 -.710000E+00 0.431592E-01
 -.690000E+00 0.487599E-01
 -.670000E+00 0.543139E-01
 -.650000E+00 0.598157E-01
 -.630000E+00 0.652599E-01
 -.610000E+00 0.706413E-01
 -.590000E+00 0.759547E-01
 -.570000E+00 0.811947E-01
 -.550000E+00 0.863563E-01
 -.530000E+00 0.914345E-01
 -.510000E+00 0.964243E-01
 -.490000E+00 0.101321E+00
 -.470000E+00 0.106119E+00
 -.450000E+00 0.110815E+00
 -.430000E+00 0.115403E+00
 -.410000E+00 0.119879E+00
 -.390000E+00 0.124239E+00
 -.370000E+00 0.128479E+00
 -.350000E+00 0.132594E+00
 -.330000E+00 0.136580E+00
 -.310000E+00 0.140433E+00
 -.290000E+00 0.144150E+00
 -.270000E+00 0.147727E+00
 -.250000E+00 0.151161E+00
 -.230000E+00 0.154447E+00
 -.210000E+00 0.157584E+00
 -.190000E+00 0.160567E+00
 -.170000E+00 0.163394E+00
 -.150000E+00 0.166062E+00
 -.130000E+00 0.168568E+00
 -.110000E+00 0.170910E+00
 -.900000E-01 0.173086E+00
 -.700000E-01 0.175093E+00
 -.500000E-01 0.176930E+00
 -.300000E-01 0.178595E+00
 -.100000E-01 0.180085E+00
 0.100000E-01 0.181400E+00
 0.300000E-01 0.182538E+00
 0.500000E-01 0.183498E+00
 0.700000E-01 0.184279E+00
 0.900000E-01 0.184881E+00
 0.110000E+00 0.185302E+00
 0.130000E+00 0.185542E+00
 0.150000E+00 0.185602E+00
 0.170000E+00 0.185480E+00
 0.190000E+00 0.185177E+00
 0.210000E+00 0.184693E+00
 0.230000E+00 0.184029E+00
 0.250000E+00 0.183186E+00
 0.270000E+00 0.182163E+00
 0.290000E+00 0.180963E+00
 0.310000E+00 0.179586E+00
 0.330000E+00 0.178033E+00
 0.350000E+00 0.176306E+00
 0.370000E+00 0.174407E+00
 0.390000E+00 0.172337E+00
 0.410000E+00 0.170099E+00
 0.430000E+00 0.167695E+00
 0.450000E+00 0.165126E+00
 0.470000E+00 0.162396E+00
 0.490000E+00 0.159508E+00
 0.510000E+00 0.156463E+00
 0.530000E+00 0.153264E+00
 0.550000E+00 0.149916E+00
 0.570000E+00 0.146421E+00
 0.590000E+00 0.142783E+00
 0.610000E+00 0.139004E+00
 0.630000E+00 0.135090E+00
 0.650000E+00 0.131043E+00
 0.670000E+00 0.126867E+00
 0.690000E+00 0.122568E+00
 0.710000E+00 0.118148E+00
 0.730000E+00 0.113612E+00
 0.750000E+00 0.108964E+00
 0.770000E+00 0.104210E+00
 0.790000E+00 0.993526E-01
 0.810000E+00 0.943981E-01
 0.830000E+00 0.893507E-01
 0.850000E+00 0.842154E-01
 0.870000E+00 0.789971E-01
 0.890000E+00 0.737011E-01
 0.910000E+00 0.710254E-01
 0.930000E+00 0.710254E-01
 0.950000E+00 0.710253E-01
 0.970000E+00 0.710253E-01
 0.990000E+00 0.710253E-01




































































































 -.990000E+00 0.495266E+00
 -.970000E+00 0.492140E+00
 -.950000E+00 0.488951E+00
 -.930000E+00 0.485699E+00
 -.910000E+00 0.482384E+00
 -.890000E+00 0.481054E+00
 -.870000E+00 0.481682E+00
 -.850000E+00 0.482211E+00
 -.830000E+00 0.482642E+00
 -.810000E+00 0.482974E+00
 -.790000E+00 0.483207E+00
 -.770000E+00 0.483341E+00
 -.750000E+00 0.483376E+00
 -.730000E+00 0.483311E+00
 -.710000E+00 0.483148E+00
 -.690000E+00 0.482886E+00
 -.670000E+00 0.482525E+00
 -.650000E+00 0.482065E+00
 -.630000E+00 0.481506E+00
 -.610000E+00 0.480848E+00
 -.590000E+00 0.480092E+00
 -.570000E+00 0.479237E+00
 -.550000E+00 0.478283E+00
 -.530000E+00 0.477232E+00
 -.510000E+00 0.476083E+00
 -.490000E+00 0.474836E+00
 -.470000E+00 0.473491E+00
 -.450000E+00 0.472049E+00
 -.430000E+00 0.470511E+00
 -.410000E+00 0.468875E+00
 -.390000E+00 0.467144E+00
 -.370000E+00 0.465316E+00
 -.350000E+00 0.463393E+00
 -.330000E+00 0.461374E+00
 -.310000E+00 0.459261E+00
 -.290000E+00 0.457053E+00
 -.270000E+00 0.454752E+00
 -.250000E+00 0.452357E+00
 -.230000E+00 0.449869E+00
 -.210000E+00 0.447288E+00
 -.190000E+00 0.444616E+00
 -.170000E+00 0.441852E+00
 -.150000E+00 0.438997E+00
 -.130000E+00 0.436052E+00
 -.110000E+00 0.433017E+00
 -.900000E-01 0.429893E+00
 -.700000E-01 0.426681E+00
 -.500000E-01 0.423381E+00
 -.300000E-01 0.419994E+00
 -.100000E-01 0.416520E+00
 0.100000E-01 0.412961E+00
 0.300000E-01 0.409317E+00
 0.500000E-01 0.405588E+00
 0.700000E-01 0.401776E+00
 0.900000E-01 0.397882E+00
 0.110000E+00 0.393905E+00
 0.130000E+00 0.389848E+00
 0.150000E+00 0.385710E+00
 0.170000E+00 0.381493E+00
 0.190000E+00 0.377197E+00
 0.210000E+00 0.372824E+00
 0.230000E+00 0.368374E+00
 0.250000E+00 0.363848E+00
 0.270000E+00 0.359247E+00
 0.290000E+00 0.354572E+00
 0.310000E+00 0.349825E+00
 0.330000E+00 0.345005E+00
 0.350000E+00 0.340114E+00
 0.370000E+00 0.335153E+00
 0.390000E+00 0.330124E+00
 0.410000E+00 0.325026E+00
 0.430000E+00 0.319861E+00
 0.450000E+00 0.314630E+00
 0.470000E+00 0.309335E+00
 0.490000E+00 0.303976E+00
 0.510000E+00 0.298554E+00
 0.530000E+00 0.293071E+00
 0.550000E+00 0.287528E+00
 0.570000E+00 0.281925E+00
 0.590000E+00 0.276264E+00
 0.610000E+00 0.270546E+00
 0.630000E+00 0.264773E+00
 0.650000E+00 0.258945E+00
 0.670000E+00 0.253063E+00
 0.690000E+00 0.247130E+00
 0.710000E+00 0.241145E+00
 0.730000E+00 0.235111E+00
 0.750000E+00 0.229028E+00
 0.770000E+00 0.222898E+00
 0.790000E+00 0.216722E+00
 0.810000E+00 0.210501E+00
 0.830000E+00 0.204237E+00
 0.850000E+00 0.197931E+00
 0.870000E+00 0.191583E+00
 0.890000E+00 0.185196E+00
 0.910000E+00 0.181988E+00
 0.930000E+00 0.181988E+00
 0.950000E+00 0.181987E+00
 0.970000E+00 0.181987E+00
 0.990000E+00 0.181987E+00




































































































 -.990000E+00 0.293335E+00
 -.970000E+00 0.277732E+00
 -.950000E+00 0.261947E+00
 -.930000E+00 0.245985E+00
 -.910000E+00 0.229849E+00
 -.890000E+00 0.218033E+00
 -.870000E+00 0.210655E+00
 -.850000E+00 0.203267E+00
 -.830000E+00 0.195867E+00
 -.810000E+00 0.188458E+00
 -.790000E+00 0.181039E+00
 -.770000E+00 0.173610E+00
 -.750000E+00 0.166173E+00
 -.730000E+00 0.158727E+00
 -.710000E+00 0.151274E+00
 -.690000E+00 0.143813E+00
 -.670000E+00 0.136345E+00
 -.650000E+00 0.128870E+00
 -.630000E+00 0.121389E+00
 -.610000E+00 0.113902E+00
 -.590000E+00 0.106410E+00
 -.570000E+00 0.989128E-01
 -.550000E+00 0.914113E-01
 -.530000E+00 0.839058E-01
 -.510000E+00 0.763966E-01
 -.490000E+00 0.688843E-01
 -.470000E+00 0.613693E-01
 -.450000E+00 0.538519E-01
 -.430000E+00 0.463327E-01
 -.410000E+00 0.388120E-01
 -.390000E+00 0.312903E-01
 -.370000E+00 0.237681E-01
 -.350000E+00 0.162457E-01
 -.330000E+00 0.872355E-02
 -.310000E+00 0.120213E-02
 -.290000E+00 -.631816E-02
 -.270000E+00 -.138369E-01
 -.250000E+00 -.213536E-01
 -.230000E+00 -.288680E-01
 -.210000E+00 -.363794E-01
 -.190000E+00 -.438877E-01
 -.170000E+00 -.513922E-01
 -.150000E+00 -.588926E-01
 -.130000E+00 -.663885E-01
 -.110000E+00 -.738795E-01
 -.900000E-01 -.813651E-01
 -.700000E-01 -.888448E-01
 -.500000E-01 -.963184E-01
 -.300000E-01 -.103785E+00
 -.100000E-01 -.111245E+00
 0.100000E-01 -.118698E+00
 0.300000E-01 -.126142E+00
 0.500000E-01 -.133579E+00
 0.700000E-01 -.141006E+00
 0.900000E-01 -.148425E+00
 0.110000E+00 -.155834E+00
 0.130000E+00 -.163233E+00
 0.150000E+00 -.170622E+00
 0.170000E+00 -.178000E+00
 0.190000E+00 -.185366E+00
 0.210000E+00 -.192722E+00
 0.230000E+00 -.200065E+00
 0.250000E+00 -.207396E+00
 0.270000E+00 -.214714E+00
 0.290000E+00 -.222019E+00
 0.310000E+00 -.229311E+00
 0.330000E+00 -.236588E+00
 0.350000E+00 -.243852E+00
 0.370000E+00 -.251100E+00
 0.390000E+00 -.258334E+00
 0.410000E+00 -.265552E+00
 0.430000E+00 -.272753E+00
 0.450000E+00 -.279939E+00
 0.470000E+00 -.287108E+00
 0.490000E+00 -.294260E+00
 0.510000E+00 -.301394E+00
 0.530000E+00 -.308511E+00
 0.550000E+00 -.315609E+00
 0.570000E+00 -.322689E+00
 0.590000E+00 -.329750E+00
 0.610000E+00 -.336791E+00
 0.630000E+00 -.343813E+00
 0.650000E+00 -.350815E+00
 0.670000E+00 -.357796E+00
 0.690000E+00 -.364756E+00
 0.710000E+00 -.371695E+00
 0.730000E+00 -.378613E+00
 0.750000E+00 -.385508E+00
 0.770000E+00 -.392381E+00
 0.790000E+00 -.399232E+00
 0.810000E+00 -.406059E+00
 0.830000E+00 -.412863E+00
 0.850000E+00 -.419644E+00
 0.870000E+00 -.426400E+00
 0.890000E+00 -.433131E+00
 0.910000E+00 -.436486E+00
 0.930000E+00 -.436482E+00
 0.950000E+00 -.436479E+00
 0.970000E+00 -.436477E+00
 0.990000E+00 -.436477E+00




































































































 -.990000E+00 -.482329E+00
 -.970000E+00 -.490748E+00
 -.950000E+00 -.499109E+00
 -.930000E+00 -.507411E+00
 -.910000E+00 -.515655E+00
 -.890000E+00 -.520795E+00
 -.870000E+00 -.522878E+00
 -.850000E+00 -.524962E+00
 -.830000E+00 -.527048E+00
 -.810000E+00 -.529135E+00
 -.790000E+00 -.531224E+00
 -.770000E+00 -.533314E+00
 -.750000E+00 -.535405E+00
 -.730000E+00 -.537498E+00
 -.710000E+00 -.539592E+00
 -.690000E+00 -.541688E+00
 -.670000E+00 -.543785E+00
 -.650000E+00 -.545883E+00
 -.630000E+00 -.547983E+00
 -.610000E+00 -.550085E+00
 -.590000E+00 -.552188E+00
 -.570000E+00 -.554292E+00
 -.550000E+00 -.556399E+00
 -.530000E+00 -.558506E+00
 -.510000E+00 -.560615E+00
 -.490000E+00 -.562726E+00
 -.470000E+00 -.564838E+00
 -.450000E+00 -.566952E+00
 -.430000E+00 -.569068E+00
 -.410000E+00 -.571185E+00
 -.390000E+00 -.573304E+00
 -.370000E+00 -.575424E+00
 -.350000E+00 -.577546E+00
 -.330000E+00 -.579670E+00
 -.310000E+00 -.581795E+00
 -.290000E+00 -.583922E+00
 -.270000E+00 -.586051E+00
 -.250000E+00 -.588182E+00
 -.230000E+00 -.590314E+00
 -.210000E+00 -.592448E+00
 -.190000E+00 -.594583E+00
 -.170000E+00 -.596721E+00
 -.150000E+00 -.598860E+00
 -.130000E+00 -.601001E+00
 -.110000E+00 -.603144E+00
 -.900000E-01 -.605289E+00
 -.700000E-01 -.607435E+00
 -.500000E-01 -.609584E+00
 -.300000E-01 -.611734E+00
 -.100000E-01 -.613886E+00
 0.100000E-01 -.616040E+00
 0.300000E-01 -.618196E+00
 0.500000E-01 -.620353E+00
 0.700000E-01 -.622513E+00
 0.900000E-01 -.624675E+00
 0.110000E+00 -.626838E+00
 0.130000E+00 -.629004E+00
 0.150000E+00 -.631172E+00
 0.170000E+00 -.633341E+00
 0.190000E+00 -.635513E+00
 0.210000E+00 -.637686E+00
 0.230000E+00 -.639862E+00
 0.250000E+00 -.642039E+00
 0.270000E+00 -.644219E+00
 0.290000E+00 -.646401E+00
 0.310000E+00 -.648585E+00
 0.330000E+00 -.650771E+00
 0.350000E+00 -.652959E+00
 0.370000E+00 -.655149E+00
 0.390000E+00 -.657341E+00
 0.410000E+00 -.659536E+00
 0.430000E+00 -.661733E+00
 0.450000E+00 -.663932E+00
 0.470000E+00 -.666133E+00
 0.490000E+00 -.668336E+00
 0.510000E+00 -.670541E+00
 0.530000E+00 -.672749E+00
 0.550000E+00 -.674959E+00
 0.570000E+00 -.677172E+00
 0.590000E+00 -.679386E+00
 0.610000E+00 -.681603E+00
 0.630000E+00 -.683822E+00
 0.650000E+00 -.686044E+00
 0.670000E+00 -.688268E+00
 0.690000E+00 -.690494E+00
 0.710000E+00 -.692722E+00
 0.730000E+00 -.694953E+00
 0.750000E+00 -.697187E+00
 0.770000E+00 -.699423E+00
 0.790000E+00 -.701661E+00
 0.810000E+00 -.703901E+00
 0.830000E+00 -.706145E+00
 0.850000E+00 -.708390E+00
 0.870000E+00 -.710638E+00
 0.890000E+00 -.712889E+00
 0.910000E+00 -.714030E+00
 0.930000E+00 -.714056E+00
 0.950000E+00 -.714074E+00
 0.970000E+00 -.714085E+00
 0.990000E+00 -.714089E+00




































































































 -.990000E+00 -.891116E+00
 -.970000E+00 -.895040E+00
 -.950000E+00 -.898869E+00
 -.930000E+00 -.902604E+00
 -.910000E+00 -.906247E+00
 -.890000E+00 -.908081E+00
 -.870000E+00 -.908175E+00
 -.850000E+00 -.908270E+00
 -.830000E+00 -.908365E+00
 -.810000E+00 -.908459E+00
 -.790000E+00 -.908554E+00
 -.770000E+00 -.908648E+00
 -.750000E+00 -.908743E+00
 -.730000E+00 -.908837E+00
 -.710000E+00 -.908931E+00
 -.690000E+00 -.909026E+00
 -.670000E+00 -.909120E+00
 -.650000E+00 -.909214E+00
 -.630000E+00 -.909308E+00
 -.610000E+00 -.909402E+00
 -.590000E+00 -.909497E+00
 -.570000E+00 -.909591E+00
 -.550000E+00 -.909685E+00
 -.530000E+00 -.909778E+00
 -.510000E+00 -.909872E+00
 -.490000E+00 -.909966E+00
 -.470000E+00 -.910060E+00
 -.450000E+00 -.910154E+00
 -.430000E+00 -.910247E+00
 -.410000E+00 -.910341E+00
 -.390000E+00 -.910435E+00
 -.370000E+00 -.910528E+00
 -.350000E+00 -.910622E+00
 -.330000E+00 -.910715E+00
 -.310000E+00 -.910809E+00
 -.290000E+00 -.910902E+00
 -.270000E+00 -.910995E+00
 -.250000E+00 -.911089E+00
 -.230000E+00 -.911182E+00
 -.210000E+00 -.911275E+00
 -.190000E+00 -.911368E+00
 -.170000E+00 -.911461E+00
 -.150000E+00 -.911554E+00
 -.130000E+00 -.911647E+00
 -.110000E+00 -.911740E+00
 -.900000E-01 -.911833E+00
 -.700000E-01 -.911926E+00
 -.500000E-01 -.912019E+00
 -.300000E-01 -.912112E+00
 -.100000E-01 -.912204E+00
 0.100000E-01 -.912297E+00
 0.300000E-01 -.912390E+00
 0.500000E-01 -.912482E+00
 0.700000E-01 -.912575E+00
 0.900000E-01 -.912667E+00
 0.110000E+00 -.912760E+00
 0.130000E+00 -.912852E+00
 0.150000E+00 -.912944E+00
 0.170000E+00 -.913037E+00
 0.190000E+00 -.913129E+00
 0.210000E+00 -.913221E+00
 0.230000E+00 -.913313E+00
 0.250000E+00 -.913405E+00
 0.270000E+00 -.913497E+00
 0.290000E+00 -.913589E+00
 0.310000E+00 -.913681E+00
 0.330000E+00 -.913773E+00
 0.350000E+00 -.913865E+00
 0.370000E+00 -.913957E+00
 0.390000E+00 -.914049E+00
 0.410000E+00 -.914141E+00
 0.430000E+00 -.914232E+00
 0.450000E+00 -.914324E+00
 0.470000E+00 -.914415E+00
 0.490000E+00 -.914507E+00
 0.510000E+00 -.914599E+00
 0.530000E+00 -.914690E+00
 0.550000E+00 -.914781E+00
 0.570000E+00 -.914873E+00
 0.590000E+00 -.914964E+00
 0.610000E+00 -.915055E+00
 0.630000E+00 -.915147E+00
 0.650000E+00 -.915238E+00
 0.670000E+00 -.915329E+00
 0.690000E+00 -.915420E+00
 0.710000E+00 -.915511E+00
 0.730000E+00 -.915602E+00
 0.750000E+00 -.915693E+00
 0.770000E+00 -.915784E+00
 0.790000E+00 -.915875E+00
 0.810000E+00 -.915965E+00
 0.830000E+00 -.916056E+00
 0.850000E+00 -.916147E+00
 0.870000E+00 -.916238E+00
 0.890000E+00 -.916328E+00
 0.910000E+00 -.916375E+00
 0.930000E+00 -.916379E+00
 0.950000E+00 -.916381E+00
 0.970000E+00 -.916383E+00
 0.990000E+00 -.916383E+00




































































































 -.990000E+00 -.938020E+00
 -.970000E+00 -.938858E+00
 -.950000E+00 -.939690E+00
 -.930000E+00 -.940515E+00
 -.910000E+00 -.941334E+00
 -.890000E+00 -.942108E+00
 -.870000E+00 -.942838E+00
 -.850000E+00 -.943558E+00
 -.830000E+00 -.944270E+00
 -.810000E+00 -.944973E+00
 -.790000E+00 -.945667E+00
 -.770000E+00 -.946352E+00
 -.750000E+00 -.947028E+00
 -.730000E+00 -.947696E+00
 -.710000E+00 -.948354E+00
 -.690000E+00 -.949004E+00
 -.670000E+00 -.949644E+00
 -.650000E+00 -.950276E+00
 -.630000E+00 -.950899E+00
 -.610000E+00 -.951513E+00
 -.590000E+00 -.952118E+00
 -.570000E+00 -.952714E+00
 -.550000E+00 -.953301E+00
 -.530000E+00 -.953880E+00
 -.510000E+00 -.954449E+00
 -.490000E+00 -.955009E+00
 -.470000E+00 -.955560E+00
 -.450000E+00 -.956102E+00
 -.430000E+00 -.956635E+00
 -.410000E+00 -.957160E+00
 -.390000E+00 -.957675E+00
 -.370000E+00 -.958181E+00
 -.350000E+00 -.958678E+00
 -.330000E+00 -.959166E+00
 -.310000E+00 -.959645E+00
 -.290000E+00 -.960115E+00
 -.270000E+00 -.960575E+00
 -.250000E+00 -.961027E+00
 -.230000E+00 -.961470E+00
 -.210000E+00 -.961903E+00
 -.190000E+00 -.962327E+00
 -.170000E+00 -.962743E+00
 -.150000E+00 -.963149E+00
 -.130000E+00 -.963546E+00
 -.110000E+00 -.963933E+00
 -.900000E-01 -.964312E+00
 -.700000E-01 -.964682E+00
 -.500000E-01 -.965042E+00
 -.300000E-01 -.965393E+00
 -.100000E-01 -.965735E+00
 0.100000E-01 -.966068E+00
 0.300000E-01 -.966391E+00
 0.500000E-01 -.966706E+00
 0.700000E-01 -.967011E+00
 0.900000E-01 -.967307E+00
 0.110000E+00 -.967594E+00
 0.130000E+00 -.967871E+00
 0.150000E+00 -.968139E+00
 0.170000E+00 -.968398E+00
 0.190000E+00 -.968648E+00
 0.210000E+00 -.968889E+00
 0.230000E+00 -.969120E+00
 0.250000E+00 -.969342E+00
 0.270000E+00 -.969554E+00
 0.290000E+00 -.969758E+00
 0.310000E+00 -.969952E+00
 0.330000E+00 -.970136E+00
 0.350000E+00 -.970312E+00
 0.370000E+00 -.970478E+00
 0.390000E+00 -.970635E+00
 0.410000E+00 -.970782E+00
 0.430000E+00 -.970920E+00
 0.450000E+00 -.971049E+00
 0.470000E+00 -.971168E+00
 0.490000E+00 -.971278E+00
 0.510000E+00 -.971379E+00
 0.530000E+00 -.971470E+00
 0.550000E+00 -.971552E+00
 0.570000E+00 -.971625E+00
 0.590000E+00 -.971688E+00
 0.610000E+00 -.971742E+00
 0.630000E+00 -.971786E+00
 0.650000E+00 -.971821E+00
 0.670000E+00 -.971847E+00
 0.690000E+00 -.971863E+00
 0.710000E+00 -.971869E+00
 0.730000E+00 -.971867E+00
 0.750000E+00 -.971854E+00
 0.770000E+00 -.971833E+00
 0.790000E+00 -.971802E+00
 0.810000E+00 -.971761E+00
 0.830000E+00 -.971711E+00
 0.850000E+00 -.971652E+00
 0.870000E+00 -.971583E+00
 0.890000E+00 -.971505E+00
 0.910000E+00 -.971468E+00
 0.930000E+00 -.971478E+00
 0.950000E+00 -.971485E+00
 0.970000E+00 -.971490E+00
 0.990000E+00 -.971491E+00




































































































 -.990000E+00 -.468009E+00
 -.970000E+00 -.480914E+00
 -.950000E+00 -.493602E+00
 -.930000E+00 -.506074E+00
 -.910000E+00 -.518329E+00
 -.890000E+00 -.527590E+00
 -.870000E+00 -.533994E+00
 -.850000E+00 -.540367E+00
 -.830000E+00 -.546709E+00
 -.810000E+00 -.553019E+00
 -.790000E+00 -.559297E+00
 -.770000E+00 -.565542E+00
 -.750000E+00 -.571754E+00
 -.730000E+00 -.577933E+00
 -.710000E+00 -.584079E+00
 -.690000E+00 -.590190E+00
 -.670000E+00 -.596268E+00
 -.650000E+00 -.602311E+00
 -.630000E+00 -.608319E+00
 -.610000E+00 -.614292E+00
 -.590000E+00 -.620229E+00
 -.570000E+00 -.626130E+00
 -.550000E+00 -.631995E+00
 -.530000E+00 -.637824E+00
 -.510000E+00 -.643616E+00
 -.490000E+00 -.649371E+00
 -.470000E+00 -.655088E+00
 -.450000E+00 -.660768E+00
 -.430000E+00 -.666409E+00
 -.410000E+00 -.672012E+00
 -.390000E+00 -.677577E+00
 -.370000E+00 -.683102E+00
 -.350000E+00 -.688588E+00
 -.330000E+00 -.694035E+00
 -.310000E+00 -.699441E+00
 -.290000E+00 -.704808E+00
 -.270000E+00 -.710134E+00
 -.250000E+00 -.715419E+00
 -.230000E+00 -.720664E+00
 -.210000E+00 -.725867E+00
 -.190000E+00 -.731028E+00
 -.170000E+00 -.736148E+00
 -.150000E+00 -.741225E+00
 -.130000E+00 -.746260E+00
 -.110000E+00 -.751252E+00
 -.900000E-01 -.756201E+00
 -.700000E-01 -.761107E+00
 -.500000E-01 -.765970E+00
 -.300000E-01 -.770789E+00
 -.100000E-01 -.775564E+00
 0.100000E-01 -.780294E+00
 0.300000E-01 -.784980E+00
 0.500000E-01 -.789621E+00
 0.700000E-01 -.794218E+00
 0.900000E-01 -.798769E+00
 0.110000E+00 -.803274E+00
 0.130000E+00 -.807734E+00
 0.150000E+00 -.812147E+00
 0.170000E+00 -.816515E+00
 0.190000E+00 -.820836E+00
 0.210000E+00 -.825110E+00
 0.230000E+00 -.829338E+00
 0.250000E+00 -.833518E+00
 0.270000E+00 -.837651E+00
 0.290000E+00 -.841736E+00
 0.310000E+00 -.845773E+00
 0.330000E+00 -.849763E+00
 0.350000E+00 -.853704E+00
 0.370000E+00 -.857596E+00
 0.390000E+00 -.861440E+00
 0.410000E+00 -.865236E+00
 0.430000E+00 -.868982E+00
 0.450000E+00 -.872678E+00
 0.470000E+00 -.876326E+00
 0.490000E+00 -.879923E+00
 0.510000E+00 -.883471E+00
 0.530000E+00 -.886969E+00
 0.550000E+00 -.890416E+00
 0.570000E+00 -.893813E+00
 0.590000E+00 -.897160E+00
 0.610000E+00 -.900455E+00
 0.630000E+00 -.903700E+00
 0.650000E+00 -.906893E+00
 0.670000E+00 -.910036E+00
 0.690000E+00 -.913126E+00
 0.710000E+00 -.916165E+00
 0.730000E+00 -.919153E+00
 0.750000E+00 -.922088E+00
 0.770000E+00 -.924971E+00
 0.790000E+00 -.927802E+00
 0.810000E+00 -.930580E+00
 0.830000E+00 -.933306E+00
 0.850000E+00 -.935978E+00
 0.870000E+00 -.938598E+00
 0.890000E+00 -.941165E+00
 0.910000E+00 -.942429E+00
 0.930000E+00 -.942428E+00
 0.950000E+00 -.942427E+00
 0.970000E+00 -.942427E+00
 0.990000E+00 -.942427E+00




































































































 -.990000E+00 0.416644E+00
 -.970000E+00 0.407701E+00
 -.950000E+00 0.398551E+00
 -.930000E+00 0.389197E+00
 -.910000E+00 0.379644E+00
 -.890000E+00 0.372623E+00
 -.870000E+00 0.368224E+00
 -.850000E+00 0.363749E+00
 -.830000E+00 0.359199E+00
 -.810000E+00 0.354574E+00
 -.790000E+00 0.349875E+00
 -.770000E+00 0.345103E+00
 -.750000E+00 0.340259E+00
 -.730000E+00 0.335345E+00
 -.710000E+00 0.330361E+00
 -.690000E+00 0.325307E+00
 -.670000E+00 0.320187E+00
 -.650000E+00 0.314999E+00
 -.630000E+00 0.309746E+00
 -.610000E+00 0.304428E+00
 -.590000E+00 0.299046E+00
 -.570000E+00 0.293602E+00
 -.550000E+00 0.288097E+00
 -.530000E+00 0.282531E+00
 -.510000E+00 0.276907E+00
 -.490000E+00 0.271225E+00
 -.470000E+00 0.265486E+00
 -.450000E+00 0.259691E+00
 -.430000E+00 0.253842E+00
 -.410000E+00 0.247940E+00
 -.390000E+00 0.241986E+00
 -.370000E+00 0.235981E+00
 -.350000E+00 0.229927E+00
 -.330000E+00 0.223824E+00
 -.310000E+00 0.217675E+00
 -.290000E+00 0.211480E+00
 -.270000E+00 0.205240E+00
 -.250000E+00 0.198957E+00
 -.230000E+00 0.192633E+00
 -.210000E+00 0.186268E+00
 -.190000E+00 0.179863E+00
 -.170000E+00 0.173421E+00
 -.150000E+00 0.166942E+00
 -.130000E+00 0.160428E+00
 -.110000E+00 0.153880E+00
 -.900000E-01 0.147300E+00
 -.700000E-01 0.140688E+00
 -.500000E-01 0.134047E+00
 -.300000E-01 0.127377E+00
 -.100000E-01 0.120680E+00
 0.100000E-01 0.113957E+00
 0.300000E-01 0.107210E+00
 0.500000E-01 0.100440E+00
 0.700000E-01 0.936491E-01
 0.900000E-01 0.868376E-01
 0.110000E+00 0.800075E-01
 0.130000E+00 0.731601E-01
 0.150000E+00 0.662969E-01
 0.170000E+00 0.594192E-01
 0.190000E+00 0.525285E-01
 0.210000E+00 0.456262E-01
 0.230000E+00 0.387137E-01
 0.250000E+00 0.317924E-01
 0.270000E+00 0.248639E-01
 0.290000E+00 0.179294E-01
 0.310000E+00 0.109905E-01
 0.330000E+00 0.404851E-02
 0.350000E+00 -.289504E-02
 0.370000E+00 -.983876E-02
 0.390000E+00 -.167812E-01
 0.410000E+00 -.237210E-01
 0.430000E+00 -.306566E-01
 0.450000E+00 -.375867E-01
 0.470000E+00 -.445099E-01
 0.490000E+00 -.514246E-01
 0.510000E+00 -.583295E-01
 0.530000E+00 -.652231E-01
 0.550000E+00 -.721041E-01
 0.570000E+00 -.789710E-01
 0.590000E+00 -.858224E-01
 0.610000E+00 -.926569E-01
 0.630000E+00 -.994732E-01
 0.650000E+00 -.106270E+00
 0.670000E+00 -.113045E+00
 0.690000E+00 -.119798E+00
 0.710000E+00 -.126527E+00
 0.730000E+00 -.133231E+00
 0.750000E+00 -.139908E+00
 0.770000E+00 -.146557E+00
 0.790000E+00 -.153177E+00
 0.810000E+00 -.159766E+00
 0.830000E+00 -.166324E+00
 0.850000E+00 -.172847E+00
 0.870000E+00 -.179336E+00
 0.890000E+00 -.185789E+00
 0.910000E+00 -.189002E+00
 0.930000E+00 -.189002E+00
 0.950000E+00 -.189002E+00
 0.970000E+00 -.189003E+00
 0.990000E+00 -.189003E+00




































































































 -.990000E+00 0.124211E+00
 -.970000E+00 0.124105E+00
 -.950000E+00 0.123824E+00
 -.930000E+00 0.123367E+00
 -.910000E+00 0.122734E+00
 -.890000E+00 0.124500E+00
 -.870000E+00 0.128706E+00
 -.850000E+00 0.132788E+00
 -.830000E+00 0.136740E+00
 -.810000E+00 0.140560E+00
 -.790000E+00 0.144244E+00
 -.770000E+00 0.147787E+00
 -.750000E+00 0.151186E+00
 -.730000E+00 0.154439E+00
 -.710000E+00 0.157541E+00
 -.690000E+00 0.160491E+00
 -.670000E+00 0.163284E+00
 -.650000E+00 0.165918E+00
 -.630000E+00 0.168391E+00
 -.610000E+00 0.170701E+00
 -.590000E+00 0.172844E+00
 -.570000E+00 0.174819E+00
 -.550000E+00 0.176623E+00
 -.530000E+00 0.178256E+00
 -.510000E+00 0.179715E+00
 -.490000E+00 0.180999E+00
 -.470000E+00 0.182107E+00
 -.450000E+00 0.183037E+00
 -.430000E+00 0.183789E+00
 -.410000E+00 0.184362E+00
 -.390000E+00 0.184755E+00
 -.370000E+00 0.184968E+00
 -.350000E+00 0.185001E+00
 -.330000E+00 0.184853E+00
 -.310000E+00 0.184525E+00
 -.290000E+00 0.184017E+00
 -.270000E+00 0.183329E+00
 -.250000E+00 0.182463E+00
 -.230000E+00 0.181418E+00
 -.210000E+00 0.180196E+00
 -.190000E+00 0.178799E+00
 -.170000E+00 0.177226E+00
 -.150000E+00 0.175481E+00
 -.130000E+00 0.173564E+00
 -.110000E+00 0.171477E+00
 -.900000E-01 0.169223E+00
 -.700000E-01 0.166803E+00
 -.500000E-01 0.164220E+00
 -.300000E-01 0.161477E+00
 -.100000E-01 0.158576E+00
 0.100000E-01 0.155519E+00
 0.300000E-01 0.152311E+00
 0.500000E-01 0.148953E+00
 0.700000E-01 0.145449E+00
 0.900000E-01 0.141803E+00
 0.110000E+00 0.138018E+00
 0.130000E+00 0.134098E+00
 0.150000E+00 0.130046E+00
 0.170000E+00 0.125867E+00
 0.190000E+00 0.121564E+00
 0.210000E+00 0.117142E+00
 0.230000E+00 0.112605E+00
 0.250000E+00 0.107957E+00
 0.270000E+00 0.103204E+00
 0.290000E+00 0.983486E-01
 0.310000E+00 0.933968E-01
 0.330000E+00 0.883530E-01
 0.350000E+00 0.832223E-01
 0.370000E+00 0.780096E-01
 0.390000E+00 0.727200E-01
 0.410000E+00 0.673586E-01
 0.430000E+00 0.619306E-01
 0.450000E+00 0.564414E-01
 0.470000E+00 0.508963E-01
 0.490000E+00 0.453007E-01
 0.510000E+00 0.396600E-01
 0.530000E+00 0.339797E-01
 0.550000E+00 0.282655E-01
 0.570000E+00 0.225228E-01
 0.590000E+00 0.167572E-01
 0.610000E+00 0.109745E-01
 0.630000E+00 0.518015E-02
 0.650000E+00 -.620106E-03
 0.670000E+00 -.642062E-02
 0.690000E+00 -.122157E-01
 0.710000E+00 -.179998E-01
 0.730000E+00 -.237672E-01
 0.750000E+00 -.295122E-01
 0.770000E+00 -.352293E-01
 0.790000E+00 -.409129E-01
 0.810000E+00 -.465574E-01
 0.830000E+00 -.521573E-01
 0.850000E+00 -.577072E-01
 0.870000E+00 -.632016E-01
 0.890000E+00 -.686351E-01
 0.910000E+00 -.713274E-01
 0.930000E+00 -.713274E-01
 0.950000E+00 -.713274E-01
 0.970000E+00 -.713274E-01
 0.990000E+00 -.713274E-01




































































































 -.990000E+00 -.419711E-02
 -.970000E+00 -.407715E-02
 -.950000E+00 -.357938E-02
 -.930000E+00 -.291929E-02
 -.910000E+00 -.238269E-02
 -.890000E+00 0.522687E-03
 -.870000E+00 0.556999E-02
 -.850000E+00 0.820537E-02
 -.830000E+00 0.728695E-02
 -.810000E+00 0.321202E-02
 -.790000E+00 -.225481E-02
 -.770000E+00 -.674578E-02
 -.750000E+00 -.831544E-02
 -.730000E+00 -.628347E-02
 -.710000E+00 -.152948E-02
 -.690000E+00 0.388771E-02
 -.670000E+00 0.762172E-02
 -.650000E+00 0.805491E-02
 -.630000E+00 0.499914E-02
 -.610000E+00 -.222486E-03
 -.590000E+00 -.534851E-02
 -.570000E+00 -.815856E-02
 -.550000E+00 -.743511E-02
 -.530000E+00 -.349100E-02
 -.510000E+00 0.196583E-02
 -.490000E+00 0.657197E-02
 -.470000E+00 0.833211E-02
 -.450000E+00 0.648342E-02
 -.430000E+00 0.182614E-02
 -.410000E+00 -.362284E-02
 -.390000E+00 -.750337E-02
 -.370000E+00 -.813435E-02
 -.350000E+00 -.524200E-02
 -.330000E+00 -.786288E-04
 -.310000E+00 0.511957E-02
 -.290000E+00 0.810097E-02
 -.270000E+00 0.757385E-02
 -.250000E+00 0.376600E-02
 -.230000E+00 -.167368E-02
 -.210000E+00 -.638919E-02
 -.190000E+00 -.833790E-02
 -.170000E+00 -.667530E-02
 -.150000E+00 -.212101E-02
 -.130000E+00 0.335267E-02
 -.110000E+00 0.737494E-02
 -.900000E-01 0.820332E-02
 -.700000E-01 0.547852E-02
 -.500000E-01 0.380265E-03
 -.300000E-01 -.488345E-02
 -.100000E-01 -.803266E-02
 0.100000E-01 -.770295E-02
 0.300000E-01 -.403663E-02
 0.500000E-01 0.137872E-02
 0.700000E-01 0.619768E-02
 0.900000E-01 0.833279E-02
 0.110000E+00 0.685884E-02
 0.130000E+00 0.241373E-02
 0.150000E+00 -.307755E-02
 0.170000E+00 -.723659E-02
 0.190000E+00 -.826169E-02
 0.210000E+00 -.570834E-02
 0.230000E+00 -.682030E-03
 0.250000E+00 0.464045E-02
 0.270000E+00 0.795369E-02
 0.290000E+00 0.782224E-02
 0.310000E+00 0.430254E-02
 0.330000E+00 -.108135E-02
 0.350000E+00 -.599765E-02
 0.370000E+00 -.831676E-02
 0.390000E+00 -.703378E-02
 0.410000E+00 -.270389E-02
 0.430000E+00 0.279784E-02
 0.450000E+00 0.708849E-02
 0.470000E+00 0.830936E-02
 0.490000E+00 0.593118E-02
 0.510000E+00 0.983527E-03
 0.530000E+00 -.439087E-02
 0.550000E+00 -.786414E-02
 0.570000E+00 -.793154E-02
 0.590000E+00 -.456336E-02
 0.610000E+00 0.781952E-03
 0.630000E+00 0.578935E-02
 0.650000E+00 0.828981E-02
 0.670000E+00 0.719987E-02
 0.690000E+00 0.299111E-02
 0.710000E+00 -.251388E-02
 0.730000E+00 -.693079E-02
 0.750000E+00 -.834625E-02
 0.770000E+00 -.614671E-02
 0.790000E+00 -.128436E-02
 0.810000E+00 0.413503E-02
 0.830000E+00 0.776412E-02
 0.850000E+00 0.803068E-02
 0.870000E+00 0.481876E-02
 0.890000E+00 -.480905E-03
 0.910000E+00 -.320536E-02
 0.930000E+00 -.320526E-02
 0.950000E+00 -.320514E-02
 0.970000E+00 -.320506E-02
 0.990000E+00 -.320505E-02




































































































