 -.995000E+00 0.126889E-06
 -.985000E+00 0.133711E-06
 -.975000E+00 0.156976E-06
 -.965000E+00 0.194093E-06
 -.955000E+00 0.240925E-06
 -.945000E+00 0.292256E-06
 -.935000E+00 0.342367E-06
 -.925000E+00 0.385674E-06
 -.915000E+00 0.417353E-06
 -.905000E+00 0.433875E-06
 -.895000E+00 -.139707E-02
 -.885000E+00 -.403633E-02
 -.875000E+00 -.622583E-02
 -.865000E+00 -.772175E-02
 -.855000E+00 -.835753E-02
 -.845000E+00 -.806241E-02
 -.835000E+00 -.686934E-02
 -.825000E+00 -.491127E-02
 -.815000E+00 -.240633E-02
 -.805000E+00 0.366434E-03
 -.795000E+00 0.309818E-02
 -.785000E+00 0.548467E-02
 -.775000E+00 0.726010E-02
 -.765000E+00 0.822679E-02
 -.755000E+00 0.827712E-02
 -.745000E+00 0.740557E-02
 -.735000E+00 0.570925E-02
 -.725000E+00 0.337718E-02
 -.715000E+00 0.669136E-03
 -.705000E+00 -.211324E-02
 -.695000E+00 -.466004E-02
 -.685000E+00 -.668763E-02
 -.675000E+00 -.797022E-02
 -.665000E+00 -.836500E-02
 -.655000E+00 -.782808E-02
 -.645000E+00 -.641932E-02
 -.635000E+00 -.429570E-02
 -.625000E+00 -.169378E-02
 -.615000E+00 0.109659E-02
 -.605000E+00 0.376463E-02
 -.595000E+00 0.601317E-02
 -.585000E+00 0.759181E-02
 -.575000E+00 0.832478E-02
 -.565000E+00 0.813049E-02
 -.555000E+00 0.703066E-02
 -.545000E+00 0.514785E-02
 -.535000E+00 0.269182E-02
 -.525000E+00 -.638348E-04
 -.515000E+00 -.281218E-02
 -.505000E+00 -.524711E-02
 -.495000E+00 -.709745E-02
 -.485000E+00 -.815716E-02
 -.475000E+00 -.830825E-02
 -.465000E+00 -.753398E-02
 -.455000E+00 -.592065E-02
 -.445000E+00 -.364801E-02
 -.435000E+00 -.969220E-03
 -.425000E+00 0.181732E-02
 -.415000E+00 0.440125E-02
 -.405000E+00 0.649478E-02
 -.395000E+00 0.786479E-02
 -.385000E+00 0.835873E-02
 -.375000E+00 0.792165E-02
 -.365000E+00 0.660231E-02
 -.355000E+00 0.454772E-02
 -.345000E+00 0.198676E-02
 -.335000E+00 -.795296E-03
 -.325000E+00 -.348857E-02
 -.315000E+00 -.579309E-02
 -.305000E+00 -.745222E-02
 -.295000E+00 -.828122E-02
 -.285000E+00 -.818781E-02
 -.275000E+00 -.718247E-02
 -.265000E+00 -.537723E-02
 -.255000E+00 -.297321E-02
 -.245000E+00 -.238227E-03
 -.235000E+00 0.252309E-02
 -.225000E+00 0.500319E-02
 -.215000E+00 0.692587E-02
 -.205000E+00 0.807701E-02
 -.195000E+00 0.832847E-02
 -.185000E+00 0.765230E-02
 -.175000E+00 0.612388E-02
 -.165000E+00 0.391351E-02
 -.155000E+00 0.126742E-02
 -.145000E+00 -.151963E-02
 -.135000E+00 -.413723E-02
 -.125000E+00 -.629384E-02
 -.115000E+00 -.774930E-02
 -.105000E+00 -.834155E-02
 -.950000E-01 -.800469E-02
 -.850000E-01 -.677630E-02
 -.750000E-01 -.479328E-02
 -.650000E-01 -.227654E-02
 -.550000E-01 0.493577E-03
 -.450000E-01 0.320852E-02
 -.350000E-01 0.556590E-02
 -.250000E-01 0.730319E-02
 -.150000E-01 0.822694E-02
 -.500000E-02 0.823432E-02
 0.500000E-02 0.732458E-02
 0.150000E-01 0.559910E-02
 0.250000E-01 0.325014E-02
 0.350000E-01 0.539358E-03
 0.450000E-01 -.223130E-02
 0.550000E-01 -.475324E-02
 0.650000E-01 -.674558E-02
 0.750000E-01 -.798647E-02
 0.850000E-01 -.833776E-02
 0.950000E-01 -.776037E-02
 0.105000E+00 -.631869E-02
 0.115000E+00 -.417336E-02
 0.125000E+00 -.156336E-02
 0.135000E+00 0.122057E-02
 0.145000E+00 0.386836E-02
 0.155000E+00 0.608509E-02
 0.165000E+00 0.762392E-02
 0.175000E+00 0.831350E-02
 0.185000E+00 0.807709E-02
 0.195000E+00 0.694109E-02
 0.205000E+00 0.503208E-02
 0.215000E+00 0.256275E-02
 0.225000E+00 -.191832E-03
 0.235000E+00 -.292485E-02
 0.245000E+00 -.533190E-02
 0.255000E+00 -.714491E-02
 0.265000E+00 -.816201E-02
 0.275000E+00 -.826997E-02
 0.285000E+00 -.745682E-02
 0.295000E+00 -.581321E-02
 0.305000E+00 -.352226E-02
 0.315000E+00 -.839168E-03
 0.325000E+00 0.193719E-02
 0.335000E+00 0.449758E-02
 0.345000E+00 0.655686E-02
 0.355000E+00 0.788569E-02
 0.365000E+00 0.833613E-02
 0.375000E+00 0.785808E-02
 0.385000E+00 0.650485E-02
 0.395000E+00 0.442722E-02
 0.405000E+00 0.185664E-02
 0.415000E+00 -.920532E-03
 0.425000E+00 -.359498E-02
 0.435000E+00 -.586882E-02
 0.445000E+00 -.748885E-02
 0.455000E+00 -.827466E-02
 0.465000E+00 -.813880E-02
 0.475000E+00 -.709646E-02
 0.485000E+00 -.526381E-02
 0.495000E+00 -.284503E-02
 0.505000E+00 -.109545E-03
 0.515000E+00 0.263794E-02
 0.525000E+00 0.509141E-02
 0.535000E+00 0.697763E-02
 0.545000E+00 0.808656E-02
 0.555000E+00 0.829474E-02
 0.565000E+00 0.757906E-02
 0.575000E+00 0.601929E-02
 0.585000E+00 0.378921E-02
 0.595000E+00 0.113727E-02
 0.605000E+00 -.164115E-02
 0.615000E+00 -.423658E-02
 0.625000E+00 -.635995E-02
 0.635000E+00 -.777481E-02
 0.645000E+00 -.832363E-02
 0.655000E+00 -.794533E-02
 0.665000E+00 -.668213E-02
 0.675000E+00 -.467477E-02
 0.685000E+00 -.214690E-02
 0.695000E+00 0.619903E-03
 0.705000E+00 0.331746E-02
 0.715000E+00 0.564533E-02
 0.725000E+00 0.734426E-02
 0.735000E+00 0.822508E-02
 0.745000E+00 0.818974E-02
 0.755000E+00 0.724225E-02
 0.765000E+00 0.548820E-02
 0.775000E+00 0.312301E-02
 0.785000E+00 0.410161E-03
 0.795000E+00 -.234817E-02
 0.805000E+00 -.484477E-02
 0.815000E+00 -.680158E-02
 0.825000E+00 -.800070E-02
 0.835000E+00 -.830863E-02
 0.845000E+00 -.769114E-02
 0.855000E+00 -.621708E-02
 0.865000E+00 -.405067E-02
 0.875000E+00 -.143327E-02
 0.885000E+00 0.134358E-02
 0.895000E+00 0.397057E-02
 0.905000E+00 0.475772E-02
 0.915000E+00 0.361757E-02
 0.925000E+00 0.207458E-02
 0.935000E+00 0.300615E-03
 0.945000E+00 -.150673E-02
 0.955000E+00 -.314616E-02
 0.965000E+00 -.443511E-02
 0.975000E+00 -.523009E-02
 0.985000E+00 -.544264E-02
 0.995000E+00 -.504919E-02








































































































































































































 -.995000E+00 0.160428E-03
 -.985000E+00 0.160427E-03
 -.975000E+00 0.160425E-03
 -.965000E+00 0.160422E-03
 -.955000E+00 0.160417E-03
 -.945000E+00 0.160412E-03
 -.935000E+00 0.160405E-03
 -.925000E+00 0.160397E-03
 -.915000E+00 0.160387E-03
 -.905000E+00 0.160377E-03
 -.895000E+00 -.129224E-02
 -.885000E+00 -.419697E-02
 -.875000E+00 -.710047E-02
 -.865000E+00 -.100020E-01
 -.855000E+00 -.129009E-01
 -.845000E+00 -.157964E-01
 -.835000E+00 -.186879E-01
 -.825000E+00 -.215746E-01
 -.815000E+00 -.244558E-01
 -.805000E+00 -.273308E-01
 -.795000E+00 -.301990E-01
 -.785000E+00 -.330595E-01
 -.775000E+00 -.359118E-01
 -.765000E+00 -.387552E-01
 -.755000E+00 -.415888E-01
 -.745000E+00 -.444121E-01
 -.735000E+00 -.472244E-01
 -.725000E+00 -.500249E-01
 -.715000E+00 -.528130E-01
 -.705000E+00 -.555880E-01
 -.695000E+00 -.583493E-01
 -.685000E+00 -.610961E-01
 -.675000E+00 -.638278E-01
 -.665000E+00 -.665437E-01
 -.655000E+00 -.692432E-01
 -.645000E+00 -.719256E-01
 -.635000E+00 -.745903E-01
 -.625000E+00 -.772365E-01
 -.615000E+00 -.798637E-01
 -.605000E+00 -.824713E-01
 -.595000E+00 -.850585E-01
 -.585000E+00 -.876247E-01
 -.575000E+00 -.901694E-01
 -.565000E+00 -.926919E-01
 -.555000E+00 -.951916E-01
 -.545000E+00 -.976679E-01
 -.535000E+00 -.100120E+00
 -.525000E+00 -.102548E+00
 -.515000E+00 -.104950E+00
 -.505000E+00 -.107327E+00
 -.495000E+00 -.109677E+00
 -.485000E+00 -.112001E+00
 -.475000E+00 -.114297E+00
 -.465000E+00 -.116564E+00
 -.455000E+00 -.118804E+00
 -.445000E+00 -.121014E+00
 -.435000E+00 -.123194E+00
 -.425000E+00 -.125344E+00
 -.415000E+00 -.127464E+00
 -.405000E+00 -.129552E+00
 -.395000E+00 -.131608E+00
 -.385000E+00 -.133632E+00
 -.375000E+00 -.135623E+00
 -.365000E+00 -.137582E+00
 -.355000E+00 -.139506E+00
 -.345000E+00 -.141396E+00
 -.335000E+00 -.143252E+00
 -.325000E+00 -.145072E+00
 -.315000E+00 -.146857E+00
 -.305000E+00 -.148606E+00
 -.295000E+00 -.150319E+00
 -.285000E+00 -.151994E+00
 -.275000E+00 -.153633E+00
 -.265000E+00 -.155234E+00
 -.255000E+00 -.156797E+00
 -.245000E+00 -.158321E+00
 -.235000E+00 -.159807E+00
 -.225000E+00 -.161254E+00
 -.215000E+00 -.162661E+00
 -.205000E+00 -.164029E+00
 -.195000E+00 -.165356E+00
 -.185000E+00 -.166643E+00
 -.175000E+00 -.167889E+00
 -.165000E+00 -.169094E+00
 -.155000E+00 -.170258E+00
 -.145000E+00 -.171380E+00
 -.135000E+00 -.172460E+00
 -.125000E+00 -.173498E+00
 -.115000E+00 -.174494E+00
 -.105000E+00 -.175447E+00
 -.950000E-01 -.176357E+00
 -.850000E-01 -.177224E+00
 -.750000E-01 -.178048E+00
 -.650000E-01 -.178828E+00
 -.550000E-01 -.179565E+00
 -.450000E-01 -.180258E+00
 -.350000E-01 -.180906E+00
 -.250000E-01 -.181511E+00
 -.150000E-01 -.182071E+00
 -.500000E-02 -.182587E+00
 0.500000E-02 -.183058E+00
 0.150000E-01 -.183484E+00
 0.250000E-01 -.183866E+00
 0.350000E-01 -.184203E+00
 0.450000E-01 -.184495E+00
 0.550000E-01 -.184741E+00
 0.650000E-01 -.184943E+00
 0.750000E-01 -.185100E+00
 0.850000E-01 -.185211E+00
 0.950000E-01 -.185277E+00
 0.105000E+00 -.185299E+00
 0.115000E+00 -.185274E+00
 0.125000E+00 -.185205E+00
 0.135000E+00 -.185091E+00
 0.145000E+00 -.184931E+00
 0.155000E+00 -.184726E+00
 0.165000E+00 -.184477E+00
 0.175000E+00 -.184182E+00
 0.185000E+00 -.183842E+00
 0.195000E+00 -.183458E+00
 0.205000E+00 -.183029E+00
 0.215000E+00 -.182555E+00
 0.225000E+00 -.182037E+00
 0.235000E+00 -.181474E+00
 0.245000E+00 -.180867E+00
 0.255000E+00 -.180217E+00
 0.265000E+00 -.179522E+00
 0.275000E+00 -.178783E+00
 0.285000E+00 -.178001E+00
 0.295000E+00 -.177176E+00
 0.305000E+00 -.176308E+00
 0.315000E+00 -.175396E+00
 0.325000E+00 -.174442E+00
 0.335000E+00 -.173446E+00
 0.345000E+00 -.172407E+00
 0.355000E+00 -.171326E+00
 0.365000E+00 -.170204E+00
 0.375000E+00 -.169040E+00
 0.385000E+00 -.167835E+00
 0.395000E+00 -.166589E+00
 0.405000E+00 -.165303E+00
 0.415000E+00 -.163976E+00
 0.425000E+00 -.162610E+00
 0.435000E+00 -.161204E+00
 0.445000E+00 -.159759E+00
 0.455000E+00 -.158275E+00
 0.465000E+00 -.156752E+00
 0.475000E+00 -.155192E+00
 0.485000E+00 -.153593E+00
 0.495000E+00 -.151958E+00
 0.505000E+00 -.150285E+00
 0.515000E+00 -.148576E+00
 0.525000E+00 -.146831E+00
 0.535000E+00 -.145050E+00
 0.545000E+00 -.143234E+00
 0.555000E+00 -.141383E+00
 0.565000E+00 -.139498E+00
 0.575000E+00 -.137579E+00
 0.585000E+00 -.135627E+00
 0.595000E+00 -.133641E+00
 0.605000E+00 -.131623E+00
 0.615000E+00 -.129574E+00
 0.625000E+00 -.127493E+00
 0.635000E+00 -.125381E+00
 0.645000E+00 -.123238E+00
 0.655000E+00 -.121066E+00
 0.665000E+00 -.118864E+00
 0.675000E+00 -.116633E+00
 0.685000E+00 -.114375E+00
 0.695000E+00 -.112088E+00
 0.705000E+00 -.109774E+00
 0.715000E+00 -.107434E+00
 0.725000E+00 -.105068E+00
 0.735000E+00 -.102676E+00
 0.745000E+00 -.100260E+00
 0.755000E+00 -.978187E-01
 0.765000E+00 -.953542E-01
 0.775000E+00 -.928666E-01
 0.785000E+00 -.903566E-01
 0.795000E+00 -.878247E-01
 0.805000E+00 -.852716E-01
 0.815000E+00 -.826979E-01
 0.825000E+00 -.801043E-01
 0.835000E+00 -.774913E-01
 0.845000E+00 -.748596E-01
 0.855000E+00 -.722098E-01
 0.865000E+00 -.695427E-01
 0.875000E+00 -.668587E-01
 0.885000E+00 -.641587E-01
 0.895000E+00 -.614433E-01
 0.905000E+00 -.601550E-01
 0.915000E+00 -.602953E-01
 0.925000E+00 -.604228E-01
 0.935000E+00 -.605373E-01
 0.945000E+00 -.606388E-01
 0.955000E+00 -.607274E-01
 0.965000E+00 -.608031E-01
 0.975000E+00 -.608657E-01
 0.985000E+00 -.609154E-01
 0.995000E+00 -.609522E-01








































































































































































































 -.995000E+00 0.376462E-02
 -.985000E+00 0.376460E-02
 -.975000E+00 0.376455E-02
 -.965000E+00 0.376446E-02
 -.955000E+00 0.376435E-02
 -.945000E+00 0.376419E-02
 -.935000E+00 0.376401E-02
 -.925000E+00 0.376379E-02
 -.915000E+00 0.376353E-02
 -.905000E+00 0.376325E-02
 -.895000E+00 0.202603E-02
 -.885000E+00 -.144802E-02
 -.875000E+00 -.492186E-02
 -.865000E+00 -.839533E-02
 -.855000E+00 -.118682E-01
 -.845000E+00 -.153404E-01
 -.835000E+00 -.188117E-01
 -.825000E+00 -.222819E-01
 -.815000E+00 -.257508E-01
 -.805000E+00 -.292183E-01
 -.795000E+00 -.326841E-01
 -.785000E+00 -.361482E-01
 -.775000E+00 -.396102E-01
 -.765000E+00 -.430702E-01
 -.755000E+00 -.465277E-01
 -.745000E+00 -.499828E-01
 -.735000E+00 -.534352E-01
 -.725000E+00 -.568848E-01
 -.715000E+00 -.603313E-01
 -.705000E+00 -.637746E-01
 -.695000E+00 -.672145E-01
 -.685000E+00 -.706508E-01
 -.675000E+00 -.740834E-01
 -.665000E+00 -.775120E-01
 -.655000E+00 -.809366E-01
 -.645000E+00 -.843569E-01
 -.635000E+00 -.877728E-01
 -.625000E+00 -.911840E-01
 -.615000E+00 -.945905E-01
 -.605000E+00 -.979919E-01
 -.595000E+00 -.101388E+00
 -.585000E+00 -.104779E+00
 -.575000E+00 -.108165E+00
 -.565000E+00 -.111545E+00
 -.555000E+00 -.114919E+00
 -.545000E+00 -.118287E+00
 -.535000E+00 -.121648E+00
 -.525000E+00 -.125004E+00
 -.515000E+00 -.128353E+00
 -.505000E+00 -.131695E+00
 -.495000E+00 -.135030E+00
 -.485000E+00 -.138359E+00
 -.475000E+00 -.141680E+00
 -.465000E+00 -.144993E+00
 -.455000E+00 -.148300E+00
 -.445000E+00 -.151598E+00
 -.435000E+00 -.154888E+00
 -.425000E+00 -.158171E+00
 -.415000E+00 -.161445E+00
 -.405000E+00 -.164711E+00
 -.395000E+00 -.167968E+00
 -.385000E+00 -.171217E+00
 -.375000E+00 -.174456E+00
 -.365000E+00 -.177687E+00
 -.355000E+00 -.180908E+00
 -.345000E+00 -.184120E+00
 -.335000E+00 -.187322E+00
 -.325000E+00 -.190515E+00
 -.315000E+00 -.193697E+00
 -.305000E+00 -.196870E+00
 -.295000E+00 -.200032E+00
 -.285000E+00 -.203184E+00
 -.275000E+00 -.206326E+00
 -.265000E+00 -.209456E+00
 -.255000E+00 -.212576E+00
 -.245000E+00 -.215685E+00
 -.235000E+00 -.218783E+00
 -.225000E+00 -.221869E+00
 -.215000E+00 -.224944E+00
 -.205000E+00 -.228007E+00
 -.195000E+00 -.231058E+00
 -.185000E+00 -.234097E+00
 -.175000E+00 -.237124E+00
 -.165000E+00 -.240139E+00
 -.155000E+00 -.243141E+00
 -.145000E+00 -.246131E+00
 -.135000E+00 -.249108E+00
 -.125000E+00 -.252072E+00
 -.115000E+00 -.255023E+00
 -.105000E+00 -.257961E+00
 -.950000E-01 -.260885E+00
 -.850000E-01 -.263796E+00
 -.750000E-01 -.266693E+00
 -.650000E-01 -.269577E+00
 -.550000E-01 -.272446E+00
 -.450000E-01 -.275302E+00
 -.350000E-01 -.278143E+00
 -.250000E-01 -.280969E+00
 -.150000E-01 -.283781E+00
 -.500000E-02 -.286579E+00
 0.500000E-02 -.289361E+00
 0.150000E-01 -.292129E+00
 0.250000E-01 -.294881E+00
 0.350000E-01 -.297618E+00
 0.450000E-01 -.300340E+00
 0.550000E-01 -.303046E+00
 0.650000E-01 -.305737E+00
 0.750000E-01 -.308411E+00
 0.850000E-01 -.311070E+00
 0.950000E-01 -.313713E+00
 0.105000E+00 -.316339E+00
 0.115000E+00 -.318949E+00
 0.125000E+00 -.321542E+00
 0.135000E+00 -.324119E+00
 0.145000E+00 -.326679E+00
 0.155000E+00 -.329222E+00
 0.165000E+00 -.331748E+00
 0.175000E+00 -.334257E+00
 0.185000E+00 -.336749E+00
 0.195000E+00 -.339223E+00
 0.205000E+00 -.341680E+00
 0.215000E+00 -.344119E+00
 0.225000E+00 -.346540E+00
 0.235000E+00 -.348943E+00
 0.245000E+00 -.351328E+00
 0.255000E+00 -.353695E+00
 0.265000E+00 -.356044E+00
 0.275000E+00 -.358374E+00
 0.285000E+00 -.360686E+00
 0.295000E+00 -.362979E+00
 0.305000E+00 -.365253E+00
 0.315000E+00 -.367509E+00
 0.325000E+00 -.369745E+00
 0.335000E+00 -.371962E+00
 0.345000E+00 -.374161E+00
 0.355000E+00 -.376339E+00
 0.365000E+00 -.378499E+00
 0.375000E+00 -.380638E+00
 0.385000E+00 -.382758E+00
 0.395000E+00 -.384859E+00
 0.405000E+00 -.386939E+00
 0.415000E+00 -.388999E+00
 0.425000E+00 -.391040E+00
 0.435000E+00 -.393060E+00
 0.445000E+00 -.395060E+00
 0.455000E+00 -.397039E+00
 0.465000E+00 -.398998E+00
 0.475000E+00 -.400936E+00
 0.485000E+00 -.402853E+00
 0.495000E+00 -.404750E+00
 0.505000E+00 -.406626E+00
 0.515000E+00 -.408481E+00
 0.525000E+00 -.410314E+00
 0.535000E+00 -.412127E+00
 0.545000E+00 -.413918E+00
 0.555000E+00 -.415688E+00
 0.565000E+00 -.417436E+00
 0.575000E+00 -.419163E+00
 0.585000E+00 -.420869E+00
 0.595000E+00 -.422552E+00
 0.605000E+00 -.424214E+00
 0.615000E+00 -.425854E+00
 0.625000E+00 -.427471E+00
 0.635000E+00 -.429067E+00
 0.645000E+00 -.430641E+00
 0.655000E+00 -.432192E+00
 0.665000E+00 -.433721E+00
 0.675000E+00 -.435228E+00
 0.685000E+00 -.436712E+00
 0.695000E+00 -.438174E+00
 0.705000E+00 -.439613E+00
 0.715000E+00 -.441030E+00
 0.725000E+00 -.442424E+00
 0.735000E+00 -.443795E+00
 0.745000E+00 -.445143E+00
 0.755000E+00 -.446468E+00
 0.765000E+00 -.447770E+00
 0.775000E+00 -.449049E+00
 0.785000E+00 -.450305E+00
 0.795000E+00 -.451538E+00
 0.805000E+00 -.452747E+00
 0.815000E+00 -.453933E+00
 0.825000E+00 -.455096E+00
 0.835000E+00 -.456235E+00
 0.845000E+00 -.457351E+00
 0.855000E+00 -.458443E+00
 0.865000E+00 -.459512E+00
 0.875000E+00 -.460557E+00
 0.885000E+00 -.461578E+00
 0.895000E+00 -.462576E+00
 0.905000E+00 -.464677E+00
 0.915000E+00 -.467872E+00
 0.925000E+00 -.471030E+00
 0.935000E+00 -.474149E+00
 0.945000E+00 -.477231E+00
 0.955000E+00 -.480274E+00
 0.965000E+00 -.483280E+00
 0.975000E+00 -.486249E+00
 0.985000E+00 -.489179E+00
 0.995000E+00 -.492072E+00








































































































































































































 -.995000E+00 0.744352E+00
 -.985000E+00 0.744352E+00
 -.975000E+00 0.744352E+00
 -.965000E+00 0.744352E+00
 -.955000E+00 0.744353E+00
 -.945000E+00 0.744354E+00
 -.935000E+00 0.744354E+00
 -.925000E+00 0.744355E+00
 -.915000E+00 0.744357E+00
 -.905000E+00 0.744358E+00
 -.895000E+00 0.743106E+00
 -.885000E+00 0.740592E+00
 -.875000E+00 0.738069E+00
 -.865000E+00 0.735534E+00
 -.855000E+00 0.732990E+00
 -.845000E+00 0.730435E+00
 -.835000E+00 0.727869E+00
 -.825000E+00 0.725294E+00
 -.815000E+00 0.722708E+00
 -.805000E+00 0.720112E+00
 -.795000E+00 0.717506E+00
 -.785000E+00 0.714889E+00
 -.775000E+00 0.712263E+00
 -.765000E+00 0.709626E+00
 -.755000E+00 0.706979E+00
 -.745000E+00 0.704323E+00
 -.735000E+00 0.701656E+00
 -.725000E+00 0.698979E+00
 -.715000E+00 0.696293E+00
 -.705000E+00 0.693597E+00
 -.695000E+00 0.690890E+00
 -.685000E+00 0.688174E+00
 -.675000E+00 0.685449E+00
 -.665000E+00 0.682713E+00
 -.655000E+00 0.679968E+00
 -.645000E+00 0.677213E+00
 -.635000E+00 0.674449E+00
 -.625000E+00 0.671675E+00
 -.615000E+00 0.668891E+00
 -.605000E+00 0.666098E+00
 -.595000E+00 0.663296E+00
 -.585000E+00 0.660484E+00
 -.575000E+00 0.657662E+00
 -.565000E+00 0.654832E+00
 -.555000E+00 0.651992E+00
 -.545000E+00 0.649142E+00
 -.535000E+00 0.646284E+00
 -.525000E+00 0.643416E+00
 -.515000E+00 0.640539E+00
 -.505000E+00 0.637653E+00
 -.495000E+00 0.634758E+00
 -.485000E+00 0.631854E+00
 -.475000E+00 0.628941E+00
 -.465000E+00 0.626019E+00
 -.455000E+00 0.623088E+00
 -.445000E+00 0.620148E+00
 -.435000E+00 0.617199E+00
 -.425000E+00 0.614241E+00
 -.415000E+00 0.611275E+00
 -.405000E+00 0.608300E+00
 -.395000E+00 0.605316E+00
 -.385000E+00 0.602324E+00
 -.375000E+00 0.599323E+00
 -.365000E+00 0.596313E+00
 -.355000E+00 0.593295E+00
 -.345000E+00 0.590268E+00
 -.335000E+00 0.587233E+00
 -.325000E+00 0.584190E+00
 -.315000E+00 0.581138E+00
 -.305000E+00 0.578078E+00
 -.295000E+00 0.575009E+00
 -.285000E+00 0.571933E+00
 -.275000E+00 0.568848E+00
 -.265000E+00 0.565755E+00
 -.255000E+00 0.562654E+00
 -.245000E+00 0.559544E+00
 -.235000E+00 0.556427E+00
 -.225000E+00 0.553302E+00
 -.215000E+00 0.550169E+00
 -.205000E+00 0.547028E+00
 -.195000E+00 0.543879E+00
 -.185000E+00 0.540722E+00
 -.175000E+00 0.537557E+00
 -.165000E+00 0.534385E+00
 -.155000E+00 0.531205E+00
 -.145000E+00 0.528017E+00
 -.135000E+00 0.524822E+00
 -.125000E+00 0.521619E+00
 -.115000E+00 0.518409E+00
 -.105000E+00 0.515191E+00
 -.950000E-01 0.511965E+00
 -.850000E-01 0.508733E+00
 -.750000E-01 0.505493E+00
 -.650000E-01 0.502245E+00
 -.550000E-01 0.498991E+00
 -.450000E-01 0.495729E+00
 -.350000E-01 0.492460E+00
 -.250000E-01 0.489184E+00
 -.150000E-01 0.485901E+00
 -.500000E-02 0.482611E+00
 0.500000E-02 0.479314E+00
 0.150000E-01 0.476009E+00
 0.250000E-01 0.472698E+00
 0.350000E-01 0.469380E+00
 0.450000E-01 0.466056E+00
 0.550000E-01 0.462724E+00
 0.650000E-01 0.459386E+00
 0.750000E-01 0.456041E+00
 0.850000E-01 0.452690E+00
 0.950000E-01 0.449332E+00
 0.105000E+00 0.445967E+00
 0.115000E+00 0.442596E+00
 0.125000E+00 0.439218E+00
 0.135000E+00 0.435834E+00
 0.145000E+00 0.432444E+00
 0.155000E+00 0.429047E+00
 0.165000E+00 0.425645E+00
 0.175000E+00 0.422235E+00
 0.185000E+00 0.418820E+00
 0.195000E+00 0.415399E+00
 0.205000E+00 0.411971E+00
 0.215000E+00 0.408538E+00
 0.225000E+00 0.405098E+00
 0.235000E+00 0.401653E+00
 0.245000E+00 0.398202E+00
 0.255000E+00 0.394745E+00
 0.265000E+00 0.391282E+00
 0.275000E+00 0.387813E+00
 0.285000E+00 0.384339E+00
 0.295000E+00 0.380859E+00
 0.305000E+00 0.377373E+00
 0.315000E+00 0.373882E+00
 0.325000E+00 0.370386E+00
 0.335000E+00 0.366884E+00
 0.345000E+00 0.363376E+00
 0.355000E+00 0.359863E+00
 0.365000E+00 0.356345E+00
 0.375000E+00 0.352822E+00
 0.385000E+00 0.349293E+00
 0.395000E+00 0.345760E+00
 0.405000E+00 0.342221E+00
 0.415000E+00 0.338677E+00
 0.425000E+00 0.335128E+00
 0.435000E+00 0.331574E+00
 0.445000E+00 0.328015E+00
 0.455000E+00 0.324451E+00
 0.465000E+00 0.320883E+00
 0.475000E+00 0.317310E+00
 0.485000E+00 0.313732E+00
 0.495000E+00 0.310149E+00
 0.505000E+00 0.306562E+00
 0.515000E+00 0.302970E+00
 0.525000E+00 0.299374E+00
 0.535000E+00 0.295773E+00
 0.545000E+00 0.292168E+00
 0.555000E+00 0.288558E+00
 0.565000E+00 0.284944E+00
 0.575000E+00 0.281326E+00
 0.585000E+00 0.277704E+00
 0.595000E+00 0.274077E+00
 0.605000E+00 0.270447E+00
 0.615000E+00 0.266812E+00
 0.625000E+00 0.263173E+00
 0.635000E+00 0.259531E+00
 0.645000E+00 0.255884E+00
 0.655000E+00 0.252234E+00
 0.665000E+00 0.248579E+00
 0.675000E+00 0.244921E+00
 0.685000E+00 0.241260E+00
 0.695000E+00 0.237594E+00
 0.705000E+00 0.233925E+00
 0.715000E+00 0.230253E+00
 0.725000E+00 0.226577E+00
 0.735000E+00 0.222898E+00
 0.745000E+00 0.219215E+00
 0.755000E+00 0.215529E+00
 0.765000E+00 0.211839E+00
 0.775000E+00 0.208147E+00
 0.785000E+00 0.204451E+00
 0.795000E+00 0.200752E+00
 0.805000E+00 0.197050E+00
 0.815000E+00 0.193345E+00
 0.825000E+00 0.189637E+00
 0.835000E+00 0.185926E+00
 0.845000E+00 0.182212E+00
 0.855000E+00 0.178495E+00
 0.865000E+00 0.174776E+00
 0.875000E+00 0.171054E+00
 0.885000E+00 0.167329E+00
 0.895000E+00 0.163602E+00
 0.905000E+00 0.157135E+00
 0.915000E+00 0.147913E+00
 0.925000E+00 0.138671E+00
 0.935000E+00 0.129409E+00
 0.945000E+00 0.120128E+00
 0.955000E+00 0.110829E+00
 0.965000E+00 0.101515E+00
 0.975000E+00 0.921856E-01
 0.985000E+00 0.828428E-01
 0.995000E+00 0.734879E-01








































































































































































































 -.995000E+00 0.960304E+00
 -.985000E+00 0.960304E+00
 -.975000E+00 0.960304E+00
 -.965000E+00 0.960305E+00
 -.955000E+00 0.960306E+00
 -.945000E+00 0.960307E+00
 -.935000E+00 0.960308E+00
 -.925000E+00 0.960309E+00
 -.915000E+00 0.960311E+00
 -.905000E+00 0.960312E+00
 -.895000E+00 0.960096E+00
 -.885000E+00 0.959658E+00
 -.875000E+00 0.959219E+00
 -.865000E+00 0.958777E+00
 -.855000E+00 0.958333E+00
 -.845000E+00 0.957886E+00
 -.835000E+00 0.957437E+00
 -.825000E+00 0.956986E+00
 -.815000E+00 0.956532E+00
 -.805000E+00 0.956076E+00
 -.795000E+00 0.955618E+00
 -.785000E+00 0.955157E+00
 -.775000E+00 0.954694E+00
 -.765000E+00 0.954229E+00
 -.755000E+00 0.953762E+00
 -.745000E+00 0.953292E+00
 -.735000E+00 0.952819E+00
 -.725000E+00 0.952345E+00
 -.715000E+00 0.951868E+00
 -.705000E+00 0.951389E+00
 -.695000E+00 0.950907E+00
 -.685000E+00 0.950423E+00
 -.675000E+00 0.949937E+00
 -.665000E+00 0.949448E+00
 -.655000E+00 0.948957E+00
 -.645000E+00 0.948464E+00
 -.635000E+00 0.947969E+00
 -.625000E+00 0.947471E+00
 -.615000E+00 0.946971E+00
 -.605000E+00 0.946468E+00
 -.595000E+00 0.945963E+00
 -.585000E+00 0.945456E+00
 -.575000E+00 0.944947E+00
 -.565000E+00 0.944435E+00
 -.555000E+00 0.943921E+00
 -.545000E+00 0.943405E+00
 -.535000E+00 0.942886E+00
 -.525000E+00 0.942365E+00
 -.515000E+00 0.941842E+00
 -.505000E+00 0.941316E+00
 -.495000E+00 0.940788E+00
 -.485000E+00 0.940258E+00
 -.475000E+00 0.939725E+00
 -.465000E+00 0.939190E+00
 -.455000E+00 0.938653E+00
 -.445000E+00 0.938114E+00
 -.435000E+00 0.937572E+00
 -.425000E+00 0.937028E+00
 -.415000E+00 0.936482E+00
 -.405000E+00 0.935933E+00
 -.395000E+00 0.935382E+00
 -.385000E+00 0.934829E+00
 -.375000E+00 0.934273E+00
 -.365000E+00 0.933715E+00
 -.355000E+00 0.933155E+00
 -.345000E+00 0.932593E+00
 -.335000E+00 0.932028E+00
 -.325000E+00 0.931461E+00
 -.315000E+00 0.930892E+00
 -.305000E+00 0.930320E+00
 -.295000E+00 0.929746E+00
 -.285000E+00 0.929170E+00
 -.275000E+00 0.928591E+00
 -.265000E+00 0.928010E+00
 -.255000E+00 0.927427E+00
 -.245000E+00 0.926842E+00
 -.235000E+00 0.926254E+00
 -.225000E+00 0.925664E+00
 -.215000E+00 0.925072E+00
 -.205000E+00 0.924478E+00
 -.195000E+00 0.923881E+00
 -.185000E+00 0.923282E+00
 -.175000E+00 0.922680E+00
 -.165000E+00 0.922077E+00
 -.155000E+00 0.921471E+00
 -.145000E+00 0.920863E+00
 -.135000E+00 0.920252E+00
 -.125000E+00 0.919639E+00
 -.115000E+00 0.919024E+00
 -.105000E+00 0.918407E+00
 -.950000E-01 0.917788E+00
 -.850000E-01 0.917166E+00
 -.750000E-01 0.916542E+00
 -.650000E-01 0.915915E+00
 -.550000E-01 0.915287E+00
 -.450000E-01 0.914656E+00
 -.350000E-01 0.914022E+00
 -.250000E-01 0.913387E+00
 -.150000E-01 0.912749E+00
 -.500000E-02 0.912109E+00
 0.500000E-02 0.911467E+00
 0.150000E-01 0.910823E+00
 0.250000E-01 0.910176E+00
 0.350000E-01 0.909527E+00
 0.450000E-01 0.908875E+00
 0.550000E-01 0.908222E+00
 0.650000E-01 0.907566E+00
 0.750000E-01 0.906908E+00
 0.850000E-01 0.906248E+00
 0.950000E-01 0.905585E+00
 0.105000E+00 0.904920E+00
 0.115000E+00 0.904253E+00
 0.125000E+00 0.903584E+00
 0.135000E+00 0.902912E+00
 0.145000E+00 0.902239E+00
 0.155000E+00 0.901563E+00
 0.165000E+00 0.900884E+00
 0.175000E+00 0.900204E+00
 0.185000E+00 0.899521E+00
 0.195000E+00 0.898836E+00
 0.205000E+00 0.898149E+00
 0.215000E+00 0.897459E+00
 0.225000E+00 0.896767E+00
 0.235000E+00 0.896073E+00
 0.245000E+00 0.895377E+00
 0.255000E+00 0.894678E+00
 0.265000E+00 0.893978E+00
 0.275000E+00 0.893275E+00
 0.285000E+00 0.892570E+00
 0.295000E+00 0.891862E+00
 0.305000E+00 0.891153E+00
 0.315000E+00 0.890441E+00
 0.325000E+00 0.889727E+00
 0.335000E+00 0.889010E+00
 0.345000E+00 0.888292E+00
 0.355000E+00 0.887571E+00
 0.365000E+00 0.886848E+00
 0.375000E+00 0.886123E+00
 0.385000E+00 0.885395E+00
 0.395000E+00 0.884665E+00
 0.405000E+00 0.883933E+00
 0.415000E+00 0.883199E+00
 0.425000E+00 0.882463E+00
 0.435000E+00 0.881724E+00
 0.445000E+00 0.880984E+00
 0.455000E+00 0.880241E+00
 0.465000E+00 0.879495E+00
 0.475000E+00 0.878748E+00
 0.485000E+00 0.877998E+00
 0.495000E+00 0.877246E+00
 0.505000E+00 0.876492E+00
 0.515000E+00 0.875736E+00
 0.525000E+00 0.874978E+00
 0.535000E+00 0.874217E+00
 0.545000E+00 0.873454E+00
 0.555000E+00 0.872689E+00
 0.565000E+00 0.871922E+00
 0.575000E+00 0.871152E+00
 0.585000E+00 0.870380E+00
 0.595000E+00 0.869607E+00
 0.605000E+00 0.868830E+00
 0.615000E+00 0.868052E+00
 0.625000E+00 0.867272E+00
 0.635000E+00 0.866489E+00
 0.645000E+00 0.865704E+00
 0.655000E+00 0.864917E+00
 0.665000E+00 0.864128E+00
 0.675000E+00 0.863336E+00
 0.685000E+00 0.862543E+00
 0.695000E+00 0.861747E+00
 0.705000E+00 0.860949E+00
 0.715000E+00 0.860149E+00
 0.725000E+00 0.859346E+00
 0.735000E+00 0.858542E+00
 0.745000E+00 0.857735E+00
 0.755000E+00 0.856926E+00
 0.765000E+00 0.856115E+00
 0.775000E+00 0.855302E+00
 0.785000E+00 0.854486E+00
 0.795000E+00 0.853669E+00
 0.805000E+00 0.852849E+00
 0.815000E+00 0.852027E+00
 0.825000E+00 0.851203E+00
 0.835000E+00 0.850377E+00
 0.845000E+00 0.849548E+00
 0.855000E+00 0.848717E+00
 0.865000E+00 0.847885E+00
 0.875000E+00 0.847050E+00
 0.885000E+00 0.846213E+00
 0.895000E+00 0.845373E+00
 0.905000E+00 0.843725E+00
 0.915000E+00 0.841247E+00
 0.925000E+00 0.838739E+00
 0.935000E+00 0.836201E+00
 0.945000E+00 0.833632E+00
 0.955000E+00 0.831031E+00
 0.965000E+00 0.828400E+00
 0.975000E+00 0.825738E+00
 0.985000E+00 0.823044E+00
 0.995000E+00 0.820318E+00








































































































































































































 -.995000E+00 0.920902E+00
 -.985000E+00 0.920901E+00
 -.975000E+00 0.920898E+00
 -.965000E+00 0.920891E+00
 -.955000E+00 0.920883E+00
 -.945000E+00 0.920872E+00
 -.935000E+00 0.920859E+00
 -.925000E+00 0.920843E+00
 -.915000E+00 0.920825E+00
 -.905000E+00 0.920805E+00
 -.895000E+00 0.920569E+00
 -.885000E+00 0.920119E+00
 -.875000E+00 0.919669E+00
 -.865000E+00 0.919220E+00
 -.855000E+00 0.918771E+00
 -.845000E+00 0.918322E+00
 -.835000E+00 0.917873E+00
 -.825000E+00 0.917424E+00
 -.815000E+00 0.916976E+00
 -.805000E+00 0.916527E+00
 -.795000E+00 0.916079E+00
 -.785000E+00 0.915631E+00
 -.775000E+00 0.915184E+00
 -.765000E+00 0.914736E+00
 -.755000E+00 0.914289E+00
 -.745000E+00 0.913842E+00
 -.735000E+00 0.913395E+00
 -.725000E+00 0.912949E+00
 -.715000E+00 0.912502E+00
 -.705000E+00 0.912056E+00
 -.695000E+00 0.911610E+00
 -.685000E+00 0.911164E+00
 -.675000E+00 0.910719E+00
 -.665000E+00 0.910273E+00
 -.655000E+00 0.909828E+00
 -.645000E+00 0.909383E+00
 -.635000E+00 0.908938E+00
 -.625000E+00 0.908494E+00
 -.615000E+00 0.908049E+00
 -.605000E+00 0.907605E+00
 -.595000E+00 0.907161E+00
 -.585000E+00 0.906717E+00
 -.575000E+00 0.906274E+00
 -.565000E+00 0.905830E+00
 -.555000E+00 0.905387E+00
 -.545000E+00 0.904944E+00
 -.535000E+00 0.904501E+00
 -.525000E+00 0.904059E+00
 -.515000E+00 0.903616E+00
 -.505000E+00 0.903174E+00
 -.495000E+00 0.902732E+00
 -.485000E+00 0.902290E+00
 -.475000E+00 0.901848E+00
 -.465000E+00 0.901407E+00
 -.455000E+00 0.900966E+00
 -.445000E+00 0.900525E+00
 -.435000E+00 0.900084E+00
 -.425000E+00 0.899643E+00
 -.415000E+00 0.899203E+00
 -.405000E+00 0.898763E+00
 -.395000E+00 0.898323E+00
 -.385000E+00 0.897883E+00
 -.375000E+00 0.897443E+00
 -.365000E+00 0.897004E+00
 -.355000E+00 0.896564E+00
 -.345000E+00 0.896125E+00
 -.335000E+00 0.895686E+00
 -.325000E+00 0.895248E+00
 -.315000E+00 0.894809E+00
 -.305000E+00 0.894371E+00
 -.295000E+00 0.893933E+00
 -.285000E+00 0.893495E+00
 -.275000E+00 0.893057E+00
 -.265000E+00 0.892620E+00
 -.255000E+00 0.892183E+00
 -.245000E+00 0.891745E+00
 -.235000E+00 0.891309E+00
 -.225000E+00 0.890872E+00
 -.215000E+00 0.890435E+00
 -.205000E+00 0.889999E+00
 -.195000E+00 0.889563E+00
 -.185000E+00 0.889127E+00
 -.175000E+00 0.888691E+00
 -.165000E+00 0.888256E+00
 -.155000E+00 0.887820E+00
 -.145000E+00 0.887385E+00
 -.135000E+00 0.886950E+00
 -.125000E+00 0.886515E+00
 -.115000E+00 0.886081E+00
 -.105000E+00 0.885646E+00
 -.950000E-01 0.885212E+00
 -.850000E-01 0.884778E+00
 -.750000E-01 0.884344E+00
 -.650000E-01 0.883911E+00
 -.550000E-01 0.883477E+00
 -.450000E-01 0.883044E+00
 -.350000E-01 0.882611E+00
 -.250000E-01 0.882178E+00
 -.150000E-01 0.881745E+00
 -.500000E-02 0.881313E+00
 0.500000E-02 0.880881E+00
 0.150000E-01 0.880448E+00
 0.250000E-01 0.880016E+00
 0.350000E-01 0.879585E+00
 0.450000E-01 0.879153E+00
 0.550000E-01 0.878722E+00
 0.650000E-01 0.878291E+00
 0.750000E-01 0.877860E+00
 0.850000E-01 0.877429E+00
 0.950000E-01 0.876998E+00
 0.105000E+00 0.876568E+00
 0.115000E+00 0.876138E+00
 0.125000E+00 0.875708E+00
 0.135000E+00 0.875278E+00
 0.145000E+00 0.874848E+00
 0.155000E+00 0.874419E+00
 0.165000E+00 0.873989E+00
 0.175000E+00 0.873560E+00
 0.185000E+00 0.873131E+00
 0.195000E+00 0.872703E+00
 0.205000E+00 0.872274E+00
 0.215000E+00 0.871846E+00
 0.225000E+00 0.871418E+00
 0.235000E+00 0.870990E+00
 0.245000E+00 0.870562E+00
 0.255000E+00 0.870134E+00
 0.265000E+00 0.869707E+00
 0.275000E+00 0.869280E+00
 0.285000E+00 0.868853E+00
 0.295000E+00 0.868426E+00
 0.305000E+00 0.867999E+00
 0.315000E+00 0.867573E+00
 0.325000E+00 0.867146E+00
 0.335000E+00 0.866720E+00
 0.345000E+00 0.866294E+00
 0.355000E+00 0.865869E+00
 0.365000E+00 0.865443E+00
 0.375000E+00 0.865018E+00
 0.385000E+00 0.864593E+00
 0.395000E+00 0.864168E+00
 0.405000E+00 0.863743E+00
 0.415000E+00 0.863318E+00
 0.425000E+00 0.862894E+00
 0.435000E+00 0.862469E+00
 0.445000E+00 0.862045E+00
 0.455000E+00 0.861621E+00
 0.465000E+00 0.861198E+00
 0.475000E+00 0.860774E+00
 0.485000E+00 0.860351E+00
 0.495000E+00 0.859928E+00
 0.505000E+00 0.859505E+00
 0.515000E+00 0.859082E+00
 0.525000E+00 0.858659E+00
 0.535000E+00 0.858237E+00
 0.545000E+00 0.857815E+00
 0.555000E+00 0.857392E+00
 0.565000E+00 0.856971E+00
 0.575000E+00 0.856549E+00
 0.585000E+00 0.856127E+00
 0.595000E+00 0.855706E+00
 0.605000E+00 0.855285E+00
 0.615000E+00 0.854864E+00
 0.625000E+00 0.854443E+00
 0.635000E+00 0.854022E+00
 0.645000E+00 0.853602E+00
 0.655000E+00 0.853182E+00
 0.665000E+00 0.852762E+00
 0.675000E+00 0.852342E+00
 0.685000E+00 0.851922E+00
 0.695000E+00 0.851502E+00
 0.705000E+00 0.851083E+00
 0.715000E+00 0.850664E+00
 0.725000E+00 0.850245E+00
 0.735000E+00 0.849826E+00
 0.745000E+00 0.849407E+00
 0.755000E+00 0.848989E+00
 0.765000E+00 0.848571E+00
 0.775000E+00 0.848153E+00
 0.785000E+00 0.847735E+00
 0.795000E+00 0.847317E+00
 0.805000E+00 0.846899E+00
 0.815000E+00 0.846482E+00
 0.825000E+00 0.846065E+00
 0.835000E+00 0.845648E+00
 0.845000E+00 0.845231E+00
 0.855000E+00 0.844814E+00
 0.865000E+00 0.844398E+00
 0.875000E+00 0.843981E+00
 0.885000E+00 0.843565E+00
 0.895000E+00 0.843149E+00
 0.905000E+00 0.842327E+00
 0.915000E+00 0.841095E+00
 0.925000E+00 0.839861E+00
 0.935000E+00 0.838623E+00
 0.945000E+00 0.837383E+00
 0.955000E+00 0.836139E+00
 0.965000E+00 0.834892E+00
 0.975000E+00 0.833643E+00
 0.985000E+00 0.832390E+00
 0.995000E+00 0.831134E+00








































































































































































































 -.995000E+00 0.960304E+00
 -.985000E+00 0.960304E+00
 -.975000E+00 0.960304E+00
 -.965000E+00 0.960305E+00
 -.955000E+00 0.960306E+00
 -.945000E+00 0.960307E+00
 -.935000E+00 0.960308E+00
 -.925000E+00 0.960309E+00
 -.915000E+00 0.960311E+00
 -.905000E+00 0.960312E+00
 -.895000E+00 0.960096E+00
 -.885000E+00 0.959658E+00
 -.875000E+00 0.959219E+00
 -.865000E+00 0.958777E+00
 -.855000E+00 0.958333E+00
 -.845000E+00 0.957886E+00
 -.835000E+00 0.957437E+00
 -.825000E+00 0.956986E+00
 -.815000E+00 0.956532E+00
 -.805000E+00 0.956076E+00
 -.795000E+00 0.955618E+00
 -.785000E+00 0.955157E+00
 -.775000E+00 0.954694E+00
 -.765000E+00 0.954229E+00
 -.755000E+00 0.953762E+00
 -.745000E+00 0.953292E+00
 -.735000E+00 0.952819E+00
 -.725000E+00 0.952345E+00
 -.715000E+00 0.951868E+00
 -.705000E+00 0.951389E+00
 -.695000E+00 0.950907E+00
 -.685000E+00 0.950423E+00
 -.675000E+00 0.949937E+00
 -.665000E+00 0.949448E+00
 -.655000E+00 0.948957E+00
 -.645000E+00 0.948464E+00
 -.635000E+00 0.947969E+00
 -.625000E+00 0.947471E+00
 -.615000E+00 0.946971E+00
 -.605000E+00 0.946468E+00
 -.595000E+00 0.945963E+00
 -.585000E+00 0.945456E+00
 -.575000E+00 0.944947E+00
 -.565000E+00 0.944435E+00
 -.555000E+00 0.943921E+00
 -.545000E+00 0.943405E+00
 -.535000E+00 0.942886E+00
 -.525000E+00 0.942365E+00
 -.515000E+00 0.941842E+00
 -.505000E+00 0.941316E+00
 -.495000E+00 0.940788E+00
 -.485000E+00 0.940258E+00
 -.475000E+00 0.939725E+00
 -.465000E+00 0.939190E+00
 -.455000E+00 0.938653E+00
 -.445000E+00 0.938114E+00
 -.435000E+00 0.937572E+00
 -.425000E+00 0.937028E+00
 -.415000E+00 0.936482E+00
 -.405000E+00 0.935933E+00
 -.395000E+00 0.935382E+00
 -.385000E+00 0.934829E+00
 -.375000E+00 0.934273E+00
 -.365000E+00 0.933715E+00
 -.355000E+00 0.933155E+00
 -.345000E+00 0.932593E+00
 -.335000E+00 0.932028E+00
 -.325000E+00 0.931461E+00
 -.315000E+00 0.930892E+00
 -.305000E+00 0.930320E+00
 -.295000E+00 0.929746E+00
 -.285000E+00 0.929170E+00
 -.275000E+00 0.928591E+00
 -.265000E+00 0.928010E+00
 -.255000E+00 0.927427E+00
 -.245000E+00 0.926842E+00
 -.235000E+00 0.926254E+00
 -.225000E+00 0.925664E+00
 -.215000E+00 0.925072E+00
 -.205000E+00 0.924478E+00
 -.195000E+00 0.923881E+00
 -.185000E+00 0.923282E+00
 -.175000E+00 0.922680E+00
 -.165000E+00 0.922077E+00
 -.155000E+00 0.921471E+00
 -.145000E+00 0.920863E+00
 -.135000E+00 0.920252E+00
 -.125000E+00 0.919639E+00
 -.115000E+00 0.919024E+00
 -.105000E+00 0.918407E+00
 -.950000E-01 0.917788E+00
 -.850000E-01 0.917166E+00
 -.750000E-01 0.916542E+00
 -.650000E-01 0.915915E+00
 -.550000E-01 0.915287E+00
 -.450000E-01 0.914656E+00
 -.350000E-01 0.914022E+00
 -.250000E-01 0.913387E+00
 -.150000E-01 0.912749E+00
 -.500000E-02 0.912109E+00
 0.500000E-02 0.911467E+00
 0.150000E-01 0.910823E+00
 0.250000E-01 0.910176E+00
 0.350000E-01 0.909527E+00
 0.450000E-01 0.908875E+00
 0.550000E-01 0.908222E+00
 0.650000E-01 0.907566E+00
 0.750000E-01 0.906908E+00
 0.850000E-01 0.906248E+00
 0.950000E-01 0.905585E+00
 0.105000E+00 0.904920E+00
 0.115000E+00 0.904253E+00
 0.125000E+00 0.903584E+00
 0.135000E+00 0.902912E+00
 0.145000E+00 0.902239E+00
 0.155000E+00 0.901563E+00
 0.165000E+00 0.900884E+00
 0.175000E+00 0.900204E+00
 0.185000E+00 0.899521E+00
 0.195000E+00 0.898836E+00
 0.205000E+00 0.898149E+00
 0.215000E+00 0.897459E+00
 0.225000E+00 0.896767E+00
 0.235000E+00 0.896073E+00
 0.245000E+00 0.895377E+00
 0.255000E+00 0.894678E+00
 0.265000E+00 0.893978E+00
 0.275000E+00 0.893275E+00
 0.285000E+00 0.892570E+00
 0.295000E+00 0.891862E+00
 0.305000E+00 0.891153E+00
 0.315000E+00 0.890441E+00
 0.325000E+00 0.889727E+00
 0.335000E+00 0.889010E+00
 0.345000E+00 0.888292E+00
 0.355000E+00 0.887571E+00
 0.365000E+00 0.886848E+00
 0.375000E+00 0.886123E+00
 0.385000E+00 0.885395E+00
 0.395000E+00 0.884665E+00
 0.405000E+00 0.883933E+00
 0.415000E+00 0.883199E+00
 0.425000E+00 0.882463E+00
 0.435000E+00 0.881724E+00
 0.445000E+00 0.880984E+00
 0.455000E+00 0.880241E+00
 0.465000E+00 0.879495E+00
 0.475000E+00 0.878748E+00
 0.485000E+00 0.877998E+00
 0.495000E+00 0.877246E+00
 0.505000E+00 0.876492E+00
 0.515000E+00 0.875736E+00
 0.525000E+00 0.874978E+00
 0.535000E+00 0.874217E+00
 0.545000E+00 0.873454E+00
 0.555000E+00 0.872689E+00
 0.565000E+00 0.871922E+00
 0.575000E+00 0.871152E+00
 0.585000E+00 0.870380E+00
 0.595000E+00 0.869607E+00
 0.605000E+00 0.868830E+00
 0.615000E+00 0.868052E+00
 0.625000E+00 0.867272E+00
 0.635000E+00 0.866489E+00
 0.645000E+00 0.865704E+00
 0.655000E+00 0.864917E+00
 0.665000E+00 0.864128E+00
 0.675000E+00 0.863336E+00
 0.685000E+00 0.862543E+00
 0.695000E+00 0.861747E+00
 0.705000E+00 0.860949E+00
 0.715000E+00 0.860149E+00
 0.725000E+00 0.859346E+00
 0.735000E+00 0.858542E+00
 0.745000E+00 0.857735E+00
 0.755000E+00 0.856926E+00
 0.765000E+00 0.856115E+00
 0.775000E+00 0.855302E+00
 0.785000E+00 0.854486E+00
 0.795000E+00 0.853669E+00
 0.805000E+00 0.852849E+00
 0.815000E+00 0.852027E+00
 0.825000E+00 0.851203E+00
 0.835000E+00 0.850377E+00
 0.845000E+00 0.849548E+00
 0.855000E+00 0.848717E+00
 0.865000E+00 0.847885E+00
 0.875000E+00 0.847050E+00
 0.885000E+00 0.846213E+00
 0.895000E+00 0.845373E+00
 0.905000E+00 0.843725E+00
 0.915000E+00 0.841247E+00
 0.925000E+00 0.838739E+00
 0.935000E+00 0.836201E+00
 0.945000E+00 0.833632E+00
 0.955000E+00 0.831031E+00
 0.965000E+00 0.828400E+00
 0.975000E+00 0.825738E+00
 0.985000E+00 0.823044E+00
 0.995000E+00 0.820318E+00








































































































































































































 -.995000E+00 0.744352E+00
 -.985000E+00 0.744352E+00
 -.975000E+00 0.744352E+00
 -.965000E+00 0.744352E+00
 -.955000E+00 0.744353E+00
 -.945000E+00 0.744354E+00
 -.935000E+00 0.744354E+00
 -.925000E+00 0.744355E+00
 -.915000E+00 0.744357E+00
 -.905000E+00 0.744358E+00
 -.895000E+00 0.743106E+00
 -.885000E+00 0.740592E+00
 -.875000E+00 0.738069E+00
 -.865000E+00 0.735534E+00
 -.855000E+00 0.732990E+00
 -.845000E+00 0.730435E+00
 -.835000E+00 0.727869E+00
 -.825000E+00 0.725294E+00
 -.815000E+00 0.722708E+00
 -.805000E+00 0.720112E+00
 -.795000E+00 0.717506E+00
 -.785000E+00 0.714889E+00
 -.775000E+00 0.712263E+00
 -.765000E+00 0.709626E+00
 -.755000E+00 0.706979E+00
 -.745000E+00 0.704323E+00
 -.735000E+00 0.701656E+00
 -.725000E+00 0.698979E+00
 -.715000E+00 0.696293E+00
 -.705000E+00 0.693597E+00
 -.695000E+00 0.690890E+00
 -.685000E+00 0.688174E+00
 -.675000E+00 0.685449E+00
 -.665000E+00 0.682713E+00
 -.655000E+00 0.679968E+00
 -.645000E+00 0.677213E+00
 -.635000E+00 0.674449E+00
 -.625000E+00 0.671675E+00
 -.615000E+00 0.668891E+00
 -.605000E+00 0.666098E+00
 -.595000E+00 0.663296E+00
 -.585000E+00 0.660484E+00
 -.575000E+00 0.657662E+00
 -.565000E+00 0.654832E+00
 -.555000E+00 0.651992E+00
 -.545000E+00 0.649142E+00
 -.535000E+00 0.646284E+00
 -.525000E+00 0.643416E+00
 -.515000E+00 0.640539E+00
 -.505000E+00 0.637653E+00
 -.495000E+00 0.634758E+00
 -.485000E+00 0.631854E+00
 -.475000E+00 0.628941E+00
 -.465000E+00 0.626019E+00
 -.455000E+00 0.623088E+00
 -.445000E+00 0.620148E+00
 -.435000E+00 0.617199E+00
 -.425000E+00 0.614241E+00
 -.415000E+00 0.611275E+00
 -.405000E+00 0.608300E+00
 -.395000E+00 0.605316E+00
 -.385000E+00 0.602324E+00
 -.375000E+00 0.599323E+00
 -.365000E+00 0.596313E+00
 -.355000E+00 0.593295E+00
 -.345000E+00 0.590268E+00
 -.335000E+00 0.587233E+00
 -.325000E+00 0.584190E+00
 -.315000E+00 0.581138E+00
 -.305000E+00 0.578078E+00
 -.295000E+00 0.575009E+00
 -.285000E+00 0.571933E+00
 -.275000E+00 0.568848E+00
 -.265000E+00 0.565755E+00
 -.255000E+00 0.562654E+00
 -.245000E+00 0.559544E+00
 -.235000E+00 0.556427E+00
 -.225000E+00 0.553302E+00
 -.215000E+00 0.550169E+00
 -.205000E+00 0.547028E+00
 -.195000E+00 0.543879E+00
 -.185000E+00 0.540722E+00
 -.175000E+00 0.537557E+00
 -.165000E+00 0.534385E+00
 -.155000E+00 0.531205E+00
 -.145000E+00 0.528017E+00
 -.135000E+00 0.524822E+00
 -.125000E+00 0.521619E+00
 -.115000E+00 0.518409E+00
 -.105000E+00 0.515191E+00
 -.950000E-01 0.511965E+00
 -.850000E-01 0.508733E+00
 -.750000E-01 0.505493E+00
 -.650000E-01 0.502245E+00
 -.550000E-01 0.498991E+00
 -.450000E-01 0.495729E+00
 -.350000E-01 0.492460E+00
 -.250000E-01 0.489184E+00
 -.150000E-01 0.485901E+00
 -.500000E-02 0.482611E+00
 0.500000E-02 0.479314E+00
 0.150000E-01 0.476009E+00
 0.250000E-01 0.472698E+00
 0.350000E-01 0.469380E+00
 0.450000E-01 0.466056E+00
 0.550000E-01 0.462724E+00
 0.650000E-01 0.459386E+00
 0.750000E-01 0.456041E+00
 0.850000E-01 0.452690E+00
 0.950000E-01 0.449332E+00
 0.105000E+00 0.445967E+00
 0.115000E+00 0.442596E+00
 0.125000E+00 0.439218E+00
 0.135000E+00 0.435834E+00
 0.145000E+00 0.432444E+00
 0.155000E+00 0.429047E+00
 0.165000E+00 0.425645E+00
 0.175000E+00 0.422235E+00
 0.185000E+00 0.418820E+00
 0.195000E+00 0.415399E+00
 0.205000E+00 0.411971E+00
 0.215000E+00 0.408538E+00
 0.225000E+00 0.405098E+00
 0.235000E+00 0.401653E+00
 0.245000E+00 0.398202E+00
 0.255000E+00 0.394745E+00
 0.265000E+00 0.391282E+00
 0.275000E+00 0.387813E+00
 0.285000E+00 0.384339E+00
 0.295000E+00 0.380859E+00
 0.305000E+00 0.377373E+00
 0.315000E+00 0.373882E+00
 0.325000E+00 0.370386E+00
 0.335000E+00 0.366884E+00
 0.345000E+00 0.363376E+00
 0.355000E+00 0.359863E+00
 0.365000E+00 0.356345E+00
 0.375000E+00 0.352822E+00
 0.385000E+00 0.349293E+00
 0.395000E+00 0.345760E+00
 0.405000E+00 0.342221E+00
 0.415000E+00 0.338677E+00
 0.425000E+00 0.335128E+00
 0.435000E+00 0.331574E+00
 0.445000E+00 0.328015E+00
 0.455000E+00 0.324451E+00
 0.465000E+00 0.320883E+00
 0.475000E+00 0.317310E+00
 0.485000E+00 0.313732E+00
 0.495000E+00 0.310149E+00
 0.505000E+00 0.306562E+00
 0.515000E+00 0.302970E+00
 0.525000E+00 0.299374E+00
 0.535000E+00 0.295773E+00
 0.545000E+00 0.292168E+00
 0.555000E+00 0.288558E+00
 0.565000E+00 0.284944E+00
 0.575000E+00 0.281326E+00
 0.585000E+00 0.277704E+00
 0.595000E+00 0.274077E+00
 0.605000E+00 0.270447E+00
 0.615000E+00 0.266812E+00
 0.625000E+00 0.263173E+00
 0.635000E+00 0.259531E+00
 0.645000E+00 0.255884E+00
 0.655000E+00 0.252234E+00
 0.665000E+00 0.248579E+00
 0.675000E+00 0.244921E+00
 0.685000E+00 0.241260E+00
 0.695000E+00 0.237594E+00
 0.705000E+00 0.233925E+00
 0.715000E+00 0.230253E+00
 0.725000E+00 0.226577E+00
 0.735000E+00 0.222898E+00
 0.745000E+00 0.219215E+00
 0.755000E+00 0.215529E+00
 0.765000E+00 0.211839E+00
 0.775000E+00 0.208147E+00
 0.785000E+00 0.204451E+00
 0.795000E+00 0.200752E+00
 0.805000E+00 0.197050E+00
 0.815000E+00 0.193345E+00
 0.825000E+00 0.189637E+00
 0.835000E+00 0.185926E+00
 0.845000E+00 0.182212E+00
 0.855000E+00 0.178495E+00
 0.865000E+00 0.174776E+00
 0.875000E+00 0.171054E+00
 0.885000E+00 0.167329E+00
 0.895000E+00 0.163602E+00
 0.905000E+00 0.157135E+00
 0.915000E+00 0.147913E+00
 0.925000E+00 0.138671E+00
 0.935000E+00 0.129409E+00
 0.945000E+00 0.120128E+00
 0.955000E+00 0.110829E+00
 0.965000E+00 0.101515E+00
 0.975000E+00 0.921856E-01
 0.985000E+00 0.828428E-01
 0.995000E+00 0.734879E-01








































































































































































































 -.995000E+00 0.376462E-02
 -.985000E+00 0.376460E-02
 -.975000E+00 0.376455E-02
 -.965000E+00 0.376446E-02
 -.955000E+00 0.376435E-02
 -.945000E+00 0.376419E-02
 -.935000E+00 0.376401E-02
 -.925000E+00 0.376379E-02
 -.915000E+00 0.376353E-02
 -.905000E+00 0.376325E-02
 -.895000E+00 0.202603E-02
 -.885000E+00 -.144802E-02
 -.875000E+00 -.492186E-02
 -.865000E+00 -.839533E-02
 -.855000E+00 -.118682E-01
 -.845000E+00 -.153404E-01
 -.835000E+00 -.188117E-01
 -.825000E+00 -.222819E-01
 -.815000E+00 -.257508E-01
 -.805000E+00 -.292183E-01
 -.795000E+00 -.326841E-01
 -.785000E+00 -.361482E-01
 -.775000E+00 -.396102E-01
 -.765000E+00 -.430702E-01
 -.755000E+00 -.465277E-01
 -.745000E+00 -.499828E-01
 -.735000E+00 -.534352E-01
 -.725000E+00 -.568848E-01
 -.715000E+00 -.603313E-01
 -.705000E+00 -.637746E-01
 -.695000E+00 -.672145E-01
 -.685000E+00 -.706508E-01
 -.675000E+00 -.740834E-01
 -.665000E+00 -.775120E-01
 -.655000E+00 -.809366E-01
 -.645000E+00 -.843569E-01
 -.635000E+00 -.877728E-01
 -.625000E+00 -.911840E-01
 -.615000E+00 -.945905E-01
 -.605000E+00 -.979919E-01
 -.595000E+00 -.101388E+00
 -.585000E+00 -.104779E+00
 -.575000E+00 -.108165E+00
 -.565000E+00 -.111545E+00
 -.555000E+00 -.114919E+00
 -.545000E+00 -.118287E+00
 -.535000E+00 -.121648E+00
 -.525000E+00 -.125004E+00
 -.515000E+00 -.128353E+00
 -.505000E+00 -.131695E+00
 -.495000E+00 -.135030E+00
 -.485000E+00 -.138359E+00
 -.475000E+00 -.141680E+00
 -.465000E+00 -.144993E+00
 -.455000E+00 -.148300E+00
 -.445000E+00 -.151598E+00
 -.435000E+00 -.154888E+00
 -.425000E+00 -.158171E+00
 -.415000E+00 -.161445E+00
 -.405000E+00 -.164711E+00
 -.395000E+00 -.167968E+00
 -.385000E+00 -.171217E+00
 -.375000E+00 -.174456E+00
 -.365000E+00 -.177687E+00
 -.355000E+00 -.180908E+00
 -.345000E+00 -.184120E+00
 -.335000E+00 -.187322E+00
 -.325000E+00 -.190515E+00
 -.315000E+00 -.193697E+00
 -.305000E+00 -.196870E+00
 -.295000E+00 -.200032E+00
 -.285000E+00 -.203184E+00
 -.275000E+00 -.206326E+00
 -.265000E+00 -.209456E+00
 -.255000E+00 -.212576E+00
 -.245000E+00 -.215685E+00
 -.235000E+00 -.218783E+00
 -.225000E+00 -.221869E+00
 -.215000E+00 -.224944E+00
 -.205000E+00 -.228007E+00
 -.195000E+00 -.231058E+00
 -.185000E+00 -.234097E+00
 -.175000E+00 -.237124E+00
 -.165000E+00 -.240139E+00
 -.155000E+00 -.243141E+00
 -.145000E+00 -.246131E+00
 -.135000E+00 -.249108E+00
 -.125000E+00 -.252072E+00
 -.115000E+00 -.255023E+00
 -.105000E+00 -.257961E+00
 -.950000E-01 -.260885E+00
 -.850000E-01 -.263796E+00
 -.750000E-01 -.266693E+00
 -.650000E-01 -.269577E+00
 -.550000E-01 -.272446E+00
 -.450000E-01 -.275302E+00
 -.350000E-01 -.278143E+00
 -.250000E-01 -.280969E+00
 -.150000E-01 -.283781E+00
 -.500000E-02 -.286579E+00
 0.500000E-02 -.289361E+00
 0.150000E-01 -.292129E+00
 0.250000E-01 -.294881E+00
 0.350000E-01 -.297618E+00
 0.450000E-01 -.300340E+00
 0.550000E-01 -.303046E+00
 0.650000E-01 -.305737E+00
 0.750000E-01 -.308411E+00
 0.850000E-01 -.311070E+00
 0.950000E-01 -.313713E+00
 0.105000E+00 -.316339E+00
 0.115000E+00 -.318949E+00
 0.125000E+00 -.321542E+00
 0.135000E+00 -.324119E+00
 0.145000E+00 -.326679E+00
 0.155000E+00 -.329222E+00
 0.165000E+00 -.331748E+00
 0.175000E+00 -.334257E+00
 0.185000E+00 -.336749E+00
 0.195000E+00 -.339223E+00
 0.205000E+00 -.341680E+00
 0.215000E+00 -.344119E+00
 0.225000E+00 -.346540E+00
 0.235000E+00 -.348943E+00
 0.245000E+00 -.351328E+00
 0.255000E+00 -.353695E+00
 0.265000E+00 -.356044E+00
 0.275000E+00 -.358374E+00
 0.285000E+00 -.360686E+00
 0.295000E+00 -.362979E+00
 0.305000E+00 -.365253E+00
 0.315000E+00 -.367509E+00
 0.325000E+00 -.369745E+00
 0.335000E+00 -.371962E+00
 0.345000E+00 -.374161E+00
 0.355000E+00 -.376339E+00
 0.365000E+00 -.378499E+00
 0.375000E+00 -.380638E+00
 0.385000E+00 -.382758E+00
 0.395000E+00 -.384859E+00
 0.405000E+00 -.386939E+00
 0.415000E+00 -.388999E+00
 0.425000E+00 -.391040E+00
 0.435000E+00 -.393060E+00
 0.445000E+00 -.395060E+00
 0.455000E+00 -.397039E+00
 0.465000E+00 -.398998E+00
 0.475000E+00 -.400936E+00
 0.485000E+00 -.402853E+00
 0.495000E+00 -.404750E+00
 0.505000E+00 -.406626E+00
 0.515000E+00 -.408481E+00
 0.525000E+00 -.410314E+00
 0.535000E+00 -.412127E+00
 0.545000E+00 -.413918E+00
 0.555000E+00 -.415688E+00
 0.565000E+00 -.417436E+00
 0.575000E+00 -.419163E+00
 0.585000E+00 -.420869E+00
 0.595000E+00 -.422552E+00
 0.605000E+00 -.424214E+00
 0.615000E+00 -.425854E+00
 0.625000E+00 -.427471E+00
 0.635000E+00 -.429067E+00
 0.645000E+00 -.430641E+00
 0.655000E+00 -.432192E+00
 0.665000E+00 -.433721E+00
 0.675000E+00 -.435228E+00
 0.685000E+00 -.436712E+00
 0.695000E+00 -.438174E+00
 0.705000E+00 -.439613E+00
 0.715000E+00 -.441030E+00
 0.725000E+00 -.442424E+00
 0.735000E+00 -.443795E+00
 0.745000E+00 -.445143E+00
 0.755000E+00 -.446468E+00
 0.765000E+00 -.447770E+00
 0.775000E+00 -.449049E+00
 0.785000E+00 -.450305E+00
 0.795000E+00 -.451538E+00
 0.805000E+00 -.452747E+00
 0.815000E+00 -.453933E+00
 0.825000E+00 -.455096E+00
 0.835000E+00 -.456235E+00
 0.845000E+00 -.457351E+00
 0.855000E+00 -.458443E+00
 0.865000E+00 -.459512E+00
 0.875000E+00 -.460557E+00
 0.885000E+00 -.461578E+00
 0.895000E+00 -.462576E+00
 0.905000E+00 -.464677E+00
 0.915000E+00 -.467872E+00
 0.925000E+00 -.471030E+00
 0.935000E+00 -.474149E+00
 0.945000E+00 -.477231E+00
 0.955000E+00 -.480274E+00
 0.965000E+00 -.483280E+00
 0.975000E+00 -.486249E+00
 0.985000E+00 -.489179E+00
 0.995000E+00 -.492072E+00








































































































































































































 -.995000E+00 0.160428E-03
 -.985000E+00 0.160427E-03
 -.975000E+00 0.160425E-03
 -.965000E+00 0.160422E-03
 -.955000E+00 0.160417E-03
 -.945000E+00 0.160412E-03
 -.935000E+00 0.160405E-03
 -.925000E+00 0.160397E-03
 -.915000E+00 0.160387E-03
 -.905000E+00 0.160377E-03
 -.895000E+00 -.129224E-02
 -.885000E+00 -.419697E-02
 -.875000E+00 -.710047E-02
 -.865000E+00 -.100020E-01
 -.855000E+00 -.129009E-01
 -.845000E+00 -.157964E-01
 -.835000E+00 -.186879E-01
 -.825000E+00 -.215746E-01
 -.815000E+00 -.244558E-01
 -.805000E+00 -.273308E-01
 -.795000E+00 -.301990E-01
 -.785000E+00 -.330595E-01
 -.775000E+00 -.359118E-01
 -.765000E+00 -.387552E-01
 -.755000E+00 -.415888E-01
 -.745000E+00 -.444121E-01
 -.735000E+00 -.472244E-01
 -.725000E+00 -.500249E-01
 -.715000E+00 -.528130E-01
 -.705000E+00 -.555880E-01
 -.695000E+00 -.583493E-01
 -.685000E+00 -.610961E-01
 -.675000E+00 -.638278E-01
 -.665000E+00 -.665437E-01
 -.655000E+00 -.692432E-01
 -.645000E+00 -.719256E-01
 -.635000E+00 -.745903E-01
 -.625000E+00 -.772365E-01
 -.615000E+00 -.798637E-01
 -.605000E+00 -.824713E-01
 -.595000E+00 -.850585E-01
 -.585000E+00 -.876247E-01
 -.575000E+00 -.901694E-01
 -.565000E+00 -.926919E-01
 -.555000E+00 -.951916E-01
 -.545000E+00 -.976679E-01
 -.535000E+00 -.100120E+00
 -.525000E+00 -.102548E+00
 -.515000E+00 -.104950E+00
 -.505000E+00 -.107327E+00
 -.495000E+00 -.109677E+00
 -.485000E+00 -.112001E+00
 -.475000E+00 -.114297E+00
 -.465000E+00 -.116564E+00
 -.455000E+00 -.118804E+00
 -.445000E+00 -.121014E+00
 -.435000E+00 -.123194E+00
 -.425000E+00 -.125344E+00
 -.415000E+00 -.127464E+00
 -.405000E+00 -.129552E+00
 -.395000E+00 -.131608E+00
 -.385000E+00 -.133632E+00
 -.375000E+00 -.135623E+00
 -.365000E+00 -.137582E+00
 -.355000E+00 -.139506E+00
 -.345000E+00 -.141396E+00
 -.335000E+00 -.143252E+00
 -.325000E+00 -.145072E+00
 -.315000E+00 -.146857E+00
 -.305000E+00 -.148606E+00
 -.295000E+00 -.150319E+00
 -.285000E+00 -.151994E+00
 -.275000E+00 -.153633E+00
 -.265000E+00 -.155234E+00
 -.255000E+00 -.156797E+00
 -.245000E+00 -.158321E+00
 -.235000E+00 -.159807E+00
 -.225000E+00 -.161254E+00
 -.215000E+00 -.162661E+00
 -.205000E+00 -.164029E+00
 -.195000E+00 -.165356E+00
 -.185000E+00 -.166643E+00
 -.175000E+00 -.167889E+00
 -.165000E+00 -.169094E+00
 -.155000E+00 -.170258E+00
 -.145000E+00 -.171380E+00
 -.135000E+00 -.172460E+00
 -.125000E+00 -.173498E+00
 -.115000E+00 -.174494E+00
 -.105000E+00 -.175447E+00
 -.950000E-01 -.176357E+00
 -.850000E-01 -.177224E+00
 -.750000E-01 -.178048E+00
 -.650000E-01 -.178828E+00
 -.550000E-01 -.179565E+00
 -.450000E-01 -.180258E+00
 -.350000E-01 -.180906E+00
 -.250000E-01 -.181511E+00
 -.150000E-01 -.182071E+00
 -.500000E-02 -.182587E+00
 0.500000E-02 -.183058E+00
 0.150000E-01 -.183484E+00
 0.250000E-01 -.183866E+00
 0.350000E-01 -.184203E+00
 0.450000E-01 -.184495E+00
 0.550000E-01 -.184741E+00
 0.650000E-01 -.184943E+00
 0.750000E-01 -.185100E+00
 0.850000E-01 -.185211E+00
 0.950000E-01 -.185277E+00
 0.105000E+00 -.185299E+00
 0.115000E+00 -.185274E+00
 0.125000E+00 -.185205E+00
 0.135000E+00 -.185091E+00
 0.145000E+00 -.184931E+00
 0.155000E+00 -.184726E+00
 0.165000E+00 -.184477E+00
 0.175000E+00 -.184182E+00
 0.185000E+00 -.183842E+00
 0.195000E+00 -.183458E+00
 0.205000E+00 -.183029E+00
 0.215000E+00 -.182555E+00
 0.225000E+00 -.182037E+00
 0.235000E+00 -.181474E+00
 0.245000E+00 -.180867E+00
 0.255000E+00 -.180217E+00
 0.265000E+00 -.179522E+00
 0.275000E+00 -.178783E+00
 0.285000E+00 -.178001E+00
 0.295000E+00 -.177176E+00
 0.305000E+00 -.176308E+00
 0.315000E+00 -.175396E+00
 0.325000E+00 -.174442E+00
 0.335000E+00 -.173446E+00
 0.345000E+00 -.172407E+00
 0.355000E+00 -.171326E+00
 0.365000E+00 -.170204E+00
 0.375000E+00 -.169040E+00
 0.385000E+00 -.167835E+00
 0.395000E+00 -.166589E+00
 0.405000E+00 -.165303E+00
 0.415000E+00 -.163976E+00
 0.425000E+00 -.162610E+00
 0.435000E+00 -.161204E+00
 0.445000E+00 -.159759E+00
 0.455000E+00 -.158275E+00
 0.465000E+00 -.156752E+00
 0.475000E+00 -.155192E+00
 0.485000E+00 -.153593E+00
 0.495000E+00 -.151958E+00
 0.505000E+00 -.150285E+00
 0.515000E+00 -.148576E+00
 0.525000E+00 -.146831E+00
 0.535000E+00 -.145050E+00
 0.545000E+00 -.143234E+00
 0.555000E+00 -.141383E+00
 0.565000E+00 -.139498E+00
 0.575000E+00 -.137579E+00
 0.585000E+00 -.135627E+00
 0.595000E+00 -.133641E+00
 0.605000E+00 -.131623E+00
 0.615000E+00 -.129574E+00
 0.625000E+00 -.127493E+00
 0.635000E+00 -.125381E+00
 0.645000E+00 -.123238E+00
 0.655000E+00 -.121066E+00
 0.665000E+00 -.118864E+00
 0.675000E+00 -.116633E+00
 0.685000E+00 -.114375E+00
 0.695000E+00 -.112088E+00
 0.705000E+00 -.109774E+00
 0.715000E+00 -.107434E+00
 0.725000E+00 -.105068E+00
 0.735000E+00 -.102676E+00
 0.745000E+00 -.100260E+00
 0.755000E+00 -.978187E-01
 0.765000E+00 -.953542E-01
 0.775000E+00 -.928666E-01
 0.785000E+00 -.903566E-01
 0.795000E+00 -.878247E-01
 0.805000E+00 -.852716E-01
 0.815000E+00 -.826979E-01
 0.825000E+00 -.801043E-01
 0.835000E+00 -.774913E-01
 0.845000E+00 -.748596E-01
 0.855000E+00 -.722098E-01
 0.865000E+00 -.695427E-01
 0.875000E+00 -.668587E-01
 0.885000E+00 -.641587E-01
 0.895000E+00 -.614433E-01
 0.905000E+00 -.601550E-01
 0.915000E+00 -.602953E-01
 0.925000E+00 -.604228E-01
 0.935000E+00 -.605373E-01
 0.945000E+00 -.606388E-01
 0.955000E+00 -.607274E-01
 0.965000E+00 -.608031E-01
 0.975000E+00 -.608657E-01
 0.985000E+00 -.609154E-01
 0.995000E+00 -.609522E-01








































































































































































































 -.995000E+00 0.126889E-06
 -.985000E+00 0.133711E-06
 -.975000E+00 0.156976E-06
 -.965000E+00 0.194093E-06
 -.955000E+00 0.240925E-06
 -.945000E+00 0.292256E-06
 -.935000E+00 0.342367E-06
 -.925000E+00 0.385674E-06
 -.915000E+00 0.417353E-06
 -.905000E+00 0.433875E-06
 -.895000E+00 -.139707E-02
 -.885000E+00 -.403633E-02
 -.875000E+00 -.622583E-02
 -.865000E+00 -.772175E-02
 -.855000E+00 -.835753E-02
 -.845000E+00 -.806241E-02
 -.835000E+00 -.686934E-02
 -.825000E+00 -.491127E-02
 -.815000E+00 -.240633E-02
 -.805000E+00 0.366434E-03
 -.795000E+00 0.309818E-02
 -.785000E+00 0.548467E-02
 -.775000E+00 0.726010E-02
 -.765000E+00 0.822679E-02
 -.755000E+00 0.827712E-02
 -.745000E+00 0.740557E-02
 -.735000E+00 0.570925E-02
 -.725000E+00 0.337718E-02
 -.715000E+00 0.669136E-03
 -.705000E+00 -.211324E-02
 -.695000E+00 -.466004E-02
 -.685000E+00 -.668763E-02
 -.675000E+00 -.797022E-02
 -.665000E+00 -.836500E-02
 -.655000E+00 -.782808E-02
 -.645000E+00 -.641932E-02
 -.635000E+00 -.429570E-02
 -.625000E+00 -.169378E-02
 -.615000E+00 0.109659E-02
 -.605000E+00 0.376463E-02
 -.595000E+00 0.601317E-02
 -.585000E+00 0.759181E-02
 -.575000E+00 0.832478E-02
 -.565000E+00 0.813049E-02
 -.555000E+00 0.703066E-02
 -.545000E+00 0.514785E-02
 -.535000E+00 0.269182E-02
 -.525000E+00 -.638348E-04
 -.515000E+00 -.281218E-02
 -.505000E+00 -.524711E-02
 -.495000E+00 -.709745E-02
 -.485000E+00 -.815716E-02
 -.475000E+00 -.830825E-02
 -.465000E+00 -.753398E-02
 -.455000E+00 -.592065E-02
 -.445000E+00 -.364801E-02
 -.435000E+00 -.969220E-03
 -.425000E+00 0.181732E-02
 -.415000E+00 0.440125E-02
 -.405000E+00 0.649478E-02
 -.395000E+00 0.786479E-02
 -.385000E+00 0.835873E-02
 -.375000E+00 0.792165E-02
 -.365000E+00 0.660231E-02
 -.355000E+00 0.454772E-02
 -.345000E+00 0.198676E-02
 -.335000E+00 -.795296E-03
 -.325000E+00 -.348857E-02
 -.315000E+00 -.579309E-02
 -.305000E+00 -.745222E-02
 -.295000E+00 -.828122E-02
 -.285000E+00 -.818781E-02
 -.275000E+00 -.718247E-02
 -.265000E+00 -.537723E-02
 -.255000E+00 -.297321E-02
 -.245000E+00 -.238227E-03
 -.235000E+00 0.252309E-02
 -.225000E+00 0.500319E-02
 -.215000E+00 0.692587E-02
 -.205000E+00 0.807701E-02
 -.195000E+00 0.832847E-02
 -.185000E+00 0.765230E-02
 -.175000E+00 0.612388E-02
 -.165000E+00 0.391351E-02
 -.155000E+00 0.126742E-02
 -.145000E+00 -.151963E-02
 -.135000E+00 -.413723E-02
 -.125000E+00 -.629384E-02
 -.115000E+00 -.774930E-02
 -.105000E+00 -.834155E-02
 -.950000E-01 -.800469E-02
 -.850000E-01 -.677630E-02
 -.750000E-01 -.479328E-02
 -.650000E-01 -.227654E-02
 -.550000E-01 0.493577E-03
 -.450000E-01 0.320852E-02
 -.350000E-01 0.556590E-02
 -.250000E-01 0.730319E-02
 -.150000E-01 0.822694E-02
 -.500000E-02 0.823432E-02
 0.500000E-02 0.732458E-02
 0.150000E-01 0.559910E-02
 0.250000E-01 0.325014E-02
 0.350000E-01 0.539358E-03
 0.450000E-01 -.223130E-02
 0.550000E-01 -.475324E-02
 0.650000E-01 -.674558E-02
 0.750000E-01 -.798647E-02
 0.850000E-01 -.833776E-02
 0.950000E-01 -.776037E-02
 0.105000E+00 -.631869E-02
 0.115000E+00 -.417336E-02
 0.125000E+00 -.156336E-02
 0.135000E+00 0.122057E-02
 0.145000E+00 0.386836E-02
 0.155000E+00 0.608509E-02
 0.165000E+00 0.762392E-02
 0.175000E+00 0.831350E-02
 0.185000E+00 0.807709E-02
 0.195000E+00 0.694109E-02
 0.205000E+00 0.503208E-02
 0.215000E+00 0.256275E-02
 0.225000E+00 -.191832E-03
 0.235000E+00 -.292485E-02
 0.245000E+00 -.533190E-02
 0.255000E+00 -.714491E-02
 0.265000E+00 -.816201E-02
 0.275000E+00 -.826997E-02
 0.285000E+00 -.745682E-02
 0.295000E+00 -.581321E-02
 0.305000E+00 -.352226E-02
 0.315000E+00 -.839168E-03
 0.325000E+00 0.193719E-02
 0.335000E+00 0.449758E-02
 0.345000E+00 0.655686E-02
 0.355000E+00 0.788569E-02
 0.365000E+00 0.833613E-02
 0.375000E+00 0.785808E-02
 0.385000E+00 0.650485E-02
 0.395000E+00 0.442722E-02
 0.405000E+00 0.185664E-02
 0.415000E+00 -.920532E-03
 0.425000E+00 -.359498E-02
 0.435000E+00 -.586882E-02
 0.445000E+00 -.748885E-02
 0.455000E+00 -.827466E-02
 0.465000E+00 -.813880E-02
 0.475000E+00 -.709646E-02
 0.485000E+00 -.526381E-02
 0.495000E+00 -.284503E-02
 0.505000E+00 -.109545E-03
 0.515000E+00 0.263794E-02
 0.525000E+00 0.509141E-02
 0.535000E+00 0.697763E-02
 0.545000E+00 0.808656E-02
 0.555000E+00 0.829474E-02
 0.565000E+00 0.757906E-02
 0.575000E+00 0.601929E-02
 0.585000E+00 0.378921E-02
 0.595000E+00 0.113727E-02
 0.605000E+00 -.164115E-02
 0.615000E+00 -.423658E-02
 0.625000E+00 -.635995E-02
 0.635000E+00 -.777481E-02
 0.645000E+00 -.832363E-02
 0.655000E+00 -.794533E-02
 0.665000E+00 -.668213E-02
 0.675000E+00 -.467477E-02
 0.685000E+00 -.214690E-02
 0.695000E+00 0.619903E-03
 0.705000E+00 0.331746E-02
 0.715000E+00 0.564533E-02
 0.725000E+00 0.734426E-02
 0.735000E+00 0.822508E-02
 0.745000E+00 0.818974E-02
 0.755000E+00 0.724225E-02
 0.765000E+00 0.548820E-02
 0.775000E+00 0.312301E-02
 0.785000E+00 0.410161E-03
 0.795000E+00 -.234817E-02
 0.805000E+00 -.484477E-02
 0.815000E+00 -.680158E-02
 0.825000E+00 -.800070E-02
 0.835000E+00 -.830863E-02
 0.845000E+00 -.769114E-02
 0.855000E+00 -.621708E-02
 0.865000E+00 -.405067E-02
 0.875000E+00 -.143327E-02
 0.885000E+00 0.134358E-02
 0.895000E+00 0.397057E-02
 0.905000E+00 0.475772E-02
 0.915000E+00 0.361757E-02
 0.925000E+00 0.207458E-02
 0.935000E+00 0.300615E-03
 0.945000E+00 -.150673E-02
 0.955000E+00 -.314616E-02
 0.965000E+00 -.443511E-02
 0.975000E+00 -.523009E-02
 0.985000E+00 -.544264E-02
 0.995000E+00 -.504919E-02








































































































































































































