 -.995000E+00 -.104243E-01
 -.985000E+00 -.864909E-02
 -.975000E+00 -.684312E-02
 -.965000E+00 -.520753E-02
 -.955000E+00 -.392450E-02
 -.945000E+00 -.313699E-02
 -.935000E+00 -.293277E-02
 -.925000E+00 -.333463E-02
 -.915000E+00 -.429785E-02
 -.905000E+00 -.571515E-02
 -.895000E+00 -.731139E-02
 -.885000E+00 -.821086E-02
 -.875000E+00 -.819583E-02
 -.865000E+00 -.726790E-02
 -.855000E+00 -.553035E-02
 -.845000E+00 -.317667E-02
 -.835000E+00 -.468981E-03
 -.825000E+00 0.229114E-02
 -.815000E+00 0.479627E-02
 -.805000E+00 0.676734E-02
 -.795000E+00 0.798477E-02
 -.785000E+00 0.831289E-02
 -.775000E+00 0.771510E-02
 -.765000E+00 0.625791E-02
 -.755000E+00 0.410356E-02
 -.745000E+00 0.149198E-02
 -.735000E+00 -.128598E-02
 -.725000E+00 -.392090E-02
 -.715000E+00 -.611928E-02
 -.705000E+00 -.763622E-02
 -.695000E+00 -.830270E-02
 -.685000E+00 -.804443E-02
 -.675000E+00 -.689009E-02
 -.665000E+00 -.496822E-02
 -.655000E+00 -.249281E-02
 -.645000E+00 0.260449E-03
 -.635000E+00 0.298490E-02
 -.625000E+00 0.537707E-02
 -.615000E+00 0.717048E-02
 -.605000E+00 0.816534E-02
 -.595000E+00 0.825076E-02
 -.585000E+00 0.741717E-02
 -.575000E+00 0.575734E-02
 -.565000E+00 0.345611E-02
 -.555000E+00 0.769744E-03
 -.545000E+00 -.200256E-02
 -.535000E+00 -.455200E-02
 -.525000E+00 -.659461E-02
 -.515000E+00 -.790281E-02
 -.505000E+00 -.833085E-02
 -.495000E+00 -.783098E-02
 -.485000E+00 -.645880E-02
 -.475000E+00 -.436711E-02
 -.465000E+00 -.178883E-02
 -.455000E+00 0.988895E-03
 -.445000E+00 0.365667E-02
 -.435000E+00 0.591734E-02
 -.425000E+00 0.751907E-02
 -.415000E+00 0.828339E-02
 -.405000E+00 0.812511E-02
 -.395000E+00 0.706180E-02
 -.385000E+00 0.521182E-02
 -.375000E+00 0.278118E-02
 -.365000E+00 0.405824E-04
 -.355000E+00 -.270474E-02
 -.345000E+00 -.514900E-02
 -.335000E+00 -.701990E-02
 -.325000E+00 -.810903E-02
 -.315000E+00 -.829500E-02
 -.305000E+00 -.755703E-02
 -.295000E+00 -.597726E-02
 -.285000E+00 -.373160E-02
 -.275000E+00 -.107012E-02
 -.265000E+00 0.171075E-02
 -.255000E+00 0.430128E-02
 -.245000E+00 0.641288E-02
 -.235000E+00 0.781034E-02
 -.225000E+00 0.833794E-02
 -.215000E+00 0.793684E-02
 -.205000E+00 0.665166E-02
 -.195000E+00 0.462548E-02
 -.185000E+00 0.208394E-02
 -.175000E+00 -.689908E-03
 -.165000E+00 -.338711E-02
 -.155000E+00 -.570724E-02
 -.145000E+00 -.739183E-02
 -.135000E+00 -.825319E-02
 -.125000E+00 -.819533E-02
 -.115000E+00 -.722462E-02
 -.105000E+00 -.544911E-02
 -.950000E-01 -.306651E-02
 -.850000E-01 -.342180E-03
 -.750000E-01 0.242047E-02
 -.650000E-01 0.491371E-02
 -.550000E-01 0.685982E-02
 -.450000E-01 0.804198E-02
 -.350000E-01 0.832847E-02
 -.250000E-01 0.768729E-02
 -.150000E-01 0.618981E-02
 -.500000E-02 0.400277E-02
 0.500000E-02 0.136971E-02
 0.150000E-01 -.141611E-02
 0.250000E-01 -.404440E-02
 0.350000E-01 -.622239E-02
 0.450000E-01 -.770746E-02
 0.550000E-01 -.833412E-02
 0.650000E-01 -.803253E-02
 0.750000E-01 -.683620E-02
 0.850000E-01 -.487833E-02
 0.950000E-01 -.237693E-02
 0.105000E+00 0.389403E-03
 0.115000E+00 0.311257E-02
 0.125000E+00 0.548924E-02
 0.135000E+00 0.725465E-02
 0.145000E+00 0.821213E-02
 0.155000E+00 0.825496E-02
 0.165000E+00 0.737831E-02
 0.175000E+00 0.567975E-02
 0.185000E+00 0.334842E-02
 0.195000E+00 0.643949E-03
 0.205000E+00 -.213244E-02
 0.215000E+00 -.467152E-02
 0.225000E+00 -.669043E-02
 0.235000E+00 -.796428E-02
 0.245000E+00 -.835110E-02
 0.255000E+00 -.780776E-02
 0.265000E+00 -.639470E-02
 0.275000E+00 -.426925E-02
 0.285000E+00 -.166812E-02
 0.295000E+00 0.111901E-02
 0.305000E+00 0.378171E-02
 0.315000E+00 0.602336E-02
 0.325000E+00 0.759427E-02
 0.335000E+00 0.831939E-02
 0.345000E+00 0.811790E-02
 0.355000E+00 0.701218E-02
 0.365000E+00 0.512531E-02
 0.375000E+00 0.266742E-02
 0.385000E+00 -.877712E-04
 0.395000E+00 -.283338E-02
 0.405000E+00 -.526360E-02
 0.415000E+00 -.710770E-02
 0.425000E+00 -.816023E-02
 0.435000E+00 -.830391E-02
 0.445000E+00 -.752266E-02
 0.455000E+00 -.590342E-02
 0.465000E+00 -.362651E-02
 0.475000E+00 -.945495E-03
 0.485000E+00 0.184104E-02
 0.495000E+00 0.442271E-02
 0.505000E+00 0.651194E-02
 0.515000E+00 0.787598E-02
 0.525000E+00 0.836285E-02
 0.535000E+00 0.791825E-02
 0.545000E+00 0.659163E-02
 0.555000E+00 0.453070E-02
 0.565000E+00 0.196496E-02
 0.575000E+00 -.819836E-03
 0.585000E+00 -.351352E-02
 0.595000E+00 -.581604E-02
 0.605000E+00 -.747091E-02
 0.615000E+00 -.829374E-02
 0.625000E+00 -.819282E-02
 0.635000E+00 -.717933E-02
 0.645000E+00 -.536609E-02
 0.655000E+00 -.295500E-02
 0.665000E+00 -.214595E-03
 0.675000E+00 0.254992E-02
 0.685000E+00 0.503060E-02
 0.695000E+00 0.695114E-02
 0.705000E+00 0.809755E-02
 0.715000E+00 0.834209E-02
 0.725000E+00 0.765745E-02
 0.735000E+00 0.611983E-02
 0.745000E+00 0.390044E-02
 0.755000E+00 0.124642E-02
 0.765000E+00 -.154662E-02
 0.775000E+00 -.416760E-02
 0.785000E+00 -.632455E-02
 0.795000E+00 -.777720E-02
 0.805000E+00 -.836368E-02
 0.815000E+00 -.801860E-02
 0.825000E+00 -.678034E-02
 0.835000E+00 -.478675E-02
 0.845000E+00 -.225984E-02
 0.855000E+00 0.518972E-03
 0.865000E+00 0.324018E-02
 0.875000E+00 0.560068E-02
 0.885000E+00 0.733751E-02
 0.895000E+00 0.825718E-02
 0.905000E+00 0.837460E-02
 0.915000E+00 0.837463E-02
 0.925000E+00 0.837471E-02
 0.935000E+00 0.837481E-02
 0.945000E+00 0.837493E-02
 0.955000E+00 0.837506E-02
 0.965000E+00 0.837518E-02
 0.975000E+00 0.837527E-02
 0.985000E+00 0.837533E-02
 0.995000E+00 0.837535E-02








































































































































































































 -.995000E+00 -.183079E+00
 -.985000E+00 -.182192E+00
 -.975000E+00 -.181305E+00
 -.965000E+00 -.180419E+00
 -.955000E+00 -.179533E+00
 -.945000E+00 -.178649E+00
 -.935000E+00 -.177765E+00
 -.925000E+00 -.176883E+00
 -.915000E+00 -.176002E+00
 -.905000E+00 -.175122E+00
 -.895000E+00 -.174210E+00
 -.885000E+00 -.173231E+00
 -.875000E+00 -.172210E+00
 -.865000E+00 -.171146E+00
 -.855000E+00 -.170041E+00
 -.845000E+00 -.168894E+00
 -.835000E+00 -.167706E+00
 -.825000E+00 -.166477E+00
 -.815000E+00 -.165207E+00
 -.805000E+00 -.163897E+00
 -.795000E+00 -.162547E+00
 -.785000E+00 -.161157E+00
 -.775000E+00 -.159728E+00
 -.765000E+00 -.158260E+00
 -.755000E+00 -.156753E+00
 -.745000E+00 -.155207E+00
 -.735000E+00 -.153624E+00
 -.725000E+00 -.152003E+00
 -.715000E+00 -.150345E+00
 -.705000E+00 -.148650E+00
 -.695000E+00 -.146918E+00
 -.685000E+00 -.145151E+00
 -.675000E+00 -.143348E+00
 -.665000E+00 -.141510E+00
 -.655000E+00 -.139638E+00
 -.645000E+00 -.137731E+00
 -.635000E+00 -.135790E+00
 -.625000E+00 -.133817E+00
 -.615000E+00 -.131810E+00
 -.605000E+00 -.129771E+00
 -.595000E+00 -.127701E+00
 -.585000E+00 -.125599E+00
 -.575000E+00 -.123466E+00
 -.565000E+00 -.121303E+00
 -.555000E+00 -.119110E+00
 -.545000E+00 -.116888E+00
 -.535000E+00 -.114637E+00
 -.525000E+00 -.112359E+00
 -.515000E+00 -.110052E+00
 -.505000E+00 -.107719E+00
 -.495000E+00 -.105359E+00
 -.485000E+00 -.102973E+00
 -.475000E+00 -.100562E+00
 -.465000E+00 -.981264E-01
 -.455000E+00 -.956665E-01
 -.445000E+00 -.931831E-01
 -.435000E+00 -.906768E-01
 -.425000E+00 -.881482E-01
 -.415000E+00 -.855978E-01
 -.405000E+00 -.830264E-01
 -.395000E+00 -.804345E-01
 -.385000E+00 -.778229E-01
 -.375000E+00 -.751920E-01
 -.365000E+00 -.725425E-01
 -.355000E+00 -.698752E-01
 -.345000E+00 -.671906E-01
 -.335000E+00 -.644894E-01
 -.325000E+00 -.617723E-01
 -.315000E+00 -.590399E-01
 -.305000E+00 -.562928E-01
 -.295000E+00 -.535318E-01
 -.285000E+00 -.507576E-01
 -.275000E+00 -.479707E-01
 -.265000E+00 -.451719E-01
 -.255000E+00 -.423618E-01
 -.245000E+00 -.395412E-01
 -.235000E+00 -.367108E-01
 -.225000E+00 -.338711E-01
 -.215000E+00 -.310230E-01
 -.205000E+00 -.281670E-01
 -.195000E+00 -.253040E-01
 -.185000E+00 -.224345E-01
 -.175000E+00 -.195593E-01
 -.165000E+00 -.166792E-01
 -.155000E+00 -.137947E-01
 -.145000E+00 -.109066E-01
 -.135000E+00 -.801567E-02
 -.125000E+00 -.512251E-02
 -.115000E+00 -.222788E-02
 -.105000E+00 0.667543E-03
 -.950000E-01 0.356303E-02
 -.850000E-01 0.645789E-02
 -.750000E-01 0.935141E-02
 -.650000E-01 0.122429E-01
 -.550000E-01 0.151316E-01
 -.450000E-01 0.180169E-01
 -.350000E-01 0.208980E-01
 -.250000E-01 0.237742E-01
 -.150000E-01 0.266449E-01
 -.500000E-02 0.295093E-01
 0.500000E-02 0.323668E-01
 0.150000E-01 0.352166E-01
 0.250000E-01 0.380580E-01
 0.350000E-01 0.408904E-01
 0.450000E-01 0.437130E-01
 0.550000E-01 0.465252E-01
 0.650000E-01 0.493262E-01
 0.750000E-01 0.521155E-01
 0.850000E-01 0.548923E-01
 0.950000E-01 0.576559E-01
 0.105000E+00 0.604057E-01
 0.115000E+00 0.631409E-01
 0.125000E+00 0.658610E-01
 0.135000E+00 0.685652E-01
 0.145000E+00 0.712529E-01
 0.155000E+00 0.739235E-01
 0.165000E+00 0.765762E-01
 0.175000E+00 0.792105E-01
 0.185000E+00 0.818256E-01
 0.195000E+00 0.844210E-01
 0.205000E+00 0.869960E-01
 0.215000E+00 0.895500E-01
 0.225000E+00 0.920824E-01
 0.235000E+00 0.945925E-01
 0.245000E+00 0.970797E-01
 0.255000E+00 0.995434E-01
 0.265000E+00 0.101983E+00
 0.275000E+00 0.104398E+00
 0.285000E+00 0.106788E+00
 0.295000E+00 0.109151E+00
 0.305000E+00 0.111489E+00
 0.315000E+00 0.113799E+00
 0.325000E+00 0.116082E+00
 0.335000E+00 0.118337E+00
 0.345000E+00 0.120562E+00
 0.355000E+00 0.122759E+00
 0.365000E+00 0.124926E+00
 0.375000E+00 0.127063E+00
 0.385000E+00 0.129168E+00
 0.395000E+00 0.131243E+00
 0.405000E+00 0.133285E+00
 0.415000E+00 0.135296E+00
 0.425000E+00 0.137273E+00
 0.435000E+00 0.139217E+00
 0.445000E+00 0.141127E+00
 0.455000E+00 0.143003E+00
 0.465000E+00 0.144844E+00
 0.475000E+00 0.146650E+00
 0.485000E+00 0.148421E+00
 0.495000E+00 0.150155E+00
 0.505000E+00 0.151853E+00
 0.515000E+00 0.153514E+00
 0.525000E+00 0.155137E+00
 0.535000E+00 0.156723E+00
 0.545000E+00 0.158271E+00
 0.555000E+00 0.159780E+00
 0.565000E+00 0.161250E+00
 0.575000E+00 0.162681E+00
 0.585000E+00 0.164073E+00
 0.595000E+00 0.165424E+00
 0.605000E+00 0.166736E+00
 0.615000E+00 0.168006E+00
 0.625000E+00 0.169236E+00
 0.635000E+00 0.170425E+00
 0.645000E+00 0.171572E+00
 0.655000E+00 0.172678E+00
 0.665000E+00 0.173741E+00
 0.675000E+00 0.174762E+00
 0.685000E+00 0.175741E+00
 0.695000E+00 0.176676E+00
 0.705000E+00 0.177569E+00
 0.715000E+00 0.178419E+00
 0.725000E+00 0.179225E+00
 0.735000E+00 0.179987E+00
 0.745000E+00 0.180705E+00
 0.755000E+00 0.181380E+00
 0.765000E+00 0.182010E+00
 0.775000E+00 0.182596E+00
 0.785000E+00 0.183137E+00
 0.795000E+00 0.183634E+00
 0.805000E+00 0.184086E+00
 0.815000E+00 0.184493E+00
 0.825000E+00 0.184856E+00
 0.835000E+00 0.185173E+00
 0.845000E+00 0.185445E+00
 0.855000E+00 0.185671E+00
 0.865000E+00 0.185853E+00
 0.875000E+00 0.185989E+00
 0.885000E+00 0.186080E+00
 0.895000E+00 0.186125E+00
 0.905000E+00 0.186131E+00
 0.915000E+00 0.186131E+00
 0.925000E+00 0.186131E+00
 0.935000E+00 0.186132E+00
 0.945000E+00 0.186132E+00
 0.955000E+00 0.186132E+00
 0.965000E+00 0.186132E+00
 0.975000E+00 0.186132E+00
 0.985000E+00 0.186132E+00
 0.995000E+00 0.186132E+00








































































































































































































 -.995000E+00 0.102079E+00
 -.985000E+00 0.105893E+00
 -.975000E+00 0.109696E+00
 -.965000E+00 0.113485E+00
 -.955000E+00 0.117262E+00
 -.945000E+00 0.121025E+00
 -.935000E+00 0.124775E+00
 -.925000E+00 0.128510E+00
 -.915000E+00 0.132230E+00
 -.905000E+00 0.135935E+00
 -.895000E+00 0.139446E+00
 -.885000E+00 0.142770E+00
 -.875000E+00 0.146087E+00
 -.865000E+00 0.149397E+00
 -.855000E+00 0.152699E+00
 -.845000E+00 0.155994E+00
 -.835000E+00 0.159280E+00
 -.825000E+00 0.162559E+00
 -.815000E+00 0.165830E+00
 -.805000E+00 0.169092E+00
 -.795000E+00 0.172346E+00
 -.785000E+00 0.175592E+00
 -.775000E+00 0.178829E+00
 -.765000E+00 0.182056E+00
 -.755000E+00 0.185275E+00
 -.745000E+00 0.188484E+00
 -.735000E+00 0.191684E+00
 -.725000E+00 0.194874E+00
 -.715000E+00 0.198054E+00
 -.705000E+00 0.201225E+00
 -.695000E+00 0.204385E+00
 -.685000E+00 0.207535E+00
 -.675000E+00 0.210675E+00
 -.665000E+00 0.213804E+00
 -.655000E+00 0.216922E+00
 -.645000E+00 0.220029E+00
 -.635000E+00 0.223126E+00
 -.625000E+00 0.226211E+00
 -.615000E+00 0.229284E+00
 -.605000E+00 0.232346E+00
 -.595000E+00 0.235396E+00
 -.585000E+00 0.238435E+00
 -.575000E+00 0.241461E+00
 -.565000E+00 0.244475E+00
 -.555000E+00 0.247477E+00
 -.545000E+00 0.250466E+00
 -.535000E+00 0.253443E+00
 -.525000E+00 0.256406E+00
 -.515000E+00 0.259357E+00
 -.505000E+00 0.262295E+00
 -.495000E+00 0.265219E+00
 -.485000E+00 0.268130E+00
 -.475000E+00 0.271027E+00
 -.465000E+00 0.273911E+00
 -.455000E+00 0.276780E+00
 -.445000E+00 0.279636E+00
 -.435000E+00 0.282477E+00
 -.425000E+00 0.285304E+00
 -.415000E+00 0.288117E+00
 -.405000E+00 0.290915E+00
 -.395000E+00 0.293698E+00
 -.385000E+00 0.296466E+00
 -.375000E+00 0.299220E+00
 -.365000E+00 0.301957E+00
 -.355000E+00 0.304680E+00
 -.345000E+00 0.307387E+00
 -.335000E+00 0.310079E+00
 -.325000E+00 0.312755E+00
 -.315000E+00 0.315414E+00
 -.305000E+00 0.318058E+00
 -.295000E+00 0.320686E+00
 -.285000E+00 0.323297E+00
 -.275000E+00 0.325892E+00
 -.265000E+00 0.328470E+00
 -.255000E+00 0.331031E+00
 -.245000E+00 0.333576E+00
 -.235000E+00 0.336104E+00
 -.225000E+00 0.338614E+00
 -.215000E+00 0.341107E+00
 -.205000E+00 0.343583E+00
 -.195000E+00 0.346042E+00
 -.185000E+00 0.348482E+00
 -.175000E+00 0.350905E+00
 -.165000E+00 0.353310E+00
 -.155000E+00 0.355697E+00
 -.145000E+00 0.358066E+00
 -.135000E+00 0.360417E+00
 -.125000E+00 0.362749E+00
 -.115000E+00 0.365063E+00
 -.105000E+00 0.367358E+00
 -.950000E-01 0.369634E+00
 -.850000E-01 0.371891E+00
 -.750000E-01 0.374130E+00
 -.650000E-01 0.376349E+00
 -.550000E-01 0.378549E+00
 -.450000E-01 0.380730E+00
 -.350000E-01 0.382891E+00
 -.250000E-01 0.385033E+00
 -.150000E-01 0.387155E+00
 -.500000E-02 0.389258E+00
 0.500000E-02 0.391340E+00
 0.150000E-01 0.393403E+00
 0.250000E-01 0.395445E+00
 0.350000E-01 0.397467E+00
 0.450000E-01 0.399469E+00
 0.550000E-01 0.401451E+00
 0.650000E-01 0.403411E+00
 0.750000E-01 0.405352E+00
 0.850000E-01 0.407271E+00
 0.950000E-01 0.409170E+00
 0.105000E+00 0.411048E+00
 0.115000E+00 0.412905E+00
 0.125000E+00 0.414741E+00
 0.135000E+00 0.416555E+00
 0.145000E+00 0.418348E+00
 0.155000E+00 0.420120E+00
 0.165000E+00 0.421870E+00
 0.175000E+00 0.423599E+00
 0.185000E+00 0.425306E+00
 0.195000E+00 0.426992E+00
 0.205000E+00 0.428655E+00
 0.215000E+00 0.430297E+00
 0.225000E+00 0.431916E+00
 0.235000E+00 0.433514E+00
 0.245000E+00 0.435089E+00
 0.255000E+00 0.436642E+00
 0.265000E+00 0.438173E+00
 0.275000E+00 0.439681E+00
 0.285000E+00 0.441167E+00
 0.295000E+00 0.442630E+00
 0.305000E+00 0.444070E+00
 0.315000E+00 0.445488E+00
 0.325000E+00 0.446883E+00
 0.335000E+00 0.448255E+00
 0.345000E+00 0.449605E+00
 0.355000E+00 0.450931E+00
 0.365000E+00 0.452234E+00
 0.375000E+00 0.453514E+00
 0.385000E+00 0.454771E+00
 0.395000E+00 0.456004E+00
 0.405000E+00 0.457214E+00
 0.415000E+00 0.458401E+00
 0.425000E+00 0.459564E+00
 0.435000E+00 0.460704E+00
 0.445000E+00 0.461820E+00
 0.455000E+00 0.462913E+00
 0.465000E+00 0.463982E+00
 0.475000E+00 0.465027E+00
 0.485000E+00 0.466048E+00
 0.495000E+00 0.467046E+00
 0.505000E+00 0.468019E+00
 0.515000E+00 0.468969E+00
 0.525000E+00 0.469895E+00
 0.535000E+00 0.470796E+00
 0.545000E+00 0.471674E+00
 0.555000E+00 0.472527E+00
 0.565000E+00 0.473356E+00
 0.575000E+00 0.474161E+00
 0.585000E+00 0.474942E+00
 0.595000E+00 0.475698E+00
 0.605000E+00 0.476430E+00
 0.615000E+00 0.477138E+00
 0.625000E+00 0.477821E+00
 0.635000E+00 0.478480E+00
 0.645000E+00 0.479114E+00
 0.655000E+00 0.479724E+00
 0.665000E+00 0.480309E+00
 0.675000E+00 0.480869E+00
 0.685000E+00 0.481405E+00
 0.695000E+00 0.481917E+00
 0.705000E+00 0.482403E+00
 0.715000E+00 0.482865E+00
 0.725000E+00 0.483303E+00
 0.735000E+00 0.483715E+00
 0.745000E+00 0.484103E+00
 0.755000E+00 0.484466E+00
 0.765000E+00 0.484804E+00
 0.775000E+00 0.485118E+00
 0.785000E+00 0.485406E+00
 0.795000E+00 0.485670E+00
 0.805000E+00 0.485909E+00
 0.815000E+00 0.486123E+00
 0.825000E+00 0.486312E+00
 0.835000E+00 0.486476E+00
 0.845000E+00 0.486616E+00
 0.855000E+00 0.486730E+00
 0.865000E+00 0.486820E+00
 0.875000E+00 0.486884E+00
 0.885000E+00 0.486924E+00
 0.895000E+00 0.486939E+00
 0.905000E+00 0.486937E+00
 0.915000E+00 0.486937E+00
 0.925000E+00 0.486937E+00
 0.935000E+00 0.486937E+00
 0.945000E+00 0.486937E+00
 0.955000E+00 0.486938E+00
 0.965000E+00 0.486938E+00
 0.975000E+00 0.486938E+00
 0.985000E+00 0.486938E+00
 0.995000E+00 0.486938E+00








































































































































































































 -.995000E+00 0.997284E+00
 -.985000E+00 0.996551E+00
 -.975000E+00 0.995730E+00
 -.965000E+00 0.994822E+00
 -.955000E+00 0.993827E+00
 -.945000E+00 0.992746E+00
 -.935000E+00 0.991579E+00
 -.925000E+00 0.990327E+00
 -.915000E+00 0.988988E+00
 -.905000E+00 0.987565E+00
 -.895000E+00 0.986515E+00
 -.885000E+00 0.985889E+00
 -.875000E+00 0.985250E+00
 -.865000E+00 0.984596E+00
 -.855000E+00 0.983929E+00
 -.845000E+00 0.983247E+00
 -.835000E+00 0.982552E+00
 -.825000E+00 0.981843E+00
 -.815000E+00 0.981119E+00
 -.805000E+00 0.980382E+00
 -.795000E+00 0.979630E+00
 -.785000E+00 0.978865E+00
 -.775000E+00 0.978086E+00
 -.765000E+00 0.977293E+00
 -.755000E+00 0.976486E+00
 -.745000E+00 0.975665E+00
 -.735000E+00 0.974830E+00
 -.725000E+00 0.973982E+00
 -.715000E+00 0.973119E+00
 -.705000E+00 0.972243E+00
 -.695000E+00 0.971353E+00
 -.685000E+00 0.970449E+00
 -.675000E+00 0.969531E+00
 -.665000E+00 0.968600E+00
 -.655000E+00 0.967655E+00
 -.645000E+00 0.966696E+00
 -.635000E+00 0.965723E+00
 -.625000E+00 0.964737E+00
 -.615000E+00 0.963737E+00
 -.605000E+00 0.962724E+00
 -.595000E+00 0.961696E+00
 -.585000E+00 0.960655E+00
 -.575000E+00 0.959601E+00
 -.565000E+00 0.958533E+00
 -.555000E+00 0.957451E+00
 -.545000E+00 0.956356E+00
 -.535000E+00 0.955247E+00
 -.525000E+00 0.954125E+00
 -.515000E+00 0.952989E+00
 -.505000E+00 0.951840E+00
 -.495000E+00 0.950677E+00
 -.485000E+00 0.949501E+00
 -.475000E+00 0.948311E+00
 -.465000E+00 0.947108E+00
 -.455000E+00 0.945891E+00
 -.445000E+00 0.944661E+00
 -.435000E+00 0.943418E+00
 -.425000E+00 0.942162E+00
 -.415000E+00 0.940892E+00
 -.405000E+00 0.939609E+00
 -.395000E+00 0.938312E+00
 -.385000E+00 0.937002E+00
 -.375000E+00 0.935680E+00
 -.365000E+00 0.934343E+00
 -.355000E+00 0.932994E+00
 -.345000E+00 0.931632E+00
 -.335000E+00 0.930256E+00
 -.325000E+00 0.928867E+00
 -.315000E+00 0.927465E+00
 -.305000E+00 0.926050E+00
 -.295000E+00 0.924622E+00
 -.285000E+00 0.923181E+00
 -.275000E+00 0.921727E+00
 -.265000E+00 0.920260E+00
 -.255000E+00 0.918780E+00
 -.245000E+00 0.917287E+00
 -.235000E+00 0.915781E+00
 -.225000E+00 0.914262E+00
 -.215000E+00 0.912731E+00
 -.205000E+00 0.911186E+00
 -.195000E+00 0.909629E+00
 -.185000E+00 0.908058E+00
 -.175000E+00 0.906475E+00
 -.165000E+00 0.904880E+00
 -.155000E+00 0.903271E+00
 -.145000E+00 0.901650E+00
 -.135000E+00 0.900016E+00
 -.125000E+00 0.898370E+00
 -.115000E+00 0.896711E+00
 -.105000E+00 0.895039E+00
 -.950000E-01 0.893354E+00
 -.850000E-01 0.891658E+00
 -.750000E-01 0.889948E+00
 -.650000E-01 0.888226E+00
 -.550000E-01 0.886492E+00
 -.450000E-01 0.884745E+00
 -.350000E-01 0.882985E+00
 -.250000E-01 0.881214E+00
 -.150000E-01 0.879430E+00
 -.500000E-02 0.877633E+00
 0.500000E-02 0.875824E+00
 0.150000E-01 0.874003E+00
 0.250000E-01 0.872170E+00
 0.350000E-01 0.870324E+00
 0.450000E-01 0.868467E+00
 0.550000E-01 0.866597E+00
 0.650000E-01 0.864715E+00
 0.750000E-01 0.862820E+00
 0.850000E-01 0.860914E+00
 0.950000E-01 0.858996E+00
 0.105000E+00 0.857065E+00
 0.115000E+00 0.855123E+00
 0.125000E+00 0.853168E+00
 0.135000E+00 0.851202E+00
 0.145000E+00 0.849223E+00
 0.155000E+00 0.847233E+00
 0.165000E+00 0.845231E+00
 0.175000E+00 0.843217E+00
 0.185000E+00 0.841191E+00
 0.195000E+00 0.839154E+00
 0.205000E+00 0.837104E+00
 0.215000E+00 0.835043E+00
 0.225000E+00 0.832970E+00
 0.235000E+00 0.830886E+00
 0.245000E+00 0.828790E+00
 0.255000E+00 0.826682E+00
 0.265000E+00 0.824563E+00
 0.275000E+00 0.822432E+00
 0.285000E+00 0.820290E+00
 0.295000E+00 0.818136E+00
 0.305000E+00 0.815971E+00
 0.315000E+00 0.813795E+00
 0.325000E+00 0.811607E+00
 0.335000E+00 0.809407E+00
 0.345000E+00 0.807197E+00
 0.355000E+00 0.804975E+00
 0.365000E+00 0.802742E+00
 0.375000E+00 0.800497E+00
 0.385000E+00 0.798242E+00
 0.395000E+00 0.795975E+00
 0.405000E+00 0.793697E+00
 0.415000E+00 0.791408E+00
 0.425000E+00 0.789108E+00
 0.435000E+00 0.786797E+00
 0.445000E+00 0.784475E+00
 0.455000E+00 0.782142E+00
 0.465000E+00 0.779798E+00
 0.475000E+00 0.777443E+00
 0.485000E+00 0.775077E+00
 0.495000E+00 0.772701E+00
 0.505000E+00 0.770313E+00
 0.515000E+00 0.767915E+00
 0.525000E+00 0.765507E+00
 0.535000E+00 0.763087E+00
 0.545000E+00 0.760657E+00
 0.555000E+00 0.758216E+00
 0.565000E+00 0.755765E+00
 0.575000E+00 0.753303E+00
 0.585000E+00 0.750830E+00
 0.595000E+00 0.748347E+00
 0.605000E+00 0.745854E+00
 0.615000E+00 0.743350E+00
 0.625000E+00 0.740836E+00
 0.635000E+00 0.738312E+00
 0.645000E+00 0.735777E+00
 0.655000E+00 0.733232E+00
 0.665000E+00 0.730676E+00
 0.675000E+00 0.728111E+00
 0.685000E+00 0.725535E+00
 0.695000E+00 0.722950E+00
 0.705000E+00 0.720354E+00
 0.715000E+00 0.717748E+00
 0.725000E+00 0.715132E+00
 0.735000E+00 0.712506E+00
 0.745000E+00 0.709870E+00
 0.755000E+00 0.707224E+00
 0.765000E+00 0.704568E+00
 0.775000E+00 0.701903E+00
 0.785000E+00 0.699228E+00
 0.795000E+00 0.696543E+00
 0.805000E+00 0.693848E+00
 0.815000E+00 0.691143E+00
 0.825000E+00 0.688429E+00
 0.835000E+00 0.685706E+00
 0.845000E+00 0.682972E+00
 0.855000E+00 0.680230E+00
 0.865000E+00 0.677477E+00
 0.875000E+00 0.674716E+00
 0.885000E+00 0.671944E+00
 0.895000E+00 0.669164E+00
 0.905000E+00 0.667771E+00
 0.915000E+00 0.667772E+00
 0.925000E+00 0.667774E+00
 0.935000E+00 0.667775E+00
 0.945000E+00 0.667776E+00
 0.955000E+00 0.667776E+00
 0.965000E+00 0.667777E+00
 0.975000E+00 0.667777E+00
 0.985000E+00 0.667778E+00
 0.995000E+00 0.667778E+00








































































































































































































 -.995000E+00 0.571888E+00
 -.985000E+00 0.567958E+00
 -.975000E+00 0.564034E+00
 -.965000E+00 0.560116E+00
 -.955000E+00 0.556205E+00
 -.945000E+00 0.552300E+00
 -.935000E+00 0.548403E+00
 -.925000E+00 0.544513E+00
 -.915000E+00 0.540630E+00
 -.905000E+00 0.536755E+00
 -.895000E+00 0.534155E+00
 -.885000E+00 0.532825E+00
 -.875000E+00 0.531493E+00
 -.865000E+00 0.530160E+00
 -.855000E+00 0.528826E+00
 -.845000E+00 0.527490E+00
 -.835000E+00 0.526154E+00
 -.825000E+00 0.524816E+00
 -.815000E+00 0.523477E+00
 -.805000E+00 0.522137E+00
 -.795000E+00 0.520796E+00
 -.785000E+00 0.519453E+00
 -.775000E+00 0.518109E+00
 -.765000E+00 0.516765E+00
 -.755000E+00 0.515418E+00
 -.745000E+00 0.514071E+00
 -.735000E+00 0.512723E+00
 -.725000E+00 0.511373E+00
 -.715000E+00 0.510023E+00
 -.705000E+00 0.508671E+00
 -.695000E+00 0.507318E+00
 -.685000E+00 0.505964E+00
 -.675000E+00 0.504608E+00
 -.665000E+00 0.503252E+00
 -.655000E+00 0.501894E+00
 -.645000E+00 0.500535E+00
 -.635000E+00 0.499176E+00
 -.625000E+00 0.497815E+00
 -.615000E+00 0.496452E+00
 -.605000E+00 0.495089E+00
 -.595000E+00 0.493725E+00
 -.585000E+00 0.492359E+00
 -.575000E+00 0.490993E+00
 -.565000E+00 0.489625E+00
 -.555000E+00 0.488256E+00
 -.545000E+00 0.486886E+00
 -.535000E+00 0.485515E+00
 -.525000E+00 0.484143E+00
 -.515000E+00 0.482770E+00
 -.505000E+00 0.481395E+00
 -.495000E+00 0.480020E+00
 -.485000E+00 0.478643E+00
 -.475000E+00 0.477266E+00
 -.465000E+00 0.475887E+00
 -.455000E+00 0.474507E+00
 -.445000E+00 0.473126E+00
 -.435000E+00 0.471744E+00
 -.425000E+00 0.470361E+00
 -.415000E+00 0.468977E+00
 -.405000E+00 0.467592E+00
 -.395000E+00 0.466206E+00
 -.385000E+00 0.464819E+00
 -.375000E+00 0.463431E+00
 -.365000E+00 0.462041E+00
 -.355000E+00 0.460651E+00
 -.345000E+00 0.459259E+00
 -.335000E+00 0.457867E+00
 -.325000E+00 0.456474E+00
 -.315000E+00 0.455079E+00
 -.305000E+00 0.453683E+00
 -.295000E+00 0.452287E+00
 -.285000E+00 0.450889E+00
 -.275000E+00 0.449491E+00
 -.265000E+00 0.448091E+00
 -.255000E+00 0.446690E+00
 -.245000E+00 0.445289E+00
 -.235000E+00 0.443886E+00
 -.225000E+00 0.442482E+00
 -.215000E+00 0.441078E+00
 -.205000E+00 0.439672E+00
 -.195000E+00 0.438265E+00
 -.185000E+00 0.436857E+00
 -.175000E+00 0.435449E+00
 -.165000E+00 0.434039E+00
 -.155000E+00 0.432628E+00
 -.145000E+00 0.431217E+00
 -.135000E+00 0.429804E+00
 -.125000E+00 0.428391E+00
 -.115000E+00 0.426976E+00
 -.105000E+00 0.425561E+00
 -.950000E-01 0.424144E+00
 -.850000E-01 0.422727E+00
 -.750000E-01 0.421308E+00
 -.650000E-01 0.419889E+00
 -.550000E-01 0.418469E+00
 -.450000E-01 0.417047E+00
 -.350000E-01 0.415625E+00
 -.250000E-01 0.414202E+00
 -.150000E-01 0.412778E+00
 -.500000E-02 0.411353E+00
 0.500000E-02 0.409927E+00
 0.150000E-01 0.408500E+00
 0.250000E-01 0.407072E+00
 0.350000E-01 0.405643E+00
 0.450000E-01 0.404214E+00
 0.550000E-01 0.402783E+00
 0.650000E-01 0.401352E+00
 0.750000E-01 0.399919E+00
 0.850000E-01 0.398486E+00
 0.950000E-01 0.397052E+00
 0.105000E+00 0.395616E+00
 0.115000E+00 0.394180E+00
 0.125000E+00 0.392743E+00
 0.135000E+00 0.391306E+00
 0.145000E+00 0.389867E+00
 0.155000E+00 0.388427E+00
 0.165000E+00 0.386987E+00
 0.175000E+00 0.385545E+00
 0.185000E+00 0.384103E+00
 0.195000E+00 0.382660E+00
 0.205000E+00 0.381216E+00
 0.215000E+00 0.379771E+00
 0.225000E+00 0.378326E+00
 0.235000E+00 0.376879E+00
 0.245000E+00 0.375431E+00
 0.255000E+00 0.373983E+00
 0.265000E+00 0.372534E+00
 0.275000E+00 0.371084E+00
 0.285000E+00 0.369633E+00
 0.295000E+00 0.368181E+00
 0.305000E+00 0.366729E+00
 0.315000E+00 0.365276E+00
 0.325000E+00 0.363821E+00
 0.335000E+00 0.362366E+00
 0.345000E+00 0.360910E+00
 0.355000E+00 0.359454E+00
 0.365000E+00 0.357996E+00
 0.375000E+00 0.356538E+00
 0.385000E+00 0.355079E+00
 0.395000E+00 0.353619E+00
 0.405000E+00 0.352158E+00
 0.415000E+00 0.350696E+00
 0.425000E+00 0.349234E+00
 0.435000E+00 0.347771E+00
 0.445000E+00 0.346307E+00
 0.455000E+00 0.344842E+00
 0.465000E+00 0.343376E+00
 0.475000E+00 0.341910E+00
 0.485000E+00 0.340443E+00
 0.495000E+00 0.338975E+00
 0.505000E+00 0.337506E+00
 0.515000E+00 0.336037E+00
 0.525000E+00 0.334567E+00
 0.535000E+00 0.333095E+00
 0.545000E+00 0.331624E+00
 0.555000E+00 0.330151E+00
 0.565000E+00 0.328678E+00
 0.575000E+00 0.327204E+00
 0.585000E+00 0.325729E+00
 0.595000E+00 0.324253E+00
 0.605000E+00 0.322777E+00
 0.615000E+00 0.321300E+00
 0.625000E+00 0.319822E+00
 0.635000E+00 0.318344E+00
 0.645000E+00 0.316864E+00
 0.655000E+00 0.315384E+00
 0.665000E+00 0.313903E+00
 0.675000E+00 0.312422E+00
 0.685000E+00 0.310940E+00
 0.695000E+00 0.309457E+00
 0.705000E+00 0.307973E+00
 0.715000E+00 0.306489E+00
 0.725000E+00 0.305004E+00
 0.735000E+00 0.303518E+00
 0.745000E+00 0.302032E+00
 0.755000E+00 0.300544E+00
 0.765000E+00 0.299056E+00
 0.775000E+00 0.297568E+00
 0.785000E+00 0.296079E+00
 0.795000E+00 0.294589E+00
 0.805000E+00 0.293098E+00
 0.815000E+00 0.291607E+00
 0.825000E+00 0.290115E+00
 0.835000E+00 0.288622E+00
 0.845000E+00 0.287129E+00
 0.855000E+00 0.285635E+00
 0.865000E+00 0.284140E+00
 0.875000E+00 0.282644E+00
 0.885000E+00 0.281148E+00
 0.895000E+00 0.279652E+00
 0.905000E+00 0.278906E+00
 0.915000E+00 0.278912E+00
 0.925000E+00 0.278918E+00
 0.935000E+00 0.278922E+00
 0.945000E+00 0.278926E+00
 0.955000E+00 0.278930E+00
 0.965000E+00 0.278932E+00
 0.975000E+00 0.278934E+00
 0.985000E+00 0.278935E+00
 0.995000E+00 0.278935E+00








































































































































































































 -.995000E+00 0.659691E-04
 -.985000E+00 0.655166E-04
 -.975000E+00 0.650664E-04
 -.965000E+00 0.646186E-04
 -.955000E+00 0.641730E-04
 -.945000E+00 0.637298E-04
 -.935000E+00 0.632890E-04
 -.925000E+00 0.628504E-04
 -.915000E+00 0.624142E-04
 -.905000E+00 0.619804E-04
 -.895000E+00 0.616946E-04
 -.885000E+00 0.615554E-04
 -.875000E+00 0.614160E-04
 -.865000E+00 0.612765E-04
 -.855000E+00 0.611368E-04
 -.845000E+00 0.609970E-04
 -.835000E+00 0.608571E-04
 -.825000E+00 0.607170E-04
 -.815000E+00 0.605768E-04
 -.805000E+00 0.604365E-04
 -.795000E+00 0.602960E-04
 -.785000E+00 0.601554E-04
 -.775000E+00 0.600146E-04
 -.765000E+00 0.598737E-04
 -.755000E+00 0.597327E-04
 -.745000E+00 0.595915E-04
 -.735000E+00 0.594502E-04
 -.725000E+00 0.593088E-04
 -.715000E+00 0.591672E-04
 -.705000E+00 0.590254E-04
 -.695000E+00 0.588836E-04
 -.685000E+00 0.587416E-04
 -.675000E+00 0.585994E-04
 -.665000E+00 0.584571E-04
 -.655000E+00 0.583147E-04
 -.645000E+00 0.581721E-04
 -.635000E+00 0.580294E-04
 -.625000E+00 0.578865E-04
 -.615000E+00 0.577435E-04
 -.605000E+00 0.576004E-04
 -.595000E+00 0.574571E-04
 -.585000E+00 0.573137E-04
 -.575000E+00 0.571701E-04
 -.565000E+00 0.570264E-04
 -.555000E+00 0.568825E-04
 -.545000E+00 0.567385E-04
 -.535000E+00 0.565944E-04
 -.525000E+00 0.564501E-04
 -.515000E+00 0.563057E-04
 -.505000E+00 0.561611E-04
 -.495000E+00 0.560164E-04
 -.485000E+00 0.558715E-04
 -.475000E+00 0.557265E-04
 -.465000E+00 0.555814E-04
 -.455000E+00 0.554361E-04
 -.445000E+00 0.552907E-04
 -.435000E+00 0.551451E-04
 -.425000E+00 0.549994E-04
 -.415000E+00 0.548535E-04
 -.405000E+00 0.547075E-04
 -.395000E+00 0.545613E-04
 -.385000E+00 0.544150E-04
 -.375000E+00 0.542685E-04
 -.365000E+00 0.541220E-04
 -.355000E+00 0.539752E-04
 -.345000E+00 0.538283E-04
 -.335000E+00 0.536813E-04
 -.325000E+00 0.535341E-04
 -.315000E+00 0.533868E-04
 -.305000E+00 0.532393E-04
 -.295000E+00 0.530917E-04
 -.285000E+00 0.529439E-04
 -.275000E+00 0.527960E-04
 -.265000E+00 0.526479E-04
 -.255000E+00 0.524997E-04
 -.245000E+00 0.523513E-04
 -.235000E+00 0.522028E-04
 -.225000E+00 0.520541E-04
 -.215000E+00 0.519053E-04
 -.205000E+00 0.517563E-04
 -.195000E+00 0.516072E-04
 -.185000E+00 0.514580E-04
 -.175000E+00 0.513086E-04
 -.165000E+00 0.511590E-04
 -.155000E+00 0.510093E-04
 -.145000E+00 0.508594E-04
 -.135000E+00 0.507094E-04
 -.125000E+00 0.505592E-04
 -.115000E+00 0.504089E-04
 -.105000E+00 0.502585E-04
 -.950000E-01 0.501079E-04
 -.850000E-01 0.499571E-04
 -.750000E-01 0.498062E-04
 -.650000E-01 0.496551E-04
 -.550000E-01 0.495039E-04
 -.450000E-01 0.493525E-04
 -.350000E-01 0.492010E-04
 -.250000E-01 0.490493E-04
 -.150000E-01 0.488975E-04
 -.500000E-02 0.487455E-04
 0.500000E-02 0.485933E-04
 0.150000E-01 0.484410E-04
 0.250000E-01 0.482886E-04
 0.350000E-01 0.481360E-04
 0.450000E-01 0.479832E-04
 0.550000E-01 0.478303E-04
 0.650000E-01 0.476773E-04
 0.750000E-01 0.475240E-04
 0.850000E-01 0.473707E-04
 0.950000E-01 0.472171E-04
 0.105000E+00 0.470635E-04
 0.115000E+00 0.469096E-04
 0.125000E+00 0.467556E-04
 0.135000E+00 0.466015E-04
 0.145000E+00 0.464472E-04
 0.155000E+00 0.462927E-04
 0.165000E+00 0.461381E-04
 0.175000E+00 0.459833E-04
 0.185000E+00 0.458284E-04
 0.195000E+00 0.456733E-04
 0.205000E+00 0.455181E-04
 0.215000E+00 0.453627E-04
 0.225000E+00 0.452071E-04
 0.235000E+00 0.450514E-04
 0.245000E+00 0.448955E-04
 0.255000E+00 0.447395E-04
 0.265000E+00 0.445833E-04
 0.275000E+00 0.444269E-04
 0.285000E+00 0.442704E-04
 0.295000E+00 0.441137E-04
 0.305000E+00 0.439569E-04
 0.315000E+00 0.437999E-04
 0.325000E+00 0.436428E-04
 0.335000E+00 0.434855E-04
 0.345000E+00 0.433280E-04
 0.355000E+00 0.431704E-04
 0.365000E+00 0.430126E-04
 0.375000E+00 0.428546E-04
 0.385000E+00 0.426965E-04
 0.395000E+00 0.425383E-04
 0.405000E+00 0.423798E-04
 0.415000E+00 0.422212E-04
 0.425000E+00 0.420625E-04
 0.435000E+00 0.419036E-04
 0.445000E+00 0.417445E-04
 0.455000E+00 0.415852E-04
 0.465000E+00 0.414258E-04
 0.475000E+00 0.412663E-04
 0.485000E+00 0.411065E-04
 0.495000E+00 0.409466E-04
 0.505000E+00 0.407866E-04
 0.515000E+00 0.406264E-04
 0.525000E+00 0.404660E-04
 0.535000E+00 0.403054E-04
 0.545000E+00 0.401447E-04
 0.555000E+00 0.399838E-04
 0.565000E+00 0.398228E-04
 0.575000E+00 0.396616E-04
 0.585000E+00 0.395002E-04
 0.595000E+00 0.393387E-04
 0.605000E+00 0.391770E-04
 0.615000E+00 0.390151E-04
 0.625000E+00 0.388531E-04
 0.635000E+00 0.386909E-04
 0.645000E+00 0.385285E-04
 0.655000E+00 0.383660E-04
 0.665000E+00 0.382033E-04
 0.675000E+00 0.380404E-04
 0.685000E+00 0.378774E-04
 0.695000E+00 0.377142E-04
 0.705000E+00 0.375508E-04
 0.715000E+00 0.373873E-04
 0.725000E+00 0.372236E-04
 0.735000E+00 0.370597E-04
 0.745000E+00 0.368956E-04
 0.755000E+00 0.367314E-04
 0.765000E+00 0.365670E-04
 0.775000E+00 0.364025E-04
 0.785000E+00 0.362378E-04
 0.795000E+00 0.360729E-04
 0.805000E+00 0.359078E-04
 0.815000E+00 0.357426E-04
 0.825000E+00 0.355772E-04
 0.835000E+00 0.354116E-04
 0.845000E+00 0.352459E-04
 0.855000E+00 0.350800E-04
 0.865000E+00 0.349139E-04
 0.875000E+00 0.347476E-04
 0.885000E+00 0.345812E-04
 0.895000E+00 0.344146E-04
 0.905000E+00 0.343363E-04
 0.915000E+00 0.343460E-04
 0.925000E+00 0.343545E-04
 0.935000E+00 0.343618E-04
 0.945000E+00 0.343681E-04
 0.955000E+00 0.343732E-04
 0.965000E+00 0.343771E-04
 0.975000E+00 0.343800E-04
 0.985000E+00 0.343817E-04
 0.995000E+00 0.343822E-04








































































































































































































 -.995000E+00 -.571888E+00
 -.985000E+00 -.567958E+00
 -.975000E+00 -.564034E+00
 -.965000E+00 -.560116E+00
 -.955000E+00 -.556205E+00
 -.945000E+00 -.552300E+00
 -.935000E+00 -.548403E+00
 -.925000E+00 -.544513E+00
 -.915000E+00 -.540630E+00
 -.905000E+00 -.536755E+00
 -.895000E+00 -.534155E+00
 -.885000E+00 -.532825E+00
 -.875000E+00 -.531493E+00
 -.865000E+00 -.530160E+00
 -.855000E+00 -.528826E+00
 -.845000E+00 -.527490E+00
 -.835000E+00 -.526154E+00
 -.825000E+00 -.524816E+00
 -.815000E+00 -.523477E+00
 -.805000E+00 -.522137E+00
 -.795000E+00 -.520796E+00
 -.785000E+00 -.519453E+00
 -.775000E+00 -.518109E+00
 -.765000E+00 -.516765E+00
 -.755000E+00 -.515418E+00
 -.745000E+00 -.514071E+00
 -.735000E+00 -.512723E+00
 -.725000E+00 -.511373E+00
 -.715000E+00 -.510023E+00
 -.705000E+00 -.508671E+00
 -.695000E+00 -.507318E+00
 -.685000E+00 -.505964E+00
 -.675000E+00 -.504608E+00
 -.665000E+00 -.503252E+00
 -.655000E+00 -.501894E+00
 -.645000E+00 -.500535E+00
 -.635000E+00 -.499176E+00
 -.625000E+00 -.497815E+00
 -.615000E+00 -.496452E+00
 -.605000E+00 -.495089E+00
 -.595000E+00 -.493725E+00
 -.585000E+00 -.492359E+00
 -.575000E+00 -.490993E+00
 -.565000E+00 -.489625E+00
 -.555000E+00 -.488256E+00
 -.545000E+00 -.486886E+00
 -.535000E+00 -.485515E+00
 -.525000E+00 -.484143E+00
 -.515000E+00 -.482770E+00
 -.505000E+00 -.481395E+00
 -.495000E+00 -.480020E+00
 -.485000E+00 -.478643E+00
 -.475000E+00 -.477266E+00
 -.465000E+00 -.475887E+00
 -.455000E+00 -.474507E+00
 -.445000E+00 -.473126E+00
 -.435000E+00 -.471744E+00
 -.425000E+00 -.470361E+00
 -.415000E+00 -.468977E+00
 -.405000E+00 -.467592E+00
 -.395000E+00 -.466206E+00
 -.385000E+00 -.464819E+00
 -.375000E+00 -.463431E+00
 -.365000E+00 -.462041E+00
 -.355000E+00 -.460651E+00
 -.345000E+00 -.459259E+00
 -.335000E+00 -.457867E+00
 -.325000E+00 -.456474E+00
 -.315000E+00 -.455079E+00
 -.305000E+00 -.453683E+00
 -.295000E+00 -.452287E+00
 -.285000E+00 -.450889E+00
 -.275000E+00 -.449491E+00
 -.265000E+00 -.448091E+00
 -.255000E+00 -.446690E+00
 -.245000E+00 -.445289E+00
 -.235000E+00 -.443886E+00
 -.225000E+00 -.442482E+00
 -.215000E+00 -.441078E+00
 -.205000E+00 -.439672E+00
 -.195000E+00 -.438265E+00
 -.185000E+00 -.436857E+00
 -.175000E+00 -.435449E+00
 -.165000E+00 -.434039E+00
 -.155000E+00 -.432628E+00
 -.145000E+00 -.431217E+00
 -.135000E+00 -.429804E+00
 -.125000E+00 -.428391E+00
 -.115000E+00 -.426976E+00
 -.105000E+00 -.425561E+00
 -.950000E-01 -.424144E+00
 -.850000E-01 -.422727E+00
 -.750000E-01 -.421308E+00
 -.650000E-01 -.419889E+00
 -.550000E-01 -.418469E+00
 -.450000E-01 -.417047E+00
 -.350000E-01 -.415625E+00
 -.250000E-01 -.414202E+00
 -.150000E-01 -.412778E+00
 -.500000E-02 -.411353E+00
 0.500000E-02 -.409927E+00
 0.150000E-01 -.408500E+00
 0.250000E-01 -.407072E+00
 0.350000E-01 -.405643E+00
 0.450000E-01 -.404214E+00
 0.550000E-01 -.402783E+00
 0.650000E-01 -.401352E+00
 0.750000E-01 -.399919E+00
 0.850000E-01 -.398486E+00
 0.950000E-01 -.397052E+00
 0.105000E+00 -.395616E+00
 0.115000E+00 -.394180E+00
 0.125000E+00 -.392743E+00
 0.135000E+00 -.391306E+00
 0.145000E+00 -.389867E+00
 0.155000E+00 -.388427E+00
 0.165000E+00 -.386987E+00
 0.175000E+00 -.385545E+00
 0.185000E+00 -.384103E+00
 0.195000E+00 -.382660E+00
 0.205000E+00 -.381216E+00
 0.215000E+00 -.379771E+00
 0.225000E+00 -.378326E+00
 0.235000E+00 -.376879E+00
 0.245000E+00 -.375431E+00
 0.255000E+00 -.373983E+00
 0.265000E+00 -.372534E+00
 0.275000E+00 -.371084E+00
 0.285000E+00 -.369633E+00
 0.295000E+00 -.368181E+00
 0.305000E+00 -.366729E+00
 0.315000E+00 -.365276E+00
 0.325000E+00 -.363821E+00
 0.335000E+00 -.362366E+00
 0.345000E+00 -.360910E+00
 0.355000E+00 -.359454E+00
 0.365000E+00 -.357996E+00
 0.375000E+00 -.356538E+00
 0.385000E+00 -.355079E+00
 0.395000E+00 -.353619E+00
 0.405000E+00 -.352158E+00
 0.415000E+00 -.350696E+00
 0.425000E+00 -.349234E+00
 0.435000E+00 -.347771E+00
 0.445000E+00 -.346307E+00
 0.455000E+00 -.344842E+00
 0.465000E+00 -.343376E+00
 0.475000E+00 -.341910E+00
 0.485000E+00 -.340443E+00
 0.495000E+00 -.338975E+00
 0.505000E+00 -.337506E+00
 0.515000E+00 -.336037E+00
 0.525000E+00 -.334567E+00
 0.535000E+00 -.333095E+00
 0.545000E+00 -.331624E+00
 0.555000E+00 -.330151E+00
 0.565000E+00 -.328678E+00
 0.575000E+00 -.327204E+00
 0.585000E+00 -.325729E+00
 0.595000E+00 -.324253E+00
 0.605000E+00 -.322777E+00
 0.615000E+00 -.321300E+00
 0.625000E+00 -.319822E+00
 0.635000E+00 -.318344E+00
 0.645000E+00 -.316864E+00
 0.655000E+00 -.315384E+00
 0.665000E+00 -.313903E+00
 0.675000E+00 -.312422E+00
 0.685000E+00 -.310940E+00
 0.695000E+00 -.309457E+00
 0.705000E+00 -.307973E+00
 0.715000E+00 -.306489E+00
 0.725000E+00 -.305004E+00
 0.735000E+00 -.303518E+00
 0.745000E+00 -.302032E+00
 0.755000E+00 -.300544E+00
 0.765000E+00 -.299056E+00
 0.775000E+00 -.297568E+00
 0.785000E+00 -.296079E+00
 0.795000E+00 -.294589E+00
 0.805000E+00 -.293098E+00
 0.815000E+00 -.291607E+00
 0.825000E+00 -.290115E+00
 0.835000E+00 -.288622E+00
 0.845000E+00 -.287129E+00
 0.855000E+00 -.285635E+00
 0.865000E+00 -.284140E+00
 0.875000E+00 -.282644E+00
 0.885000E+00 -.281148E+00
 0.895000E+00 -.279652E+00
 0.905000E+00 -.278906E+00
 0.915000E+00 -.278912E+00
 0.925000E+00 -.278918E+00
 0.935000E+00 -.278922E+00
 0.945000E+00 -.278926E+00
 0.955000E+00 -.278930E+00
 0.965000E+00 -.278932E+00
 0.975000E+00 -.278934E+00
 0.985000E+00 -.278935E+00
 0.995000E+00 -.278935E+00








































































































































































































 -.995000E+00 -.997284E+00
 -.985000E+00 -.996551E+00
 -.975000E+00 -.995730E+00
 -.965000E+00 -.994822E+00
 -.955000E+00 -.993827E+00
 -.945000E+00 -.992746E+00
 -.935000E+00 -.991579E+00
 -.925000E+00 -.990327E+00
 -.915000E+00 -.988988E+00
 -.905000E+00 -.987565E+00
 -.895000E+00 -.986515E+00
 -.885000E+00 -.985889E+00
 -.875000E+00 -.985250E+00
 -.865000E+00 -.984596E+00
 -.855000E+00 -.983929E+00
 -.845000E+00 -.983247E+00
 -.835000E+00 -.982552E+00
 -.825000E+00 -.981843E+00
 -.815000E+00 -.981119E+00
 -.805000E+00 -.980382E+00
 -.795000E+00 -.979630E+00
 -.785000E+00 -.978865E+00
 -.775000E+00 -.978086E+00
 -.765000E+00 -.977293E+00
 -.755000E+00 -.976486E+00
 -.745000E+00 -.975665E+00
 -.735000E+00 -.974830E+00
 -.725000E+00 -.973982E+00
 -.715000E+00 -.973119E+00
 -.705000E+00 -.972243E+00
 -.695000E+00 -.971353E+00
 -.685000E+00 -.970449E+00
 -.675000E+00 -.969531E+00
 -.665000E+00 -.968600E+00
 -.655000E+00 -.967655E+00
 -.645000E+00 -.966696E+00
 -.635000E+00 -.965723E+00
 -.625000E+00 -.964737E+00
 -.615000E+00 -.963737E+00
 -.605000E+00 -.962724E+00
 -.595000E+00 -.961696E+00
 -.585000E+00 -.960655E+00
 -.575000E+00 -.959601E+00
 -.565000E+00 -.958533E+00
 -.555000E+00 -.957451E+00
 -.545000E+00 -.956356E+00
 -.535000E+00 -.955247E+00
 -.525000E+00 -.954125E+00
 -.515000E+00 -.952989E+00
 -.505000E+00 -.951840E+00
 -.495000E+00 -.950677E+00
 -.485000E+00 -.949501E+00
 -.475000E+00 -.948311E+00
 -.465000E+00 -.947108E+00
 -.455000E+00 -.945891E+00
 -.445000E+00 -.944661E+00
 -.435000E+00 -.943418E+00
 -.425000E+00 -.942162E+00
 -.415000E+00 -.940892E+00
 -.405000E+00 -.939609E+00
 -.395000E+00 -.938312E+00
 -.385000E+00 -.937002E+00
 -.375000E+00 -.935680E+00
 -.365000E+00 -.934343E+00
 -.355000E+00 -.932994E+00
 -.345000E+00 -.931632E+00
 -.335000E+00 -.930256E+00
 -.325000E+00 -.928867E+00
 -.315000E+00 -.927465E+00
 -.305000E+00 -.926050E+00
 -.295000E+00 -.924622E+00
 -.285000E+00 -.923181E+00
 -.275000E+00 -.921727E+00
 -.265000E+00 -.920260E+00
 -.255000E+00 -.918780E+00
 -.245000E+00 -.917287E+00
 -.235000E+00 -.915781E+00
 -.225000E+00 -.914262E+00
 -.215000E+00 -.912731E+00
 -.205000E+00 -.911186E+00
 -.195000E+00 -.909629E+00
 -.185000E+00 -.908058E+00
 -.175000E+00 -.906475E+00
 -.165000E+00 -.904880E+00
 -.155000E+00 -.903271E+00
 -.145000E+00 -.901650E+00
 -.135000E+00 -.900016E+00
 -.125000E+00 -.898370E+00
 -.115000E+00 -.896711E+00
 -.105000E+00 -.895039E+00
 -.950000E-01 -.893354E+00
 -.850000E-01 -.891658E+00
 -.750000E-01 -.889948E+00
 -.650000E-01 -.888226E+00
 -.550000E-01 -.886492E+00
 -.450000E-01 -.884745E+00
 -.350000E-01 -.882985E+00
 -.250000E-01 -.881214E+00
 -.150000E-01 -.879430E+00
 -.500000E-02 -.877633E+00
 0.500000E-02 -.875824E+00
 0.150000E-01 -.874003E+00
 0.250000E-01 -.872170E+00
 0.350000E-01 -.870324E+00
 0.450000E-01 -.868467E+00
 0.550000E-01 -.866597E+00
 0.650000E-01 -.864715E+00
 0.750000E-01 -.862820E+00
 0.850000E-01 -.860914E+00
 0.950000E-01 -.858996E+00
 0.105000E+00 -.857065E+00
 0.115000E+00 -.855123E+00
 0.125000E+00 -.853168E+00
 0.135000E+00 -.851202E+00
 0.145000E+00 -.849223E+00
 0.155000E+00 -.847233E+00
 0.165000E+00 -.845231E+00
 0.175000E+00 -.843217E+00
 0.185000E+00 -.841191E+00
 0.195000E+00 -.839154E+00
 0.205000E+00 -.837104E+00
 0.215000E+00 -.835043E+00
 0.225000E+00 -.832970E+00
 0.235000E+00 -.830886E+00
 0.245000E+00 -.828790E+00
 0.255000E+00 -.826682E+00
 0.265000E+00 -.824563E+00
 0.275000E+00 -.822432E+00
 0.285000E+00 -.820290E+00
 0.295000E+00 -.818136E+00
 0.305000E+00 -.815971E+00
 0.315000E+00 -.813795E+00
 0.325000E+00 -.811607E+00
 0.335000E+00 -.809407E+00
 0.345000E+00 -.807197E+00
 0.355000E+00 -.804975E+00
 0.365000E+00 -.802742E+00
 0.375000E+00 -.800497E+00
 0.385000E+00 -.798242E+00
 0.395000E+00 -.795975E+00
 0.405000E+00 -.793697E+00
 0.415000E+00 -.791408E+00
 0.425000E+00 -.789108E+00
 0.435000E+00 -.786797E+00
 0.445000E+00 -.784475E+00
 0.455000E+00 -.782142E+00
 0.465000E+00 -.779798E+00
 0.475000E+00 -.777443E+00
 0.485000E+00 -.775077E+00
 0.495000E+00 -.772701E+00
 0.505000E+00 -.770313E+00
 0.515000E+00 -.767915E+00
 0.525000E+00 -.765507E+00
 0.535000E+00 -.763087E+00
 0.545000E+00 -.760657E+00
 0.555000E+00 -.758216E+00
 0.565000E+00 -.755765E+00
 0.575000E+00 -.753303E+00
 0.585000E+00 -.750830E+00
 0.595000E+00 -.748347E+00
 0.605000E+00 -.745854E+00
 0.615000E+00 -.743350E+00
 0.625000E+00 -.740836E+00
 0.635000E+00 -.738312E+00
 0.645000E+00 -.735777E+00
 0.655000E+00 -.733232E+00
 0.665000E+00 -.730676E+00
 0.675000E+00 -.728111E+00
 0.685000E+00 -.725535E+00
 0.695000E+00 -.722950E+00
 0.705000E+00 -.720354E+00
 0.715000E+00 -.717748E+00
 0.725000E+00 -.715132E+00
 0.735000E+00 -.712506E+00
 0.745000E+00 -.709870E+00
 0.755000E+00 -.707224E+00
 0.765000E+00 -.704568E+00
 0.775000E+00 -.701903E+00
 0.785000E+00 -.699228E+00
 0.795000E+00 -.696543E+00
 0.805000E+00 -.693848E+00
 0.815000E+00 -.691143E+00
 0.825000E+00 -.688429E+00
 0.835000E+00 -.685706E+00
 0.845000E+00 -.682972E+00
 0.855000E+00 -.680230E+00
 0.865000E+00 -.677477E+00
 0.875000E+00 -.674716E+00
 0.885000E+00 -.671944E+00
 0.895000E+00 -.669164E+00
 0.905000E+00 -.667771E+00
 0.915000E+00 -.667772E+00
 0.925000E+00 -.667774E+00
 0.935000E+00 -.667775E+00
 0.945000E+00 -.667776E+00
 0.955000E+00 -.667776E+00
 0.965000E+00 -.667777E+00
 0.975000E+00 -.667777E+00
 0.985000E+00 -.667778E+00
 0.995000E+00 -.667778E+00








































































































































































































 -.995000E+00 -.102079E+00
 -.985000E+00 -.105893E+00
 -.975000E+00 -.109696E+00
 -.965000E+00 -.113485E+00
 -.955000E+00 -.117262E+00
 -.945000E+00 -.121025E+00
 -.935000E+00 -.124775E+00
 -.925000E+00 -.128510E+00
 -.915000E+00 -.132230E+00
 -.905000E+00 -.135935E+00
 -.895000E+00 -.139446E+00
 -.885000E+00 -.142770E+00
 -.875000E+00 -.146087E+00
 -.865000E+00 -.149397E+00
 -.855000E+00 -.152699E+00
 -.845000E+00 -.155994E+00
 -.835000E+00 -.159280E+00
 -.825000E+00 -.162559E+00
 -.815000E+00 -.165830E+00
 -.805000E+00 -.169092E+00
 -.795000E+00 -.172346E+00
 -.785000E+00 -.175592E+00
 -.775000E+00 -.178829E+00
 -.765000E+00 -.182056E+00
 -.755000E+00 -.185275E+00
 -.745000E+00 -.188484E+00
 -.735000E+00 -.191684E+00
 -.725000E+00 -.194874E+00
 -.715000E+00 -.198054E+00
 -.705000E+00 -.201225E+00
 -.695000E+00 -.204385E+00
 -.685000E+00 -.207535E+00
 -.675000E+00 -.210675E+00
 -.665000E+00 -.213804E+00
 -.655000E+00 -.216922E+00
 -.645000E+00 -.220029E+00
 -.635000E+00 -.223126E+00
 -.625000E+00 -.226211E+00
 -.615000E+00 -.229284E+00
 -.605000E+00 -.232346E+00
 -.595000E+00 -.235396E+00
 -.585000E+00 -.238435E+00
 -.575000E+00 -.241461E+00
 -.565000E+00 -.244475E+00
 -.555000E+00 -.247477E+00
 -.545000E+00 -.250466E+00
 -.535000E+00 -.253443E+00
 -.525000E+00 -.256406E+00
 -.515000E+00 -.259357E+00
 -.505000E+00 -.262295E+00
 -.495000E+00 -.265219E+00
 -.485000E+00 -.268130E+00
 -.475000E+00 -.271027E+00
 -.465000E+00 -.273911E+00
 -.455000E+00 -.276780E+00
 -.445000E+00 -.279636E+00
 -.435000E+00 -.282477E+00
 -.425000E+00 -.285304E+00
 -.415000E+00 -.288117E+00
 -.405000E+00 -.290915E+00
 -.395000E+00 -.293698E+00
 -.385000E+00 -.296466E+00
 -.375000E+00 -.299220E+00
 -.365000E+00 -.301957E+00
 -.355000E+00 -.304680E+00
 -.345000E+00 -.307387E+00
 -.335000E+00 -.310079E+00
 -.325000E+00 -.312755E+00
 -.315000E+00 -.315414E+00
 -.305000E+00 -.318058E+00
 -.295000E+00 -.320686E+00
 -.285000E+00 -.323297E+00
 -.275000E+00 -.325892E+00
 -.265000E+00 -.328470E+00
 -.255000E+00 -.331031E+00
 -.245000E+00 -.333576E+00
 -.235000E+00 -.336104E+00
 -.225000E+00 -.338614E+00
 -.215000E+00 -.341107E+00
 -.205000E+00 -.343583E+00
 -.195000E+00 -.346042E+00
 -.185000E+00 -.348482E+00
 -.175000E+00 -.350905E+00
 -.165000E+00 -.353310E+00
 -.155000E+00 -.355697E+00
 -.145000E+00 -.358066E+00
 -.135000E+00 -.360417E+00
 -.125000E+00 -.362749E+00
 -.115000E+00 -.365063E+00
 -.105000E+00 -.367358E+00
 -.950000E-01 -.369634E+00
 -.850000E-01 -.371891E+00
 -.750000E-01 -.374130E+00
 -.650000E-01 -.376349E+00
 -.550000E-01 -.378549E+00
 -.450000E-01 -.380730E+00
 -.350000E-01 -.382891E+00
 -.250000E-01 -.385033E+00
 -.150000E-01 -.387155E+00
 -.500000E-02 -.389258E+00
 0.500000E-02 -.391340E+00
 0.150000E-01 -.393403E+00
 0.250000E-01 -.395445E+00
 0.350000E-01 -.397467E+00
 0.450000E-01 -.399469E+00
 0.550000E-01 -.401451E+00
 0.650000E-01 -.403411E+00
 0.750000E-01 -.405352E+00
 0.850000E-01 -.407271E+00
 0.950000E-01 -.409170E+00
 0.105000E+00 -.411048E+00
 0.115000E+00 -.412905E+00
 0.125000E+00 -.414741E+00
 0.135000E+00 -.416555E+00
 0.145000E+00 -.418348E+00
 0.155000E+00 -.420120E+00
 0.165000E+00 -.421870E+00
 0.175000E+00 -.423599E+00
 0.185000E+00 -.425306E+00
 0.195000E+00 -.426992E+00
 0.205000E+00 -.428655E+00
 0.215000E+00 -.430297E+00
 0.225000E+00 -.431916E+00
 0.235000E+00 -.433514E+00
 0.245000E+00 -.435089E+00
 0.255000E+00 -.436642E+00
 0.265000E+00 -.438173E+00
 0.275000E+00 -.439681E+00
 0.285000E+00 -.441167E+00
 0.295000E+00 -.442630E+00
 0.305000E+00 -.444070E+00
 0.315000E+00 -.445488E+00
 0.325000E+00 -.446883E+00
 0.335000E+00 -.448255E+00
 0.345000E+00 -.449605E+00
 0.355000E+00 -.450931E+00
 0.365000E+00 -.452234E+00
 0.375000E+00 -.453514E+00
 0.385000E+00 -.454771E+00
 0.395000E+00 -.456004E+00
 0.405000E+00 -.457214E+00
 0.415000E+00 -.458401E+00
 0.425000E+00 -.459564E+00
 0.435000E+00 -.460704E+00
 0.445000E+00 -.461820E+00
 0.455000E+00 -.462913E+00
 0.465000E+00 -.463982E+00
 0.475000E+00 -.465027E+00
 0.485000E+00 -.466048E+00
 0.495000E+00 -.467046E+00
 0.505000E+00 -.468019E+00
 0.515000E+00 -.468969E+00
 0.525000E+00 -.469895E+00
 0.535000E+00 -.470796E+00
 0.545000E+00 -.471674E+00
 0.555000E+00 -.472527E+00
 0.565000E+00 -.473356E+00
 0.575000E+00 -.474161E+00
 0.585000E+00 -.474942E+00
 0.595000E+00 -.475698E+00
 0.605000E+00 -.476430E+00
 0.615000E+00 -.477138E+00
 0.625000E+00 -.477821E+00
 0.635000E+00 -.478480E+00
 0.645000E+00 -.479114E+00
 0.655000E+00 -.479724E+00
 0.665000E+00 -.480309E+00
 0.675000E+00 -.480869E+00
 0.685000E+00 -.481405E+00
 0.695000E+00 -.481917E+00
 0.705000E+00 -.482403E+00
 0.715000E+00 -.482865E+00
 0.725000E+00 -.483303E+00
 0.735000E+00 -.483715E+00
 0.745000E+00 -.484103E+00
 0.755000E+00 -.484466E+00
 0.765000E+00 -.484804E+00
 0.775000E+00 -.485118E+00
 0.785000E+00 -.485406E+00
 0.795000E+00 -.485670E+00
 0.805000E+00 -.485909E+00
 0.815000E+00 -.486123E+00
 0.825000E+00 -.486312E+00
 0.835000E+00 -.486476E+00
 0.845000E+00 -.486616E+00
 0.855000E+00 -.486730E+00
 0.865000E+00 -.486820E+00
 0.875000E+00 -.486884E+00
 0.885000E+00 -.486924E+00
 0.895000E+00 -.486939E+00
 0.905000E+00 -.486937E+00
 0.915000E+00 -.486937E+00
 0.925000E+00 -.486937E+00
 0.935000E+00 -.486937E+00
 0.945000E+00 -.486937E+00
 0.955000E+00 -.486938E+00
 0.965000E+00 -.486938E+00
 0.975000E+00 -.486938E+00
 0.985000E+00 -.486938E+00
 0.995000E+00 -.486938E+00








































































































































































































 -.995000E+00 0.183079E+00
 -.985000E+00 0.182192E+00
 -.975000E+00 0.181305E+00
 -.965000E+00 0.180419E+00
 -.955000E+00 0.179533E+00
 -.945000E+00 0.178649E+00
 -.935000E+00 0.177765E+00
 -.925000E+00 0.176883E+00
 -.915000E+00 0.176002E+00
 -.905000E+00 0.175122E+00
 -.895000E+00 0.174210E+00
 -.885000E+00 0.173231E+00
 -.875000E+00 0.172210E+00
 -.865000E+00 0.171146E+00
 -.855000E+00 0.170041E+00
 -.845000E+00 0.168894E+00
 -.835000E+00 0.167706E+00
 -.825000E+00 0.166477E+00
 -.815000E+00 0.165207E+00
 -.805000E+00 0.163897E+00
 -.795000E+00 0.162547E+00
 -.785000E+00 0.161157E+00
 -.775000E+00 0.159728E+00
 -.765000E+00 0.158260E+00
 -.755000E+00 0.156753E+00
 -.745000E+00 0.155207E+00
 -.735000E+00 0.153624E+00
 -.725000E+00 0.152003E+00
 -.715000E+00 0.150345E+00
 -.705000E+00 0.148650E+00
 -.695000E+00 0.146918E+00
 -.685000E+00 0.145151E+00
 -.675000E+00 0.143348E+00
 -.665000E+00 0.141510E+00
 -.655000E+00 0.139638E+00
 -.645000E+00 0.137731E+00
 -.635000E+00 0.135790E+00
 -.625000E+00 0.133817E+00
 -.615000E+00 0.131810E+00
 -.605000E+00 0.129771E+00
 -.595000E+00 0.127701E+00
 -.585000E+00 0.125599E+00
 -.575000E+00 0.123466E+00
 -.565000E+00 0.121303E+00
 -.555000E+00 0.119110E+00
 -.545000E+00 0.116888E+00
 -.535000E+00 0.114637E+00
 -.525000E+00 0.112359E+00
 -.515000E+00 0.110052E+00
 -.505000E+00 0.107719E+00
 -.495000E+00 0.105359E+00
 -.485000E+00 0.102973E+00
 -.475000E+00 0.100562E+00
 -.465000E+00 0.981264E-01
 -.455000E+00 0.956665E-01
 -.445000E+00 0.931831E-01
 -.435000E+00 0.906768E-01
 -.425000E+00 0.881482E-01
 -.415000E+00 0.855978E-01
 -.405000E+00 0.830264E-01
 -.395000E+00 0.804345E-01
 -.385000E+00 0.778229E-01
 -.375000E+00 0.751920E-01
 -.365000E+00 0.725425E-01
 -.355000E+00 0.698752E-01
 -.345000E+00 0.671906E-01
 -.335000E+00 0.644894E-01
 -.325000E+00 0.617723E-01
 -.315000E+00 0.590399E-01
 -.305000E+00 0.562928E-01
 -.295000E+00 0.535318E-01
 -.285000E+00 0.507576E-01
 -.275000E+00 0.479707E-01
 -.265000E+00 0.451719E-01
 -.255000E+00 0.423618E-01
 -.245000E+00 0.395412E-01
 -.235000E+00 0.367108E-01
 -.225000E+00 0.338711E-01
 -.215000E+00 0.310230E-01
 -.205000E+00 0.281670E-01
 -.195000E+00 0.253040E-01
 -.185000E+00 0.224345E-01
 -.175000E+00 0.195593E-01
 -.165000E+00 0.166792E-01
 -.155000E+00 0.137947E-01
 -.145000E+00 0.109066E-01
 -.135000E+00 0.801567E-02
 -.125000E+00 0.512251E-02
 -.115000E+00 0.222788E-02
 -.105000E+00 -.667543E-03
 -.950000E-01 -.356303E-02
 -.850000E-01 -.645789E-02
 -.750000E-01 -.935141E-02
 -.650000E-01 -.122429E-01
 -.550000E-01 -.151316E-01
 -.450000E-01 -.180169E-01
 -.350000E-01 -.208980E-01
 -.250000E-01 -.237742E-01
 -.150000E-01 -.266449E-01
 -.500000E-02 -.295093E-01
 0.500000E-02 -.323668E-01
 0.150000E-01 -.352166E-01
 0.250000E-01 -.380580E-01
 0.350000E-01 -.408904E-01
 0.450000E-01 -.437130E-01
 0.550000E-01 -.465252E-01
 0.650000E-01 -.493262E-01
 0.750000E-01 -.521155E-01
 0.850000E-01 -.548923E-01
 0.950000E-01 -.576559E-01
 0.105000E+00 -.604057E-01
 0.115000E+00 -.631409E-01
 0.125000E+00 -.658610E-01
 0.135000E+00 -.685652E-01
 0.145000E+00 -.712529E-01
 0.155000E+00 -.739235E-01
 0.165000E+00 -.765762E-01
 0.175000E+00 -.792105E-01
 0.185000E+00 -.818256E-01
 0.195000E+00 -.844210E-01
 0.205000E+00 -.869960E-01
 0.215000E+00 -.895500E-01
 0.225000E+00 -.920824E-01
 0.235000E+00 -.945925E-01
 0.245000E+00 -.970797E-01
 0.255000E+00 -.995434E-01
 0.265000E+00 -.101983E+00
 0.275000E+00 -.104398E+00
 0.285000E+00 -.106788E+00
 0.295000E+00 -.109151E+00
 0.305000E+00 -.111489E+00
 0.315000E+00 -.113799E+00
 0.325000E+00 -.116082E+00
 0.335000E+00 -.118337E+00
 0.345000E+00 -.120562E+00
 0.355000E+00 -.122759E+00
 0.365000E+00 -.124926E+00
 0.375000E+00 -.127063E+00
 0.385000E+00 -.129168E+00
 0.395000E+00 -.131243E+00
 0.405000E+00 -.133285E+00
 0.415000E+00 -.135296E+00
 0.425000E+00 -.137273E+00
 0.435000E+00 -.139217E+00
 0.445000E+00 -.141127E+00
 0.455000E+00 -.143003E+00
 0.465000E+00 -.144844E+00
 0.475000E+00 -.146650E+00
 0.485000E+00 -.148421E+00
 0.495000E+00 -.150155E+00
 0.505000E+00 -.151853E+00
 0.515000E+00 -.153514E+00
 0.525000E+00 -.155137E+00
 0.535000E+00 -.156723E+00
 0.545000E+00 -.158271E+00
 0.555000E+00 -.159780E+00
 0.565000E+00 -.161250E+00
 0.575000E+00 -.162681E+00
 0.585000E+00 -.164073E+00
 0.595000E+00 -.165424E+00
 0.605000E+00 -.166736E+00
 0.615000E+00 -.168006E+00
 0.625000E+00 -.169236E+00
 0.635000E+00 -.170425E+00
 0.645000E+00 -.171572E+00
 0.655000E+00 -.172678E+00
 0.665000E+00 -.173741E+00
 0.675000E+00 -.174762E+00
 0.685000E+00 -.175741E+00
 0.695000E+00 -.176676E+00
 0.705000E+00 -.177569E+00
 0.715000E+00 -.178419E+00
 0.725000E+00 -.179225E+00
 0.735000E+00 -.179987E+00
 0.745000E+00 -.180705E+00
 0.755000E+00 -.181380E+00
 0.765000E+00 -.182010E+00
 0.775000E+00 -.182596E+00
 0.785000E+00 -.183137E+00
 0.795000E+00 -.183634E+00
 0.805000E+00 -.184086E+00
 0.815000E+00 -.184493E+00
 0.825000E+00 -.184856E+00
 0.835000E+00 -.185173E+00
 0.845000E+00 -.185445E+00
 0.855000E+00 -.185671E+00
 0.865000E+00 -.185853E+00
 0.875000E+00 -.185989E+00
 0.885000E+00 -.186080E+00
 0.895000E+00 -.186125E+00
 0.905000E+00 -.186131E+00
 0.915000E+00 -.186131E+00
 0.925000E+00 -.186131E+00
 0.935000E+00 -.186132E+00
 0.945000E+00 -.186132E+00
 0.955000E+00 -.186132E+00
 0.965000E+00 -.186132E+00
 0.975000E+00 -.186132E+00
 0.985000E+00 -.186132E+00
 0.995000E+00 -.186132E+00








































































































































































































 -.995000E+00 0.104243E-01
 -.985000E+00 0.864909E-02
 -.975000E+00 0.684312E-02
 -.965000E+00 0.520753E-02
 -.955000E+00 0.392450E-02
 -.945000E+00 0.313699E-02
 -.935000E+00 0.293277E-02
 -.925000E+00 0.333463E-02
 -.915000E+00 0.429785E-02
 -.905000E+00 0.571515E-02
 -.895000E+00 0.731139E-02
 -.885000E+00 0.821086E-02
 -.875000E+00 0.819583E-02
 -.865000E+00 0.726790E-02
 -.855000E+00 0.553035E-02
 -.845000E+00 0.317667E-02
 -.835000E+00 0.468981E-03
 -.825000E+00 -.229114E-02
 -.815000E+00 -.479627E-02
 -.805000E+00 -.676734E-02
 -.795000E+00 -.798477E-02
 -.785000E+00 -.831289E-02
 -.775000E+00 -.771510E-02
 -.765000E+00 -.625791E-02
 -.755000E+00 -.410356E-02
 -.745000E+00 -.149198E-02
 -.735000E+00 0.128598E-02
 -.725000E+00 0.392090E-02
 -.715000E+00 0.611928E-02
 -.705000E+00 0.763622E-02
 -.695000E+00 0.830270E-02
 -.685000E+00 0.804443E-02
 -.675000E+00 0.689009E-02
 -.665000E+00 0.496822E-02
 -.655000E+00 0.249281E-02
 -.645000E+00 -.260449E-03
 -.635000E+00 -.298490E-02
 -.625000E+00 -.537707E-02
 -.615000E+00 -.717048E-02
 -.605000E+00 -.816534E-02
 -.595000E+00 -.825076E-02
 -.585000E+00 -.741717E-02
 -.575000E+00 -.575734E-02
 -.565000E+00 -.345611E-02
 -.555000E+00 -.769744E-03
 -.545000E+00 0.200256E-02
 -.535000E+00 0.455200E-02
 -.525000E+00 0.659461E-02
 -.515000E+00 0.790281E-02
 -.505000E+00 0.833085E-02
 -.495000E+00 0.783098E-02
 -.485000E+00 0.645880E-02
 -.475000E+00 0.436711E-02
 -.465000E+00 0.178883E-02
 -.455000E+00 -.988895E-03
 -.445000E+00 -.365667E-02
 -.435000E+00 -.591734E-02
 -.425000E+00 -.751907E-02
 -.415000E+00 -.828339E-02
 -.405000E+00 -.812511E-02
 -.395000E+00 -.706180E-02
 -.385000E+00 -.521182E-02
 -.375000E+00 -.278118E-02
 -.365000E+00 -.405824E-04
 -.355000E+00 0.270474E-02
 -.345000E+00 0.514900E-02
 -.335000E+00 0.701990E-02
 -.325000E+00 0.810903E-02
 -.315000E+00 0.829500E-02
 -.305000E+00 0.755703E-02
 -.295000E+00 0.597726E-02
 -.285000E+00 0.373160E-02
 -.275000E+00 0.107012E-02
 -.265000E+00 -.171075E-02
 -.255000E+00 -.430128E-02
 -.245000E+00 -.641288E-02
 -.235000E+00 -.781034E-02
 -.225000E+00 -.833794E-02
 -.215000E+00 -.793684E-02
 -.205000E+00 -.665166E-02
 -.195000E+00 -.462548E-02
 -.185000E+00 -.208394E-02
 -.175000E+00 0.689908E-03
 -.165000E+00 0.338711E-02
 -.155000E+00 0.570724E-02
 -.145000E+00 0.739183E-02
 -.135000E+00 0.825319E-02
 -.125000E+00 0.819533E-02
 -.115000E+00 0.722462E-02
 -.105000E+00 0.544911E-02
 -.950000E-01 0.306651E-02
 -.850000E-01 0.342180E-03
 -.750000E-01 -.242047E-02
 -.650000E-01 -.491371E-02
 -.550000E-01 -.685982E-02
 -.450000E-01 -.804198E-02
 -.350000E-01 -.832847E-02
 -.250000E-01 -.768729E-02
 -.150000E-01 -.618981E-02
 -.500000E-02 -.400277E-02
 0.500000E-02 -.136971E-02
 0.150000E-01 0.141611E-02
 0.250000E-01 0.404440E-02
 0.350000E-01 0.622239E-02
 0.450000E-01 0.770746E-02
 0.550000E-01 0.833412E-02
 0.650000E-01 0.803253E-02
 0.750000E-01 0.683620E-02
 0.850000E-01 0.487833E-02
 0.950000E-01 0.237693E-02
 0.105000E+00 -.389403E-03
 0.115000E+00 -.311257E-02
 0.125000E+00 -.548924E-02
 0.135000E+00 -.725465E-02
 0.145000E+00 -.821213E-02
 0.155000E+00 -.825496E-02
 0.165000E+00 -.737831E-02
 0.175000E+00 -.567975E-02
 0.185000E+00 -.334842E-02
 0.195000E+00 -.643949E-03
 0.205000E+00 0.213244E-02
 0.215000E+00 0.467152E-02
 0.225000E+00 0.669043E-02
 0.235000E+00 0.796428E-02
 0.245000E+00 0.835110E-02
 0.255000E+00 0.780776E-02
 0.265000E+00 0.639470E-02
 0.275000E+00 0.426925E-02
 0.285000E+00 0.166812E-02
 0.295000E+00 -.111901E-02
 0.305000E+00 -.378171E-02
 0.315000E+00 -.602336E-02
 0.325000E+00 -.759427E-02
 0.335000E+00 -.831939E-02
 0.345000E+00 -.811790E-02
 0.355000E+00 -.701218E-02
 0.365000E+00 -.512531E-02
 0.375000E+00 -.266742E-02
 0.385000E+00 0.877712E-04
 0.395000E+00 0.283338E-02
 0.405000E+00 0.526360E-02
 0.415000E+00 0.710770E-02
 0.425000E+00 0.816023E-02
 0.435000E+00 0.830391E-02
 0.445000E+00 0.752266E-02
 0.455000E+00 0.590342E-02
 0.465000E+00 0.362651E-02
 0.475000E+00 0.945495E-03
 0.485000E+00 -.184104E-02
 0.495000E+00 -.442271E-02
 0.505000E+00 -.651194E-02
 0.515000E+00 -.787598E-02
 0.525000E+00 -.836285E-02
 0.535000E+00 -.791825E-02
 0.545000E+00 -.659163E-02
 0.555000E+00 -.453070E-02
 0.565000E+00 -.196496E-02
 0.575000E+00 0.819836E-03
 0.585000E+00 0.351352E-02
 0.595000E+00 0.581604E-02
 0.605000E+00 0.747091E-02
 0.615000E+00 0.829374E-02
 0.625000E+00 0.819282E-02
 0.635000E+00 0.717933E-02
 0.645000E+00 0.536609E-02
 0.655000E+00 0.295500E-02
 0.665000E+00 0.214595E-03
 0.675000E+00 -.254992E-02
 0.685000E+00 -.503060E-02
 0.695000E+00 -.695114E-02
 0.705000E+00 -.809755E-02
 0.715000E+00 -.834209E-02
 0.725000E+00 -.765745E-02
 0.735000E+00 -.611983E-02
 0.745000E+00 -.390044E-02
 0.755000E+00 -.124642E-02
 0.765000E+00 0.154662E-02
 0.775000E+00 0.416760E-02
 0.785000E+00 0.632455E-02
 0.795000E+00 0.777720E-02
 0.805000E+00 0.836368E-02
 0.815000E+00 0.801860E-02
 0.825000E+00 0.678034E-02
 0.835000E+00 0.478675E-02
 0.845000E+00 0.225984E-02
 0.855000E+00 -.518972E-03
 0.865000E+00 -.324018E-02
 0.875000E+00 -.560068E-02
 0.885000E+00 -.733751E-02
 0.895000E+00 -.825718E-02
 0.905000E+00 -.837460E-02
 0.915000E+00 -.837463E-02
 0.925000E+00 -.837471E-02
 0.935000E+00 -.837481E-02
 0.945000E+00 -.837493E-02
 0.955000E+00 -.837506E-02
 0.965000E+00 -.837518E-02
 0.975000E+00 -.837527E-02
 0.985000E+00 -.837533E-02
 0.995000E+00 -.837535E-02








































































































































































































