 -.995000E+00 0.504919E-02
 -.985000E+00 0.544264E-02
 -.975000E+00 0.523009E-02
 -.965000E+00 0.443511E-02
 -.955000E+00 0.314616E-02
 -.945000E+00 0.150673E-02
 -.935000E+00 -.300615E-03
 -.925000E+00 -.207458E-02
 -.915000E+00 -.361757E-02
 -.905000E+00 -.475772E-02
 -.895000E+00 -.397057E-02
 -.885000E+00 -.134358E-02
 -.875000E+00 0.143327E-02
 -.865000E+00 0.405067E-02
 -.855000E+00 0.621708E-02
 -.845000E+00 0.769114E-02
 -.835000E+00 0.830863E-02
 -.825000E+00 0.800070E-02
 -.815000E+00 0.680158E-02
 -.805000E+00 0.484477E-02
 -.795000E+00 0.234817E-02
 -.785000E+00 -.410161E-03
 -.775000E+00 -.312301E-02
 -.765000E+00 -.548820E-02
 -.755000E+00 -.724225E-02
 -.745000E+00 -.818974E-02
 -.735000E+00 -.822508E-02
 -.725000E+00 -.734426E-02
 -.715000E+00 -.564533E-02
 -.705000E+00 -.331746E-02
 -.695000E+00 -.619903E-03
 -.685000E+00 0.214690E-02
 -.675000E+00 0.467477E-02
 -.665000E+00 0.668213E-02
 -.655000E+00 0.794533E-02
 -.645000E+00 0.832363E-02
 -.635000E+00 0.777481E-02
 -.625000E+00 0.635995E-02
 -.615000E+00 0.423658E-02
 -.605000E+00 0.164115E-02
 -.595000E+00 -.113727E-02
 -.585000E+00 -.378921E-02
 -.575000E+00 -.601929E-02
 -.565000E+00 -.757906E-02
 -.555000E+00 -.829474E-02
 -.545000E+00 -.808656E-02
 -.535000E+00 -.697763E-02
 -.525000E+00 -.509141E-02
 -.515000E+00 -.263794E-02
 -.505000E+00 0.109545E-03
 -.495000E+00 0.284503E-02
 -.485000E+00 0.526381E-02
 -.475000E+00 0.709646E-02
 -.465000E+00 0.813880E-02
 -.455000E+00 0.827466E-02
 -.445000E+00 0.748885E-02
 -.435000E+00 0.586882E-02
 -.425000E+00 0.359498E-02
 -.415000E+00 0.920532E-03
 -.405000E+00 -.185664E-02
 -.395000E+00 -.442722E-02
 -.385000E+00 -.650485E-02
 -.375000E+00 -.785808E-02
 -.365000E+00 -.833613E-02
 -.355000E+00 -.788569E-02
 -.345000E+00 -.655686E-02
 -.335000E+00 -.449758E-02
 -.325000E+00 -.193719E-02
 -.315000E+00 0.839168E-03
 -.305000E+00 0.352226E-02
 -.295000E+00 0.581321E-02
 -.285000E+00 0.745682E-02
 -.275000E+00 0.826997E-02
 -.265000E+00 0.816201E-02
 -.255000E+00 0.714491E-02
 -.245000E+00 0.533190E-02
 -.235000E+00 0.292485E-02
 -.225000E+00 0.191832E-03
 -.215000E+00 -.256275E-02
 -.205000E+00 -.503208E-02
 -.195000E+00 -.694109E-02
 -.185000E+00 -.807709E-02
 -.175000E+00 -.831350E-02
 -.165000E+00 -.762392E-02
 -.155000E+00 -.608509E-02
 -.145000E+00 -.386836E-02
 -.135000E+00 -.122057E-02
 -.125000E+00 0.156336E-02
 -.115000E+00 0.417336E-02
 -.105000E+00 0.631869E-02
 -.950000E-01 0.776037E-02
 -.850000E-01 0.833776E-02
 -.750000E-01 0.798647E-02
 -.650000E-01 0.674558E-02
 -.550000E-01 0.475324E-02
 -.450000E-01 0.223130E-02
 -.350000E-01 -.539358E-03
 -.250000E-01 -.325014E-02
 -.150000E-01 -.559910E-02
 -.500000E-02 -.732458E-02
 0.500000E-02 -.823432E-02
 0.150000E-01 -.822694E-02
 0.250000E-01 -.730319E-02
 0.350000E-01 -.556590E-02
 0.450000E-01 -.320852E-02
 0.550000E-01 -.493577E-03
 0.650000E-01 0.227654E-02
 0.750000E-01 0.479328E-02
 0.850000E-01 0.677630E-02
 0.950000E-01 0.800469E-02
 0.105000E+00 0.834155E-02
 0.115000E+00 0.774930E-02
 0.125000E+00 0.629384E-02
 0.135000E+00 0.413723E-02
 0.145000E+00 0.151963E-02
 0.155000E+00 -.126742E-02
 0.165000E+00 -.391351E-02
 0.175000E+00 -.612388E-02
 0.185000E+00 -.765230E-02
 0.195000E+00 -.832847E-02
 0.205000E+00 -.807701E-02
 0.215000E+00 -.692587E-02
 0.225000E+00 -.500319E-02
 0.235000E+00 -.252309E-02
 0.245000E+00 0.238227E-03
 0.255000E+00 0.297321E-02
 0.265000E+00 0.537723E-02
 0.275000E+00 0.718247E-02
 0.285000E+00 0.818781E-02
 0.295000E+00 0.828122E-02
 0.305000E+00 0.745222E-02
 0.315000E+00 0.579309E-02
 0.325000E+00 0.348857E-02
 0.335000E+00 0.795296E-03
 0.345000E+00 -.198676E-02
 0.355000E+00 -.454772E-02
 0.365000E+00 -.660231E-02
 0.375000E+00 -.792165E-02
 0.385000E+00 -.835873E-02
 0.395000E+00 -.786479E-02
 0.405000E+00 -.649478E-02
 0.415000E+00 -.440125E-02
 0.425000E+00 -.181732E-02
 0.435000E+00 0.969220E-03
 0.445000E+00 0.364801E-02
 0.455000E+00 0.592065E-02
 0.465000E+00 0.753398E-02
 0.475000E+00 0.830825E-02
 0.485000E+00 0.815716E-02
 0.495000E+00 0.709745E-02
 0.505000E+00 0.524711E-02
 0.515000E+00 0.281218E-02
 0.525000E+00 0.638348E-04
 0.535000E+00 -.269182E-02
 0.545000E+00 -.514785E-02
 0.555000E+00 -.703066E-02
 0.565000E+00 -.813049E-02
 0.575000E+00 -.832478E-02
 0.585000E+00 -.759181E-02
 0.595000E+00 -.601317E-02
 0.605000E+00 -.376463E-02
 0.615000E+00 -.109659E-02
 0.625000E+00 0.169378E-02
 0.635000E+00 0.429570E-02
 0.645000E+00 0.641932E-02
 0.655000E+00 0.782808E-02
 0.665000E+00 0.836500E-02
 0.675000E+00 0.797022E-02
 0.685000E+00 0.668763E-02
 0.695000E+00 0.466004E-02
 0.705000E+00 0.211324E-02
 0.715000E+00 -.669136E-03
 0.725000E+00 -.337718E-02
 0.735000E+00 -.570925E-02
 0.745000E+00 -.740557E-02
 0.755000E+00 -.827712E-02
 0.765000E+00 -.822679E-02
 0.775000E+00 -.726010E-02
 0.785000E+00 -.548467E-02
 0.795000E+00 -.309818E-02
 0.805000E+00 -.366434E-03
 0.815000E+00 0.240633E-02
 0.825000E+00 0.491127E-02
 0.835000E+00 0.686934E-02
 0.845000E+00 0.806241E-02
 0.855000E+00 0.835753E-02
 0.865000E+00 0.772175E-02
 0.875000E+00 0.622583E-02
 0.885000E+00 0.403633E-02
 0.895000E+00 0.139707E-02
 0.905000E+00 -.433875E-06
 0.915000E+00 -.417353E-06
 0.925000E+00 -.385674E-06
 0.935000E+00 -.342367E-06
 0.945000E+00 -.292256E-06
 0.955000E+00 -.240925E-06
 0.965000E+00 -.194093E-06
 0.975000E+00 -.156976E-06
 0.985000E+00 -.133711E-06
 0.995000E+00 -.126889E-06








































































































































































































 -.995000E+00 0.609522E-01
 -.985000E+00 0.609154E-01
 -.975000E+00 0.608657E-01
 -.965000E+00 0.608031E-01
 -.955000E+00 0.607274E-01
 -.945000E+00 0.606388E-01
 -.935000E+00 0.605373E-01
 -.925000E+00 0.604228E-01
 -.915000E+00 0.602953E-01
 -.905000E+00 0.601550E-01
 -.895000E+00 0.614433E-01
 -.885000E+00 0.641587E-01
 -.875000E+00 0.668587E-01
 -.865000E+00 0.695427E-01
 -.855000E+00 0.722098E-01
 -.845000E+00 0.748596E-01
 -.835000E+00 0.774913E-01
 -.825000E+00 0.801043E-01
 -.815000E+00 0.826979E-01
 -.805000E+00 0.852716E-01
 -.795000E+00 0.878247E-01
 -.785000E+00 0.903566E-01
 -.775000E+00 0.928666E-01
 -.765000E+00 0.953542E-01
 -.755000E+00 0.978187E-01
 -.745000E+00 0.100260E+00
 -.735000E+00 0.102676E+00
 -.725000E+00 0.105068E+00
 -.715000E+00 0.107434E+00
 -.705000E+00 0.109774E+00
 -.695000E+00 0.112088E+00
 -.685000E+00 0.114375E+00
 -.675000E+00 0.116633E+00
 -.665000E+00 0.118864E+00
 -.655000E+00 0.121066E+00
 -.645000E+00 0.123238E+00
 -.635000E+00 0.125381E+00
 -.625000E+00 0.127493E+00
 -.615000E+00 0.129574E+00
 -.605000E+00 0.131623E+00
 -.595000E+00 0.133641E+00
 -.585000E+00 0.135627E+00
 -.575000E+00 0.137579E+00
 -.565000E+00 0.139498E+00
 -.555000E+00 0.141383E+00
 -.545000E+00 0.143234E+00
 -.535000E+00 0.145050E+00
 -.525000E+00 0.146831E+00
 -.515000E+00 0.148576E+00
 -.505000E+00 0.150285E+00
 -.495000E+00 0.151958E+00
 -.485000E+00 0.153593E+00
 -.475000E+00 0.155192E+00
 -.465000E+00 0.156752E+00
 -.455000E+00 0.158275E+00
 -.445000E+00 0.159759E+00
 -.435000E+00 0.161204E+00
 -.425000E+00 0.162610E+00
 -.415000E+00 0.163976E+00
 -.405000E+00 0.165303E+00
 -.395000E+00 0.166589E+00
 -.385000E+00 0.167835E+00
 -.375000E+00 0.169040E+00
 -.365000E+00 0.170204E+00
 -.355000E+00 0.171326E+00
 -.345000E+00 0.172407E+00
 -.335000E+00 0.173446E+00
 -.325000E+00 0.174442E+00
 -.315000E+00 0.175396E+00
 -.305000E+00 0.176308E+00
 -.295000E+00 0.177176E+00
 -.285000E+00 0.178001E+00
 -.275000E+00 0.178783E+00
 -.265000E+00 0.179522E+00
 -.255000E+00 0.180217E+00
 -.245000E+00 0.180867E+00
 -.235000E+00 0.181474E+00
 -.225000E+00 0.182037E+00
 -.215000E+00 0.182555E+00
 -.205000E+00 0.183029E+00
 -.195000E+00 0.183458E+00
 -.185000E+00 0.183842E+00
 -.175000E+00 0.184182E+00
 -.165000E+00 0.184477E+00
 -.155000E+00 0.184726E+00
 -.145000E+00 0.184931E+00
 -.135000E+00 0.185091E+00
 -.125000E+00 0.185205E+00
 -.115000E+00 0.185274E+00
 -.105000E+00 0.185299E+00
 -.950000E-01 0.185277E+00
 -.850000E-01 0.185211E+00
 -.750000E-01 0.185100E+00
 -.650000E-01 0.184943E+00
 -.550000E-01 0.184741E+00
 -.450000E-01 0.184495E+00
 -.350000E-01 0.184203E+00
 -.250000E-01 0.183866E+00
 -.150000E-01 0.183484E+00
 -.500000E-02 0.183058E+00
 0.500000E-02 0.182587E+00
 0.150000E-01 0.182071E+00
 0.250000E-01 0.181511E+00
 0.350000E-01 0.180906E+00
 0.450000E-01 0.180258E+00
 0.550000E-01 0.179565E+00
 0.650000E-01 0.178828E+00
 0.750000E-01 0.178048E+00
 0.850000E-01 0.177224E+00
 0.950000E-01 0.176357E+00
 0.105000E+00 0.175447E+00
 0.115000E+00 0.174494E+00
 0.125000E+00 0.173498E+00
 0.135000E+00 0.172460E+00
 0.145000E+00 0.171380E+00
 0.155000E+00 0.170258E+00
 0.165000E+00 0.169094E+00
 0.175000E+00 0.167889E+00
 0.185000E+00 0.166643E+00
 0.195000E+00 0.165356E+00
 0.205000E+00 0.164029E+00
 0.215000E+00 0.162661E+00
 0.225000E+00 0.161254E+00
 0.235000E+00 0.159807E+00
 0.245000E+00 0.158321E+00
 0.255000E+00 0.156797E+00
 0.265000E+00 0.155234E+00
 0.275000E+00 0.153633E+00
 0.285000E+00 0.151994E+00
 0.295000E+00 0.150319E+00
 0.305000E+00 0.148606E+00
 0.315000E+00 0.146857E+00
 0.325000E+00 0.145072E+00
 0.335000E+00 0.143252E+00
 0.345000E+00 0.141396E+00
 0.355000E+00 0.139506E+00
 0.365000E+00 0.137582E+00
 0.375000E+00 0.135623E+00
 0.385000E+00 0.133632E+00
 0.395000E+00 0.131608E+00
 0.405000E+00 0.129552E+00
 0.415000E+00 0.127464E+00
 0.425000E+00 0.125344E+00
 0.435000E+00 0.123194E+00
 0.445000E+00 0.121014E+00
 0.455000E+00 0.118804E+00
 0.465000E+00 0.116564E+00
 0.475000E+00 0.114297E+00
 0.485000E+00 0.112001E+00
 0.495000E+00 0.109677E+00
 0.505000E+00 0.107327E+00
 0.515000E+00 0.104950E+00
 0.525000E+00 0.102548E+00
 0.535000E+00 0.100120E+00
 0.545000E+00 0.976679E-01
 0.555000E+00 0.951916E-01
 0.565000E+00 0.926919E-01
 0.575000E+00 0.901694E-01
 0.585000E+00 0.876247E-01
 0.595000E+00 0.850585E-01
 0.605000E+00 0.824713E-01
 0.615000E+00 0.798637E-01
 0.625000E+00 0.772365E-01
 0.635000E+00 0.745903E-01
 0.645000E+00 0.719256E-01
 0.655000E+00 0.692432E-01
 0.665000E+00 0.665437E-01
 0.675000E+00 0.638278E-01
 0.685000E+00 0.610961E-01
 0.695000E+00 0.583493E-01
 0.705000E+00 0.555880E-01
 0.715000E+00 0.528130E-01
 0.725000E+00 0.500249E-01
 0.735000E+00 0.472244E-01
 0.745000E+00 0.444121E-01
 0.755000E+00 0.415888E-01
 0.765000E+00 0.387552E-01
 0.775000E+00 0.359118E-01
 0.785000E+00 0.330595E-01
 0.795000E+00 0.301990E-01
 0.805000E+00 0.273308E-01
 0.815000E+00 0.244558E-01
 0.825000E+00 0.215746E-01
 0.835000E+00 0.186879E-01
 0.845000E+00 0.157964E-01
 0.855000E+00 0.129009E-01
 0.865000E+00 0.100020E-01
 0.875000E+00 0.710047E-02
 0.885000E+00 0.419697E-02
 0.895000E+00 0.129224E-02
 0.905000E+00 -.160377E-03
 0.915000E+00 -.160387E-03
 0.925000E+00 -.160397E-03
 0.935000E+00 -.160405E-03
 0.945000E+00 -.160412E-03
 0.955000E+00 -.160417E-03
 0.965000E+00 -.160422E-03
 0.975000E+00 -.160425E-03
 0.985000E+00 -.160427E-03
 0.995000E+00 -.160428E-03








































































































































































































 -.995000E+00 0.492072E+00
 -.985000E+00 0.489179E+00
 -.975000E+00 0.486249E+00
 -.965000E+00 0.483280E+00
 -.955000E+00 0.480274E+00
 -.945000E+00 0.477231E+00
 -.935000E+00 0.474149E+00
 -.925000E+00 0.471030E+00
 -.915000E+00 0.467872E+00
 -.905000E+00 0.464677E+00
 -.895000E+00 0.462576E+00
 -.885000E+00 0.461578E+00
 -.875000E+00 0.460557E+00
 -.865000E+00 0.459512E+00
 -.855000E+00 0.458443E+00
 -.845000E+00 0.457351E+00
 -.835000E+00 0.456235E+00
 -.825000E+00 0.455096E+00
 -.815000E+00 0.453933E+00
 -.805000E+00 0.452747E+00
 -.795000E+00 0.451538E+00
 -.785000E+00 0.450305E+00
 -.775000E+00 0.449049E+00
 -.765000E+00 0.447770E+00
 -.755000E+00 0.446468E+00
 -.745000E+00 0.445143E+00
 -.735000E+00 0.443795E+00
 -.725000E+00 0.442424E+00
 -.715000E+00 0.441030E+00
 -.705000E+00 0.439613E+00
 -.695000E+00 0.438174E+00
 -.685000E+00 0.436712E+00
 -.675000E+00 0.435228E+00
 -.665000E+00 0.433721E+00
 -.655000E+00 0.432192E+00
 -.645000E+00 0.430641E+00
 -.635000E+00 0.429067E+00
 -.625000E+00 0.427471E+00
 -.615000E+00 0.425854E+00
 -.605000E+00 0.424214E+00
 -.595000E+00 0.422552E+00
 -.585000E+00 0.420869E+00
 -.575000E+00 0.419163E+00
 -.565000E+00 0.417436E+00
 -.555000E+00 0.415688E+00
 -.545000E+00 0.413918E+00
 -.535000E+00 0.412127E+00
 -.525000E+00 0.410314E+00
 -.515000E+00 0.408481E+00
 -.505000E+00 0.406626E+00
 -.495000E+00 0.404750E+00
 -.485000E+00 0.402853E+00
 -.475000E+00 0.400936E+00
 -.465000E+00 0.398998E+00
 -.455000E+00 0.397039E+00
 -.445000E+00 0.395060E+00
 -.435000E+00 0.393060E+00
 -.425000E+00 0.391040E+00
 -.415000E+00 0.388999E+00
 -.405000E+00 0.386939E+00
 -.395000E+00 0.384859E+00
 -.385000E+00 0.382758E+00
 -.375000E+00 0.380638E+00
 -.365000E+00 0.378499E+00
 -.355000E+00 0.376339E+00
 -.345000E+00 0.374161E+00
 -.335000E+00 0.371962E+00
 -.325000E+00 0.369745E+00
 -.315000E+00 0.367509E+00
 -.305000E+00 0.365253E+00
 -.295000E+00 0.362979E+00
 -.285000E+00 0.360686E+00
 -.275000E+00 0.358374E+00
 -.265000E+00 0.356044E+00
 -.255000E+00 0.353695E+00
 -.245000E+00 0.351328E+00
 -.235000E+00 0.348943E+00
 -.225000E+00 0.346540E+00
 -.215000E+00 0.344119E+00
 -.205000E+00 0.341680E+00
 -.195000E+00 0.339223E+00
 -.185000E+00 0.336749E+00
 -.175000E+00 0.334257E+00
 -.165000E+00 0.331748E+00
 -.155000E+00 0.329222E+00
 -.145000E+00 0.326679E+00
 -.135000E+00 0.324119E+00
 -.125000E+00 0.321542E+00
 -.115000E+00 0.318949E+00
 -.105000E+00 0.316339E+00
 -.950000E-01 0.313713E+00
 -.850000E-01 0.311070E+00
 -.750000E-01 0.308411E+00
 -.650000E-01 0.305737E+00
 -.550000E-01 0.303046E+00
 -.450000E-01 0.300340E+00
 -.350000E-01 0.297618E+00
 -.250000E-01 0.294881E+00
 -.150000E-01 0.292129E+00
 -.500000E-02 0.289361E+00
 0.500000E-02 0.286579E+00
 0.150000E-01 0.283781E+00
 0.250000E-01 0.280969E+00
 0.350000E-01 0.278143E+00
 0.450000E-01 0.275302E+00
 0.550000E-01 0.272446E+00
 0.650000E-01 0.269577E+00
 0.750000E-01 0.266693E+00
 0.850000E-01 0.263796E+00
 0.950000E-01 0.260885E+00
 0.105000E+00 0.257961E+00
 0.115000E+00 0.255023E+00
 0.125000E+00 0.252072E+00
 0.135000E+00 0.249108E+00
 0.145000E+00 0.246131E+00
 0.155000E+00 0.243141E+00
 0.165000E+00 0.240139E+00
 0.175000E+00 0.237124E+00
 0.185000E+00 0.234097E+00
 0.195000E+00 0.231058E+00
 0.205000E+00 0.228007E+00
 0.215000E+00 0.224944E+00
 0.225000E+00 0.221869E+00
 0.235000E+00 0.218783E+00
 0.245000E+00 0.215685E+00
 0.255000E+00 0.212576E+00
 0.265000E+00 0.209456E+00
 0.275000E+00 0.206326E+00
 0.285000E+00 0.203184E+00
 0.295000E+00 0.200032E+00
 0.305000E+00 0.196870E+00
 0.315000E+00 0.193697E+00
 0.325000E+00 0.190515E+00
 0.335000E+00 0.187322E+00
 0.345000E+00 0.184120E+00
 0.355000E+00 0.180908E+00
 0.365000E+00 0.177687E+00
 0.375000E+00 0.174456E+00
 0.385000E+00 0.171217E+00
 0.395000E+00 0.167968E+00
 0.405000E+00 0.164711E+00
 0.415000E+00 0.161445E+00
 0.425000E+00 0.158171E+00
 0.435000E+00 0.154888E+00
 0.445000E+00 0.151598E+00
 0.455000E+00 0.148300E+00
 0.465000E+00 0.144993E+00
 0.475000E+00 0.141680E+00
 0.485000E+00 0.138359E+00
 0.495000E+00 0.135030E+00
 0.505000E+00 0.131695E+00
 0.515000E+00 0.128353E+00
 0.525000E+00 0.125004E+00
 0.535000E+00 0.121648E+00
 0.545000E+00 0.118287E+00
 0.555000E+00 0.114919E+00
 0.565000E+00 0.111545E+00
 0.575000E+00 0.108165E+00
 0.585000E+00 0.104779E+00
 0.595000E+00 0.101388E+00
 0.605000E+00 0.979919E-01
 0.615000E+00 0.945905E-01
 0.625000E+00 0.911840E-01
 0.635000E+00 0.877728E-01
 0.645000E+00 0.843569E-01
 0.655000E+00 0.809366E-01
 0.665000E+00 0.775120E-01
 0.675000E+00 0.740834E-01
 0.685000E+00 0.706508E-01
 0.695000E+00 0.672145E-01
 0.705000E+00 0.637746E-01
 0.715000E+00 0.603313E-01
 0.725000E+00 0.568848E-01
 0.735000E+00 0.534352E-01
 0.745000E+00 0.499828E-01
 0.755000E+00 0.465277E-01
 0.765000E+00 0.430702E-01
 0.775000E+00 0.396102E-01
 0.785000E+00 0.361482E-01
 0.795000E+00 0.326841E-01
 0.805000E+00 0.292183E-01
 0.815000E+00 0.257508E-01
 0.825000E+00 0.222819E-01
 0.835000E+00 0.188117E-01
 0.845000E+00 0.153404E-01
 0.855000E+00 0.118682E-01
 0.865000E+00 0.839533E-02
 0.875000E+00 0.492186E-02
 0.885000E+00 0.144802E-02
 0.895000E+00 -.202603E-02
 0.905000E+00 -.376325E-02
 0.915000E+00 -.376353E-02
 0.925000E+00 -.376379E-02
 0.935000E+00 -.376401E-02
 0.945000E+00 -.376419E-02
 0.955000E+00 -.376435E-02
 0.965000E+00 -.376446E-02
 0.975000E+00 -.376455E-02
 0.985000E+00 -.376460E-02
 0.995000E+00 -.376462E-02








































































































































































































 -.995000E+00 -.734879E-01
 -.985000E+00 -.828428E-01
 -.975000E+00 -.921856E-01
 -.965000E+00 -.101515E+00
 -.955000E+00 -.110829E+00
 -.945000E+00 -.120128E+00
 -.935000E+00 -.129409E+00
 -.925000E+00 -.138671E+00
 -.915000E+00 -.147913E+00
 -.905000E+00 -.157135E+00
 -.895000E+00 -.163602E+00
 -.885000E+00 -.167329E+00
 -.875000E+00 -.171054E+00
 -.865000E+00 -.174776E+00
 -.855000E+00 -.178495E+00
 -.845000E+00 -.182212E+00
 -.835000E+00 -.185926E+00
 -.825000E+00 -.189637E+00
 -.815000E+00 -.193345E+00
 -.805000E+00 -.197050E+00
 -.795000E+00 -.200752E+00
 -.785000E+00 -.204451E+00
 -.775000E+00 -.208147E+00
 -.765000E+00 -.211839E+00
 -.755000E+00 -.215529E+00
 -.745000E+00 -.219215E+00
 -.735000E+00 -.222898E+00
 -.725000E+00 -.226577E+00
 -.715000E+00 -.230253E+00
 -.705000E+00 -.233925E+00
 -.695000E+00 -.237594E+00
 -.685000E+00 -.241260E+00
 -.675000E+00 -.244921E+00
 -.665000E+00 -.248579E+00
 -.655000E+00 -.252234E+00
 -.645000E+00 -.255884E+00
 -.635000E+00 -.259531E+00
 -.625000E+00 -.263173E+00
 -.615000E+00 -.266812E+00
 -.605000E+00 -.270447E+00
 -.595000E+00 -.274077E+00
 -.585000E+00 -.277704E+00
 -.575000E+00 -.281326E+00
 -.565000E+00 -.284944E+00
 -.555000E+00 -.288558E+00
 -.545000E+00 -.292168E+00
 -.535000E+00 -.295773E+00
 -.525000E+00 -.299374E+00
 -.515000E+00 -.302970E+00
 -.505000E+00 -.306562E+00
 -.495000E+00 -.310149E+00
 -.485000E+00 -.313732E+00
 -.475000E+00 -.317310E+00
 -.465000E+00 -.320883E+00
 -.455000E+00 -.324451E+00
 -.445000E+00 -.328015E+00
 -.435000E+00 -.331574E+00
 -.425000E+00 -.335128E+00
 -.415000E+00 -.338677E+00
 -.405000E+00 -.342221E+00
 -.395000E+00 -.345760E+00
 -.385000E+00 -.349293E+00
 -.375000E+00 -.352822E+00
 -.365000E+00 -.356345E+00
 -.355000E+00 -.359863E+00
 -.345000E+00 -.363376E+00
 -.335000E+00 -.366884E+00
 -.325000E+00 -.370386E+00
 -.315000E+00 -.373882E+00
 -.305000E+00 -.377373E+00
 -.295000E+00 -.380859E+00
 -.285000E+00 -.384339E+00
 -.275000E+00 -.387813E+00
 -.265000E+00 -.391282E+00
 -.255000E+00 -.394745E+00
 -.245000E+00 -.398202E+00
 -.235000E+00 -.401653E+00
 -.225000E+00 -.405098E+00
 -.215000E+00 -.408538E+00
 -.205000E+00 -.411971E+00
 -.195000E+00 -.415399E+00
 -.185000E+00 -.418820E+00
 -.175000E+00 -.422235E+00
 -.165000E+00 -.425645E+00
 -.155000E+00 -.429047E+00
 -.145000E+00 -.432444E+00
 -.135000E+00 -.435834E+00
 -.125000E+00 -.439218E+00
 -.115000E+00 -.442596E+00
 -.105000E+00 -.445967E+00
 -.950000E-01 -.449332E+00
 -.850000E-01 -.452690E+00
 -.750000E-01 -.456041E+00
 -.650000E-01 -.459386E+00
 -.550000E-01 -.462724E+00
 -.450000E-01 -.466056E+00
 -.350000E-01 -.469380E+00
 -.250000E-01 -.472698E+00
 -.150000E-01 -.476009E+00
 -.500000E-02 -.479314E+00
 0.500000E-02 -.482611E+00
 0.150000E-01 -.485901E+00
 0.250000E-01 -.489184E+00
 0.350000E-01 -.492460E+00
 0.450000E-01 -.495729E+00
 0.550000E-01 -.498991E+00
 0.650000E-01 -.502245E+00
 0.750000E-01 -.505493E+00
 0.850000E-01 -.508733E+00
 0.950000E-01 -.511965E+00
 0.105000E+00 -.515191E+00
 0.115000E+00 -.518409E+00
 0.125000E+00 -.521619E+00
 0.135000E+00 -.524822E+00
 0.145000E+00 -.528017E+00
 0.155000E+00 -.531205E+00
 0.165000E+00 -.534385E+00
 0.175000E+00 -.537557E+00
 0.185000E+00 -.540722E+00
 0.195000E+00 -.543879E+00
 0.205000E+00 -.547028E+00
 0.215000E+00 -.550169E+00
 0.225000E+00 -.553302E+00
 0.235000E+00 -.556427E+00
 0.245000E+00 -.559544E+00
 0.255000E+00 -.562654E+00
 0.265000E+00 -.565755E+00
 0.275000E+00 -.568848E+00
 0.285000E+00 -.571933E+00
 0.295000E+00 -.575009E+00
 0.305000E+00 -.578078E+00
 0.315000E+00 -.581138E+00
 0.325000E+00 -.584190E+00
 0.335000E+00 -.587233E+00
 0.345000E+00 -.590268E+00
 0.355000E+00 -.593295E+00
 0.365000E+00 -.596313E+00
 0.375000E+00 -.599323E+00
 0.385000E+00 -.602324E+00
 0.395000E+00 -.605316E+00
 0.405000E+00 -.608300E+00
 0.415000E+00 -.611275E+00
 0.425000E+00 -.614241E+00
 0.435000E+00 -.617199E+00
 0.445000E+00 -.620148E+00
 0.455000E+00 -.623088E+00
 0.465000E+00 -.626019E+00
 0.475000E+00 -.628941E+00
 0.485000E+00 -.631854E+00
 0.495000E+00 -.634758E+00
 0.505000E+00 -.637653E+00
 0.515000E+00 -.640539E+00
 0.525000E+00 -.643416E+00
 0.535000E+00 -.646284E+00
 0.545000E+00 -.649142E+00
 0.555000E+00 -.651992E+00
 0.565000E+00 -.654832E+00
 0.575000E+00 -.657662E+00
 0.585000E+00 -.660484E+00
 0.595000E+00 -.663296E+00
 0.605000E+00 -.666098E+00
 0.615000E+00 -.668891E+00
 0.625000E+00 -.671675E+00
 0.635000E+00 -.674449E+00
 0.645000E+00 -.677213E+00
 0.655000E+00 -.679968E+00
 0.665000E+00 -.682713E+00
 0.675000E+00 -.685449E+00
 0.685000E+00 -.688174E+00
 0.695000E+00 -.690890E+00
 0.705000E+00 -.693597E+00
 0.715000E+00 -.696293E+00
 0.725000E+00 -.698979E+00
 0.735000E+00 -.701656E+00
 0.745000E+00 -.704323E+00
 0.755000E+00 -.706979E+00
 0.765000E+00 -.709626E+00
 0.775000E+00 -.712263E+00
 0.785000E+00 -.714889E+00
 0.795000E+00 -.717506E+00
 0.805000E+00 -.720112E+00
 0.815000E+00 -.722708E+00
 0.825000E+00 -.725294E+00
 0.835000E+00 -.727869E+00
 0.845000E+00 -.730435E+00
 0.855000E+00 -.732990E+00
 0.865000E+00 -.735534E+00
 0.875000E+00 -.738069E+00
 0.885000E+00 -.740592E+00
 0.895000E+00 -.743106E+00
 0.905000E+00 -.744358E+00
 0.915000E+00 -.744357E+00
 0.925000E+00 -.744355E+00
 0.935000E+00 -.744354E+00
 0.945000E+00 -.744354E+00
 0.955000E+00 -.744353E+00
 0.965000E+00 -.744352E+00
 0.975000E+00 -.744352E+00
 0.985000E+00 -.744352E+00
 0.995000E+00 -.744352E+00








































































































































































































 -.995000E+00 -.820318E+00
 -.985000E+00 -.823044E+00
 -.975000E+00 -.825738E+00
 -.965000E+00 -.828400E+00
 -.955000E+00 -.831031E+00
 -.945000E+00 -.833632E+00
 -.935000E+00 -.836201E+00
 -.925000E+00 -.838739E+00
 -.915000E+00 -.841247E+00
 -.905000E+00 -.843725E+00
 -.895000E+00 -.845373E+00
 -.885000E+00 -.846213E+00
 -.875000E+00 -.847050E+00
 -.865000E+00 -.847885E+00
 -.855000E+00 -.848717E+00
 -.845000E+00 -.849548E+00
 -.835000E+00 -.850377E+00
 -.825000E+00 -.851203E+00
 -.815000E+00 -.852027E+00
 -.805000E+00 -.852849E+00
 -.795000E+00 -.853669E+00
 -.785000E+00 -.854486E+00
 -.775000E+00 -.855302E+00
 -.765000E+00 -.856115E+00
 -.755000E+00 -.856926E+00
 -.745000E+00 -.857735E+00
 -.735000E+00 -.858542E+00
 -.725000E+00 -.859346E+00
 -.715000E+00 -.860149E+00
 -.705000E+00 -.860949E+00
 -.695000E+00 -.861747E+00
 -.685000E+00 -.862543E+00
 -.675000E+00 -.863336E+00
 -.665000E+00 -.864128E+00
 -.655000E+00 -.864917E+00
 -.645000E+00 -.865704E+00
 -.635000E+00 -.866489E+00
 -.625000E+00 -.867272E+00
 -.615000E+00 -.868052E+00
 -.605000E+00 -.868830E+00
 -.595000E+00 -.869607E+00
 -.585000E+00 -.870380E+00
 -.575000E+00 -.871152E+00
 -.565000E+00 -.871922E+00
 -.555000E+00 -.872689E+00
 -.545000E+00 -.873454E+00
 -.535000E+00 -.874217E+00
 -.525000E+00 -.874978E+00
 -.515000E+00 -.875736E+00
 -.505000E+00 -.876492E+00
 -.495000E+00 -.877246E+00
 -.485000E+00 -.877998E+00
 -.475000E+00 -.878748E+00
 -.465000E+00 -.879495E+00
 -.455000E+00 -.880241E+00
 -.445000E+00 -.880984E+00
 -.435000E+00 -.881724E+00
 -.425000E+00 -.882463E+00
 -.415000E+00 -.883199E+00
 -.405000E+00 -.883933E+00
 -.395000E+00 -.884665E+00
 -.385000E+00 -.885395E+00
 -.375000E+00 -.886123E+00
 -.365000E+00 -.886848E+00
 -.355000E+00 -.887571E+00
 -.345000E+00 -.888292E+00
 -.335000E+00 -.889010E+00
 -.325000E+00 -.889727E+00
 -.315000E+00 -.890441E+00
 -.305000E+00 -.891153E+00
 -.295000E+00 -.891862E+00
 -.285000E+00 -.892570E+00
 -.275000E+00 -.893275E+00
 -.265000E+00 -.893978E+00
 -.255000E+00 -.894678E+00
 -.245000E+00 -.895377E+00
 -.235000E+00 -.896073E+00
 -.225000E+00 -.896767E+00
 -.215000E+00 -.897459E+00
 -.205000E+00 -.898149E+00
 -.195000E+00 -.898836E+00
 -.185000E+00 -.899521E+00
 -.175000E+00 -.900204E+00
 -.165000E+00 -.900884E+00
 -.155000E+00 -.901563E+00
 -.145000E+00 -.902239E+00
 -.135000E+00 -.902912E+00
 -.125000E+00 -.903584E+00
 -.115000E+00 -.904253E+00
 -.105000E+00 -.904920E+00
 -.950000E-01 -.905585E+00
 -.850000E-01 -.906248E+00
 -.750000E-01 -.906908E+00
 -.650000E-01 -.907566E+00
 -.550000E-01 -.908222E+00
 -.450000E-01 -.908875E+00
 -.350000E-01 -.909527E+00
 -.250000E-01 -.910176E+00
 -.150000E-01 -.910823E+00
 -.500000E-02 -.911467E+00
 0.500000E-02 -.912109E+00
 0.150000E-01 -.912749E+00
 0.250000E-01 -.913387E+00
 0.350000E-01 -.914022E+00
 0.450000E-01 -.914656E+00
 0.550000E-01 -.915287E+00
 0.650000E-01 -.915915E+00
 0.750000E-01 -.916542E+00
 0.850000E-01 -.917166E+00
 0.950000E-01 -.917788E+00
 0.105000E+00 -.918407E+00
 0.115000E+00 -.919024E+00
 0.125000E+00 -.919639E+00
 0.135000E+00 -.920252E+00
 0.145000E+00 -.920863E+00
 0.155000E+00 -.921471E+00
 0.165000E+00 -.922077E+00
 0.175000E+00 -.922680E+00
 0.185000E+00 -.923282E+00
 0.195000E+00 -.923881E+00
 0.205000E+00 -.924478E+00
 0.215000E+00 -.925072E+00
 0.225000E+00 -.925664E+00
 0.235000E+00 -.926254E+00
 0.245000E+00 -.926842E+00
 0.255000E+00 -.927427E+00
 0.265000E+00 -.928010E+00
 0.275000E+00 -.928591E+00
 0.285000E+00 -.929170E+00
 0.295000E+00 -.929746E+00
 0.305000E+00 -.930320E+00
 0.315000E+00 -.930892E+00
 0.325000E+00 -.931461E+00
 0.335000E+00 -.932028E+00
 0.345000E+00 -.932593E+00
 0.355000E+00 -.933155E+00
 0.365000E+00 -.933715E+00
 0.375000E+00 -.934273E+00
 0.385000E+00 -.934829E+00
 0.395000E+00 -.935382E+00
 0.405000E+00 -.935933E+00
 0.415000E+00 -.936482E+00
 0.425000E+00 -.937028E+00
 0.435000E+00 -.937572E+00
 0.445000E+00 -.938114E+00
 0.455000E+00 -.938653E+00
 0.465000E+00 -.939190E+00
 0.475000E+00 -.939725E+00
 0.485000E+00 -.940258E+00
 0.495000E+00 -.940788E+00
 0.505000E+00 -.941316E+00
 0.515000E+00 -.941842E+00
 0.525000E+00 -.942365E+00
 0.535000E+00 -.942886E+00
 0.545000E+00 -.943405E+00
 0.555000E+00 -.943921E+00
 0.565000E+00 -.944435E+00
 0.575000E+00 -.944947E+00
 0.585000E+00 -.945456E+00
 0.595000E+00 -.945963E+00
 0.605000E+00 -.946468E+00
 0.615000E+00 -.946971E+00
 0.625000E+00 -.947471E+00
 0.635000E+00 -.947969E+00
 0.645000E+00 -.948464E+00
 0.655000E+00 -.948957E+00
 0.665000E+00 -.949448E+00
 0.675000E+00 -.949937E+00
 0.685000E+00 -.950423E+00
 0.695000E+00 -.950907E+00
 0.705000E+00 -.951389E+00
 0.715000E+00 -.951868E+00
 0.725000E+00 -.952345E+00
 0.735000E+00 -.952819E+00
 0.745000E+00 -.953292E+00
 0.755000E+00 -.953762E+00
 0.765000E+00 -.954229E+00
 0.775000E+00 -.954694E+00
 0.785000E+00 -.955157E+00
 0.795000E+00 -.955618E+00
 0.805000E+00 -.956076E+00
 0.815000E+00 -.956532E+00
 0.825000E+00 -.956986E+00
 0.835000E+00 -.957437E+00
 0.845000E+00 -.957886E+00
 0.855000E+00 -.958333E+00
 0.865000E+00 -.958777E+00
 0.875000E+00 -.959219E+00
 0.885000E+00 -.959658E+00
 0.895000E+00 -.960096E+00
 0.905000E+00 -.960312E+00
 0.915000E+00 -.960311E+00
 0.925000E+00 -.960309E+00
 0.935000E+00 -.960308E+00
 0.945000E+00 -.960307E+00
 0.955000E+00 -.960306E+00
 0.965000E+00 -.960305E+00
 0.975000E+00 -.960304E+00
 0.985000E+00 -.960304E+00
 0.995000E+00 -.960304E+00








































































































































































































 -.995000E+00 -.831134E+00
 -.985000E+00 -.832390E+00
 -.975000E+00 -.833643E+00
 -.965000E+00 -.834892E+00
 -.955000E+00 -.836139E+00
 -.945000E+00 -.837383E+00
 -.935000E+00 -.838623E+00
 -.925000E+00 -.839861E+00
 -.915000E+00 -.841095E+00
 -.905000E+00 -.842327E+00
 -.895000E+00 -.843149E+00
 -.885000E+00 -.843565E+00
 -.875000E+00 -.843981E+00
 -.865000E+00 -.844398E+00
 -.855000E+00 -.844814E+00
 -.845000E+00 -.845231E+00
 -.835000E+00 -.845648E+00
 -.825000E+00 -.846065E+00
 -.815000E+00 -.846482E+00
 -.805000E+00 -.846899E+00
 -.795000E+00 -.847317E+00
 -.785000E+00 -.847735E+00
 -.775000E+00 -.848153E+00
 -.765000E+00 -.848571E+00
 -.755000E+00 -.848989E+00
 -.745000E+00 -.849407E+00
 -.735000E+00 -.849826E+00
 -.725000E+00 -.850245E+00
 -.715000E+00 -.850664E+00
 -.705000E+00 -.851083E+00
 -.695000E+00 -.851502E+00
 -.685000E+00 -.851922E+00
 -.675000E+00 -.852342E+00
 -.665000E+00 -.852762E+00
 -.655000E+00 -.853182E+00
 -.645000E+00 -.853602E+00
 -.635000E+00 -.854022E+00
 -.625000E+00 -.854443E+00
 -.615000E+00 -.854864E+00
 -.605000E+00 -.855285E+00
 -.595000E+00 -.855706E+00
 -.585000E+00 -.856127E+00
 -.575000E+00 -.856549E+00
 -.565000E+00 -.856971E+00
 -.555000E+00 -.857392E+00
 -.545000E+00 -.857815E+00
 -.535000E+00 -.858237E+00
 -.525000E+00 -.858659E+00
 -.515000E+00 -.859082E+00
 -.505000E+00 -.859505E+00
 -.495000E+00 -.859928E+00
 -.485000E+00 -.860351E+00
 -.475000E+00 -.860774E+00
 -.465000E+00 -.861198E+00
 -.455000E+00 -.861621E+00
 -.445000E+00 -.862045E+00
 -.435000E+00 -.862469E+00
 -.425000E+00 -.862894E+00
 -.415000E+00 -.863318E+00
 -.405000E+00 -.863743E+00
 -.395000E+00 -.864168E+00
 -.385000E+00 -.864593E+00
 -.375000E+00 -.865018E+00
 -.365000E+00 -.865443E+00
 -.355000E+00 -.865869E+00
 -.345000E+00 -.866294E+00
 -.335000E+00 -.866720E+00
 -.325000E+00 -.867146E+00
 -.315000E+00 -.867573E+00
 -.305000E+00 -.867999E+00
 -.295000E+00 -.868426E+00
 -.285000E+00 -.868853E+00
 -.275000E+00 -.869280E+00
 -.265000E+00 -.869707E+00
 -.255000E+00 -.870134E+00
 -.245000E+00 -.870562E+00
 -.235000E+00 -.870990E+00
 -.225000E+00 -.871418E+00
 -.215000E+00 -.871846E+00
 -.205000E+00 -.872274E+00
 -.195000E+00 -.872703E+00
 -.185000E+00 -.873131E+00
 -.175000E+00 -.873560E+00
 -.165000E+00 -.873989E+00
 -.155000E+00 -.874419E+00
 -.145000E+00 -.874848E+00
 -.135000E+00 -.875278E+00
 -.125000E+00 -.875708E+00
 -.115000E+00 -.876138E+00
 -.105000E+00 -.876568E+00
 -.950000E-01 -.876998E+00
 -.850000E-01 -.877429E+00
 -.750000E-01 -.877860E+00
 -.650000E-01 -.878291E+00
 -.550000E-01 -.878722E+00
 -.450000E-01 -.879153E+00
 -.350000E-01 -.879585E+00
 -.250000E-01 -.880016E+00
 -.150000E-01 -.880448E+00
 -.500000E-02 -.880881E+00
 0.500000E-02 -.881313E+00
 0.150000E-01 -.881745E+00
 0.250000E-01 -.882178E+00
 0.350000E-01 -.882611E+00
 0.450000E-01 -.883044E+00
 0.550000E-01 -.883477E+00
 0.650000E-01 -.883911E+00
 0.750000E-01 -.884344E+00
 0.850000E-01 -.884778E+00
 0.950000E-01 -.885212E+00
 0.105000E+00 -.885646E+00
 0.115000E+00 -.886081E+00
 0.125000E+00 -.886515E+00
 0.135000E+00 -.886950E+00
 0.145000E+00 -.887385E+00
 0.155000E+00 -.887820E+00
 0.165000E+00 -.888256E+00
 0.175000E+00 -.888691E+00
 0.185000E+00 -.889127E+00
 0.195000E+00 -.889563E+00
 0.205000E+00 -.889999E+00
 0.215000E+00 -.890435E+00
 0.225000E+00 -.890872E+00
 0.235000E+00 -.891309E+00
 0.245000E+00 -.891745E+00
 0.255000E+00 -.892183E+00
 0.265000E+00 -.892620E+00
 0.275000E+00 -.893057E+00
 0.285000E+00 -.893495E+00
 0.295000E+00 -.893933E+00
 0.305000E+00 -.894371E+00
 0.315000E+00 -.894809E+00
 0.325000E+00 -.895248E+00
 0.335000E+00 -.895686E+00
 0.345000E+00 -.896125E+00
 0.355000E+00 -.896564E+00
 0.365000E+00 -.897004E+00
 0.375000E+00 -.897443E+00
 0.385000E+00 -.897883E+00
 0.395000E+00 -.898323E+00
 0.405000E+00 -.898763E+00
 0.415000E+00 -.899203E+00
 0.425000E+00 -.899643E+00
 0.435000E+00 -.900084E+00
 0.445000E+00 -.900525E+00
 0.455000E+00 -.900966E+00
 0.465000E+00 -.901407E+00
 0.475000E+00 -.901848E+00
 0.485000E+00 -.902290E+00
 0.495000E+00 -.902732E+00
 0.505000E+00 -.903174E+00
 0.515000E+00 -.903616E+00
 0.525000E+00 -.904059E+00
 0.535000E+00 -.904501E+00
 0.545000E+00 -.904944E+00
 0.555000E+00 -.905387E+00
 0.565000E+00 -.905830E+00
 0.575000E+00 -.906274E+00
 0.585000E+00 -.906717E+00
 0.595000E+00 -.907161E+00
 0.605000E+00 -.907605E+00
 0.615000E+00 -.908049E+00
 0.625000E+00 -.908494E+00
 0.635000E+00 -.908938E+00
 0.645000E+00 -.909383E+00
 0.655000E+00 -.909828E+00
 0.665000E+00 -.910273E+00
 0.675000E+00 -.910719E+00
 0.685000E+00 -.911164E+00
 0.695000E+00 -.911610E+00
 0.705000E+00 -.912056E+00
 0.715000E+00 -.912502E+00
 0.725000E+00 -.912949E+00
 0.735000E+00 -.913395E+00
 0.745000E+00 -.913842E+00
 0.755000E+00 -.914289E+00
 0.765000E+00 -.914736E+00
 0.775000E+00 -.915184E+00
 0.785000E+00 -.915631E+00
 0.795000E+00 -.916079E+00
 0.805000E+00 -.916527E+00
 0.815000E+00 -.916976E+00
 0.825000E+00 -.917424E+00
 0.835000E+00 -.917873E+00
 0.845000E+00 -.918322E+00
 0.855000E+00 -.918771E+00
 0.865000E+00 -.919220E+00
 0.875000E+00 -.919669E+00
 0.885000E+00 -.920119E+00
 0.895000E+00 -.920569E+00
 0.905000E+00 -.920805E+00
 0.915000E+00 -.920825E+00
 0.925000E+00 -.920843E+00
 0.935000E+00 -.920859E+00
 0.945000E+00 -.920872E+00
 0.955000E+00 -.920883E+00
 0.965000E+00 -.920891E+00
 0.975000E+00 -.920898E+00
 0.985000E+00 -.920901E+00
 0.995000E+00 -.920902E+00








































































































































































































 -.995000E+00 -.820318E+00
 -.985000E+00 -.823044E+00
 -.975000E+00 -.825738E+00
 -.965000E+00 -.828400E+00
 -.955000E+00 -.831031E+00
 -.945000E+00 -.833632E+00
 -.935000E+00 -.836201E+00
 -.925000E+00 -.838739E+00
 -.915000E+00 -.841247E+00
 -.905000E+00 -.843725E+00
 -.895000E+00 -.845373E+00
 -.885000E+00 -.846213E+00
 -.875000E+00 -.847050E+00
 -.865000E+00 -.847885E+00
 -.855000E+00 -.848717E+00
 -.845000E+00 -.849548E+00
 -.835000E+00 -.850377E+00
 -.825000E+00 -.851203E+00
 -.815000E+00 -.852027E+00
 -.805000E+00 -.852849E+00
 -.795000E+00 -.853669E+00
 -.785000E+00 -.854486E+00
 -.775000E+00 -.855302E+00
 -.765000E+00 -.856115E+00
 -.755000E+00 -.856926E+00
 -.745000E+00 -.857735E+00
 -.735000E+00 -.858542E+00
 -.725000E+00 -.859346E+00
 -.715000E+00 -.860149E+00
 -.705000E+00 -.860949E+00
 -.695000E+00 -.861747E+00
 -.685000E+00 -.862543E+00
 -.675000E+00 -.863336E+00
 -.665000E+00 -.864128E+00
 -.655000E+00 -.864917E+00
 -.645000E+00 -.865704E+00
 -.635000E+00 -.866489E+00
 -.625000E+00 -.867272E+00
 -.615000E+00 -.868052E+00
 -.605000E+00 -.868830E+00
 -.595000E+00 -.869607E+00
 -.585000E+00 -.870380E+00
 -.575000E+00 -.871152E+00
 -.565000E+00 -.871922E+00
 -.555000E+00 -.872689E+00
 -.545000E+00 -.873454E+00
 -.535000E+00 -.874217E+00
 -.525000E+00 -.874978E+00
 -.515000E+00 -.875736E+00
 -.505000E+00 -.876492E+00
 -.495000E+00 -.877246E+00
 -.485000E+00 -.877998E+00
 -.475000E+00 -.878748E+00
 -.465000E+00 -.879495E+00
 -.455000E+00 -.880241E+00
 -.445000E+00 -.880984E+00
 -.435000E+00 -.881724E+00
 -.425000E+00 -.882463E+00
 -.415000E+00 -.883199E+00
 -.405000E+00 -.883933E+00
 -.395000E+00 -.884665E+00
 -.385000E+00 -.885395E+00
 -.375000E+00 -.886123E+00
 -.365000E+00 -.886848E+00
 -.355000E+00 -.887571E+00
 -.345000E+00 -.888292E+00
 -.335000E+00 -.889010E+00
 -.325000E+00 -.889727E+00
 -.315000E+00 -.890441E+00
 -.305000E+00 -.891153E+00
 -.295000E+00 -.891862E+00
 -.285000E+00 -.892570E+00
 -.275000E+00 -.893275E+00
 -.265000E+00 -.893978E+00
 -.255000E+00 -.894678E+00
 -.245000E+00 -.895377E+00
 -.235000E+00 -.896073E+00
 -.225000E+00 -.896767E+00
 -.215000E+00 -.897459E+00
 -.205000E+00 -.898149E+00
 -.195000E+00 -.898836E+00
 -.185000E+00 -.899521E+00
 -.175000E+00 -.900204E+00
 -.165000E+00 -.900884E+00
 -.155000E+00 -.901563E+00
 -.145000E+00 -.902239E+00
 -.135000E+00 -.902912E+00
 -.125000E+00 -.903584E+00
 -.115000E+00 -.904253E+00
 -.105000E+00 -.904920E+00
 -.950000E-01 -.905585E+00
 -.850000E-01 -.906248E+00
 -.750000E-01 -.906908E+00
 -.650000E-01 -.907566E+00
 -.550000E-01 -.908222E+00
 -.450000E-01 -.908875E+00
 -.350000E-01 -.909527E+00
 -.250000E-01 -.910176E+00
 -.150000E-01 -.910823E+00
 -.500000E-02 -.911467E+00
 0.500000E-02 -.912109E+00
 0.150000E-01 -.912749E+00
 0.250000E-01 -.913387E+00
 0.350000E-01 -.914022E+00
 0.450000E-01 -.914656E+00
 0.550000E-01 -.915287E+00
 0.650000E-01 -.915915E+00
 0.750000E-01 -.916542E+00
 0.850000E-01 -.917166E+00
 0.950000E-01 -.917788E+00
 0.105000E+00 -.918407E+00
 0.115000E+00 -.919024E+00
 0.125000E+00 -.919639E+00
 0.135000E+00 -.920252E+00
 0.145000E+00 -.920863E+00
 0.155000E+00 -.921471E+00
 0.165000E+00 -.922077E+00
 0.175000E+00 -.922680E+00
 0.185000E+00 -.923282E+00
 0.195000E+00 -.923881E+00
 0.205000E+00 -.924478E+00
 0.215000E+00 -.925072E+00
 0.225000E+00 -.925664E+00
 0.235000E+00 -.926254E+00
 0.245000E+00 -.926842E+00
 0.255000E+00 -.927427E+00
 0.265000E+00 -.928010E+00
 0.275000E+00 -.928591E+00
 0.285000E+00 -.929170E+00
 0.295000E+00 -.929746E+00
 0.305000E+00 -.930320E+00
 0.315000E+00 -.930892E+00
 0.325000E+00 -.931461E+00
 0.335000E+00 -.932028E+00
 0.345000E+00 -.932593E+00
 0.355000E+00 -.933155E+00
 0.365000E+00 -.933715E+00
 0.375000E+00 -.934273E+00
 0.385000E+00 -.934829E+00
 0.395000E+00 -.935382E+00
 0.405000E+00 -.935933E+00
 0.415000E+00 -.936482E+00
 0.425000E+00 -.937028E+00
 0.435000E+00 -.937572E+00
 0.445000E+00 -.938114E+00
 0.455000E+00 -.938653E+00
 0.465000E+00 -.939190E+00
 0.475000E+00 -.939725E+00
 0.485000E+00 -.940258E+00
 0.495000E+00 -.940788E+00
 0.505000E+00 -.941316E+00
 0.515000E+00 -.941842E+00
 0.525000E+00 -.942365E+00
 0.535000E+00 -.942886E+00
 0.545000E+00 -.943405E+00
 0.555000E+00 -.943921E+00
 0.565000E+00 -.944435E+00
 0.575000E+00 -.944947E+00
 0.585000E+00 -.945456E+00
 0.595000E+00 -.945963E+00
 0.605000E+00 -.946468E+00
 0.615000E+00 -.946971E+00
 0.625000E+00 -.947471E+00
 0.635000E+00 -.947969E+00
 0.645000E+00 -.948464E+00
 0.655000E+00 -.948957E+00
 0.665000E+00 -.949448E+00
 0.675000E+00 -.949937E+00
 0.685000E+00 -.950423E+00
 0.695000E+00 -.950907E+00
 0.705000E+00 -.951389E+00
 0.715000E+00 -.951868E+00
 0.725000E+00 -.952345E+00
 0.735000E+00 -.952819E+00
 0.745000E+00 -.953292E+00
 0.755000E+00 -.953762E+00
 0.765000E+00 -.954229E+00
 0.775000E+00 -.954694E+00
 0.785000E+00 -.955157E+00
 0.795000E+00 -.955618E+00
 0.805000E+00 -.956076E+00
 0.815000E+00 -.956532E+00
 0.825000E+00 -.956986E+00
 0.835000E+00 -.957437E+00
 0.845000E+00 -.957886E+00
 0.855000E+00 -.958333E+00
 0.865000E+00 -.958777E+00
 0.875000E+00 -.959219E+00
 0.885000E+00 -.959658E+00
 0.895000E+00 -.960096E+00
 0.905000E+00 -.960312E+00
 0.915000E+00 -.960311E+00
 0.925000E+00 -.960309E+00
 0.935000E+00 -.960308E+00
 0.945000E+00 -.960307E+00
 0.955000E+00 -.960306E+00
 0.965000E+00 -.960305E+00
 0.975000E+00 -.960304E+00
 0.985000E+00 -.960304E+00
 0.995000E+00 -.960304E+00








































































































































































































 -.995000E+00 -.734879E-01
 -.985000E+00 -.828428E-01
 -.975000E+00 -.921856E-01
 -.965000E+00 -.101515E+00
 -.955000E+00 -.110829E+00
 -.945000E+00 -.120128E+00
 -.935000E+00 -.129409E+00
 -.925000E+00 -.138671E+00
 -.915000E+00 -.147913E+00
 -.905000E+00 -.157135E+00
 -.895000E+00 -.163602E+00
 -.885000E+00 -.167329E+00
 -.875000E+00 -.171054E+00
 -.865000E+00 -.174776E+00
 -.855000E+00 -.178495E+00
 -.845000E+00 -.182212E+00
 -.835000E+00 -.185926E+00
 -.825000E+00 -.189637E+00
 -.815000E+00 -.193345E+00
 -.805000E+00 -.197050E+00
 -.795000E+00 -.200752E+00
 -.785000E+00 -.204451E+00
 -.775000E+00 -.208147E+00
 -.765000E+00 -.211839E+00
 -.755000E+00 -.215529E+00
 -.745000E+00 -.219215E+00
 -.735000E+00 -.222898E+00
 -.725000E+00 -.226577E+00
 -.715000E+00 -.230253E+00
 -.705000E+00 -.233925E+00
 -.695000E+00 -.237594E+00
 -.685000E+00 -.241260E+00
 -.675000E+00 -.244921E+00
 -.665000E+00 -.248579E+00
 -.655000E+00 -.252234E+00
 -.645000E+00 -.255884E+00
 -.635000E+00 -.259531E+00
 -.625000E+00 -.263173E+00
 -.615000E+00 -.266812E+00
 -.605000E+00 -.270447E+00
 -.595000E+00 -.274077E+00
 -.585000E+00 -.277704E+00
 -.575000E+00 -.281326E+00
 -.565000E+00 -.284944E+00
 -.555000E+00 -.288558E+00
 -.545000E+00 -.292168E+00
 -.535000E+00 -.295773E+00
 -.525000E+00 -.299374E+00
 -.515000E+00 -.302970E+00
 -.505000E+00 -.306562E+00
 -.495000E+00 -.310149E+00
 -.485000E+00 -.313732E+00
 -.475000E+00 -.317310E+00
 -.465000E+00 -.320883E+00
 -.455000E+00 -.324451E+00
 -.445000E+00 -.328015E+00
 -.435000E+00 -.331574E+00
 -.425000E+00 -.335128E+00
 -.415000E+00 -.338677E+00
 -.405000E+00 -.342221E+00
 -.395000E+00 -.345760E+00
 -.385000E+00 -.349293E+00
 -.375000E+00 -.352822E+00
 -.365000E+00 -.356345E+00
 -.355000E+00 -.359863E+00
 -.345000E+00 -.363376E+00
 -.335000E+00 -.366884E+00
 -.325000E+00 -.370386E+00
 -.315000E+00 -.373882E+00
 -.305000E+00 -.377373E+00
 -.295000E+00 -.380859E+00
 -.285000E+00 -.384339E+00
 -.275000E+00 -.387813E+00
 -.265000E+00 -.391282E+00
 -.255000E+00 -.394745E+00
 -.245000E+00 -.398202E+00
 -.235000E+00 -.401653E+00
 -.225000E+00 -.405098E+00
 -.215000E+00 -.408538E+00
 -.205000E+00 -.411971E+00
 -.195000E+00 -.415399E+00
 -.185000E+00 -.418820E+00
 -.175000E+00 -.422235E+00
 -.165000E+00 -.425645E+00
 -.155000E+00 -.429047E+00
 -.145000E+00 -.432444E+00
 -.135000E+00 -.435834E+00
 -.125000E+00 -.439218E+00
 -.115000E+00 -.442596E+00
 -.105000E+00 -.445967E+00
 -.950000E-01 -.449332E+00
 -.850000E-01 -.452690E+00
 -.750000E-01 -.456041E+00
 -.650000E-01 -.459386E+00
 -.550000E-01 -.462724E+00
 -.450000E-01 -.466056E+00
 -.350000E-01 -.469380E+00
 -.250000E-01 -.472698E+00
 -.150000E-01 -.476009E+00
 -.500000E-02 -.479314E+00
 0.500000E-02 -.482611E+00
 0.150000E-01 -.485901E+00
 0.250000E-01 -.489184E+00
 0.350000E-01 -.492460E+00
 0.450000E-01 -.495729E+00
 0.550000E-01 -.498991E+00
 0.650000E-01 -.502245E+00
 0.750000E-01 -.505493E+00
 0.850000E-01 -.508733E+00
 0.950000E-01 -.511965E+00
 0.105000E+00 -.515191E+00
 0.115000E+00 -.518409E+00
 0.125000E+00 -.521619E+00
 0.135000E+00 -.524822E+00
 0.145000E+00 -.528017E+00
 0.155000E+00 -.531205E+00
 0.165000E+00 -.534385E+00
 0.175000E+00 -.537557E+00
 0.185000E+00 -.540722E+00
 0.195000E+00 -.543879E+00
 0.205000E+00 -.547028E+00
 0.215000E+00 -.550169E+00
 0.225000E+00 -.553302E+00
 0.235000E+00 -.556427E+00
 0.245000E+00 -.559544E+00
 0.255000E+00 -.562654E+00
 0.265000E+00 -.565755E+00
 0.275000E+00 -.568848E+00
 0.285000E+00 -.571933E+00
 0.295000E+00 -.575009E+00
 0.305000E+00 -.578078E+00
 0.315000E+00 -.581138E+00
 0.325000E+00 -.584190E+00
 0.335000E+00 -.587233E+00
 0.345000E+00 -.590268E+00
 0.355000E+00 -.593295E+00
 0.365000E+00 -.596313E+00
 0.375000E+00 -.599323E+00
 0.385000E+00 -.602324E+00
 0.395000E+00 -.605316E+00
 0.405000E+00 -.608300E+00
 0.415000E+00 -.611275E+00
 0.425000E+00 -.614241E+00
 0.435000E+00 -.617199E+00
 0.445000E+00 -.620148E+00
 0.455000E+00 -.623088E+00
 0.465000E+00 -.626019E+00
 0.475000E+00 -.628941E+00
 0.485000E+00 -.631854E+00
 0.495000E+00 -.634758E+00
 0.505000E+00 -.637653E+00
 0.515000E+00 -.640539E+00
 0.525000E+00 -.643416E+00
 0.535000E+00 -.646284E+00
 0.545000E+00 -.649142E+00
 0.555000E+00 -.651992E+00
 0.565000E+00 -.654832E+00
 0.575000E+00 -.657662E+00
 0.585000E+00 -.660484E+00
 0.595000E+00 -.663296E+00
 0.605000E+00 -.666098E+00
 0.615000E+00 -.668891E+00
 0.625000E+00 -.671675E+00
 0.635000E+00 -.674449E+00
 0.645000E+00 -.677213E+00
 0.655000E+00 -.679968E+00
 0.665000E+00 -.682713E+00
 0.675000E+00 -.685449E+00
 0.685000E+00 -.688174E+00
 0.695000E+00 -.690890E+00
 0.705000E+00 -.693597E+00
 0.715000E+00 -.696293E+00
 0.725000E+00 -.698979E+00
 0.735000E+00 -.701656E+00
 0.745000E+00 -.704323E+00
 0.755000E+00 -.706979E+00
 0.765000E+00 -.709626E+00
 0.775000E+00 -.712263E+00
 0.785000E+00 -.714889E+00
 0.795000E+00 -.717506E+00
 0.805000E+00 -.720112E+00
 0.815000E+00 -.722708E+00
 0.825000E+00 -.725294E+00
 0.835000E+00 -.727869E+00
 0.845000E+00 -.730435E+00
 0.855000E+00 -.732990E+00
 0.865000E+00 -.735534E+00
 0.875000E+00 -.738069E+00
 0.885000E+00 -.740592E+00
 0.895000E+00 -.743106E+00
 0.905000E+00 -.744358E+00
 0.915000E+00 -.744357E+00
 0.925000E+00 -.744355E+00
 0.935000E+00 -.744354E+00
 0.945000E+00 -.744354E+00
 0.955000E+00 -.744353E+00
 0.965000E+00 -.744352E+00
 0.975000E+00 -.744352E+00
 0.985000E+00 -.744352E+00
 0.995000E+00 -.744352E+00








































































































































































































 -.995000E+00 0.492072E+00
 -.985000E+00 0.489179E+00
 -.975000E+00 0.486249E+00
 -.965000E+00 0.483280E+00
 -.955000E+00 0.480274E+00
 -.945000E+00 0.477231E+00
 -.935000E+00 0.474149E+00
 -.925000E+00 0.471030E+00
 -.915000E+00 0.467872E+00
 -.905000E+00 0.464677E+00
 -.895000E+00 0.462576E+00
 -.885000E+00 0.461578E+00
 -.875000E+00 0.460557E+00
 -.865000E+00 0.459512E+00
 -.855000E+00 0.458443E+00
 -.845000E+00 0.457351E+00
 -.835000E+00 0.456235E+00
 -.825000E+00 0.455096E+00
 -.815000E+00 0.453933E+00
 -.805000E+00 0.452747E+00
 -.795000E+00 0.451538E+00
 -.785000E+00 0.450305E+00
 -.775000E+00 0.449049E+00
 -.765000E+00 0.447770E+00
 -.755000E+00 0.446468E+00
 -.745000E+00 0.445143E+00
 -.735000E+00 0.443795E+00
 -.725000E+00 0.442424E+00
 -.715000E+00 0.441030E+00
 -.705000E+00 0.439613E+00
 -.695000E+00 0.438174E+00
 -.685000E+00 0.436712E+00
 -.675000E+00 0.435228E+00
 -.665000E+00 0.433721E+00
 -.655000E+00 0.432192E+00
 -.645000E+00 0.430641E+00
 -.635000E+00 0.429067E+00
 -.625000E+00 0.427471E+00
 -.615000E+00 0.425854E+00
 -.605000E+00 0.424214E+00
 -.595000E+00 0.422552E+00
 -.585000E+00 0.420869E+00
 -.575000E+00 0.419163E+00
 -.565000E+00 0.417436E+00
 -.555000E+00 0.415688E+00
 -.545000E+00 0.413918E+00
 -.535000E+00 0.412127E+00
 -.525000E+00 0.410314E+00
 -.515000E+00 0.408481E+00
 -.505000E+00 0.406626E+00
 -.495000E+00 0.404750E+00
 -.485000E+00 0.402853E+00
 -.475000E+00 0.400936E+00
 -.465000E+00 0.398998E+00
 -.455000E+00 0.397039E+00
 -.445000E+00 0.395060E+00
 -.435000E+00 0.393060E+00
 -.425000E+00 0.391040E+00
 -.415000E+00 0.388999E+00
 -.405000E+00 0.386939E+00
 -.395000E+00 0.384859E+00
 -.385000E+00 0.382758E+00
 -.375000E+00 0.380638E+00
 -.365000E+00 0.378499E+00
 -.355000E+00 0.376339E+00
 -.345000E+00 0.374161E+00
 -.335000E+00 0.371962E+00
 -.325000E+00 0.369745E+00
 -.315000E+00 0.367509E+00
 -.305000E+00 0.365253E+00
 -.295000E+00 0.362979E+00
 -.285000E+00 0.360686E+00
 -.275000E+00 0.358374E+00
 -.265000E+00 0.356044E+00
 -.255000E+00 0.353695E+00
 -.245000E+00 0.351328E+00
 -.235000E+00 0.348943E+00
 -.225000E+00 0.346540E+00
 -.215000E+00 0.344119E+00
 -.205000E+00 0.341680E+00
 -.195000E+00 0.339223E+00
 -.185000E+00 0.336749E+00
 -.175000E+00 0.334257E+00
 -.165000E+00 0.331748E+00
 -.155000E+00 0.329222E+00
 -.145000E+00 0.326679E+00
 -.135000E+00 0.324119E+00
 -.125000E+00 0.321542E+00
 -.115000E+00 0.318949E+00
 -.105000E+00 0.316339E+00
 -.950000E-01 0.313713E+00
 -.850000E-01 0.311070E+00
 -.750000E-01 0.308411E+00
 -.650000E-01 0.305737E+00
 -.550000E-01 0.303046E+00
 -.450000E-01 0.300340E+00
 -.350000E-01 0.297618E+00
 -.250000E-01 0.294881E+00
 -.150000E-01 0.292129E+00
 -.500000E-02 0.289361E+00
 0.500000E-02 0.286579E+00
 0.150000E-01 0.283781E+00
 0.250000E-01 0.280969E+00
 0.350000E-01 0.278143E+00
 0.450000E-01 0.275302E+00
 0.550000E-01 0.272446E+00
 0.650000E-01 0.269577E+00
 0.750000E-01 0.266693E+00
 0.850000E-01 0.263796E+00
 0.950000E-01 0.260885E+00
 0.105000E+00 0.257961E+00
 0.115000E+00 0.255023E+00
 0.125000E+00 0.252072E+00
 0.135000E+00 0.249108E+00
 0.145000E+00 0.246131E+00
 0.155000E+00 0.243141E+00
 0.165000E+00 0.240139E+00
 0.175000E+00 0.237124E+00
 0.185000E+00 0.234097E+00
 0.195000E+00 0.231058E+00
 0.205000E+00 0.228007E+00
 0.215000E+00 0.224944E+00
 0.225000E+00 0.221869E+00
 0.235000E+00 0.218783E+00
 0.245000E+00 0.215685E+00
 0.255000E+00 0.212576E+00
 0.265000E+00 0.209456E+00
 0.275000E+00 0.206326E+00
 0.285000E+00 0.203184E+00
 0.295000E+00 0.200032E+00
 0.305000E+00 0.196870E+00
 0.315000E+00 0.193697E+00
 0.325000E+00 0.190515E+00
 0.335000E+00 0.187322E+00
 0.345000E+00 0.184120E+00
 0.355000E+00 0.180908E+00
 0.365000E+00 0.177687E+00
 0.375000E+00 0.174456E+00
 0.385000E+00 0.171217E+00
 0.395000E+00 0.167968E+00
 0.405000E+00 0.164711E+00
 0.415000E+00 0.161445E+00
 0.425000E+00 0.158171E+00
 0.435000E+00 0.154888E+00
 0.445000E+00 0.151598E+00
 0.455000E+00 0.148300E+00
 0.465000E+00 0.144993E+00
 0.475000E+00 0.141680E+00
 0.485000E+00 0.138359E+00
 0.495000E+00 0.135030E+00
 0.505000E+00 0.131695E+00
 0.515000E+00 0.128353E+00
 0.525000E+00 0.125004E+00
 0.535000E+00 0.121648E+00
 0.545000E+00 0.118287E+00
 0.555000E+00 0.114919E+00
 0.565000E+00 0.111545E+00
 0.575000E+00 0.108165E+00
 0.585000E+00 0.104779E+00
 0.595000E+00 0.101388E+00
 0.605000E+00 0.979919E-01
 0.615000E+00 0.945905E-01
 0.625000E+00 0.911840E-01
 0.635000E+00 0.877728E-01
 0.645000E+00 0.843569E-01
 0.655000E+00 0.809366E-01
 0.665000E+00 0.775120E-01
 0.675000E+00 0.740834E-01
 0.685000E+00 0.706508E-01
 0.695000E+00 0.672145E-01
 0.705000E+00 0.637746E-01
 0.715000E+00 0.603313E-01
 0.725000E+00 0.568848E-01
 0.735000E+00 0.534352E-01
 0.745000E+00 0.499828E-01
 0.755000E+00 0.465277E-01
 0.765000E+00 0.430702E-01
 0.775000E+00 0.396102E-01
 0.785000E+00 0.361482E-01
 0.795000E+00 0.326841E-01
 0.805000E+00 0.292183E-01
 0.815000E+00 0.257508E-01
 0.825000E+00 0.222819E-01
 0.835000E+00 0.188117E-01
 0.845000E+00 0.153404E-01
 0.855000E+00 0.118682E-01
 0.865000E+00 0.839533E-02
 0.875000E+00 0.492186E-02
 0.885000E+00 0.144802E-02
 0.895000E+00 -.202603E-02
 0.905000E+00 -.376325E-02
 0.915000E+00 -.376353E-02
 0.925000E+00 -.376379E-02
 0.935000E+00 -.376401E-02
 0.945000E+00 -.376419E-02
 0.955000E+00 -.376435E-02
 0.965000E+00 -.376446E-02
 0.975000E+00 -.376455E-02
 0.985000E+00 -.376460E-02
 0.995000E+00 -.376462E-02








































































































































































































 -.995000E+00 0.609522E-01
 -.985000E+00 0.609154E-01
 -.975000E+00 0.608657E-01
 -.965000E+00 0.608031E-01
 -.955000E+00 0.607274E-01
 -.945000E+00 0.606388E-01
 -.935000E+00 0.605373E-01
 -.925000E+00 0.604228E-01
 -.915000E+00 0.602953E-01
 -.905000E+00 0.601550E-01
 -.895000E+00 0.614433E-01
 -.885000E+00 0.641587E-01
 -.875000E+00 0.668587E-01
 -.865000E+00 0.695427E-01
 -.855000E+00 0.722098E-01
 -.845000E+00 0.748596E-01
 -.835000E+00 0.774913E-01
 -.825000E+00 0.801043E-01
 -.815000E+00 0.826979E-01
 -.805000E+00 0.852716E-01
 -.795000E+00 0.878247E-01
 -.785000E+00 0.903566E-01
 -.775000E+00 0.928666E-01
 -.765000E+00 0.953542E-01
 -.755000E+00 0.978187E-01
 -.745000E+00 0.100260E+00
 -.735000E+00 0.102676E+00
 -.725000E+00 0.105068E+00
 -.715000E+00 0.107434E+00
 -.705000E+00 0.109774E+00
 -.695000E+00 0.112088E+00
 -.685000E+00 0.114375E+00
 -.675000E+00 0.116633E+00
 -.665000E+00 0.118864E+00
 -.655000E+00 0.121066E+00
 -.645000E+00 0.123238E+00
 -.635000E+00 0.125381E+00
 -.625000E+00 0.127493E+00
 -.615000E+00 0.129574E+00
 -.605000E+00 0.131623E+00
 -.595000E+00 0.133641E+00
 -.585000E+00 0.135627E+00
 -.575000E+00 0.137579E+00
 -.565000E+00 0.139498E+00
 -.555000E+00 0.141383E+00
 -.545000E+00 0.143234E+00
 -.535000E+00 0.145050E+00
 -.525000E+00 0.146831E+00
 -.515000E+00 0.148576E+00
 -.505000E+00 0.150285E+00
 -.495000E+00 0.151958E+00
 -.485000E+00 0.153593E+00
 -.475000E+00 0.155192E+00
 -.465000E+00 0.156752E+00
 -.455000E+00 0.158275E+00
 -.445000E+00 0.159759E+00
 -.435000E+00 0.161204E+00
 -.425000E+00 0.162610E+00
 -.415000E+00 0.163976E+00
 -.405000E+00 0.165303E+00
 -.395000E+00 0.166589E+00
 -.385000E+00 0.167835E+00
 -.375000E+00 0.169040E+00
 -.365000E+00 0.170204E+00
 -.355000E+00 0.171326E+00
 -.345000E+00 0.172407E+00
 -.335000E+00 0.173446E+00
 -.325000E+00 0.174442E+00
 -.315000E+00 0.175396E+00
 -.305000E+00 0.176308E+00
 -.295000E+00 0.177176E+00
 -.285000E+00 0.178001E+00
 -.275000E+00 0.178783E+00
 -.265000E+00 0.179522E+00
 -.255000E+00 0.180217E+00
 -.245000E+00 0.180867E+00
 -.235000E+00 0.181474E+00
 -.225000E+00 0.182037E+00
 -.215000E+00 0.182555E+00
 -.205000E+00 0.183029E+00
 -.195000E+00 0.183458E+00
 -.185000E+00 0.183842E+00
 -.175000E+00 0.184182E+00
 -.165000E+00 0.184477E+00
 -.155000E+00 0.184726E+00
 -.145000E+00 0.184931E+00
 -.135000E+00 0.185091E+00
 -.125000E+00 0.185205E+00
 -.115000E+00 0.185274E+00
 -.105000E+00 0.185299E+00
 -.950000E-01 0.185277E+00
 -.850000E-01 0.185211E+00
 -.750000E-01 0.185100E+00
 -.650000E-01 0.184943E+00
 -.550000E-01 0.184741E+00
 -.450000E-01 0.184495E+00
 -.350000E-01 0.184203E+00
 -.250000E-01 0.183866E+00
 -.150000E-01 0.183484E+00
 -.500000E-02 0.183058E+00
 0.500000E-02 0.182587E+00
 0.150000E-01 0.182071E+00
 0.250000E-01 0.181511E+00
 0.350000E-01 0.180906E+00
 0.450000E-01 0.180258E+00
 0.550000E-01 0.179565E+00
 0.650000E-01 0.178828E+00
 0.750000E-01 0.178048E+00
 0.850000E-01 0.177224E+00
 0.950000E-01 0.176357E+00
 0.105000E+00 0.175447E+00
 0.115000E+00 0.174494E+00
 0.125000E+00 0.173498E+00
 0.135000E+00 0.172460E+00
 0.145000E+00 0.171380E+00
 0.155000E+00 0.170258E+00
 0.165000E+00 0.169094E+00
 0.175000E+00 0.167889E+00
 0.185000E+00 0.166643E+00
 0.195000E+00 0.165356E+00
 0.205000E+00 0.164029E+00
 0.215000E+00 0.162661E+00
 0.225000E+00 0.161254E+00
 0.235000E+00 0.159807E+00
 0.245000E+00 0.158321E+00
 0.255000E+00 0.156797E+00
 0.265000E+00 0.155234E+00
 0.275000E+00 0.153633E+00
 0.285000E+00 0.151994E+00
 0.295000E+00 0.150319E+00
 0.305000E+00 0.148606E+00
 0.315000E+00 0.146857E+00
 0.325000E+00 0.145072E+00
 0.335000E+00 0.143252E+00
 0.345000E+00 0.141396E+00
 0.355000E+00 0.139506E+00
 0.365000E+00 0.137582E+00
 0.375000E+00 0.135623E+00
 0.385000E+00 0.133632E+00
 0.395000E+00 0.131608E+00
 0.405000E+00 0.129552E+00
 0.415000E+00 0.127464E+00
 0.425000E+00 0.125344E+00
 0.435000E+00 0.123194E+00
 0.445000E+00 0.121014E+00
 0.455000E+00 0.118804E+00
 0.465000E+00 0.116564E+00
 0.475000E+00 0.114297E+00
 0.485000E+00 0.112001E+00
 0.495000E+00 0.109677E+00
 0.505000E+00 0.107327E+00
 0.515000E+00 0.104950E+00
 0.525000E+00 0.102548E+00
 0.535000E+00 0.100120E+00
 0.545000E+00 0.976679E-01
 0.555000E+00 0.951916E-01
 0.565000E+00 0.926919E-01
 0.575000E+00 0.901694E-01
 0.585000E+00 0.876247E-01
 0.595000E+00 0.850585E-01
 0.605000E+00 0.824713E-01
 0.615000E+00 0.798637E-01
 0.625000E+00 0.772365E-01
 0.635000E+00 0.745903E-01
 0.645000E+00 0.719256E-01
 0.655000E+00 0.692432E-01
 0.665000E+00 0.665437E-01
 0.675000E+00 0.638278E-01
 0.685000E+00 0.610961E-01
 0.695000E+00 0.583493E-01
 0.705000E+00 0.555880E-01
 0.715000E+00 0.528130E-01
 0.725000E+00 0.500249E-01
 0.735000E+00 0.472244E-01
 0.745000E+00 0.444121E-01
 0.755000E+00 0.415888E-01
 0.765000E+00 0.387552E-01
 0.775000E+00 0.359118E-01
 0.785000E+00 0.330595E-01
 0.795000E+00 0.301990E-01
 0.805000E+00 0.273308E-01
 0.815000E+00 0.244558E-01
 0.825000E+00 0.215746E-01
 0.835000E+00 0.186879E-01
 0.845000E+00 0.157964E-01
 0.855000E+00 0.129009E-01
 0.865000E+00 0.100020E-01
 0.875000E+00 0.710047E-02
 0.885000E+00 0.419697E-02
 0.895000E+00 0.129224E-02
 0.905000E+00 -.160377E-03
 0.915000E+00 -.160387E-03
 0.925000E+00 -.160397E-03
 0.935000E+00 -.160405E-03
 0.945000E+00 -.160412E-03
 0.955000E+00 -.160417E-03
 0.965000E+00 -.160422E-03
 0.975000E+00 -.160425E-03
 0.985000E+00 -.160427E-03
 0.995000E+00 -.160428E-03








































































































































































































 -.995000E+00 0.504919E-02
 -.985000E+00 0.544264E-02
 -.975000E+00 0.523009E-02
 -.965000E+00 0.443511E-02
 -.955000E+00 0.314616E-02
 -.945000E+00 0.150673E-02
 -.935000E+00 -.300615E-03
 -.925000E+00 -.207458E-02
 -.915000E+00 -.361757E-02
 -.905000E+00 -.475772E-02
 -.895000E+00 -.397057E-02
 -.885000E+00 -.134358E-02
 -.875000E+00 0.143327E-02
 -.865000E+00 0.405067E-02
 -.855000E+00 0.621708E-02
 -.845000E+00 0.769114E-02
 -.835000E+00 0.830863E-02
 -.825000E+00 0.800070E-02
 -.815000E+00 0.680158E-02
 -.805000E+00 0.484477E-02
 -.795000E+00 0.234817E-02
 -.785000E+00 -.410161E-03
 -.775000E+00 -.312301E-02
 -.765000E+00 -.548820E-02
 -.755000E+00 -.724225E-02
 -.745000E+00 -.818974E-02
 -.735000E+00 -.822508E-02
 -.725000E+00 -.734426E-02
 -.715000E+00 -.564533E-02
 -.705000E+00 -.331746E-02
 -.695000E+00 -.619903E-03
 -.685000E+00 0.214690E-02
 -.675000E+00 0.467477E-02
 -.665000E+00 0.668213E-02
 -.655000E+00 0.794533E-02
 -.645000E+00 0.832363E-02
 -.635000E+00 0.777481E-02
 -.625000E+00 0.635995E-02
 -.615000E+00 0.423658E-02
 -.605000E+00 0.164115E-02
 -.595000E+00 -.113727E-02
 -.585000E+00 -.378921E-02
 -.575000E+00 -.601929E-02
 -.565000E+00 -.757906E-02
 -.555000E+00 -.829474E-02
 -.545000E+00 -.808656E-02
 -.535000E+00 -.697763E-02
 -.525000E+00 -.509141E-02
 -.515000E+00 -.263794E-02
 -.505000E+00 0.109545E-03
 -.495000E+00 0.284503E-02
 -.485000E+00 0.526381E-02
 -.475000E+00 0.709646E-02
 -.465000E+00 0.813880E-02
 -.455000E+00 0.827466E-02
 -.445000E+00 0.748885E-02
 -.435000E+00 0.586882E-02
 -.425000E+00 0.359498E-02
 -.415000E+00 0.920532E-03
 -.405000E+00 -.185664E-02
 -.395000E+00 -.442722E-02
 -.385000E+00 -.650485E-02
 -.375000E+00 -.785808E-02
 -.365000E+00 -.833613E-02
 -.355000E+00 -.788569E-02
 -.345000E+00 -.655686E-02
 -.335000E+00 -.449758E-02
 -.325000E+00 -.193719E-02
 -.315000E+00 0.839168E-03
 -.305000E+00 0.352226E-02
 -.295000E+00 0.581321E-02
 -.285000E+00 0.745682E-02
 -.275000E+00 0.826997E-02
 -.265000E+00 0.816201E-02
 -.255000E+00 0.714491E-02
 -.245000E+00 0.533190E-02
 -.235000E+00 0.292485E-02
 -.225000E+00 0.191832E-03
 -.215000E+00 -.256275E-02
 -.205000E+00 -.503208E-02
 -.195000E+00 -.694109E-02
 -.185000E+00 -.807709E-02
 -.175000E+00 -.831350E-02
 -.165000E+00 -.762392E-02
 -.155000E+00 -.608509E-02
 -.145000E+00 -.386836E-02
 -.135000E+00 -.122057E-02
 -.125000E+00 0.156336E-02
 -.115000E+00 0.417336E-02
 -.105000E+00 0.631869E-02
 -.950000E-01 0.776037E-02
 -.850000E-01 0.833776E-02
 -.750000E-01 0.798647E-02
 -.650000E-01 0.674558E-02
 -.550000E-01 0.475324E-02
 -.450000E-01 0.223130E-02
 -.350000E-01 -.539358E-03
 -.250000E-01 -.325014E-02
 -.150000E-01 -.559910E-02
 -.500000E-02 -.732458E-02
 0.500000E-02 -.823432E-02
 0.150000E-01 -.822694E-02
 0.250000E-01 -.730319E-02
 0.350000E-01 -.556590E-02
 0.450000E-01 -.320852E-02
 0.550000E-01 -.493577E-03
 0.650000E-01 0.227654E-02
 0.750000E-01 0.479328E-02
 0.850000E-01 0.677630E-02
 0.950000E-01 0.800469E-02
 0.105000E+00 0.834155E-02
 0.115000E+00 0.774930E-02
 0.125000E+00 0.629384E-02
 0.135000E+00 0.413723E-02
 0.145000E+00 0.151963E-02
 0.155000E+00 -.126742E-02
 0.165000E+00 -.391351E-02
 0.175000E+00 -.612388E-02
 0.185000E+00 -.765230E-02
 0.195000E+00 -.832847E-02
 0.205000E+00 -.807701E-02
 0.215000E+00 -.692587E-02
 0.225000E+00 -.500319E-02
 0.235000E+00 -.252309E-02
 0.245000E+00 0.238227E-03
 0.255000E+00 0.297321E-02
 0.265000E+00 0.537723E-02
 0.275000E+00 0.718247E-02
 0.285000E+00 0.818781E-02
 0.295000E+00 0.828122E-02
 0.305000E+00 0.745222E-02
 0.315000E+00 0.579309E-02
 0.325000E+00 0.348857E-02
 0.335000E+00 0.795296E-03
 0.345000E+00 -.198676E-02
 0.355000E+00 -.454772E-02
 0.365000E+00 -.660231E-02
 0.375000E+00 -.792165E-02
 0.385000E+00 -.835873E-02
 0.395000E+00 -.786479E-02
 0.405000E+00 -.649478E-02
 0.415000E+00 -.440125E-02
 0.425000E+00 -.181732E-02
 0.435000E+00 0.969220E-03
 0.445000E+00 0.364801E-02
 0.455000E+00 0.592065E-02
 0.465000E+00 0.753398E-02
 0.475000E+00 0.830825E-02
 0.485000E+00 0.815716E-02
 0.495000E+00 0.709745E-02
 0.505000E+00 0.524711E-02
 0.515000E+00 0.281218E-02
 0.525000E+00 0.638348E-04
 0.535000E+00 -.269182E-02
 0.545000E+00 -.514785E-02
 0.555000E+00 -.703066E-02
 0.565000E+00 -.813049E-02
 0.575000E+00 -.832478E-02
 0.585000E+00 -.759181E-02
 0.595000E+00 -.601317E-02
 0.605000E+00 -.376463E-02
 0.615000E+00 -.109659E-02
 0.625000E+00 0.169378E-02
 0.635000E+00 0.429570E-02
 0.645000E+00 0.641932E-02
 0.655000E+00 0.782808E-02
 0.665000E+00 0.836500E-02
 0.675000E+00 0.797022E-02
 0.685000E+00 0.668763E-02
 0.695000E+00 0.466004E-02
 0.705000E+00 0.211324E-02
 0.715000E+00 -.669136E-03
 0.725000E+00 -.337718E-02
 0.735000E+00 -.570925E-02
 0.745000E+00 -.740557E-02
 0.755000E+00 -.827712E-02
 0.765000E+00 -.822679E-02
 0.775000E+00 -.726010E-02
 0.785000E+00 -.548467E-02
 0.795000E+00 -.309818E-02
 0.805000E+00 -.366434E-03
 0.815000E+00 0.240633E-02
 0.825000E+00 0.491127E-02
 0.835000E+00 0.686934E-02
 0.845000E+00 0.806241E-02
 0.855000E+00 0.835753E-02
 0.865000E+00 0.772175E-02
 0.875000E+00 0.622583E-02
 0.885000E+00 0.403633E-02
 0.895000E+00 0.139707E-02
 0.905000E+00 -.433875E-06
 0.915000E+00 -.417353E-06
 0.925000E+00 -.385674E-06
 0.935000E+00 -.342367E-06
 0.945000E+00 -.292256E-06
 0.955000E+00 -.240925E-06
 0.965000E+00 -.194093E-06
 0.975000E+00 -.156976E-06
 0.985000E+00 -.133711E-06
 0.995000E+00 -.126889E-06








































































































































































































