 -.995000E+00 0.309035E-02
 -.985000E+00 0.309030E-02
 -.975000E+00 0.309025E-02
 -.965000E+00 0.309021E-02
 -.955000E+00 0.309018E-02
 -.945000E+00 0.309017E-02
 -.935000E+00 0.309018E-02
 -.925000E+00 0.309020E-02
 -.915000E+00 0.309024E-02
 -.905000E+00 0.309029E-02
 -.895000E+00 0.309020E-02
 -.885000E+00 0.309028E-02
 -.875000E+00 0.309039E-02
 -.865000E+00 0.309050E-02
 -.855000E+00 0.309055E-02
 -.845000E+00 0.309052E-02
 -.835000E+00 0.309043E-02
 -.825000E+00 0.309032E-02
 -.815000E+00 0.309022E-02
 -.805000E+00 0.309019E-02
 -.795000E+00 0.309024E-02
 -.785000E+00 0.309035E-02
 -.775000E+00 0.309046E-02
 -.765000E+00 0.309054E-02
 -.755000E+00 0.309054E-02
 -.745000E+00 0.309047E-02
 -.735000E+00 0.309036E-02
 -.725000E+00 0.309025E-02
 -.715000E+00 0.309020E-02
 -.705000E+00 0.309022E-02
 -.695000E+00 0.309030E-02
 -.685000E+00 0.309042E-02
 -.675000E+00 0.309052E-02
 -.665000E+00 0.309055E-02
 -.655000E+00 0.309050E-02
 -.645000E+00 0.309040E-02
 -.635000E+00 0.309029E-02
 -.625000E+00 0.309021E-02
 -.615000E+00 0.309020E-02
 -.605000E+00 0.309027E-02
 -.595000E+00 0.309038E-02
 -.585000E+00 0.309049E-02
 -.575000E+00 0.309054E-02
 -.565000E+00 0.309053E-02
 -.555000E+00 0.309044E-02
 -.545000E+00 0.309033E-02
 -.535000E+00 0.309023E-02
 -.525000E+00 0.309019E-02
 -.515000E+00 0.309023E-02
 -.505000E+00 0.309033E-02
 -.495000E+00 0.309045E-02
 -.485000E+00 0.309053E-02
 -.475000E+00 0.309054E-02
 -.465000E+00 0.309048E-02
 -.455000E+00 0.309037E-02
 -.445000E+00 0.309026E-02
 -.435000E+00 0.309020E-02
 -.425000E+00 0.309021E-02
 -.415000E+00 0.309029E-02
 -.405000E+00 0.309041E-02
 -.395000E+00 0.309051E-02
 -.385000E+00 0.309055E-02
 -.375000E+00 0.309051E-02
 -.365000E+00 0.309042E-02
 -.355000E+00 0.309030E-02
 -.345000E+00 0.309021E-02
 -.335000E+00 0.309020E-02
 -.325000E+00 0.309026E-02
 -.315000E+00 0.309036E-02
 -.305000E+00 0.309048E-02
 -.295000E+00 0.309054E-02
 -.285000E+00 0.309053E-02
 -.275000E+00 0.309046E-02
 -.265000E+00 0.309034E-02
 -.255000E+00 0.309024E-02
 -.245000E+00 0.309020E-02
 -.235000E+00 0.309023E-02
 -.225000E+00 0.309032E-02
 -.215000E+00 0.309044E-02
 -.205000E+00 0.309052E-02
 -.195000E+00 0.309055E-02
 -.185000E+00 0.309049E-02
 -.175000E+00 0.309038E-02
 -.165000E+00 0.309027E-02
 -.155000E+00 0.309020E-02
 -.145000E+00 0.309021E-02
 -.135000E+00 0.309028E-02
 -.125000E+00 0.309040E-02
 -.115000E+00 0.309050E-02
 -.105000E+00 0.309055E-02
 -.950000E-01 0.309052E-02
 -.850000E-01 0.309043E-02
 -.750000E-01 0.309031E-02
 -.650000E-01 0.309022E-02
 -.550000E-01 0.309020E-02
 -.450000E-01 0.309025E-02
 -.350000E-01 0.309035E-02
 -.250000E-01 0.309046E-02
 -.150000E-01 0.309054E-02
 -.500000E-02 0.309054E-02
 0.500000E-02 0.309047E-02
 0.150000E-01 0.309035E-02
 0.250000E-01 0.309025E-02
 0.350000E-01 0.309020E-02
 0.450000E-01 0.309022E-02
 0.550000E-01 0.309031E-02
 0.650000E-01 0.309043E-02
 0.750000E-01 0.309052E-02
 0.850000E-01 0.309055E-02
 0.950000E-01 0.309050E-02
 0.105000E+00 0.309040E-02
 0.115000E+00 0.309028E-02
 0.125000E+00 0.309021E-02
 0.135000E+00 0.309020E-02
 0.145000E+00 0.309027E-02
 0.155000E+00 0.309038E-02
 0.165000E+00 0.309049E-02
 0.175000E+00 0.309054E-02
 0.185000E+00 0.309053E-02
 0.195000E+00 0.309044E-02
 0.205000E+00 0.309032E-02
 0.215000E+00 0.309023E-02
 0.225000E+00 0.309020E-02
 0.235000E+00 0.309024E-02
 0.245000E+00 0.309034E-02
 0.255000E+00 0.309045E-02
 0.265000E+00 0.309053E-02
 0.275000E+00 0.309054E-02
 0.285000E+00 0.309048E-02
 0.295000E+00 0.309037E-02
 0.305000E+00 0.309026E-02
 0.315000E+00 0.309020E-02
 0.325000E+00 0.309021E-02
 0.335000E+00 0.309030E-02
 0.345000E+00 0.309041E-02
 0.355000E+00 0.309051E-02
 0.365000E+00 0.309055E-02
 0.375000E+00 0.309051E-02
 0.385000E+00 0.309041E-02
 0.395000E+00 0.309029E-02
 0.405000E+00 0.309021E-02
 0.415000E+00 0.309020E-02
 0.425000E+00 0.309026E-02
 0.435000E+00 0.309037E-02
 0.445000E+00 0.309048E-02
 0.455000E+00 0.309054E-02
 0.465000E+00 0.309053E-02
 0.475000E+00 0.309045E-02
 0.485000E+00 0.309034E-02
 0.495000E+00 0.309024E-02
 0.505000E+00 0.309020E-02
 0.515000E+00 0.309023E-02
 0.525000E+00 0.309033E-02
 0.535000E+00 0.309044E-02
 0.545000E+00 0.309053E-02
 0.555000E+00 0.309054E-02
 0.565000E+00 0.309049E-02
 0.575000E+00 0.309038E-02
 0.585000E+00 0.309027E-02
 0.595000E+00 0.309020E-02
 0.605000E+00 0.309021E-02
 0.615000E+00 0.309029E-02
 0.625000E+00 0.309040E-02
 0.635000E+00 0.309050E-02
 0.645000E+00 0.309055E-02
 0.655000E+00 0.309052E-02
 0.665000E+00 0.309042E-02
 0.675000E+00 0.309031E-02
 0.685000E+00 0.309022E-02
 0.695000E+00 0.309020E-02
 0.705000E+00 0.309025E-02
 0.715000E+00 0.309036E-02
 0.725000E+00 0.309047E-02
 0.735000E+00 0.309054E-02
 0.745000E+00 0.309054E-02
 0.755000E+00 0.309046E-02
 0.765000E+00 0.309035E-02
 0.775000E+00 0.309025E-02
 0.785000E+00 0.309020E-02
 0.795000E+00 0.309022E-02
 0.805000E+00 0.309031E-02
 0.815000E+00 0.309043E-02
 0.825000E+00 0.309052E-02
 0.835000E+00 0.309055E-02
 0.845000E+00 0.309050E-02
 0.855000E+00 0.309039E-02
 0.865000E+00 0.309028E-02
 0.875000E+00 0.309021E-02
 0.885000E+00 0.309021E-02
 0.895000E+00 0.309028E-02
 0.905000E+00 0.175435E-02
 0.915000E+00 0.207448E-02
 0.925000E+00 0.250771E-02
 0.935000E+00 0.300583E-02
 0.945000E+00 0.351334E-02
 0.955000E+00 0.397372E-02
 0.965000E+00 0.433569E-02
 0.975000E+00 0.455894E-02
 0.985000E+00 0.461861E-02
 0.995000E+00 0.450809E-02








































































































































































































 -.995000E+00 0.317281E-02
 -.985000E+00 0.317218E-02
 -.975000E+00 0.317155E-02
 -.965000E+00 0.317092E-02
 -.955000E+00 0.317029E-02
 -.945000E+00 0.316967E-02
 -.935000E+00 0.316904E-02
 -.925000E+00 0.316841E-02
 -.915000E+00 0.316779E-02
 -.905000E+00 0.316717E-02
 -.895000E+00 0.312182E-02
 -.885000E+00 0.312187E-02
 -.875000E+00 0.312201E-02
 -.865000E+00 0.312224E-02
 -.855000E+00 0.312255E-02
 -.845000E+00 0.312296E-02
 -.835000E+00 0.312345E-02
 -.825000E+00 0.312402E-02
 -.815000E+00 0.312469E-02
 -.805000E+00 0.312543E-02
 -.795000E+00 0.312627E-02
 -.785000E+00 0.312718E-02
 -.775000E+00 0.312818E-02
 -.765000E+00 0.312926E-02
 -.755000E+00 0.313042E-02
 -.745000E+00 0.313167E-02
 -.735000E+00 0.313298E-02
 -.725000E+00 0.313438E-02
 -.715000E+00 0.313585E-02
 -.705000E+00 0.313740E-02
 -.695000E+00 0.313902E-02
 -.685000E+00 0.314071E-02
 -.675000E+00 0.314247E-02
 -.665000E+00 0.314430E-02
 -.655000E+00 0.314619E-02
 -.645000E+00 0.314815E-02
 -.635000E+00 0.315017E-02
 -.625000E+00 0.315225E-02
 -.615000E+00 0.315438E-02
 -.605000E+00 0.315658E-02
 -.595000E+00 0.315883E-02
 -.585000E+00 0.316112E-02
 -.575000E+00 0.316347E-02
 -.565000E+00 0.316587E-02
 -.555000E+00 0.316831E-02
 -.545000E+00 0.317079E-02
 -.535000E+00 0.317332E-02
 -.525000E+00 0.317588E-02
 -.515000E+00 0.317847E-02
 -.505000E+00 0.318110E-02
 -.495000E+00 0.318376E-02
 -.485000E+00 0.318645E-02
 -.475000E+00 0.318916E-02
 -.465000E+00 0.319189E-02
 -.455000E+00 0.319464E-02
 -.445000E+00 0.319741E-02
 -.435000E+00 0.320019E-02
 -.425000E+00 0.320299E-02
 -.415000E+00 0.320579E-02
 -.405000E+00 0.320860E-02
 -.395000E+00 0.321141E-02
 -.385000E+00 0.321422E-02
 -.375000E+00 0.321703E-02
 -.365000E+00 0.321983E-02
 -.355000E+00 0.322263E-02
 -.345000E+00 0.322541E-02
 -.335000E+00 0.322818E-02
 -.325000E+00 0.323094E-02
 -.315000E+00 0.323368E-02
 -.305000E+00 0.323639E-02
 -.295000E+00 0.323908E-02
 -.285000E+00 0.324175E-02
 -.275000E+00 0.324438E-02
 -.265000E+00 0.324699E-02
 -.255000E+00 0.324956E-02
 -.245000E+00 0.325209E-02
 -.235000E+00 0.325458E-02
 -.225000E+00 0.325703E-02
 -.215000E+00 0.325944E-02
 -.205000E+00 0.326180E-02
 -.195000E+00 0.326412E-02
 -.185000E+00 0.326638E-02
 -.175000E+00 0.326858E-02
 -.165000E+00 0.327074E-02
 -.155000E+00 0.327283E-02
 -.145000E+00 0.327487E-02
 -.135000E+00 0.327684E-02
 -.125000E+00 0.327875E-02
 -.115000E+00 0.328060E-02
 -.105000E+00 0.328238E-02
 -.950000E-01 0.328409E-02
 -.850000E-01 0.328572E-02
 -.750000E-01 0.328729E-02
 -.650000E-01 0.328879E-02
 -.550000E-01 0.329020E-02
 -.450000E-01 0.329155E-02
 -.350000E-01 0.329281E-02
 -.250000E-01 0.329400E-02
 -.150000E-01 0.329510E-02
 -.500000E-02 0.329613E-02
 0.500000E-02 0.329707E-02
 0.150000E-01 0.329793E-02
 0.250000E-01 0.329871E-02
 0.350000E-01 0.329940E-02
 0.450000E-01 0.330000E-02
 0.550000E-01 0.330052E-02
 0.650000E-01 0.330096E-02
 0.750000E-01 0.330131E-02
 0.850000E-01 0.330157E-02
 0.950000E-01 0.330174E-02
 0.105000E+00 0.330182E-02
 0.115000E+00 0.330182E-02
 0.125000E+00 0.330173E-02
 0.135000E+00 0.330156E-02
 0.145000E+00 0.330129E-02
 0.155000E+00 0.330094E-02
 0.165000E+00 0.330051E-02
 0.175000E+00 0.329998E-02
 0.185000E+00 0.329938E-02
 0.195000E+00 0.329868E-02
 0.205000E+00 0.329790E-02
 0.215000E+00 0.329704E-02
 0.225000E+00 0.329610E-02
 0.235000E+00 0.329507E-02
 0.245000E+00 0.329397E-02
 0.255000E+00 0.329278E-02
 0.265000E+00 0.329152E-02
 0.275000E+00 0.329017E-02
 0.285000E+00 0.328876E-02
 0.295000E+00 0.328726E-02
 0.305000E+00 0.328570E-02
 0.315000E+00 0.328406E-02
 0.325000E+00 0.328236E-02
 0.335000E+00 0.328058E-02
 0.345000E+00 0.327874E-02
 0.355000E+00 0.327684E-02
 0.365000E+00 0.327487E-02
 0.375000E+00 0.327284E-02
 0.385000E+00 0.327075E-02
 0.395000E+00 0.326861E-02
 0.405000E+00 0.326641E-02
 0.415000E+00 0.326415E-02
 0.425000E+00 0.326185E-02
 0.435000E+00 0.325950E-02
 0.445000E+00 0.325710E-02
 0.455000E+00 0.325467E-02
 0.465000E+00 0.325218E-02
 0.475000E+00 0.324966E-02
 0.485000E+00 0.324711E-02
 0.495000E+00 0.324452E-02
 0.505000E+00 0.324190E-02
 0.515000E+00 0.323925E-02
 0.525000E+00 0.323658E-02
 0.535000E+00 0.323388E-02
 0.545000E+00 0.323116E-02
 0.555000E+00 0.322842E-02
 0.565000E+00 0.322567E-02
 0.575000E+00 0.322290E-02
 0.585000E+00 0.322013E-02
 0.595000E+00 0.321734E-02
 0.605000E+00 0.321456E-02
 0.615000E+00 0.321177E-02
 0.625000E+00 0.320898E-02
 0.635000E+00 0.320620E-02
 0.645000E+00 0.320342E-02
 0.655000E+00 0.320065E-02
 0.665000E+00 0.319789E-02
 0.675000E+00 0.319515E-02
 0.685000E+00 0.319242E-02
 0.695000E+00 0.318971E-02
 0.705000E+00 0.318703E-02
 0.715000E+00 0.318437E-02
 0.725000E+00 0.318174E-02
 0.735000E+00 0.317914E-02
 0.745000E+00 0.317657E-02
 0.755000E+00 0.317403E-02
 0.765000E+00 0.317154E-02
 0.775000E+00 0.316908E-02
 0.785000E+00 0.316667E-02
 0.795000E+00 0.316430E-02
 0.805000E+00 0.316197E-02
 0.815000E+00 0.315970E-02
 0.825000E+00 0.315748E-02
 0.835000E+00 0.315531E-02
 0.845000E+00 0.315320E-02
 0.855000E+00 0.315115E-02
 0.865000E+00 0.314915E-02
 0.875000E+00 0.314722E-02
 0.885000E+00 0.314535E-02
 0.895000E+00 0.314355E-02
 0.905000E+00 0.200341E-01
 0.915000E+00 0.200734E-01
 0.925000E+00 0.201091E-01
 0.935000E+00 0.201411E-01
 0.945000E+00 0.201694E-01
 0.955000E+00 0.201941E-01
 0.965000E+00 0.202152E-01
 0.975000E+00 0.202326E-01
 0.985000E+00 0.202464E-01
 0.995000E+00 0.202565E-01








































































































































































































 -.995000E+00 0.325761E-02
 -.985000E+00 0.325483E-02
 -.975000E+00 0.325207E-02
 -.965000E+00 0.324932E-02
 -.955000E+00 0.324659E-02
 -.945000E+00 0.324387E-02
 -.935000E+00 0.324116E-02
 -.925000E+00 0.323847E-02
 -.915000E+00 0.323579E-02
 -.905000E+00 0.323313E-02
 -.895000E+00 0.217429E-02
 -.885000E+00 0.217268E-02
 -.875000E+00 0.217119E-02
 -.865000E+00 0.216980E-02
 -.855000E+00 0.216853E-02
 -.845000E+00 0.216736E-02
 -.835000E+00 0.216631E-02
 -.825000E+00 0.216537E-02
 -.815000E+00 0.216454E-02
 -.805000E+00 0.216382E-02
 -.795000E+00 0.216321E-02
 -.785000E+00 0.216272E-02
 -.775000E+00 0.216234E-02
 -.765000E+00 0.216206E-02
 -.755000E+00 0.216191E-02
 -.745000E+00 0.216186E-02
 -.735000E+00 0.216193E-02
 -.725000E+00 0.216210E-02
 -.715000E+00 0.216239E-02
 -.705000E+00 0.216280E-02
 -.695000E+00 0.216331E-02
 -.685000E+00 0.216394E-02
 -.675000E+00 0.216468E-02
 -.665000E+00 0.216552E-02
 -.655000E+00 0.216649E-02
 -.645000E+00 0.216756E-02
 -.635000E+00 0.216874E-02
 -.625000E+00 0.217003E-02
 -.615000E+00 0.217144E-02
 -.605000E+00 0.217295E-02
 -.595000E+00 0.217458E-02
 -.585000E+00 0.217631E-02
 -.575000E+00 0.217815E-02
 -.565000E+00 0.218010E-02
 -.555000E+00 0.218216E-02
 -.545000E+00 0.218433E-02
 -.535000E+00 0.218660E-02
 -.525000E+00 0.218898E-02
 -.515000E+00 0.219147E-02
 -.505000E+00 0.219407E-02
 -.495000E+00 0.219676E-02
 -.485000E+00 0.219957E-02
 -.475000E+00 0.220248E-02
 -.465000E+00 0.220549E-02
 -.455000E+00 0.220860E-02
 -.445000E+00 0.221182E-02
 -.435000E+00 0.221514E-02
 -.425000E+00 0.221856E-02
 -.415000E+00 0.222208E-02
 -.405000E+00 0.222570E-02
 -.395000E+00 0.222942E-02
 -.385000E+00 0.223323E-02
 -.375000E+00 0.223715E-02
 -.365000E+00 0.224116E-02
 -.355000E+00 0.224526E-02
 -.345000E+00 0.224946E-02
 -.335000E+00 0.225375E-02
 -.325000E+00 0.225814E-02
 -.315000E+00 0.226262E-02
 -.305000E+00 0.226719E-02
 -.295000E+00 0.227185E-02
 -.285000E+00 0.227660E-02
 -.275000E+00 0.228144E-02
 -.265000E+00 0.228636E-02
 -.255000E+00 0.229138E-02
 -.245000E+00 0.229647E-02
 -.235000E+00 0.230165E-02
 -.225000E+00 0.230692E-02
 -.215000E+00 0.231226E-02
 -.205000E+00 0.231769E-02
 -.195000E+00 0.232320E-02
 -.185000E+00 0.232878E-02
 -.175000E+00 0.233444E-02
 -.165000E+00 0.234018E-02
 -.155000E+00 0.234600E-02
 -.145000E+00 0.235189E-02
 -.135000E+00 0.235785E-02
 -.125000E+00 0.236388E-02
 -.115000E+00 0.236998E-02
 -.105000E+00 0.237615E-02
 -.950000E-01 0.238239E-02
 -.850000E-01 0.238870E-02
 -.750000E-01 0.239507E-02
 -.650000E-01 0.240150E-02
 -.550000E-01 0.240800E-02
 -.450000E-01 0.241456E-02
 -.350000E-01 0.242117E-02
 -.250000E-01 0.242785E-02
 -.150000E-01 0.243458E-02
 -.500000E-02 0.244137E-02
 0.500000E-02 0.244822E-02
 0.150000E-01 0.245511E-02
 0.250000E-01 0.246206E-02
 0.350000E-01 0.246906E-02
 0.450000E-01 0.247610E-02
 0.550000E-01 0.248320E-02
 0.650000E-01 0.249033E-02
 0.750000E-01 0.249752E-02
 0.850000E-01 0.250474E-02
 0.950000E-01 0.251201E-02
 0.105000E+00 0.251932E-02
 0.115000E+00 0.252666E-02
 0.125000E+00 0.253404E-02
 0.135000E+00 0.254146E-02
 0.145000E+00 0.254891E-02
 0.155000E+00 0.255639E-02
 0.165000E+00 0.256390E-02
 0.175000E+00 0.257145E-02
 0.185000E+00 0.257902E-02
 0.195000E+00 0.258661E-02
 0.205000E+00 0.259423E-02
 0.215000E+00 0.260187E-02
 0.225000E+00 0.260954E-02
 0.235000E+00 0.261722E-02
 0.245000E+00 0.262492E-02
 0.255000E+00 0.263264E-02
 0.265000E+00 0.264037E-02
 0.275000E+00 0.264812E-02
 0.285000E+00 0.265588E-02
 0.295000E+00 0.266365E-02
 0.305000E+00 0.267142E-02
 0.315000E+00 0.267921E-02
 0.325000E+00 0.268699E-02
 0.335000E+00 0.269479E-02
 0.345000E+00 0.270258E-02
 0.355000E+00 0.271038E-02
 0.365000E+00 0.271817E-02
 0.375000E+00 0.272596E-02
 0.385000E+00 0.273375E-02
 0.395000E+00 0.274153E-02
 0.405000E+00 0.274931E-02
 0.415000E+00 0.275707E-02
 0.425000E+00 0.276483E-02
 0.435000E+00 0.277257E-02
 0.445000E+00 0.278030E-02
 0.455000E+00 0.278801E-02
 0.465000E+00 0.279570E-02
 0.475000E+00 0.280338E-02
 0.485000E+00 0.281104E-02
 0.495000E+00 0.281867E-02
 0.505000E+00 0.282629E-02
 0.515000E+00 0.283387E-02
 0.525000E+00 0.284143E-02
 0.535000E+00 0.284897E-02
 0.545000E+00 0.285647E-02
 0.555000E+00 0.286394E-02
 0.565000E+00 0.287138E-02
 0.575000E+00 0.287879E-02
 0.585000E+00 0.288616E-02
 0.595000E+00 0.289349E-02
 0.605000E+00 0.290079E-02
 0.615000E+00 0.290804E-02
 0.625000E+00 0.291526E-02
 0.635000E+00 0.292243E-02
 0.645000E+00 0.292955E-02
 0.655000E+00 0.293663E-02
 0.665000E+00 0.294366E-02
 0.675000E+00 0.295065E-02
 0.685000E+00 0.295758E-02
 0.695000E+00 0.296446E-02
 0.705000E+00 0.297129E-02
 0.715000E+00 0.297806E-02
 0.725000E+00 0.298478E-02
 0.735000E+00 0.299144E-02
 0.745000E+00 0.299804E-02
 0.755000E+00 0.300458E-02
 0.765000E+00 0.301106E-02
 0.775000E+00 0.301748E-02
 0.785000E+00 0.302384E-02
 0.795000E+00 0.303013E-02
 0.805000E+00 0.303635E-02
 0.815000E+00 0.304250E-02
 0.825000E+00 0.304859E-02
 0.835000E+00 0.305460E-02
 0.845000E+00 0.306055E-02
 0.855000E+00 0.306642E-02
 0.865000E+00 0.307222E-02
 0.875000E+00 0.307794E-02
 0.885000E+00 0.308359E-02
 0.895000E+00 0.308915E-02
 0.905000E+00 0.133580E+00
 0.915000E+00 0.134490E+00
 0.925000E+00 0.135390E+00
 0.935000E+00 0.136279E+00
 0.945000E+00 0.137158E+00
 0.955000E+00 0.138026E+00
 0.965000E+00 0.138883E+00
 0.975000E+00 0.139730E+00
 0.985000E+00 0.140566E+00
 0.995000E+00 0.141391E+00








































































































































































































 -.995000E+00 0.209799E+00
 -.985000E+00 0.209791E+00
 -.975000E+00 0.209784E+00
 -.965000E+00 0.209777E+00
 -.955000E+00 0.209769E+00
 -.945000E+00 0.209762E+00
 -.935000E+00 0.209755E+00
 -.925000E+00 0.209748E+00
 -.915000E+00 0.209740E+00
 -.905000E+00 0.209733E+00
 -.895000E+00 0.708750E-03
 -.885000E+00 0.698778E-03
 -.875000E+00 0.688837E-03
 -.865000E+00 0.678930E-03
 -.855000E+00 0.669055E-03
 -.845000E+00 0.659213E-03
 -.835000E+00 0.649406E-03
 -.825000E+00 0.639633E-03
 -.815000E+00 0.629895E-03
 -.805000E+00 0.620193E-03
 -.795000E+00 0.610527E-03
 -.785000E+00 0.600898E-03
 -.775000E+00 0.591307E-03
 -.765000E+00 0.581753E-03
 -.755000E+00 0.572238E-03
 -.745000E+00 0.562761E-03
 -.735000E+00 0.553324E-03
 -.725000E+00 0.543927E-03
 -.715000E+00 0.534571E-03
 -.705000E+00 0.525256E-03
 -.695000E+00 0.515982E-03
 -.685000E+00 0.506751E-03
 -.675000E+00 0.497562E-03
 -.665000E+00 0.488417E-03
 -.655000E+00 0.479315E-03
 -.645000E+00 0.470257E-03
 -.635000E+00 0.461244E-03
 -.625000E+00 0.452276E-03
 -.615000E+00 0.443354E-03
 -.605000E+00 0.434479E-03
 -.595000E+00 0.425650E-03
 -.585000E+00 0.416868E-03
 -.575000E+00 0.408134E-03
 -.565000E+00 0.399449E-03
 -.555000E+00 0.390812E-03
 -.545000E+00 0.382224E-03
 -.535000E+00 0.373686E-03
 -.525000E+00 0.365199E-03
 -.515000E+00 0.356761E-03
 -.505000E+00 0.348376E-03
 -.495000E+00 0.340041E-03
 -.485000E+00 0.331759E-03
 -.475000E+00 0.323530E-03
 -.465000E+00 0.315354E-03
 -.455000E+00 0.307231E-03
 -.445000E+00 0.299162E-03
 -.435000E+00 0.291147E-03
 -.425000E+00 0.283188E-03
 -.415000E+00 0.275284E-03
 -.405000E+00 0.267435E-03
 -.395000E+00 0.259643E-03
 -.385000E+00 0.251908E-03
 -.375000E+00 0.244229E-03
 -.365000E+00 0.236609E-03
 -.355000E+00 0.229046E-03
 -.345000E+00 0.221542E-03
 -.335000E+00 0.214096E-03
 -.325000E+00 0.206710E-03
 -.315000E+00 0.199384E-03
 -.305000E+00 0.192117E-03
 -.295000E+00 0.184912E-03
 -.285000E+00 0.177767E-03
 -.275000E+00 0.170684E-03
 -.265000E+00 0.163662E-03
 -.255000E+00 0.156703E-03
 -.245000E+00 0.149806E-03
 -.235000E+00 0.142972E-03
 -.225000E+00 0.136201E-03
 -.215000E+00 0.129494E-03
 -.205000E+00 0.122852E-03
 -.195000E+00 0.116274E-03
 -.185000E+00 0.109760E-03
 -.175000E+00 0.103312E-03
 -.165000E+00 0.969299E-04
 -.155000E+00 0.906135E-04
 -.145000E+00 0.843635E-04
 -.135000E+00 0.781801E-04
 -.125000E+00 0.720639E-04
 -.115000E+00 0.660150E-04
 -.105000E+00 0.600339E-04
 -.950000E-01 0.541210E-04
 -.850000E-01 0.482765E-04
 -.750000E-01 0.425007E-04
 -.650000E-01 0.367941E-04
 -.550000E-01 0.311569E-04
 -.450000E-01 0.255895E-04
 -.350000E-01 0.200922E-04
 -.250000E-01 0.146653E-04
 -.150000E-01 0.930917E-05
 -.500000E-02 0.402402E-05
 0.500000E-02 -.118979E-05
 0.150000E-01 -.633196E-05
 0.250000E-01 -.114022E-04
 0.350000E-01 -.164002E-04
 0.450000E-01 -.213257E-04
 0.550000E-01 -.261784E-04
 0.650000E-01 -.309581E-04
 0.750000E-01 -.356643E-04
 0.850000E-01 -.402970E-04
 0.950000E-01 -.448557E-04
 0.105000E+00 -.493403E-04
 0.115000E+00 -.537504E-04
 0.125000E+00 -.580859E-04
 0.135000E+00 -.623464E-04
 0.145000E+00 -.665318E-04
 0.155000E+00 -.706418E-04
 0.165000E+00 -.746760E-04
 0.175000E+00 -.786344E-04
 0.185000E+00 -.825167E-04
 0.195000E+00 -.863226E-04
 0.205000E+00 -.900520E-04
 0.215000E+00 -.937045E-04
 0.225000E+00 -.972800E-04
 0.235000E+00 -.100778E-03
 0.245000E+00 -.104199E-03
 0.255000E+00 -.107543E-03
 0.265000E+00 -.110808E-03
 0.275000E+00 -.113995E-03
 0.285000E+00 -.117105E-03
 0.295000E+00 -.120136E-03
 0.305000E+00 -.123088E-03
 0.315000E+00 -.125961E-03
 0.325000E+00 -.128756E-03
 0.335000E+00 -.131472E-03
 0.345000E+00 -.134108E-03
 0.355000E+00 -.136665E-03
 0.365000E+00 -.139143E-03
 0.375000E+00 -.141540E-03
 0.385000E+00 -.143858E-03
 0.395000E+00 -.146096E-03
 0.405000E+00 -.148254E-03
 0.415000E+00 -.150332E-03
 0.425000E+00 -.152329E-03
 0.435000E+00 -.154246E-03
 0.445000E+00 -.156082E-03
 0.455000E+00 -.157838E-03
 0.465000E+00 -.159512E-03
 0.475000E+00 -.161106E-03
 0.485000E+00 -.162619E-03
 0.495000E+00 -.164051E-03
 0.505000E+00 -.165401E-03
 0.515000E+00 -.166670E-03
 0.525000E+00 -.167858E-03
 0.535000E+00 -.168965E-03
 0.545000E+00 -.169990E-03
 0.555000E+00 -.170933E-03
 0.565000E+00 -.171795E-03
 0.575000E+00 -.172575E-03
 0.585000E+00 -.173273E-03
 0.595000E+00 -.173890E-03
 0.605000E+00 -.174425E-03
 0.615000E+00 -.174877E-03
 0.625000E+00 -.175248E-03
 0.635000E+00 -.175537E-03
 0.645000E+00 -.175745E-03
 0.655000E+00 -.175870E-03
 0.665000E+00 -.175913E-03
 0.675000E+00 -.175874E-03
 0.685000E+00 -.175753E-03
 0.695000E+00 -.175551E-03
 0.705000E+00 -.175266E-03
 0.715000E+00 -.174899E-03
 0.725000E+00 -.174450E-03
 0.735000E+00 -.173920E-03
 0.745000E+00 -.173307E-03
 0.755000E+00 -.172613E-03
 0.765000E+00 -.171836E-03
 0.775000E+00 -.170978E-03
 0.785000E+00 -.170038E-03
 0.795000E+00 -.169017E-03
 0.805000E+00 -.167913E-03
 0.815000E+00 -.166728E-03
 0.825000E+00 -.165462E-03
 0.835000E+00 -.164114E-03
 0.845000E+00 -.162684E-03
 0.855000E+00 -.161173E-03
 0.865000E+00 -.159581E-03
 0.875000E+00 -.157908E-03
 0.885000E+00 -.156153E-03
 0.895000E+00 -.154318E-03
 0.905000E+00 -.442732E-01
 0.915000E+00 -.416765E-01
 0.925000E+00 -.390736E-01
 0.935000E+00 -.364650E-01
 0.945000E+00 -.338509E-01
 0.955000E+00 -.312317E-01
 0.965000E+00 -.286078E-01
 0.975000E+00 -.259795E-01
 0.985000E+00 -.233472E-01
 0.995000E+00 -.207113E-01








































































































































































































 -.995000E+00 0.270569E+00
 -.985000E+00 0.270560E+00
 -.975000E+00 0.270551E+00
 -.965000E+00 0.270543E+00
 -.955000E+00 0.270534E+00
 -.945000E+00 0.270525E+00
 -.935000E+00 0.270517E+00
 -.925000E+00 0.270508E+00
 -.915000E+00 0.270499E+00
 -.905000E+00 0.270491E+00
 -.895000E+00 0.825702E-03
 -.885000E+00 0.816185E-03
 -.875000E+00 0.806673E-03
 -.865000E+00 0.797164E-03
 -.855000E+00 0.787661E-03
 -.845000E+00 0.778161E-03
 -.835000E+00 0.768667E-03
 -.825000E+00 0.759177E-03
 -.815000E+00 0.749691E-03
 -.805000E+00 0.740211E-03
 -.795000E+00 0.730736E-03
 -.785000E+00 0.721266E-03
 -.775000E+00 0.711801E-03
 -.765000E+00 0.702341E-03
 -.755000E+00 0.692887E-03
 -.745000E+00 0.683438E-03
 -.735000E+00 0.673995E-03
 -.725000E+00 0.664557E-03
 -.715000E+00 0.655125E-03
 -.705000E+00 0.645699E-03
 -.695000E+00 0.636279E-03
 -.685000E+00 0.626865E-03
 -.675000E+00 0.617457E-03
 -.665000E+00 0.608055E-03
 -.655000E+00 0.598660E-03
 -.645000E+00 0.589271E-03
 -.635000E+00 0.579888E-03
 -.625000E+00 0.570512E-03
 -.615000E+00 0.561143E-03
 -.605000E+00 0.551781E-03
 -.595000E+00 0.542425E-03
 -.585000E+00 0.533076E-03
 -.575000E+00 0.523735E-03
 -.565000E+00 0.514400E-03
 -.555000E+00 0.505073E-03
 -.545000E+00 0.495753E-03
 -.535000E+00 0.486441E-03
 -.525000E+00 0.477136E-03
 -.515000E+00 0.467839E-03
 -.505000E+00 0.458549E-03
 -.495000E+00 0.449267E-03
 -.485000E+00 0.439993E-03
 -.475000E+00 0.430727E-03
 -.465000E+00 0.421470E-03
 -.455000E+00 0.412220E-03
 -.445000E+00 0.402978E-03
 -.435000E+00 0.393745E-03
 -.425000E+00 0.384521E-03
 -.415000E+00 0.375304E-03
 -.405000E+00 0.366097E-03
 -.395000E+00 0.356898E-03
 -.385000E+00 0.347708E-03
 -.375000E+00 0.338527E-03
 -.365000E+00 0.329355E-03
 -.355000E+00 0.320192E-03
 -.345000E+00 0.311038E-03
 -.335000E+00 0.301894E-03
 -.325000E+00 0.292758E-03
 -.315000E+00 0.283633E-03
 -.305000E+00 0.274516E-03
 -.295000E+00 0.265410E-03
 -.285000E+00 0.256313E-03
 -.275000E+00 0.247226E-03
 -.265000E+00 0.238149E-03
 -.255000E+00 0.229082E-03
 -.245000E+00 0.220024E-03
 -.235000E+00 0.210978E-03
 -.225000E+00 0.201941E-03
 -.215000E+00 0.192915E-03
 -.205000E+00 0.183899E-03
 -.195000E+00 0.174893E-03
 -.185000E+00 0.165899E-03
 -.175000E+00 0.156915E-03
 -.165000E+00 0.147942E-03
 -.155000E+00 0.138979E-03
 -.145000E+00 0.130028E-03
 -.135000E+00 0.121088E-03
 -.125000E+00 0.112159E-03
 -.115000E+00 0.103241E-03
 -.105000E+00 0.943345E-04
 -.950000E-01 0.854395E-04
 -.850000E-01 0.765560E-04
 -.750000E-01 0.676841E-04
 -.650000E-01 0.588239E-04
 -.550000E-01 0.499755E-04
 -.450000E-01 0.411390E-04
 -.350000E-01 0.323144E-04
 -.250000E-01 0.235019E-04
 -.150000E-01 0.147015E-04
 -.500000E-02 0.591336E-05
 0.500000E-02 -.286246E-05
 0.150000E-01 -.116259E-04
 0.250000E-01 -.203768E-04
 0.350000E-01 -.291151E-04
 0.450000E-01 -.378408E-04
 0.550000E-01 -.465537E-04
 0.650000E-01 -.552538E-04
 0.750000E-01 -.639409E-04
 0.850000E-01 -.726150E-04
 0.950000E-01 -.812760E-04
 0.105000E+00 -.899238E-04
 0.115000E+00 -.985583E-04
 0.125000E+00 -.107179E-03
 0.135000E+00 -.115787E-03
 0.145000E+00 -.124381E-03
 0.155000E+00 -.132962E-03
 0.165000E+00 -.141529E-03
 0.175000E+00 -.150082E-03
 0.185000E+00 -.158621E-03
 0.195000E+00 -.167146E-03
 0.205000E+00 -.175657E-03
 0.215000E+00 -.184154E-03
 0.225000E+00 -.192637E-03
 0.235000E+00 -.201105E-03
 0.245000E+00 -.209559E-03
 0.255000E+00 -.217998E-03
 0.265000E+00 -.226423E-03
 0.275000E+00 -.234833E-03
 0.285000E+00 -.243229E-03
 0.295000E+00 -.251610E-03
 0.305000E+00 -.259975E-03
 0.315000E+00 -.268326E-03
 0.325000E+00 -.276662E-03
 0.335000E+00 -.284982E-03
 0.345000E+00 -.293287E-03
 0.355000E+00 -.301577E-03
 0.365000E+00 -.309852E-03
 0.375000E+00 -.318111E-03
 0.385000E+00 -.326354E-03
 0.395000E+00 -.334582E-03
 0.405000E+00 -.342794E-03
 0.415000E+00 -.350990E-03
 0.425000E+00 -.359170E-03
 0.435000E+00 -.367334E-03
 0.445000E+00 -.375482E-03
 0.455000E+00 -.383614E-03
 0.465000E+00 -.391730E-03
 0.475000E+00 -.399829E-03
 0.485000E+00 -.407912E-03
 0.495000E+00 -.415978E-03
 0.505000E+00 -.424028E-03
 0.515000E+00 -.432061E-03
 0.525000E+00 -.440078E-03
 0.535000E+00 -.448077E-03
 0.545000E+00 -.456060E-03
 0.555000E+00 -.464026E-03
 0.565000E+00 -.471974E-03
 0.575000E+00 -.479906E-03
 0.585000E+00 -.487820E-03
 0.595000E+00 -.495717E-03
 0.605000E+00 -.503596E-03
 0.615000E+00 -.511458E-03
 0.625000E+00 -.519302E-03
 0.635000E+00 -.527129E-03
 0.645000E+00 -.534938E-03
 0.655000E+00 -.542729E-03
 0.665000E+00 -.550503E-03
 0.675000E+00 -.558258E-03
 0.685000E+00 -.565995E-03
 0.695000E+00 -.573715E-03
 0.705000E+00 -.581416E-03
 0.715000E+00 -.589098E-03
 0.725000E+00 -.596763E-03
 0.735000E+00 -.604409E-03
 0.745000E+00 -.612036E-03
 0.755000E+00 -.619645E-03
 0.765000E+00 -.627235E-03
 0.775000E+00 -.634807E-03
 0.785000E+00 -.642359E-03
 0.795000E+00 -.649893E-03
 0.805000E+00 -.657408E-03
 0.815000E+00 -.664903E-03
 0.825000E+00 -.672380E-03
 0.835000E+00 -.679837E-03
 0.845000E+00 -.687275E-03
 0.855000E+00 -.694694E-03
 0.865000E+00 -.702093E-03
 0.875000E+00 -.709472E-03
 0.885000E+00 -.716832E-03
 0.895000E+00 -.724173E-03
 0.905000E+00 -.237649E+00
 0.915000E+00 -.236959E+00
 0.925000E+00 -.236260E+00
 0.935000E+00 -.235553E+00
 0.945000E+00 -.234837E+00
 0.955000E+00 -.234112E+00
 0.965000E+00 -.233379E+00
 0.975000E+00 -.232636E+00
 0.985000E+00 -.231885E+00
 0.995000E+00 -.231124E+00








































































































































































































 -.995000E+00 0.282724E+00
 -.985000E+00 0.282846E+00
 -.975000E+00 0.282968E+00
 -.965000E+00 0.283090E+00
 -.955000E+00 0.283212E+00
 -.945000E+00 0.283333E+00
 -.935000E+00 0.283455E+00
 -.925000E+00 0.283577E+00
 -.915000E+00 0.283698E+00
 -.905000E+00 0.283820E+00
 -.895000E+00 0.253177E-01
 -.885000E+00 0.253087E-01
 -.875000E+00 0.252998E-01
 -.865000E+00 0.252908E-01
 -.855000E+00 0.252819E-01
 -.845000E+00 0.252729E-01
 -.835000E+00 0.252640E-01
 -.825000E+00 0.252551E-01
 -.815000E+00 0.252461E-01
 -.805000E+00 0.252372E-01
 -.795000E+00 0.252283E-01
 -.785000E+00 0.252194E-01
 -.775000E+00 0.252105E-01
 -.765000E+00 0.252016E-01
 -.755000E+00 0.251927E-01
 -.745000E+00 0.251838E-01
 -.735000E+00 0.251749E-01
 -.725000E+00 0.251660E-01
 -.715000E+00 0.251571E-01
 -.705000E+00 0.251482E-01
 -.695000E+00 0.251394E-01
 -.685000E+00 0.251305E-01
 -.675000E+00 0.251216E-01
 -.665000E+00 0.251128E-01
 -.655000E+00 0.251039E-01
 -.645000E+00 0.250950E-01
 -.635000E+00 0.250862E-01
 -.625000E+00 0.250773E-01
 -.615000E+00 0.250685E-01
 -.605000E+00 0.250597E-01
 -.595000E+00 0.250508E-01
 -.585000E+00 0.250420E-01
 -.575000E+00 0.250332E-01
 -.565000E+00 0.250243E-01
 -.555000E+00 0.250155E-01
 -.545000E+00 0.250067E-01
 -.535000E+00 0.249979E-01
 -.525000E+00 0.249891E-01
 -.515000E+00 0.249803E-01
 -.505000E+00 0.249715E-01
 -.495000E+00 0.249627E-01
 -.485000E+00 0.249539E-01
 -.475000E+00 0.249451E-01
 -.465000E+00 0.249363E-01
 -.455000E+00 0.249275E-01
 -.445000E+00 0.249187E-01
 -.435000E+00 0.249100E-01
 -.425000E+00 0.249012E-01
 -.415000E+00 0.248924E-01
 -.405000E+00 0.248837E-01
 -.395000E+00 0.248749E-01
 -.385000E+00 0.248661E-01
 -.375000E+00 0.248574E-01
 -.365000E+00 0.248487E-01
 -.355000E+00 0.248399E-01
 -.345000E+00 0.248312E-01
 -.335000E+00 0.248224E-01
 -.325000E+00 0.248137E-01
 -.315000E+00 0.248050E-01
 -.305000E+00 0.247963E-01
 -.295000E+00 0.247875E-01
 -.285000E+00 0.247788E-01
 -.275000E+00 0.247701E-01
 -.265000E+00 0.247614E-01
 -.255000E+00 0.247527E-01
 -.245000E+00 0.247440E-01
 -.235000E+00 0.247353E-01
 -.225000E+00 0.247266E-01
 -.215000E+00 0.247179E-01
 -.205000E+00 0.247092E-01
 -.195000E+00 0.247005E-01
 -.185000E+00 0.246919E-01
 -.175000E+00 0.246832E-01
 -.165000E+00 0.246745E-01
 -.155000E+00 0.246658E-01
 -.145000E+00 0.246572E-01
 -.135000E+00 0.246485E-01
 -.125000E+00 0.246399E-01
 -.115000E+00 0.246312E-01
 -.105000E+00 0.246226E-01
 -.950000E-01 0.246139E-01
 -.850000E-01 0.246053E-01
 -.750000E-01 0.245966E-01
 -.650000E-01 0.245880E-01
 -.550000E-01 0.245794E-01
 -.450000E-01 0.245708E-01
 -.350000E-01 0.245621E-01
 -.250000E-01 0.245535E-01
 -.150000E-01 0.245449E-01
 -.500000E-02 0.245363E-01
 0.500000E-02 0.245277E-01
 0.150000E-01 0.245191E-01
 0.250000E-01 0.245105E-01
 0.350000E-01 0.245019E-01
 0.450000E-01 0.244933E-01
 0.550000E-01 0.244847E-01
 0.650000E-01 0.244761E-01
 0.750000E-01 0.244675E-01
 0.850000E-01 0.244590E-01
 0.950000E-01 0.244504E-01
 0.105000E+00 0.244418E-01
 0.115000E+00 0.244332E-01
 0.125000E+00 0.244247E-01
 0.135000E+00 0.244161E-01
 0.145000E+00 0.244076E-01
 0.155000E+00 0.243990E-01
 0.165000E+00 0.243905E-01
 0.175000E+00 0.243819E-01
 0.185000E+00 0.243734E-01
 0.195000E+00 0.243648E-01
 0.205000E+00 0.243563E-01
 0.215000E+00 0.243478E-01
 0.225000E+00 0.243392E-01
 0.235000E+00 0.243307E-01
 0.245000E+00 0.243222E-01
 0.255000E+00 0.243137E-01
 0.265000E+00 0.243052E-01
 0.275000E+00 0.242967E-01
 0.285000E+00 0.242882E-01
 0.295000E+00 0.242797E-01
 0.305000E+00 0.242712E-01
 0.315000E+00 0.242627E-01
 0.325000E+00 0.242542E-01
 0.335000E+00 0.242457E-01
 0.345000E+00 0.242372E-01
 0.355000E+00 0.242287E-01
 0.365000E+00 0.242202E-01
 0.375000E+00 0.242118E-01
 0.385000E+00 0.242033E-01
 0.395000E+00 0.241948E-01
 0.405000E+00 0.241864E-01
 0.415000E+00 0.241779E-01
 0.425000E+00 0.241694E-01
 0.435000E+00 0.241610E-01
 0.445000E+00 0.241525E-01
 0.455000E+00 0.241441E-01
 0.465000E+00 0.241357E-01
 0.475000E+00 0.241272E-01
 0.485000E+00 0.241188E-01
 0.495000E+00 0.241104E-01
 0.505000E+00 0.241019E-01
 0.515000E+00 0.240935E-01
 0.525000E+00 0.240851E-01
 0.535000E+00 0.240767E-01
 0.545000E+00 0.240682E-01
 0.555000E+00 0.240598E-01
 0.565000E+00 0.240514E-01
 0.575000E+00 0.240430E-01
 0.585000E+00 0.240346E-01
 0.595000E+00 0.240262E-01
 0.605000E+00 0.240178E-01
 0.615000E+00 0.240094E-01
 0.625000E+00 0.240011E-01
 0.635000E+00 0.239927E-01
 0.645000E+00 0.239843E-01
 0.655000E+00 0.239759E-01
 0.665000E+00 0.239675E-01
 0.675000E+00 0.239592E-01
 0.685000E+00 0.239508E-01
 0.695000E+00 0.239424E-01
 0.705000E+00 0.239341E-01
 0.715000E+00 0.239257E-01
 0.725000E+00 0.239174E-01
 0.735000E+00 0.239090E-01
 0.745000E+00 0.239007E-01
 0.755000E+00 0.238923E-01
 0.765000E+00 0.238840E-01
 0.775000E+00 0.238757E-01
 0.785000E+00 0.238673E-01
 0.795000E+00 0.238590E-01
 0.805000E+00 0.238507E-01
 0.815000E+00 0.238424E-01
 0.825000E+00 0.238340E-01
 0.835000E+00 0.238257E-01
 0.845000E+00 0.238174E-01
 0.855000E+00 0.238091E-01
 0.865000E+00 0.238008E-01
 0.875000E+00 0.237925E-01
 0.885000E+00 0.237842E-01
 0.895000E+00 0.237759E-01
 0.905000E+00 -.212826E+00
 0.915000E+00 -.212623E+00
 0.925000E+00 -.212419E+00
 0.935000E+00 -.212213E+00
 0.945000E+00 -.212006E+00
 0.955000E+00 -.211796E+00
 0.965000E+00 -.211585E+00
 0.975000E+00 -.211372E+00
 0.985000E+00 -.211158E+00
 0.995000E+00 -.210942E+00








































































































































































































 -.995000E+00 0.270569E+00
 -.985000E+00 0.270560E+00
 -.975000E+00 0.270551E+00
 -.965000E+00 0.270543E+00
 -.955000E+00 0.270534E+00
 -.945000E+00 0.270525E+00
 -.935000E+00 0.270517E+00
 -.925000E+00 0.270508E+00
 -.915000E+00 0.270499E+00
 -.905000E+00 0.270491E+00
 -.895000E+00 0.825702E-03
 -.885000E+00 0.816185E-03
 -.875000E+00 0.806673E-03
 -.865000E+00 0.797164E-03
 -.855000E+00 0.787661E-03
 -.845000E+00 0.778161E-03
 -.835000E+00 0.768667E-03
 -.825000E+00 0.759177E-03
 -.815000E+00 0.749691E-03
 -.805000E+00 0.740211E-03
 -.795000E+00 0.730736E-03
 -.785000E+00 0.721266E-03
 -.775000E+00 0.711801E-03
 -.765000E+00 0.702341E-03
 -.755000E+00 0.692887E-03
 -.745000E+00 0.683438E-03
 -.735000E+00 0.673995E-03
 -.725000E+00 0.664557E-03
 -.715000E+00 0.655125E-03
 -.705000E+00 0.645699E-03
 -.695000E+00 0.636279E-03
 -.685000E+00 0.626865E-03
 -.675000E+00 0.617457E-03
 -.665000E+00 0.608055E-03
 -.655000E+00 0.598660E-03
 -.645000E+00 0.589271E-03
 -.635000E+00 0.579888E-03
 -.625000E+00 0.570512E-03
 -.615000E+00 0.561143E-03
 -.605000E+00 0.551781E-03
 -.595000E+00 0.542425E-03
 -.585000E+00 0.533076E-03
 -.575000E+00 0.523735E-03
 -.565000E+00 0.514400E-03
 -.555000E+00 0.505073E-03
 -.545000E+00 0.495753E-03
 -.535000E+00 0.486441E-03
 -.525000E+00 0.477136E-03
 -.515000E+00 0.467839E-03
 -.505000E+00 0.458549E-03
 -.495000E+00 0.449267E-03
 -.485000E+00 0.439993E-03
 -.475000E+00 0.430727E-03
 -.465000E+00 0.421470E-03
 -.455000E+00 0.412220E-03
 -.445000E+00 0.402978E-03
 -.435000E+00 0.393745E-03
 -.425000E+00 0.384521E-03
 -.415000E+00 0.375304E-03
 -.405000E+00 0.366097E-03
 -.395000E+00 0.356898E-03
 -.385000E+00 0.347708E-03
 -.375000E+00 0.338527E-03
 -.365000E+00 0.329355E-03
 -.355000E+00 0.320192E-03
 -.345000E+00 0.311038E-03
 -.335000E+00 0.301894E-03
 -.325000E+00 0.292758E-03
 -.315000E+00 0.283633E-03
 -.305000E+00 0.274516E-03
 -.295000E+00 0.265410E-03
 -.285000E+00 0.256313E-03
 -.275000E+00 0.247226E-03
 -.265000E+00 0.238149E-03
 -.255000E+00 0.229082E-03
 -.245000E+00 0.220024E-03
 -.235000E+00 0.210978E-03
 -.225000E+00 0.201941E-03
 -.215000E+00 0.192915E-03
 -.205000E+00 0.183899E-03
 -.195000E+00 0.174893E-03
 -.185000E+00 0.165899E-03
 -.175000E+00 0.156915E-03
 -.165000E+00 0.147942E-03
 -.155000E+00 0.138979E-03
 -.145000E+00 0.130028E-03
 -.135000E+00 0.121088E-03
 -.125000E+00 0.112159E-03
 -.115000E+00 0.103241E-03
 -.105000E+00 0.943345E-04
 -.950000E-01 0.854395E-04
 -.850000E-01 0.765560E-04
 -.750000E-01 0.676841E-04
 -.650000E-01 0.588239E-04
 -.550000E-01 0.499755E-04
 -.450000E-01 0.411390E-04
 -.350000E-01 0.323144E-04
 -.250000E-01 0.235019E-04
 -.150000E-01 0.147015E-04
 -.500000E-02 0.591336E-05
 0.500000E-02 -.286246E-05
 0.150000E-01 -.116259E-04
 0.250000E-01 -.203768E-04
 0.350000E-01 -.291151E-04
 0.450000E-01 -.378408E-04
 0.550000E-01 -.465537E-04
 0.650000E-01 -.552538E-04
 0.750000E-01 -.639409E-04
 0.850000E-01 -.726150E-04
 0.950000E-01 -.812760E-04
 0.105000E+00 -.899238E-04
 0.115000E+00 -.985583E-04
 0.125000E+00 -.107179E-03
 0.135000E+00 -.115787E-03
 0.145000E+00 -.124381E-03
 0.155000E+00 -.132962E-03
 0.165000E+00 -.141529E-03
 0.175000E+00 -.150082E-03
 0.185000E+00 -.158621E-03
 0.195000E+00 -.167146E-03
 0.205000E+00 -.175657E-03
 0.215000E+00 -.184154E-03
 0.225000E+00 -.192637E-03
 0.235000E+00 -.201105E-03
 0.245000E+00 -.209559E-03
 0.255000E+00 -.217998E-03
 0.265000E+00 -.226423E-03
 0.275000E+00 -.234833E-03
 0.285000E+00 -.243229E-03
 0.295000E+00 -.251610E-03
 0.305000E+00 -.259975E-03
 0.315000E+00 -.268326E-03
 0.325000E+00 -.276662E-03
 0.335000E+00 -.284982E-03
 0.345000E+00 -.293287E-03
 0.355000E+00 -.301577E-03
 0.365000E+00 -.309852E-03
 0.375000E+00 -.318111E-03
 0.385000E+00 -.326354E-03
 0.395000E+00 -.334582E-03
 0.405000E+00 -.342794E-03
 0.415000E+00 -.350990E-03
 0.425000E+00 -.359170E-03
 0.435000E+00 -.367334E-03
 0.445000E+00 -.375482E-03
 0.455000E+00 -.383614E-03
 0.465000E+00 -.391730E-03
 0.475000E+00 -.399829E-03
 0.485000E+00 -.407912E-03
 0.495000E+00 -.415978E-03
 0.505000E+00 -.424028E-03
 0.515000E+00 -.432061E-03
 0.525000E+00 -.440078E-03
 0.535000E+00 -.448077E-03
 0.545000E+00 -.456060E-03
 0.555000E+00 -.464026E-03
 0.565000E+00 -.471974E-03
 0.575000E+00 -.479906E-03
 0.585000E+00 -.487820E-03
 0.595000E+00 -.495717E-03
 0.605000E+00 -.503596E-03
 0.615000E+00 -.511458E-03
 0.625000E+00 -.519302E-03
 0.635000E+00 -.527129E-03
 0.645000E+00 -.534938E-03
 0.655000E+00 -.542729E-03
 0.665000E+00 -.550503E-03
 0.675000E+00 -.558258E-03
 0.685000E+00 -.565995E-03
 0.695000E+00 -.573715E-03
 0.705000E+00 -.581416E-03
 0.715000E+00 -.589098E-03
 0.725000E+00 -.596763E-03
 0.735000E+00 -.604409E-03
 0.745000E+00 -.612036E-03
 0.755000E+00 -.619645E-03
 0.765000E+00 -.627235E-03
 0.775000E+00 -.634807E-03
 0.785000E+00 -.642359E-03
 0.795000E+00 -.649893E-03
 0.805000E+00 -.657408E-03
 0.815000E+00 -.664903E-03
 0.825000E+00 -.672380E-03
 0.835000E+00 -.679837E-03
 0.845000E+00 -.687275E-03
 0.855000E+00 -.694694E-03
 0.865000E+00 -.702093E-03
 0.875000E+00 -.709472E-03
 0.885000E+00 -.716832E-03
 0.895000E+00 -.724173E-03
 0.905000E+00 -.237649E+00
 0.915000E+00 -.236959E+00
 0.925000E+00 -.236260E+00
 0.935000E+00 -.235553E+00
 0.945000E+00 -.234837E+00
 0.955000E+00 -.234112E+00
 0.965000E+00 -.233379E+00
 0.975000E+00 -.232636E+00
 0.985000E+00 -.231885E+00
 0.995000E+00 -.231124E+00








































































































































































































 -.995000E+00 0.209799E+00
 -.985000E+00 0.209791E+00
 -.975000E+00 0.209784E+00
 -.965000E+00 0.209777E+00
 -.955000E+00 0.209769E+00
 -.945000E+00 0.209762E+00
 -.935000E+00 0.209755E+00
 -.925000E+00 0.209748E+00
 -.915000E+00 0.209740E+00
 -.905000E+00 0.209733E+00
 -.895000E+00 0.708750E-03
 -.885000E+00 0.698778E-03
 -.875000E+00 0.688837E-03
 -.865000E+00 0.678930E-03
 -.855000E+00 0.669055E-03
 -.845000E+00 0.659213E-03
 -.835000E+00 0.649406E-03
 -.825000E+00 0.639633E-03
 -.815000E+00 0.629895E-03
 -.805000E+00 0.620193E-03
 -.795000E+00 0.610527E-03
 -.785000E+00 0.600898E-03
 -.775000E+00 0.591307E-03
 -.765000E+00 0.581753E-03
 -.755000E+00 0.572238E-03
 -.745000E+00 0.562761E-03
 -.735000E+00 0.553324E-03
 -.725000E+00 0.543927E-03
 -.715000E+00 0.534571E-03
 -.705000E+00 0.525256E-03
 -.695000E+00 0.515982E-03
 -.685000E+00 0.506751E-03
 -.675000E+00 0.497562E-03
 -.665000E+00 0.488417E-03
 -.655000E+00 0.479315E-03
 -.645000E+00 0.470257E-03
 -.635000E+00 0.461244E-03
 -.625000E+00 0.452276E-03
 -.615000E+00 0.443354E-03
 -.605000E+00 0.434479E-03
 -.595000E+00 0.425650E-03
 -.585000E+00 0.416868E-03
 -.575000E+00 0.408134E-03
 -.565000E+00 0.399449E-03
 -.555000E+00 0.390812E-03
 -.545000E+00 0.382224E-03
 -.535000E+00 0.373686E-03
 -.525000E+00 0.365199E-03
 -.515000E+00 0.356761E-03
 -.505000E+00 0.348376E-03
 -.495000E+00 0.340041E-03
 -.485000E+00 0.331759E-03
 -.475000E+00 0.323530E-03
 -.465000E+00 0.315354E-03
 -.455000E+00 0.307231E-03
 -.445000E+00 0.299162E-03
 -.435000E+00 0.291147E-03
 -.425000E+00 0.283188E-03
 -.415000E+00 0.275284E-03
 -.405000E+00 0.267435E-03
 -.395000E+00 0.259643E-03
 -.385000E+00 0.251908E-03
 -.375000E+00 0.244229E-03
 -.365000E+00 0.236609E-03
 -.355000E+00 0.229046E-03
 -.345000E+00 0.221542E-03
 -.335000E+00 0.214096E-03
 -.325000E+00 0.206710E-03
 -.315000E+00 0.199384E-03
 -.305000E+00 0.192117E-03
 -.295000E+00 0.184912E-03
 -.285000E+00 0.177767E-03
 -.275000E+00 0.170684E-03
 -.265000E+00 0.163662E-03
 -.255000E+00 0.156703E-03
 -.245000E+00 0.149806E-03
 -.235000E+00 0.142972E-03
 -.225000E+00 0.136201E-03
 -.215000E+00 0.129494E-03
 -.205000E+00 0.122852E-03
 -.195000E+00 0.116274E-03
 -.185000E+00 0.109760E-03
 -.175000E+00 0.103312E-03
 -.165000E+00 0.969299E-04
 -.155000E+00 0.906135E-04
 -.145000E+00 0.843635E-04
 -.135000E+00 0.781801E-04
 -.125000E+00 0.720639E-04
 -.115000E+00 0.660150E-04
 -.105000E+00 0.600339E-04
 -.950000E-01 0.541210E-04
 -.850000E-01 0.482765E-04
 -.750000E-01 0.425007E-04
 -.650000E-01 0.367941E-04
 -.550000E-01 0.311569E-04
 -.450000E-01 0.255895E-04
 -.350000E-01 0.200922E-04
 -.250000E-01 0.146653E-04
 -.150000E-01 0.930917E-05
 -.500000E-02 0.402402E-05
 0.500000E-02 -.118979E-05
 0.150000E-01 -.633196E-05
 0.250000E-01 -.114022E-04
 0.350000E-01 -.164002E-04
 0.450000E-01 -.213257E-04
 0.550000E-01 -.261784E-04
 0.650000E-01 -.309581E-04
 0.750000E-01 -.356643E-04
 0.850000E-01 -.402970E-04
 0.950000E-01 -.448557E-04
 0.105000E+00 -.493403E-04
 0.115000E+00 -.537504E-04
 0.125000E+00 -.580859E-04
 0.135000E+00 -.623464E-04
 0.145000E+00 -.665318E-04
 0.155000E+00 -.706418E-04
 0.165000E+00 -.746760E-04
 0.175000E+00 -.786344E-04
 0.185000E+00 -.825167E-04
 0.195000E+00 -.863226E-04
 0.205000E+00 -.900520E-04
 0.215000E+00 -.937045E-04
 0.225000E+00 -.972800E-04
 0.235000E+00 -.100778E-03
 0.245000E+00 -.104199E-03
 0.255000E+00 -.107543E-03
 0.265000E+00 -.110808E-03
 0.275000E+00 -.113995E-03
 0.285000E+00 -.117105E-03
 0.295000E+00 -.120136E-03
 0.305000E+00 -.123088E-03
 0.315000E+00 -.125961E-03
 0.325000E+00 -.128756E-03
 0.335000E+00 -.131472E-03
 0.345000E+00 -.134108E-03
 0.355000E+00 -.136665E-03
 0.365000E+00 -.139143E-03
 0.375000E+00 -.141540E-03
 0.385000E+00 -.143858E-03
 0.395000E+00 -.146096E-03
 0.405000E+00 -.148254E-03
 0.415000E+00 -.150332E-03
 0.425000E+00 -.152329E-03
 0.435000E+00 -.154246E-03
 0.445000E+00 -.156082E-03
 0.455000E+00 -.157838E-03
 0.465000E+00 -.159512E-03
 0.475000E+00 -.161106E-03
 0.485000E+00 -.162619E-03
 0.495000E+00 -.164051E-03
 0.505000E+00 -.165401E-03
 0.515000E+00 -.166670E-03
 0.525000E+00 -.167858E-03
 0.535000E+00 -.168965E-03
 0.545000E+00 -.169990E-03
 0.555000E+00 -.170933E-03
 0.565000E+00 -.171795E-03
 0.575000E+00 -.172575E-03
 0.585000E+00 -.173273E-03
 0.595000E+00 -.173890E-03
 0.605000E+00 -.174425E-03
 0.615000E+00 -.174877E-03
 0.625000E+00 -.175248E-03
 0.635000E+00 -.175537E-03
 0.645000E+00 -.175745E-03
 0.655000E+00 -.175870E-03
 0.665000E+00 -.175913E-03
 0.675000E+00 -.175874E-03
 0.685000E+00 -.175753E-03
 0.695000E+00 -.175551E-03
 0.705000E+00 -.175266E-03
 0.715000E+00 -.174899E-03
 0.725000E+00 -.174450E-03
 0.735000E+00 -.173920E-03
 0.745000E+00 -.173307E-03
 0.755000E+00 -.172613E-03
 0.765000E+00 -.171836E-03
 0.775000E+00 -.170978E-03
 0.785000E+00 -.170038E-03
 0.795000E+00 -.169017E-03
 0.805000E+00 -.167913E-03
 0.815000E+00 -.166728E-03
 0.825000E+00 -.165462E-03
 0.835000E+00 -.164114E-03
 0.845000E+00 -.162684E-03
 0.855000E+00 -.161173E-03
 0.865000E+00 -.159581E-03
 0.875000E+00 -.157908E-03
 0.885000E+00 -.156153E-03
 0.895000E+00 -.154318E-03
 0.905000E+00 -.442732E-01
 0.915000E+00 -.416765E-01
 0.925000E+00 -.390736E-01
 0.935000E+00 -.364650E-01
 0.945000E+00 -.338509E-01
 0.955000E+00 -.312317E-01
 0.965000E+00 -.286078E-01
 0.975000E+00 -.259795E-01
 0.985000E+00 -.233472E-01
 0.995000E+00 -.207113E-01








































































































































































































 -.995000E+00 0.325761E-02
 -.985000E+00 0.325483E-02
 -.975000E+00 0.325207E-02
 -.965000E+00 0.324932E-02
 -.955000E+00 0.324659E-02
 -.945000E+00 0.324387E-02
 -.935000E+00 0.324116E-02
 -.925000E+00 0.323847E-02
 -.915000E+00 0.323579E-02
 -.905000E+00 0.323313E-02
 -.895000E+00 0.217429E-02
 -.885000E+00 0.217268E-02
 -.875000E+00 0.217119E-02
 -.865000E+00 0.216980E-02
 -.855000E+00 0.216853E-02
 -.845000E+00 0.216736E-02
 -.835000E+00 0.216631E-02
 -.825000E+00 0.216537E-02
 -.815000E+00 0.216454E-02
 -.805000E+00 0.216382E-02
 -.795000E+00 0.216321E-02
 -.785000E+00 0.216272E-02
 -.775000E+00 0.216234E-02
 -.765000E+00 0.216206E-02
 -.755000E+00 0.216191E-02
 -.745000E+00 0.216186E-02
 -.735000E+00 0.216193E-02
 -.725000E+00 0.216210E-02
 -.715000E+00 0.216239E-02
 -.705000E+00 0.216280E-02
 -.695000E+00 0.216331E-02
 -.685000E+00 0.216394E-02
 -.675000E+00 0.216468E-02
 -.665000E+00 0.216552E-02
 -.655000E+00 0.216649E-02
 -.645000E+00 0.216756E-02
 -.635000E+00 0.216874E-02
 -.625000E+00 0.217003E-02
 -.615000E+00 0.217144E-02
 -.605000E+00 0.217295E-02
 -.595000E+00 0.217458E-02
 -.585000E+00 0.217631E-02
 -.575000E+00 0.217815E-02
 -.565000E+00 0.218010E-02
 -.555000E+00 0.218216E-02
 -.545000E+00 0.218433E-02
 -.535000E+00 0.218660E-02
 -.525000E+00 0.218898E-02
 -.515000E+00 0.219147E-02
 -.505000E+00 0.219407E-02
 -.495000E+00 0.219676E-02
 -.485000E+00 0.219957E-02
 -.475000E+00 0.220248E-02
 -.465000E+00 0.220549E-02
 -.455000E+00 0.220860E-02
 -.445000E+00 0.221182E-02
 -.435000E+00 0.221514E-02
 -.425000E+00 0.221856E-02
 -.415000E+00 0.222208E-02
 -.405000E+00 0.222570E-02
 -.395000E+00 0.222942E-02
 -.385000E+00 0.223323E-02
 -.375000E+00 0.223715E-02
 -.365000E+00 0.224116E-02
 -.355000E+00 0.224526E-02
 -.345000E+00 0.224946E-02
 -.335000E+00 0.225375E-02
 -.325000E+00 0.225814E-02
 -.315000E+00 0.226262E-02
 -.305000E+00 0.226719E-02
 -.295000E+00 0.227185E-02
 -.285000E+00 0.227660E-02
 -.275000E+00 0.228144E-02
 -.265000E+00 0.228636E-02
 -.255000E+00 0.229138E-02
 -.245000E+00 0.229647E-02
 -.235000E+00 0.230165E-02
 -.225000E+00 0.230692E-02
 -.215000E+00 0.231226E-02
 -.205000E+00 0.231769E-02
 -.195000E+00 0.232320E-02
 -.185000E+00 0.232878E-02
 -.175000E+00 0.233444E-02
 -.165000E+00 0.234018E-02
 -.155000E+00 0.234600E-02
 -.145000E+00 0.235189E-02
 -.135000E+00 0.235785E-02
 -.125000E+00 0.236388E-02
 -.115000E+00 0.236998E-02
 -.105000E+00 0.237615E-02
 -.950000E-01 0.238239E-02
 -.850000E-01 0.238870E-02
 -.750000E-01 0.239507E-02
 -.650000E-01 0.240150E-02
 -.550000E-01 0.240800E-02
 -.450000E-01 0.241456E-02
 -.350000E-01 0.242117E-02
 -.250000E-01 0.242785E-02
 -.150000E-01 0.243458E-02
 -.500000E-02 0.244137E-02
 0.500000E-02 0.244822E-02
 0.150000E-01 0.245511E-02
 0.250000E-01 0.246206E-02
 0.350000E-01 0.246906E-02
 0.450000E-01 0.247610E-02
 0.550000E-01 0.248320E-02
 0.650000E-01 0.249033E-02
 0.750000E-01 0.249752E-02
 0.850000E-01 0.250474E-02
 0.950000E-01 0.251201E-02
 0.105000E+00 0.251932E-02
 0.115000E+00 0.252666E-02
 0.125000E+00 0.253404E-02
 0.135000E+00 0.254146E-02
 0.145000E+00 0.254891E-02
 0.155000E+00 0.255639E-02
 0.165000E+00 0.256390E-02
 0.175000E+00 0.257145E-02
 0.185000E+00 0.257902E-02
 0.195000E+00 0.258661E-02
 0.205000E+00 0.259423E-02
 0.215000E+00 0.260187E-02
 0.225000E+00 0.260954E-02
 0.235000E+00 0.261722E-02
 0.245000E+00 0.262492E-02
 0.255000E+00 0.263264E-02
 0.265000E+00 0.264037E-02
 0.275000E+00 0.264812E-02
 0.285000E+00 0.265588E-02
 0.295000E+00 0.266365E-02
 0.305000E+00 0.267142E-02
 0.315000E+00 0.267921E-02
 0.325000E+00 0.268699E-02
 0.335000E+00 0.269479E-02
 0.345000E+00 0.270258E-02
 0.355000E+00 0.271038E-02
 0.365000E+00 0.271817E-02
 0.375000E+00 0.272596E-02
 0.385000E+00 0.273375E-02
 0.395000E+00 0.274153E-02
 0.405000E+00 0.274931E-02
 0.415000E+00 0.275707E-02
 0.425000E+00 0.276483E-02
 0.435000E+00 0.277257E-02
 0.445000E+00 0.278030E-02
 0.455000E+00 0.278801E-02
 0.465000E+00 0.279570E-02
 0.475000E+00 0.280338E-02
 0.485000E+00 0.281104E-02
 0.495000E+00 0.281867E-02
 0.505000E+00 0.282629E-02
 0.515000E+00 0.283387E-02
 0.525000E+00 0.284143E-02
 0.535000E+00 0.284897E-02
 0.545000E+00 0.285647E-02
 0.555000E+00 0.286394E-02
 0.565000E+00 0.287138E-02
 0.575000E+00 0.287879E-02
 0.585000E+00 0.288616E-02
 0.595000E+00 0.289349E-02
 0.605000E+00 0.290079E-02
 0.615000E+00 0.290804E-02
 0.625000E+00 0.291526E-02
 0.635000E+00 0.292243E-02
 0.645000E+00 0.292955E-02
 0.655000E+00 0.293663E-02
 0.665000E+00 0.294366E-02
 0.675000E+00 0.295065E-02
 0.685000E+00 0.295758E-02
 0.695000E+00 0.296446E-02
 0.705000E+00 0.297129E-02
 0.715000E+00 0.297806E-02
 0.725000E+00 0.298478E-02
 0.735000E+00 0.299144E-02
 0.745000E+00 0.299804E-02
 0.755000E+00 0.300458E-02
 0.765000E+00 0.301106E-02
 0.775000E+00 0.301748E-02
 0.785000E+00 0.302384E-02
 0.795000E+00 0.303013E-02
 0.805000E+00 0.303635E-02
 0.815000E+00 0.304250E-02
 0.825000E+00 0.304859E-02
 0.835000E+00 0.305460E-02
 0.845000E+00 0.306055E-02
 0.855000E+00 0.306642E-02
 0.865000E+00 0.307222E-02
 0.875000E+00 0.307794E-02
 0.885000E+00 0.308359E-02
 0.895000E+00 0.308915E-02
 0.905000E+00 0.133580E+00
 0.915000E+00 0.134490E+00
 0.925000E+00 0.135390E+00
 0.935000E+00 0.136279E+00
 0.945000E+00 0.137158E+00
 0.955000E+00 0.138026E+00
 0.965000E+00 0.138883E+00
 0.975000E+00 0.139730E+00
 0.985000E+00 0.140566E+00
 0.995000E+00 0.141391E+00








































































































































































































 -.995000E+00 0.317281E-02
 -.985000E+00 0.317218E-02
 -.975000E+00 0.317155E-02
 -.965000E+00 0.317092E-02
 -.955000E+00 0.317029E-02
 -.945000E+00 0.316967E-02
 -.935000E+00 0.316904E-02
 -.925000E+00 0.316841E-02
 -.915000E+00 0.316779E-02
 -.905000E+00 0.316717E-02
 -.895000E+00 0.312182E-02
 -.885000E+00 0.312187E-02
 -.875000E+00 0.312201E-02
 -.865000E+00 0.312224E-02
 -.855000E+00 0.312255E-02
 -.845000E+00 0.312296E-02
 -.835000E+00 0.312345E-02
 -.825000E+00 0.312402E-02
 -.815000E+00 0.312469E-02
 -.805000E+00 0.312543E-02
 -.795000E+00 0.312627E-02
 -.785000E+00 0.312718E-02
 -.775000E+00 0.312818E-02
 -.765000E+00 0.312926E-02
 -.755000E+00 0.313042E-02
 -.745000E+00 0.313167E-02
 -.735000E+00 0.313298E-02
 -.725000E+00 0.313438E-02
 -.715000E+00 0.313585E-02
 -.705000E+00 0.313740E-02
 -.695000E+00 0.313902E-02
 -.685000E+00 0.314071E-02
 -.675000E+00 0.314247E-02
 -.665000E+00 0.314430E-02
 -.655000E+00 0.314619E-02
 -.645000E+00 0.314815E-02
 -.635000E+00 0.315017E-02
 -.625000E+00 0.315225E-02
 -.615000E+00 0.315438E-02
 -.605000E+00 0.315658E-02
 -.595000E+00 0.315883E-02
 -.585000E+00 0.316112E-02
 -.575000E+00 0.316347E-02
 -.565000E+00 0.316587E-02
 -.555000E+00 0.316831E-02
 -.545000E+00 0.317079E-02
 -.535000E+00 0.317332E-02
 -.525000E+00 0.317588E-02
 -.515000E+00 0.317847E-02
 -.505000E+00 0.318110E-02
 -.495000E+00 0.318376E-02
 -.485000E+00 0.318645E-02
 -.475000E+00 0.318916E-02
 -.465000E+00 0.319189E-02
 -.455000E+00 0.319464E-02
 -.445000E+00 0.319741E-02
 -.435000E+00 0.320019E-02
 -.425000E+00 0.320299E-02
 -.415000E+00 0.320579E-02
 -.405000E+00 0.320860E-02
 -.395000E+00 0.321141E-02
 -.385000E+00 0.321422E-02
 -.375000E+00 0.321703E-02
 -.365000E+00 0.321983E-02
 -.355000E+00 0.322263E-02
 -.345000E+00 0.322541E-02
 -.335000E+00 0.322818E-02
 -.325000E+00 0.323094E-02
 -.315000E+00 0.323368E-02
 -.305000E+00 0.323639E-02
 -.295000E+00 0.323908E-02
 -.285000E+00 0.324175E-02
 -.275000E+00 0.324438E-02
 -.265000E+00 0.324699E-02
 -.255000E+00 0.324956E-02
 -.245000E+00 0.325209E-02
 -.235000E+00 0.325458E-02
 -.225000E+00 0.325703E-02
 -.215000E+00 0.325944E-02
 -.205000E+00 0.326180E-02
 -.195000E+00 0.326412E-02
 -.185000E+00 0.326638E-02
 -.175000E+00 0.326858E-02
 -.165000E+00 0.327074E-02
 -.155000E+00 0.327283E-02
 -.145000E+00 0.327487E-02
 -.135000E+00 0.327684E-02
 -.125000E+00 0.327875E-02
 -.115000E+00 0.328060E-02
 -.105000E+00 0.328238E-02
 -.950000E-01 0.328409E-02
 -.850000E-01 0.328572E-02
 -.750000E-01 0.328729E-02
 -.650000E-01 0.328879E-02
 -.550000E-01 0.329020E-02
 -.450000E-01 0.329155E-02
 -.350000E-01 0.329281E-02
 -.250000E-01 0.329400E-02
 -.150000E-01 0.329510E-02
 -.500000E-02 0.329613E-02
 0.500000E-02 0.329707E-02
 0.150000E-01 0.329793E-02
 0.250000E-01 0.329871E-02
 0.350000E-01 0.329940E-02
 0.450000E-01 0.330000E-02
 0.550000E-01 0.330052E-02
 0.650000E-01 0.330096E-02
 0.750000E-01 0.330131E-02
 0.850000E-01 0.330157E-02
 0.950000E-01 0.330174E-02
 0.105000E+00 0.330182E-02
 0.115000E+00 0.330182E-02
 0.125000E+00 0.330173E-02
 0.135000E+00 0.330156E-02
 0.145000E+00 0.330129E-02
 0.155000E+00 0.330094E-02
 0.165000E+00 0.330051E-02
 0.175000E+00 0.329998E-02
 0.185000E+00 0.329938E-02
 0.195000E+00 0.329868E-02
 0.205000E+00 0.329790E-02
 0.215000E+00 0.329704E-02
 0.225000E+00 0.329610E-02
 0.235000E+00 0.329507E-02
 0.245000E+00 0.329397E-02
 0.255000E+00 0.329278E-02
 0.265000E+00 0.329152E-02
 0.275000E+00 0.329017E-02
 0.285000E+00 0.328876E-02
 0.295000E+00 0.328726E-02
 0.305000E+00 0.328570E-02
 0.315000E+00 0.328406E-02
 0.325000E+00 0.328236E-02
 0.335000E+00 0.328058E-02
 0.345000E+00 0.327874E-02
 0.355000E+00 0.327684E-02
 0.365000E+00 0.327487E-02
 0.375000E+00 0.327284E-02
 0.385000E+00 0.327075E-02
 0.395000E+00 0.326861E-02
 0.405000E+00 0.326641E-02
 0.415000E+00 0.326415E-02
 0.425000E+00 0.326185E-02
 0.435000E+00 0.325950E-02
 0.445000E+00 0.325710E-02
 0.455000E+00 0.325467E-02
 0.465000E+00 0.325218E-02
 0.475000E+00 0.324966E-02
 0.485000E+00 0.324711E-02
 0.495000E+00 0.324452E-02
 0.505000E+00 0.324190E-02
 0.515000E+00 0.323925E-02
 0.525000E+00 0.323658E-02
 0.535000E+00 0.323388E-02
 0.545000E+00 0.323116E-02
 0.555000E+00 0.322842E-02
 0.565000E+00 0.322567E-02
 0.575000E+00 0.322290E-02
 0.585000E+00 0.322013E-02
 0.595000E+00 0.321734E-02
 0.605000E+00 0.321456E-02
 0.615000E+00 0.321177E-02
 0.625000E+00 0.320898E-02
 0.635000E+00 0.320620E-02
 0.645000E+00 0.320342E-02
 0.655000E+00 0.320065E-02
 0.665000E+00 0.319789E-02
 0.675000E+00 0.319515E-02
 0.685000E+00 0.319242E-02
 0.695000E+00 0.318971E-02
 0.705000E+00 0.318703E-02
 0.715000E+00 0.318437E-02
 0.725000E+00 0.318174E-02
 0.735000E+00 0.317914E-02
 0.745000E+00 0.317657E-02
 0.755000E+00 0.317403E-02
 0.765000E+00 0.317154E-02
 0.775000E+00 0.316908E-02
 0.785000E+00 0.316667E-02
 0.795000E+00 0.316430E-02
 0.805000E+00 0.316197E-02
 0.815000E+00 0.315970E-02
 0.825000E+00 0.315748E-02
 0.835000E+00 0.315531E-02
 0.845000E+00 0.315320E-02
 0.855000E+00 0.315115E-02
 0.865000E+00 0.314915E-02
 0.875000E+00 0.314722E-02
 0.885000E+00 0.314535E-02
 0.895000E+00 0.314355E-02
 0.905000E+00 0.200341E-01
 0.915000E+00 0.200734E-01
 0.925000E+00 0.201091E-01
 0.935000E+00 0.201411E-01
 0.945000E+00 0.201694E-01
 0.955000E+00 0.201941E-01
 0.965000E+00 0.202152E-01
 0.975000E+00 0.202326E-01
 0.985000E+00 0.202464E-01
 0.995000E+00 0.202565E-01








































































































































































































 -.995000E+00 0.309035E-02
 -.985000E+00 0.309030E-02
 -.975000E+00 0.309025E-02
 -.965000E+00 0.309021E-02
 -.955000E+00 0.309018E-02
 -.945000E+00 0.309017E-02
 -.935000E+00 0.309018E-02
 -.925000E+00 0.309020E-02
 -.915000E+00 0.309024E-02
 -.905000E+00 0.309029E-02
 -.895000E+00 0.309020E-02
 -.885000E+00 0.309028E-02
 -.875000E+00 0.309039E-02
 -.865000E+00 0.309050E-02
 -.855000E+00 0.309055E-02
 -.845000E+00 0.309052E-02
 -.835000E+00 0.309043E-02
 -.825000E+00 0.309032E-02
 -.815000E+00 0.309022E-02
 -.805000E+00 0.309019E-02
 -.795000E+00 0.309024E-02
 -.785000E+00 0.309035E-02
 -.775000E+00 0.309046E-02
 -.765000E+00 0.309054E-02
 -.755000E+00 0.309054E-02
 -.745000E+00 0.309047E-02
 -.735000E+00 0.309036E-02
 -.725000E+00 0.309025E-02
 -.715000E+00 0.309020E-02
 -.705000E+00 0.309022E-02
 -.695000E+00 0.309030E-02
 -.685000E+00 0.309042E-02
 -.675000E+00 0.309052E-02
 -.665000E+00 0.309055E-02
 -.655000E+00 0.309050E-02
 -.645000E+00 0.309040E-02
 -.635000E+00 0.309029E-02
 -.625000E+00 0.309021E-02
 -.615000E+00 0.309020E-02
 -.605000E+00 0.309027E-02
 -.595000E+00 0.309038E-02
 -.585000E+00 0.309049E-02
 -.575000E+00 0.309054E-02
 -.565000E+00 0.309053E-02
 -.555000E+00 0.309044E-02
 -.545000E+00 0.309033E-02
 -.535000E+00 0.309023E-02
 -.525000E+00 0.309019E-02
 -.515000E+00 0.309023E-02
 -.505000E+00 0.309033E-02
 -.495000E+00 0.309045E-02
 -.485000E+00 0.309053E-02
 -.475000E+00 0.309054E-02
 -.465000E+00 0.309048E-02
 -.455000E+00 0.309037E-02
 -.445000E+00 0.309026E-02
 -.435000E+00 0.309020E-02
 -.425000E+00 0.309021E-02
 -.415000E+00 0.309029E-02
 -.405000E+00 0.309041E-02
 -.395000E+00 0.309051E-02
 -.385000E+00 0.309055E-02
 -.375000E+00 0.309051E-02
 -.365000E+00 0.309042E-02
 -.355000E+00 0.309030E-02
 -.345000E+00 0.309021E-02
 -.335000E+00 0.309020E-02
 -.325000E+00 0.309026E-02
 -.315000E+00 0.309036E-02
 -.305000E+00 0.309048E-02
 -.295000E+00 0.309054E-02
 -.285000E+00 0.309053E-02
 -.275000E+00 0.309046E-02
 -.265000E+00 0.309034E-02
 -.255000E+00 0.309024E-02
 -.245000E+00 0.309020E-02
 -.235000E+00 0.309023E-02
 -.225000E+00 0.309032E-02
 -.215000E+00 0.309044E-02
 -.205000E+00 0.309052E-02
 -.195000E+00 0.309055E-02
 -.185000E+00 0.309049E-02
 -.175000E+00 0.309038E-02
 -.165000E+00 0.309027E-02
 -.155000E+00 0.309020E-02
 -.145000E+00 0.309021E-02
 -.135000E+00 0.309028E-02
 -.125000E+00 0.309040E-02
 -.115000E+00 0.309050E-02
 -.105000E+00 0.309055E-02
 -.950000E-01 0.309052E-02
 -.850000E-01 0.309043E-02
 -.750000E-01 0.309031E-02
 -.650000E-01 0.309022E-02
 -.550000E-01 0.309020E-02
 -.450000E-01 0.309025E-02
 -.350000E-01 0.309035E-02
 -.250000E-01 0.309046E-02
 -.150000E-01 0.309054E-02
 -.500000E-02 0.309054E-02
 0.500000E-02 0.309047E-02
 0.150000E-01 0.309035E-02
 0.250000E-01 0.309025E-02
 0.350000E-01 0.309020E-02
 0.450000E-01 0.309022E-02
 0.550000E-01 0.309031E-02
 0.650000E-01 0.309043E-02
 0.750000E-01 0.309052E-02
 0.850000E-01 0.309055E-02
 0.950000E-01 0.309050E-02
 0.105000E+00 0.309040E-02
 0.115000E+00 0.309028E-02
 0.125000E+00 0.309021E-02
 0.135000E+00 0.309020E-02
 0.145000E+00 0.309027E-02
 0.155000E+00 0.309038E-02
 0.165000E+00 0.309049E-02
 0.175000E+00 0.309054E-02
 0.185000E+00 0.309053E-02
 0.195000E+00 0.309044E-02
 0.205000E+00 0.309032E-02
 0.215000E+00 0.309023E-02
 0.225000E+00 0.309020E-02
 0.235000E+00 0.309024E-02
 0.245000E+00 0.309034E-02
 0.255000E+00 0.309045E-02
 0.265000E+00 0.309053E-02
 0.275000E+00 0.309054E-02
 0.285000E+00 0.309048E-02
 0.295000E+00 0.309037E-02
 0.305000E+00 0.309026E-02
 0.315000E+00 0.309020E-02
 0.325000E+00 0.309021E-02
 0.335000E+00 0.309030E-02
 0.345000E+00 0.309041E-02
 0.355000E+00 0.309051E-02
 0.365000E+00 0.309055E-02
 0.375000E+00 0.309051E-02
 0.385000E+00 0.309041E-02
 0.395000E+00 0.309029E-02
 0.405000E+00 0.309021E-02
 0.415000E+00 0.309020E-02
 0.425000E+00 0.309026E-02
 0.435000E+00 0.309037E-02
 0.445000E+00 0.309048E-02
 0.455000E+00 0.309054E-02
 0.465000E+00 0.309053E-02
 0.475000E+00 0.309045E-02
 0.485000E+00 0.309034E-02
 0.495000E+00 0.309024E-02
 0.505000E+00 0.309020E-02
 0.515000E+00 0.309023E-02
 0.525000E+00 0.309033E-02
 0.535000E+00 0.309044E-02
 0.545000E+00 0.309053E-02
 0.555000E+00 0.309054E-02
 0.565000E+00 0.309049E-02
 0.575000E+00 0.309038E-02
 0.585000E+00 0.309027E-02
 0.595000E+00 0.309020E-02
 0.605000E+00 0.309021E-02
 0.615000E+00 0.309029E-02
 0.625000E+00 0.309040E-02
 0.635000E+00 0.309050E-02
 0.645000E+00 0.309055E-02
 0.655000E+00 0.309052E-02
 0.665000E+00 0.309042E-02
 0.675000E+00 0.309031E-02
 0.685000E+00 0.309022E-02
 0.695000E+00 0.309020E-02
 0.705000E+00 0.309025E-02
 0.715000E+00 0.309036E-02
 0.725000E+00 0.309047E-02
 0.735000E+00 0.309054E-02
 0.745000E+00 0.309054E-02
 0.755000E+00 0.309046E-02
 0.765000E+00 0.309035E-02
 0.775000E+00 0.309025E-02
 0.785000E+00 0.309020E-02
 0.795000E+00 0.309022E-02
 0.805000E+00 0.309031E-02
 0.815000E+00 0.309043E-02
 0.825000E+00 0.309052E-02
 0.835000E+00 0.309055E-02
 0.845000E+00 0.309050E-02
 0.855000E+00 0.309039E-02
 0.865000E+00 0.309028E-02
 0.875000E+00 0.309021E-02
 0.885000E+00 0.309021E-02
 0.895000E+00 0.309028E-02
 0.905000E+00 0.175435E-02
 0.915000E+00 0.207448E-02
 0.925000E+00 0.250771E-02
 0.935000E+00 0.300583E-02
 0.945000E+00 0.351334E-02
 0.955000E+00 0.397372E-02
 0.965000E+00 0.433569E-02
 0.975000E+00 0.455894E-02
 0.985000E+00 0.461861E-02
 0.995000E+00 0.450809E-02








































































































































































































