 -.995000E+00 -.475142E-04
 -.985000E+00 -.430266E-04
 -.975000E+00 -.384615E-04
 -.965000E+00 -.343273E-04
 -.955000E+00 -.310843E-04
 -.945000E+00 -.290937E-04
 -.935000E+00 -.285772E-04
 -.925000E+00 -.295926E-04
 -.915000E+00 -.320268E-04
 -.905000E+00 -.356088E-04
 -.895000E+00 -.393464E-04
 -.885000E+00 -.392954E-04
 -.875000E+00 -.348679E-04
 -.865000E+00 -.265571E-04
 -.855000E+00 -.152885E-04
 -.845000E+00 -.231710E-05
 -.835000E+00 0.109123E-04
 -.825000E+00 0.229264E-04
 -.815000E+00 0.323870E-04
 -.805000E+00 0.382406E-04
 -.795000E+00 0.398352E-04
 -.785000E+00 0.369932E-04
 -.775000E+00 0.300311E-04
 -.765000E+00 0.197244E-04
 -.755000E+00 0.722085E-05
 -.745000E+00 -.608690E-05
 -.735000E+00 -.187167E-04
 -.725000E+00 -.292620E-04
 -.715000E+00 -.365482E-04
 -.705000E+00 -.397640E-04
 -.695000E+00 -.385510E-04
 -.685000E+00 -.330445E-04
 -.675000E+00 -.238577E-04
 -.665000E+00 -.120138E-04
 -.655000E+00 0.116811E-05
 -.645000E+00 0.142200E-04
 -.635000E+00 0.256881E-04
 -.625000E+00 0.342952E-04
 -.615000E+00 0.390827E-04
 -.605000E+00 0.395175E-04
 -.595000E+00 0.355510E-04
 -.585000E+00 0.276251E-04
 -.575000E+00 0.166225E-04
 -.565000E+00 0.376858E-05
 -.555000E+00 -.950507E-05
 -.545000E+00 -.217201E-04
 -.535000E+00 -.315161E-04
 -.525000E+00 -.378020E-04
 -.515000E+00 -.398778E-04
 -.505000E+00 -.375122E-04
 -.495000E+00 -.309687E-04
 -.485000E+00 -.209762E-04
 -.475000E+00 -.864745E-05
 -.465000E+00 0.464439E-05
 -.455000E+00 0.174190E-04
 -.445000E+00 0.282535E-04
 -.435000E+00 0.359414E-04
 -.425000E+00 0.396263E-04
 -.415000E+00 0.388979E-04
 -.405000E+00 0.338373E-04
 -.395000E+00 0.250081E-04
 -.385000E+00 0.133937E-04
 -.375000E+00 0.287526E-06
 -.365000E+00 -.128506E-04
 -.355000E+00 -.245576E-04
 -.345000E+00 -.335294E-04
 -.335000E+00 -.387670E-04
 -.325000E+00 -.396870E-04
 -.315000E+00 -.361868E-04
 -.305000E+00 -.286564E-04
 -.295000E+00 -.179344E-04
 -.285000E+00 -.521503E-05
 -.275000E+00 0.808519E-05
 -.265000E+00 0.204849E-04
 -.255000E+00 0.306032E-04
 -.245000E+00 0.373130E-04
 -.235000E+00 0.398672E-04
 -.225000E+00 0.379812E-04
 -.215000E+00 0.318651E-04
 -.205000E+00 0.222001E-04
 -.195000E+00 0.100625E-04
 -.185000E+00 -.319571E-05
 -.175000E+00 -.160980E-04
 -.165000E+00 -.272075E-04
 -.155000E+00 -.352867E-04
 -.145000E+00 -.394359E-04
 -.135000E+00 -.391930E-04
 -.125000E+00 -.345850E-04
 -.115000E+00 -.261252E-04
 -.105000E+00 -.147557E-04
 -.950000E-01 -.174278E-05
 -.850000E-01 0.114642E-04
 -.750000E-01 0.233944E-04
 -.650000E-01 0.327191E-04
 -.550000E-01 0.383997E-04
 -.450000E-01 0.398036E-04
 -.350000E-01 0.367744E-04
 -.250000E-01 0.296495E-04
 -.150000E-01 0.192225E-04
 -.500000E-02 0.665454E-05
 0.500000E-02 -.665454E-05
 0.150000E-01 -.192225E-04
 0.250000E-01 -.296495E-04
 0.350000E-01 -.367744E-04
 0.450000E-01 -.398036E-04
 0.550000E-01 -.383997E-04
 0.650000E-01 -.327191E-04
 0.750000E-01 -.233944E-04
 0.850000E-01 -.114642E-04
 0.950000E-01 0.174278E-05
 0.105000E+00 0.147557E-04
 0.115000E+00 0.261252E-04
 0.125000E+00 0.345850E-04
 0.135000E+00 0.391930E-04
 0.145000E+00 0.394359E-04
 0.155000E+00 0.352867E-04
 0.165000E+00 0.272075E-04
 0.175000E+00 0.160980E-04
 0.185000E+00 0.319571E-05
 0.195000E+00 -.100625E-04
 0.205000E+00 -.222001E-04
 0.215000E+00 -.318651E-04
 0.225000E+00 -.379812E-04
 0.235000E+00 -.398672E-04
 0.245000E+00 -.373130E-04
 0.255000E+00 -.306032E-04
 0.265000E+00 -.204849E-04
 0.275000E+00 -.808519E-05
 0.285000E+00 0.521503E-05
 0.295000E+00 0.179344E-04
 0.305000E+00 0.286564E-04
 0.315000E+00 0.361868E-04
 0.325000E+00 0.396870E-04
 0.335000E+00 0.387670E-04
 0.345000E+00 0.335294E-04
 0.355000E+00 0.245576E-04
 0.365000E+00 0.128506E-04
 0.375000E+00 -.287526E-06
 0.385000E+00 -.133937E-04
 0.395000E+00 -.250081E-04
 0.405000E+00 -.338373E-04
 0.415000E+00 -.388979E-04
 0.425000E+00 -.396263E-04
 0.435000E+00 -.359414E-04
 0.445000E+00 -.282535E-04
 0.455000E+00 -.174190E-04
 0.465000E+00 -.464439E-05
 0.475000E+00 0.864745E-05
 0.485000E+00 0.209762E-04
 0.495000E+00 0.309687E-04
 0.505000E+00 0.375122E-04
 0.515000E+00 0.398778E-04
 0.525000E+00 0.378020E-04
 0.535000E+00 0.315161E-04
 0.545000E+00 0.217201E-04
 0.555000E+00 0.950507E-05
 0.565000E+00 -.376858E-05
 0.575000E+00 -.166225E-04
 0.585000E+00 -.276251E-04
 0.595000E+00 -.355510E-04
 0.605000E+00 -.395175E-04
 0.615000E+00 -.390827E-04
 0.625000E+00 -.342952E-04
 0.635000E+00 -.256881E-04
 0.645000E+00 -.142200E-04
 0.655000E+00 -.116811E-05
 0.665000E+00 0.120138E-04
 0.675000E+00 0.238577E-04
 0.685000E+00 0.330445E-04
 0.695000E+00 0.385510E-04
 0.705000E+00 0.397640E-04
 0.715000E+00 0.365482E-04
 0.725000E+00 0.292620E-04
 0.735000E+00 0.187167E-04
 0.745000E+00 0.608690E-05
 0.755000E+00 -.722085E-05
 0.765000E+00 -.197244E-04
 0.775000E+00 -.300311E-04
 0.785000E+00 -.369932E-04
 0.795000E+00 -.398352E-04
 0.805000E+00 -.382406E-04
 0.815000E+00 -.323870E-04
 0.825000E+00 -.229264E-04
 0.835000E+00 -.109123E-04
 0.845000E+00 0.231710E-05
 0.855000E+00 0.152885E-04
 0.865000E+00 0.265571E-04
 0.875000E+00 0.348679E-04
 0.885000E+00 0.392954E-04
 0.895000E+00 0.393464E-04
 0.905000E+00 0.356088E-04
 0.915000E+00 0.320268E-04
 0.925000E+00 0.295926E-04
 0.935000E+00 0.285772E-04
 0.945000E+00 0.290937E-04
 0.955000E+00 0.310843E-04
 0.965000E+00 0.343273E-04
 0.975000E+00 0.384615E-04
 0.985000E+00 0.430266E-04
 0.995000E+00 0.475142E-04








































































































































































































 -.995000E+00 -.963961E-03
 -.985000E+00 -.961479E-03
 -.975000E+00 -.959000E-03
 -.965000E+00 -.956523E-03
 -.955000E+00 -.954050E-03
 -.945000E+00 -.951582E-03
 -.935000E+00 -.949117E-03
 -.925000E+00 -.946658E-03
 -.915000E+00 -.944204E-03
 -.905000E+00 -.941757E-03
 -.895000E+00 -.939287E-03
 -.885000E+00 -.936616E-03
 -.875000E+00 -.933718E-03
 -.865000E+00 -.930591E-03
 -.855000E+00 -.927237E-03
 -.845000E+00 -.923657E-03
 -.835000E+00 -.919851E-03
 -.825000E+00 -.915821E-03
 -.815000E+00 -.911567E-03
 -.805000E+00 -.907091E-03
 -.795000E+00 -.902393E-03
 -.785000E+00 -.897475E-03
 -.775000E+00 -.892338E-03
 -.765000E+00 -.886982E-03
 -.755000E+00 -.881411E-03
 -.745000E+00 -.875624E-03
 -.735000E+00 -.869624E-03
 -.725000E+00 -.863411E-03
 -.715000E+00 -.856987E-03
 -.705000E+00 -.850355E-03
 -.695000E+00 -.843514E-03
 -.685000E+00 -.836468E-03
 -.675000E+00 -.829217E-03
 -.665000E+00 -.821765E-03
 -.655000E+00 -.814111E-03
 -.645000E+00 -.806259E-03
 -.635000E+00 -.798210E-03
 -.625000E+00 -.789966E-03
 -.615000E+00 -.781529E-03
 -.605000E+00 -.772901E-03
 -.595000E+00 -.764085E-03
 -.585000E+00 -.755082E-03
 -.575000E+00 -.745895E-03
 -.565000E+00 -.736526E-03
 -.555000E+00 -.726977E-03
 -.545000E+00 -.717251E-03
 -.535000E+00 -.707349E-03
 -.525000E+00 -.697275E-03
 -.515000E+00 -.687031E-03
 -.505000E+00 -.676618E-03
 -.495000E+00 -.666041E-03
 -.485000E+00 -.655301E-03
 -.475000E+00 -.644401E-03
 -.465000E+00 -.633344E-03
 -.455000E+00 -.622132E-03
 -.445000E+00 -.610768E-03
 -.435000E+00 -.599256E-03
 -.425000E+00 -.587597E-03
 -.415000E+00 -.575794E-03
 -.405000E+00 -.563851E-03
 -.395000E+00 -.551770E-03
 -.385000E+00 -.539555E-03
 -.375000E+00 -.527208E-03
 -.365000E+00 -.514732E-03
 -.355000E+00 -.502130E-03
 -.345000E+00 -.489406E-03
 -.335000E+00 -.476563E-03
 -.325000E+00 -.463603E-03
 -.315000E+00 -.450530E-03
 -.305000E+00 -.437347E-03
 -.295000E+00 -.424057E-03
 -.285000E+00 -.410663E-03
 -.275000E+00 -.397170E-03
 -.265000E+00 -.383579E-03
 -.255000E+00 -.369895E-03
 -.245000E+00 -.356121E-03
 -.235000E+00 -.342259E-03
 -.225000E+00 -.328314E-03
 -.215000E+00 -.314289E-03
 -.205000E+00 -.300187E-03
 -.195000E+00 -.286012E-03
 -.185000E+00 -.271767E-03
 -.175000E+00 -.257456E-03
 -.165000E+00 -.243082E-03
 -.155000E+00 -.228648E-03
 -.145000E+00 -.214159E-03
 -.135000E+00 -.199617E-03
 -.125000E+00 -.185027E-03
 -.115000E+00 -.170392E-03
 -.105000E+00 -.155715E-03
 -.950000E-01 -.141000E-03
 -.850000E-01 -.126250E-03
 -.750000E-01 -.111470E-03
 -.650000E-01 -.966621E-04
 -.550000E-01 -.818310E-04
 -.450000E-01 -.669799E-04
 -.350000E-01 -.521124E-04
 -.250000E-01 -.372323E-04
 -.150000E-01 -.223430E-04
 -.500000E-02 -.744827E-05
 0.500000E-02 0.744827E-05
 0.150000E-01 0.223430E-04
 0.250000E-01 0.372323E-04
 0.350000E-01 0.521124E-04
 0.450000E-01 0.669799E-04
 0.550000E-01 0.818310E-04
 0.650000E-01 0.966621E-04
 0.750000E-01 0.111470E-03
 0.850000E-01 0.126250E-03
 0.950000E-01 0.141000E-03
 0.105000E+00 0.155715E-03
 0.115000E+00 0.170392E-03
 0.125000E+00 0.185027E-03
 0.135000E+00 0.199617E-03
 0.145000E+00 0.214159E-03
 0.155000E+00 0.228648E-03
 0.165000E+00 0.243082E-03
 0.175000E+00 0.257456E-03
 0.185000E+00 0.271767E-03
 0.195000E+00 0.286012E-03
 0.205000E+00 0.300187E-03
 0.215000E+00 0.314289E-03
 0.225000E+00 0.328314E-03
 0.235000E+00 0.342259E-03
 0.245000E+00 0.356121E-03
 0.255000E+00 0.369895E-03
 0.265000E+00 0.383579E-03
 0.275000E+00 0.397170E-03
 0.285000E+00 0.410663E-03
 0.295000E+00 0.424057E-03
 0.305000E+00 0.437347E-03
 0.315000E+00 0.450530E-03
 0.325000E+00 0.463603E-03
 0.335000E+00 0.476563E-03
 0.345000E+00 0.489406E-03
 0.355000E+00 0.502130E-03
 0.365000E+00 0.514732E-03
 0.375000E+00 0.527208E-03
 0.385000E+00 0.539555E-03
 0.395000E+00 0.551770E-03
 0.405000E+00 0.563851E-03
 0.415000E+00 0.575794E-03
 0.425000E+00 0.587597E-03
 0.435000E+00 0.599256E-03
 0.445000E+00 0.610768E-03
 0.455000E+00 0.622132E-03
 0.465000E+00 0.633344E-03
 0.475000E+00 0.644401E-03
 0.485000E+00 0.655301E-03
 0.495000E+00 0.666041E-03
 0.505000E+00 0.676618E-03
 0.515000E+00 0.687031E-03
 0.525000E+00 0.697275E-03
 0.535000E+00 0.707349E-03
 0.545000E+00 0.717251E-03
 0.555000E+00 0.726977E-03
 0.565000E+00 0.736526E-03
 0.575000E+00 0.745895E-03
 0.585000E+00 0.755082E-03
 0.595000E+00 0.764085E-03
 0.605000E+00 0.772901E-03
 0.615000E+00 0.781529E-03
 0.625000E+00 0.789966E-03
 0.635000E+00 0.798210E-03
 0.645000E+00 0.806259E-03
 0.655000E+00 0.814111E-03
 0.665000E+00 0.821765E-03
 0.675000E+00 0.829217E-03
 0.685000E+00 0.836468E-03
 0.695000E+00 0.843514E-03
 0.705000E+00 0.850355E-03
 0.715000E+00 0.856987E-03
 0.725000E+00 0.863411E-03
 0.735000E+00 0.869624E-03
 0.745000E+00 0.875624E-03
 0.755000E+00 0.881411E-03
 0.765000E+00 0.886982E-03
 0.775000E+00 0.892338E-03
 0.785000E+00 0.897475E-03
 0.795000E+00 0.902393E-03
 0.805000E+00 0.907091E-03
 0.815000E+00 0.911567E-03
 0.825000E+00 0.915821E-03
 0.835000E+00 0.919851E-03
 0.845000E+00 0.923657E-03
 0.855000E+00 0.927237E-03
 0.865000E+00 0.930591E-03
 0.875000E+00 0.933718E-03
 0.885000E+00 0.936616E-03
 0.895000E+00 0.939287E-03
 0.905000E+00 0.941757E-03
 0.915000E+00 0.944204E-03
 0.925000E+00 0.946658E-03
 0.935000E+00 0.949117E-03
 0.945000E+00 0.951582E-03
 0.955000E+00 0.954050E-03
 0.965000E+00 0.956523E-03
 0.975000E+00 0.959000E-03
 0.985000E+00 0.961479E-03
 0.995000E+00 0.963961E-03








































































































































































































 -.995000E+00 -.621662E-03
 -.985000E+00 -.615805E-03
 -.975000E+00 -.609998E-03
 -.965000E+00 -.604242E-03
 -.955000E+00 -.598536E-03
 -.945000E+00 -.592882E-03
 -.935000E+00 -.587278E-03
 -.925000E+00 -.581726E-03
 -.915000E+00 -.576225E-03
 -.905000E+00 -.570775E-03
 -.895000E+00 -.565367E-03
 -.885000E+00 -.559940E-03
 -.875000E+00 -.554483E-03
 -.865000E+00 -.548997E-03
 -.855000E+00 -.543483E-03
 -.845000E+00 -.537940E-03
 -.835000E+00 -.532370E-03
 -.825000E+00 -.526772E-03
 -.815000E+00 -.521146E-03
 -.805000E+00 -.515493E-03
 -.795000E+00 -.509813E-03
 -.785000E+00 -.504107E-03
 -.775000E+00 -.498374E-03
 -.765000E+00 -.492616E-03
 -.755000E+00 -.486832E-03
 -.745000E+00 -.481022E-03
 -.735000E+00 -.475187E-03
 -.725000E+00 -.469328E-03
 -.715000E+00 -.463444E-03
 -.705000E+00 -.457536E-03
 -.695000E+00 -.451605E-03
 -.685000E+00 -.445649E-03
 -.675000E+00 -.439671E-03
 -.665000E+00 -.433669E-03
 -.655000E+00 -.427645E-03
 -.645000E+00 -.421599E-03
 -.635000E+00 -.415531E-03
 -.625000E+00 -.409441E-03
 -.615000E+00 -.403330E-03
 -.605000E+00 -.397198E-03
 -.595000E+00 -.391045E-03
 -.585000E+00 -.384871E-03
 -.575000E+00 -.378678E-03
 -.565000E+00 -.372465E-03
 -.555000E+00 -.366233E-03
 -.545000E+00 -.359981E-03
 -.535000E+00 -.353711E-03
 -.525000E+00 -.347422E-03
 -.515000E+00 -.341115E-03
 -.505000E+00 -.334791E-03
 -.495000E+00 -.328449E-03
 -.485000E+00 -.322090E-03
 -.475000E+00 -.315714E-03
 -.465000E+00 -.309321E-03
 -.455000E+00 -.302913E-03
 -.445000E+00 -.296489E-03
 -.435000E+00 -.290049E-03
 -.425000E+00 -.283594E-03
 -.415000E+00 -.277125E-03
 -.405000E+00 -.270641E-03
 -.395000E+00 -.264143E-03
 -.385000E+00 -.257631E-03
 -.375000E+00 -.251106E-03
 -.365000E+00 -.244567E-03
 -.355000E+00 -.238016E-03
 -.345000E+00 -.231453E-03
 -.335000E+00 -.224877E-03
 -.325000E+00 -.218290E-03
 -.315000E+00 -.211691E-03
 -.305000E+00 -.205082E-03
 -.295000E+00 -.198461E-03
 -.285000E+00 -.191831E-03
 -.275000E+00 -.185190E-03
 -.265000E+00 -.178540E-03
 -.255000E+00 -.171880E-03
 -.245000E+00 -.165212E-03
 -.235000E+00 -.158535E-03
 -.225000E+00 -.151849E-03
 -.215000E+00 -.145156E-03
 -.205000E+00 -.138455E-03
 -.195000E+00 -.131747E-03
 -.185000E+00 -.125032E-03
 -.175000E+00 -.118310E-03
 -.165000E+00 -.111583E-03
 -.155000E+00 -.104849E-03
 -.145000E+00 -.981104E-04
 -.135000E+00 -.913664E-04
 -.125000E+00 -.846176E-04
 -.115000E+00 -.778645E-04
 -.105000E+00 -.711072E-04
 -.950000E-01 -.643463E-04
 -.850000E-01 -.575820E-04
 -.750000E-01 -.508147E-04
 -.650000E-01 -.440448E-04
 -.550000E-01 -.372725E-04
 -.450000E-01 -.304983E-04
 -.350000E-01 -.237226E-04
 -.250000E-01 -.169456E-04
 -.150000E-01 -.101677E-04
 -.500000E-02 -.338929E-05
 0.500000E-02 0.338929E-05
 0.150000E-01 0.101677E-04
 0.250000E-01 0.169456E-04
 0.350000E-01 0.237226E-04
 0.450000E-01 0.304983E-04
 0.550000E-01 0.372725E-04
 0.650000E-01 0.440448E-04
 0.750000E-01 0.508147E-04
 0.850000E-01 0.575820E-04
 0.950000E-01 0.643463E-04
 0.105000E+00 0.711072E-04
 0.115000E+00 0.778645E-04
 0.125000E+00 0.846176E-04
 0.135000E+00 0.913664E-04
 0.145000E+00 0.981104E-04
 0.155000E+00 0.104849E-03
 0.165000E+00 0.111583E-03
 0.175000E+00 0.118310E-03
 0.185000E+00 0.125032E-03
 0.195000E+00 0.131747E-03
 0.205000E+00 0.138455E-03
 0.215000E+00 0.145156E-03
 0.225000E+00 0.151849E-03
 0.235000E+00 0.158535E-03
 0.245000E+00 0.165212E-03
 0.255000E+00 0.171880E-03
 0.265000E+00 0.178540E-03
 0.275000E+00 0.185190E-03
 0.285000E+00 0.191831E-03
 0.295000E+00 0.198461E-03
 0.305000E+00 0.205082E-03
 0.315000E+00 0.211691E-03
 0.325000E+00 0.218290E-03
 0.335000E+00 0.224877E-03
 0.345000E+00 0.231453E-03
 0.355000E+00 0.238016E-03
 0.365000E+00 0.244567E-03
 0.375000E+00 0.251106E-03
 0.385000E+00 0.257631E-03
 0.395000E+00 0.264143E-03
 0.405000E+00 0.270641E-03
 0.415000E+00 0.277125E-03
 0.425000E+00 0.283594E-03
 0.435000E+00 0.290049E-03
 0.445000E+00 0.296489E-03
 0.455000E+00 0.302913E-03
 0.465000E+00 0.309321E-03
 0.475000E+00 0.315714E-03
 0.485000E+00 0.322090E-03
 0.495000E+00 0.328449E-03
 0.505000E+00 0.334791E-03
 0.515000E+00 0.341115E-03
 0.525000E+00 0.347422E-03
 0.535000E+00 0.353711E-03
 0.545000E+00 0.359981E-03
 0.555000E+00 0.366233E-03
 0.565000E+00 0.372465E-03
 0.575000E+00 0.378678E-03
 0.585000E+00 0.384871E-03
 0.595000E+00 0.391045E-03
 0.605000E+00 0.397198E-03
 0.615000E+00 0.403330E-03
 0.625000E+00 0.409441E-03
 0.635000E+00 0.415531E-03
 0.645000E+00 0.421599E-03
 0.655000E+00 0.427645E-03
 0.665000E+00 0.433669E-03
 0.675000E+00 0.439671E-03
 0.685000E+00 0.445649E-03
 0.695000E+00 0.451605E-03
 0.705000E+00 0.457536E-03
 0.715000E+00 0.463444E-03
 0.725000E+00 0.469328E-03
 0.735000E+00 0.475187E-03
 0.745000E+00 0.481022E-03
 0.755000E+00 0.486832E-03
 0.765000E+00 0.492616E-03
 0.775000E+00 0.498374E-03
 0.785000E+00 0.504107E-03
 0.795000E+00 0.509813E-03
 0.805000E+00 0.515493E-03
 0.815000E+00 0.521146E-03
 0.825000E+00 0.526772E-03
 0.835000E+00 0.532370E-03
 0.845000E+00 0.537940E-03
 0.855000E+00 0.543483E-03
 0.865000E+00 0.548997E-03
 0.875000E+00 0.554483E-03
 0.885000E+00 0.559940E-03
 0.895000E+00 0.565367E-03
 0.905000E+00 0.570775E-03
 0.915000E+00 0.576225E-03
 0.925000E+00 0.581726E-03
 0.935000E+00 0.587278E-03
 0.945000E+00 0.592882E-03
 0.955000E+00 0.598536E-03
 0.965000E+00 0.604242E-03
 0.975000E+00 0.609998E-03
 0.985000E+00 0.615805E-03
 0.995000E+00 0.621662E-03








































































































































































































 -.995000E+00 -.220483E-08
 -.985000E+00 -.218755E-08
 -.975000E+00 -.217044E-08
 -.965000E+00 -.215349E-08
 -.955000E+00 -.213671E-08
 -.945000E+00 -.212010E-08
 -.935000E+00 -.210366E-08
 -.925000E+00 -.208740E-08
 -.915000E+00 -.207131E-08
 -.905000E+00 -.205539E-08
 -.895000E+00 -.203961E-08
 -.885000E+00 -.202365E-08
 -.875000E+00 -.200746E-08
 -.865000E+00 -.199104E-08
 -.855000E+00 -.197440E-08
 -.845000E+00 -.195755E-08
 -.835000E+00 -.194047E-08
 -.825000E+00 -.192319E-08
 -.815000E+00 -.190568E-08
 -.805000E+00 -.188797E-08
 -.795000E+00 -.187005E-08
 -.785000E+00 -.185193E-08
 -.775000E+00 -.183360E-08
 -.765000E+00 -.181507E-08
 -.755000E+00 -.179635E-08
 -.745000E+00 -.177743E-08
 -.735000E+00 -.175831E-08
 -.725000E+00 -.173901E-08
 -.715000E+00 -.171952E-08
 -.705000E+00 -.169984E-08
 -.695000E+00 -.167998E-08
 -.685000E+00 -.165994E-08
 -.675000E+00 -.163972E-08
 -.665000E+00 -.161932E-08
 -.655000E+00 -.159875E-08
 -.645000E+00 -.157801E-08
 -.635000E+00 -.155711E-08
 -.625000E+00 -.153603E-08
 -.615000E+00 -.151480E-08
 -.605000E+00 -.149340E-08
 -.595000E+00 -.147184E-08
 -.585000E+00 -.145013E-08
 -.575000E+00 -.142827E-08
 -.565000E+00 -.140626E-08
 -.555000E+00 -.138410E-08
 -.545000E+00 -.136179E-08
 -.535000E+00 -.133934E-08
 -.525000E+00 -.131675E-08
 -.515000E+00 -.129402E-08
 -.505000E+00 -.127116E-08
 -.495000E+00 -.124816E-08
 -.485000E+00 -.122504E-08
 -.475000E+00 -.120178E-08
 -.465000E+00 -.117841E-08
 -.455000E+00 -.115491E-08
 -.445000E+00 -.113129E-08
 -.435000E+00 -.110755E-08
 -.425000E+00 -.108370E-08
 -.415000E+00 -.105974E-08
 -.405000E+00 -.103566E-08
 -.395000E+00 -.101148E-08
 -.385000E+00 -.987199E-09
 -.375000E+00 -.962814E-09
 -.365000E+00 -.938330E-09
 -.355000E+00 -.913750E-09
 -.345000E+00 -.889075E-09
 -.335000E+00 -.864310E-09
 -.325000E+00 -.839456E-09
 -.315000E+00 -.814516E-09
 -.305000E+00 -.789493E-09
 -.295000E+00 -.764390E-09
 -.285000E+00 -.739208E-09
 -.275000E+00 -.713951E-09
 -.265000E+00 -.688621E-09
 -.255000E+00 -.663221E-09
 -.245000E+00 -.637754E-09
 -.235000E+00 -.612221E-09
 -.225000E+00 -.586627E-09
 -.215000E+00 -.560973E-09
 -.205000E+00 -.535261E-09
 -.195000E+00 -.509496E-09
 -.185000E+00 -.483679E-09
 -.175000E+00 -.457812E-09
 -.165000E+00 -.431900E-09
 -.155000E+00 -.405943E-09
 -.145000E+00 -.379946E-09
 -.135000E+00 -.353910E-09
 -.125000E+00 -.327838E-09
 -.115000E+00 -.301733E-09
 -.105000E+00 -.275598E-09
 -.950000E-01 -.249434E-09
 -.850000E-01 -.223246E-09
 -.750000E-01 -.197035E-09
 -.650000E-01 -.170804E-09
 -.550000E-01 -.144555E-09
 -.450000E-01 -.118292E-09
 -.350000E-01 -.920176E-10
 -.250000E-01 -.657335E-10
 -.150000E-01 -.394428E-10
 -.500000E-02 -.131480E-10
 0.500000E-02 0.131480E-10
 0.150000E-01 0.394428E-10
 0.250000E-01 0.657335E-10
 0.350000E-01 0.920176E-10
 0.450000E-01 0.118292E-09
 0.550000E-01 0.144555E-09
 0.650000E-01 0.170804E-09
 0.750000E-01 0.197035E-09
 0.850000E-01 0.223246E-09
 0.950000E-01 0.249434E-09
 0.105000E+00 0.275598E-09
 0.115000E+00 0.301733E-09
 0.125000E+00 0.327838E-09
 0.135000E+00 0.353910E-09
 0.145000E+00 0.379946E-09
 0.155000E+00 0.405943E-09
 0.165000E+00 0.431900E-09
 0.175000E+00 0.457812E-09
 0.185000E+00 0.483679E-09
 0.195000E+00 0.509496E-09
 0.205000E+00 0.535261E-09
 0.215000E+00 0.560973E-09
 0.225000E+00 0.586627E-09
 0.235000E+00 0.612221E-09
 0.245000E+00 0.637754E-09
 0.255000E+00 0.663221E-09
 0.265000E+00 0.688621E-09
 0.275000E+00 0.713951E-09
 0.285000E+00 0.739208E-09
 0.295000E+00 0.764390E-09
 0.305000E+00 0.789494E-09
 0.315000E+00 0.814516E-09
 0.325000E+00 0.839456E-09
 0.335000E+00 0.864310E-09
 0.345000E+00 0.889075E-09
 0.355000E+00 0.913750E-09
 0.365000E+00 0.938330E-09
 0.375000E+00 0.962814E-09
 0.385000E+00 0.987199E-09
 0.395000E+00 0.101148E-08
 0.405000E+00 0.103566E-08
 0.415000E+00 0.105974E-08
 0.425000E+00 0.108370E-08
 0.435000E+00 0.110755E-08
 0.445000E+00 0.113129E-08
 0.455000E+00 0.115491E-08
 0.465000E+00 0.117841E-08
 0.475000E+00 0.120178E-08
 0.485000E+00 0.122504E-08
 0.495000E+00 0.124816E-08
 0.505000E+00 0.127116E-08
 0.515000E+00 0.129402E-08
 0.525000E+00 0.131675E-08
 0.535000E+00 0.133934E-08
 0.545000E+00 0.136179E-08
 0.555000E+00 0.138410E-08
 0.565000E+00 0.140626E-08
 0.575000E+00 0.142827E-08
 0.585000E+00 0.145013E-08
 0.595000E+00 0.147184E-08
 0.605000E+00 0.149340E-08
 0.615000E+00 0.151480E-08
 0.625000E+00 0.153603E-08
 0.635000E+00 0.155711E-08
 0.645000E+00 0.157801E-08
 0.655000E+00 0.159875E-08
 0.665000E+00 0.161932E-08
 0.675000E+00 0.163972E-08
 0.685000E+00 0.165994E-08
 0.695000E+00 0.167998E-08
 0.705000E+00 0.169984E-08
 0.715000E+00 0.171952E-08
 0.725000E+00 0.173901E-08
 0.735000E+00 0.175831E-08
 0.745000E+00 0.177743E-08
 0.755000E+00 0.179635E-08
 0.765000E+00 0.181507E-08
 0.775000E+00 0.183360E-08
 0.785000E+00 0.185193E-08
 0.795000E+00 0.187005E-08
 0.805000E+00 0.188797E-08
 0.815000E+00 0.190568E-08
 0.825000E+00 0.192319E-08
 0.835000E+00 0.194047E-08
 0.845000E+00 0.195755E-08
 0.855000E+00 0.197440E-08
 0.865000E+00 0.199104E-08
 0.875000E+00 0.200746E-08
 0.885000E+00 0.202365E-08
 0.895000E+00 0.203961E-08
 0.905000E+00 0.205539E-08
 0.915000E+00 0.207131E-08
 0.925000E+00 0.208740E-08
 0.935000E+00 0.210366E-08
 0.945000E+00 0.212010E-08
 0.955000E+00 0.213671E-08
 0.965000E+00 0.215349E-08
 0.975000E+00 0.217044E-08
 0.985000E+00 0.218755E-08
 0.995000E+00 0.220483E-08








































































































































































































 -.995000E+00 -.766640E-09
 -.985000E+00 -.762323E-09
 -.975000E+00 -.757887E-09
 -.965000E+00 -.753330E-09
 -.955000E+00 -.748649E-09
 -.945000E+00 -.743843E-09
 -.935000E+00 -.738909E-09
 -.925000E+00 -.733845E-09
 -.915000E+00 -.728648E-09
 -.905000E+00 -.723316E-09
 -.895000E+00 -.717877E-09
 -.885000E+00 -.712323E-09
 -.875000E+00 -.706686E-09
 -.865000E+00 -.700968E-09
 -.855000E+00 -.695168E-09
 -.845000E+00 -.689288E-09
 -.835000E+00 -.683329E-09
 -.825000E+00 -.677292E-09
 -.815000E+00 -.671177E-09
 -.805000E+00 -.664985E-09
 -.795000E+00 -.658719E-09
 -.785000E+00 -.652377E-09
 -.775000E+00 -.645962E-09
 -.765000E+00 -.639474E-09
 -.755000E+00 -.632914E-09
 -.745000E+00 -.626284E-09
 -.735000E+00 -.619583E-09
 -.725000E+00 -.612814E-09
 -.715000E+00 -.605976E-09
 -.705000E+00 -.599071E-09
 -.695000E+00 -.592100E-09
 -.685000E+00 -.585063E-09
 -.675000E+00 -.577963E-09
 -.665000E+00 -.570798E-09
 -.655000E+00 -.563572E-09
 -.645000E+00 -.556283E-09
 -.635000E+00 -.548934E-09
 -.625000E+00 -.541526E-09
 -.615000E+00 -.534058E-09
 -.605000E+00 -.526533E-09
 -.595000E+00 -.518950E-09
 -.585000E+00 -.511312E-09
 -.575000E+00 -.503619E-09
 -.565000E+00 -.495872E-09
 -.555000E+00 -.488071E-09
 -.545000E+00 -.480218E-09
 -.535000E+00 -.472314E-09
 -.525000E+00 -.464360E-09
 -.515000E+00 -.456356E-09
 -.505000E+00 -.448304E-09
 -.495000E+00 -.440204E-09
 -.485000E+00 -.432058E-09
 -.475000E+00 -.423866E-09
 -.465000E+00 -.415629E-09
 -.455000E+00 -.407348E-09
 -.445000E+00 -.399024E-09
 -.435000E+00 -.390659E-09
 -.425000E+00 -.382253E-09
 -.415000E+00 -.373806E-09
 -.405000E+00 -.365321E-09
 -.395000E+00 -.356797E-09
 -.385000E+00 -.348236E-09
 -.375000E+00 -.339639E-09
 -.365000E+00 -.331006E-09
 -.355000E+00 -.322339E-09
 -.345000E+00 -.313639E-09
 -.335000E+00 -.304906E-09
 -.325000E+00 -.296141E-09
 -.315000E+00 -.287346E-09
 -.305000E+00 -.278521E-09
 -.295000E+00 -.269668E-09
 -.285000E+00 -.260786E-09
 -.275000E+00 -.251878E-09
 -.265000E+00 -.242944E-09
 -.255000E+00 -.233985E-09
 -.245000E+00 -.225001E-09
 -.235000E+00 -.215995E-09
 -.225000E+00 -.206966E-09
 -.215000E+00 -.197917E-09
 -.205000E+00 -.188846E-09
 -.195000E+00 -.179757E-09
 -.185000E+00 -.170649E-09
 -.175000E+00 -.161524E-09
 -.165000E+00 -.152382E-09
 -.155000E+00 -.143225E-09
 -.145000E+00 -.134053E-09
 -.135000E+00 -.124868E-09
 -.125000E+00 -.115669E-09
 -.115000E+00 -.106459E-09
 -.105000E+00 -.972381E-10
 -.950000E-01 -.880072E-10
 -.850000E-01 -.787673E-10
 -.750000E-01 -.695195E-10
 -.650000E-01 -.602645E-10
 -.550000E-01 -.510034E-10
 -.450000E-01 -.417371E-10
 -.350000E-01 -.324666E-10
 -.250000E-01 -.231928E-10
 -.150000E-01 -.139166E-10
 -.500000E-02 -.463903E-11
 0.500000E-02 0.463904E-11
 0.150000E-01 0.139166E-10
 0.250000E-01 0.231928E-10
 0.350000E-01 0.324666E-10
 0.450000E-01 0.417372E-10
 0.550000E-01 0.510034E-10
 0.650000E-01 0.602645E-10
 0.750000E-01 0.695195E-10
 0.850000E-01 0.787673E-10
 0.950000E-01 0.880072E-10
 0.105000E+00 0.972381E-10
 0.115000E+00 0.106459E-09
 0.125000E+00 0.115669E-09
 0.135000E+00 0.124868E-09
 0.145000E+00 0.134053E-09
 0.155000E+00 0.143225E-09
 0.165000E+00 0.152382E-09
 0.175000E+00 0.161524E-09
 0.185000E+00 0.170649E-09
 0.195000E+00 0.179757E-09
 0.205000E+00 0.188846E-09
 0.215000E+00 0.197917E-09
 0.225000E+00 0.206966E-09
 0.235000E+00 0.215995E-09
 0.245000E+00 0.225001E-09
 0.255000E+00 0.233985E-09
 0.265000E+00 0.242944E-09
 0.275000E+00 0.251878E-09
 0.285000E+00 0.260786E-09
 0.295000E+00 0.269668E-09
 0.305000E+00 0.278521E-09
 0.315000E+00 0.287346E-09
 0.325000E+00 0.296141E-09
 0.335000E+00 0.304906E-09
 0.345000E+00 0.313639E-09
 0.355000E+00 0.322339E-09
 0.365000E+00 0.331006E-09
 0.375000E+00 0.339639E-09
 0.385000E+00 0.348236E-09
 0.395000E+00 0.356797E-09
 0.405000E+00 0.365321E-09
 0.415000E+00 0.373806E-09
 0.425000E+00 0.382253E-09
 0.435000E+00 0.390659E-09
 0.445000E+00 0.399024E-09
 0.455000E+00 0.407348E-09
 0.465000E+00 0.415629E-09
 0.475000E+00 0.423866E-09
 0.485000E+00 0.432058E-09
 0.495000E+00 0.440204E-09
 0.505000E+00 0.448304E-09
 0.515000E+00 0.456356E-09
 0.525000E+00 0.464360E-09
 0.535000E+00 0.472314E-09
 0.545000E+00 0.480218E-09
 0.555000E+00 0.488071E-09
 0.565000E+00 0.495872E-09
 0.575000E+00 0.503619E-09
 0.585000E+00 0.511312E-09
 0.595000E+00 0.518950E-09
 0.605000E+00 0.526533E-09
 0.615000E+00 0.534058E-09
 0.625000E+00 0.541526E-09
 0.635000E+00 0.548934E-09
 0.645000E+00 0.556283E-09
 0.655000E+00 0.563572E-09
 0.665000E+00 0.570798E-09
 0.675000E+00 0.577963E-09
 0.685000E+00 0.585063E-09
 0.695000E+00 0.592100E-09
 0.705000E+00 0.599071E-09
 0.715000E+00 0.605976E-09
 0.725000E+00 0.612814E-09
 0.735000E+00 0.619583E-09
 0.745000E+00 0.626284E-09
 0.755000E+00 0.632914E-09
 0.765000E+00 0.639474E-09
 0.775000E+00 0.645962E-09
 0.785000E+00 0.652377E-09
 0.795000E+00 0.658719E-09
 0.805000E+00 0.664985E-09
 0.815000E+00 0.671177E-09
 0.825000E+00 0.677292E-09
 0.835000E+00 0.683329E-09
 0.845000E+00 0.689288E-09
 0.855000E+00 0.695168E-09
 0.865000E+00 0.700968E-09
 0.875000E+00 0.706686E-09
 0.885000E+00 0.712323E-09
 0.895000E+00 0.717877E-09
 0.905000E+00 0.723316E-09
 0.915000E+00 0.728648E-09
 0.925000E+00 0.733845E-09
 0.935000E+00 0.738909E-09
 0.945000E+00 0.743843E-09
 0.955000E+00 0.748649E-09
 0.965000E+00 0.753330E-09
 0.975000E+00 0.757887E-09
 0.985000E+00 0.762323E-09
 0.995000E+00 0.766640E-09








































































































































































































 -.995000E+00 -.279296E-07
 -.985000E+00 -.280487E-07
 -.975000E+00 -.281251E-07
 -.965000E+00 -.281579E-07
 -.955000E+00 -.281465E-07
 -.945000E+00 -.280900E-07
 -.935000E+00 -.279878E-07
 -.925000E+00 -.278391E-07
 -.915000E+00 -.276430E-07
 -.905000E+00 -.273988E-07
 -.895000E+00 -.271178E-07
 -.885000E+00 -.268245E-07
 -.875000E+00 -.265308E-07
 -.865000E+00 -.262368E-07
 -.855000E+00 -.259424E-07
 -.845000E+00 -.256478E-07
 -.835000E+00 -.253528E-07
 -.825000E+00 -.250576E-07
 -.815000E+00 -.247620E-07
 -.805000E+00 -.244662E-07
 -.795000E+00 -.241700E-07
 -.785000E+00 -.238736E-07
 -.775000E+00 -.235768E-07
 -.765000E+00 -.232798E-07
 -.755000E+00 -.229825E-07
 -.745000E+00 -.226849E-07
 -.735000E+00 -.223871E-07
 -.725000E+00 -.220890E-07
 -.715000E+00 -.217906E-07
 -.705000E+00 -.214920E-07
 -.695000E+00 -.211931E-07
 -.685000E+00 -.208939E-07
 -.675000E+00 -.205945E-07
 -.665000E+00 -.202948E-07
 -.655000E+00 -.199949E-07
 -.645000E+00 -.196948E-07
 -.635000E+00 -.193944E-07
 -.625000E+00 -.190938E-07
 -.615000E+00 -.187930E-07
 -.605000E+00 -.184919E-07
 -.595000E+00 -.181906E-07
 -.585000E+00 -.178891E-07
 -.575000E+00 -.175874E-07
 -.565000E+00 -.172855E-07
 -.555000E+00 -.169833E-07
 -.545000E+00 -.166810E-07
 -.535000E+00 -.163784E-07
 -.525000E+00 -.160757E-07
 -.515000E+00 -.157728E-07
 -.505000E+00 -.154697E-07
 -.495000E+00 -.151664E-07
 -.485000E+00 -.148629E-07
 -.475000E+00 -.145592E-07
 -.465000E+00 -.142554E-07
 -.455000E+00 -.139514E-07
 -.445000E+00 -.136472E-07
 -.435000E+00 -.133429E-07
 -.425000E+00 -.130384E-07
 -.415000E+00 -.127337E-07
 -.405000E+00 -.124289E-07
 -.395000E+00 -.121239E-07
 -.385000E+00 -.118188E-07
 -.375000E+00 -.115136E-07
 -.365000E+00 -.112082E-07
 -.355000E+00 -.109027E-07
 -.345000E+00 -.105971E-07
 -.335000E+00 -.102913E-07
 -.325000E+00 -.998541E-08
 -.315000E+00 -.967940E-08
 -.305000E+00 -.937328E-08
 -.295000E+00 -.906704E-08
 -.285000E+00 -.876069E-08
 -.275000E+00 -.845424E-08
 -.265000E+00 -.814769E-08
 -.255000E+00 -.784104E-08
 -.245000E+00 -.753430E-08
 -.235000E+00 -.722747E-08
 -.225000E+00 -.692055E-08
 -.215000E+00 -.661355E-08
 -.205000E+00 -.630647E-08
 -.195000E+00 -.599931E-08
 -.185000E+00 -.569208E-08
 -.175000E+00 -.538479E-08
 -.165000E+00 -.507743E-08
 -.155000E+00 -.477001E-08
 -.145000E+00 -.446253E-08
 -.135000E+00 -.415500E-08
 -.125000E+00 -.384742E-08
 -.115000E+00 -.353980E-08
 -.105000E+00 -.323213E-08
 -.950000E-01 -.292443E-08
 -.850000E-01 -.261669E-08
 -.750000E-01 -.230891E-08
 -.650000E-01 -.200111E-08
 -.550000E-01 -.169329E-08
 -.450000E-01 -.138545E-08
 -.350000E-01 -.107759E-08
 -.250000E-01 -.769714E-09
 -.150000E-01 -.461832E-09
 -.500000E-02 -.153945E-09
 0.500000E-02 0.153945E-09
 0.150000E-01 0.461832E-09
 0.250000E-01 0.769714E-09
 0.350000E-01 0.107759E-08
 0.450000E-01 0.138545E-08
 0.550000E-01 0.169329E-08
 0.650000E-01 0.200111E-08
 0.750000E-01 0.230891E-08
 0.850000E-01 0.261669E-08
 0.950000E-01 0.292443E-08
 0.105000E+00 0.323213E-08
 0.115000E+00 0.353980E-08
 0.125000E+00 0.384742E-08
 0.135000E+00 0.415500E-08
 0.145000E+00 0.446253E-08
 0.155000E+00 0.477001E-08
 0.165000E+00 0.507743E-08
 0.175000E+00 0.538479E-08
 0.185000E+00 0.569208E-08
 0.195000E+00 0.599931E-08
 0.205000E+00 0.630647E-08
 0.215000E+00 0.661355E-08
 0.225000E+00 0.692055E-08
 0.235000E+00 0.722747E-08
 0.245000E+00 0.753430E-08
 0.255000E+00 0.784104E-08
 0.265000E+00 0.814769E-08
 0.275000E+00 0.845424E-08
 0.285000E+00 0.876069E-08
 0.295000E+00 0.906704E-08
 0.305000E+00 0.937328E-08
 0.315000E+00 0.967940E-08
 0.325000E+00 0.998541E-08
 0.335000E+00 0.102913E-07
 0.345000E+00 0.105971E-07
 0.355000E+00 0.109027E-07
 0.365000E+00 0.112082E-07
 0.375000E+00 0.115136E-07
 0.385000E+00 0.118188E-07
 0.395000E+00 0.121239E-07
 0.405000E+00 0.124289E-07
 0.415000E+00 0.127337E-07
 0.425000E+00 0.130384E-07
 0.435000E+00 0.133429E-07
 0.445000E+00 0.136472E-07
 0.455000E+00 0.139514E-07
 0.465000E+00 0.142554E-07
 0.475000E+00 0.145592E-07
 0.485000E+00 0.148629E-07
 0.495000E+00 0.151664E-07
 0.505000E+00 0.154697E-07
 0.515000E+00 0.157728E-07
 0.525000E+00 0.160757E-07
 0.535000E+00 0.163784E-07
 0.545000E+00 0.166810E-07
 0.555000E+00 0.169833E-07
 0.565000E+00 0.172855E-07
 0.575000E+00 0.175874E-07
 0.585000E+00 0.178891E-07
 0.595000E+00 0.181906E-07
 0.605000E+00 0.184919E-07
 0.615000E+00 0.187930E-07
 0.625000E+00 0.190938E-07
 0.635000E+00 0.193944E-07
 0.645000E+00 0.196948E-07
 0.655000E+00 0.199949E-07
 0.665000E+00 0.202948E-07
 0.675000E+00 0.205945E-07
 0.685000E+00 0.208939E-07
 0.695000E+00 0.211931E-07
 0.705000E+00 0.214920E-07
 0.715000E+00 0.217906E-07
 0.725000E+00 0.220890E-07
 0.735000E+00 0.223871E-07
 0.745000E+00 0.226849E-07
 0.755000E+00 0.229825E-07
 0.765000E+00 0.232798E-07
 0.775000E+00 0.235768E-07
 0.785000E+00 0.238736E-07
 0.795000E+00 0.241700E-07
 0.805000E+00 0.244662E-07
 0.815000E+00 0.247620E-07
 0.825000E+00 0.250576E-07
 0.835000E+00 0.253528E-07
 0.845000E+00 0.256478E-07
 0.855000E+00 0.259424E-07
 0.865000E+00 0.262368E-07
 0.875000E+00 0.265308E-07
 0.885000E+00 0.268245E-07
 0.895000E+00 0.271178E-07
 0.905000E+00 0.273988E-07
 0.915000E+00 0.276430E-07
 0.925000E+00 0.278391E-07
 0.935000E+00 0.279878E-07
 0.945000E+00 0.280900E-07
 0.955000E+00 0.281465E-07
 0.965000E+00 0.281579E-07
 0.975000E+00 0.281251E-07
 0.985000E+00 0.280487E-07
 0.995000E+00 0.279296E-07








































































































































































































 -.995000E+00 0.766640E-09
 -.985000E+00 0.762323E-09
 -.975000E+00 0.757887E-09
 -.965000E+00 0.753330E-09
 -.955000E+00 0.748649E-09
 -.945000E+00 0.743843E-09
 -.935000E+00 0.738909E-09
 -.925000E+00 0.733845E-09
 -.915000E+00 0.728648E-09
 -.905000E+00 0.723316E-09
 -.895000E+00 0.717877E-09
 -.885000E+00 0.712323E-09
 -.875000E+00 0.706686E-09
 -.865000E+00 0.700968E-09
 -.855000E+00 0.695168E-09
 -.845000E+00 0.689288E-09
 -.835000E+00 0.683329E-09
 -.825000E+00 0.677292E-09
 -.815000E+00 0.671177E-09
 -.805000E+00 0.664985E-09
 -.795000E+00 0.658719E-09
 -.785000E+00 0.652377E-09
 -.775000E+00 0.645962E-09
 -.765000E+00 0.639474E-09
 -.755000E+00 0.632914E-09
 -.745000E+00 0.626284E-09
 -.735000E+00 0.619583E-09
 -.725000E+00 0.612814E-09
 -.715000E+00 0.605976E-09
 -.705000E+00 0.599071E-09
 -.695000E+00 0.592100E-09
 -.685000E+00 0.585063E-09
 -.675000E+00 0.577963E-09
 -.665000E+00 0.570798E-09
 -.655000E+00 0.563572E-09
 -.645000E+00 0.556283E-09
 -.635000E+00 0.548934E-09
 -.625000E+00 0.541526E-09
 -.615000E+00 0.534058E-09
 -.605000E+00 0.526533E-09
 -.595000E+00 0.518951E-09
 -.585000E+00 0.511312E-09
 -.575000E+00 0.503619E-09
 -.565000E+00 0.495872E-09
 -.555000E+00 0.488071E-09
 -.545000E+00 0.480218E-09
 -.535000E+00 0.472314E-09
 -.525000E+00 0.464360E-09
 -.515000E+00 0.456356E-09
 -.505000E+00 0.448304E-09
 -.495000E+00 0.440204E-09
 -.485000E+00 0.432058E-09
 -.475000E+00 0.423866E-09
 -.465000E+00 0.415629E-09
 -.455000E+00 0.407348E-09
 -.445000E+00 0.399024E-09
 -.435000E+00 0.390659E-09
 -.425000E+00 0.382253E-09
 -.415000E+00 0.373806E-09
 -.405000E+00 0.365321E-09
 -.395000E+00 0.356797E-09
 -.385000E+00 0.348236E-09
 -.375000E+00 0.339639E-09
 -.365000E+00 0.331006E-09
 -.355000E+00 0.322339E-09
 -.345000E+00 0.313639E-09
 -.335000E+00 0.304906E-09
 -.325000E+00 0.296141E-09
 -.315000E+00 0.287346E-09
 -.305000E+00 0.278521E-09
 -.295000E+00 0.269668E-09
 -.285000E+00 0.260786E-09
 -.275000E+00 0.251878E-09
 -.265000E+00 0.242944E-09
 -.255000E+00 0.233985E-09
 -.245000E+00 0.225001E-09
 -.235000E+00 0.215995E-09
 -.225000E+00 0.206966E-09
 -.215000E+00 0.197917E-09
 -.205000E+00 0.188846E-09
 -.195000E+00 0.179757E-09
 -.185000E+00 0.170649E-09
 -.175000E+00 0.161524E-09
 -.165000E+00 0.152382E-09
 -.155000E+00 0.143225E-09
 -.145000E+00 0.134053E-09
 -.135000E+00 0.124868E-09
 -.125000E+00 0.115669E-09
 -.115000E+00 0.106459E-09
 -.105000E+00 0.972381E-10
 -.950000E-01 0.880072E-10
 -.850000E-01 0.787673E-10
 -.750000E-01 0.695195E-10
 -.650000E-01 0.602645E-10
 -.550000E-01 0.510034E-10
 -.450000E-01 0.417372E-10
 -.350000E-01 0.324666E-10
 -.250000E-01 0.231928E-10
 -.150000E-01 0.139166E-10
 -.500000E-02 0.463904E-11
 0.500000E-02 -.463903E-11
 0.150000E-01 -.139166E-10
 0.250000E-01 -.231928E-10
 0.350000E-01 -.324666E-10
 0.450000E-01 -.417371E-10
 0.550000E-01 -.510034E-10
 0.650000E-01 -.602645E-10
 0.750000E-01 -.695195E-10
 0.850000E-01 -.787673E-10
 0.950000E-01 -.880072E-10
 0.105000E+00 -.972381E-10
 0.115000E+00 -.106459E-09
 0.125000E+00 -.115669E-09
 0.135000E+00 -.124868E-09
 0.145000E+00 -.134053E-09
 0.155000E+00 -.143225E-09
 0.165000E+00 -.152382E-09
 0.175000E+00 -.161524E-09
 0.185000E+00 -.170649E-09
 0.195000E+00 -.179757E-09
 0.205000E+00 -.188846E-09
 0.215000E+00 -.197917E-09
 0.225000E+00 -.206966E-09
 0.235000E+00 -.215995E-09
 0.245000E+00 -.225001E-09
 0.255000E+00 -.233984E-09
 0.265000E+00 -.242944E-09
 0.275000E+00 -.251878E-09
 0.285000E+00 -.260786E-09
 0.295000E+00 -.269668E-09
 0.305000E+00 -.278521E-09
 0.315000E+00 -.287346E-09
 0.325000E+00 -.296141E-09
 0.335000E+00 -.304906E-09
 0.345000E+00 -.313639E-09
 0.355000E+00 -.322339E-09
 0.365000E+00 -.331006E-09
 0.375000E+00 -.339639E-09
 0.385000E+00 -.348236E-09
 0.395000E+00 -.356797E-09
 0.405000E+00 -.365321E-09
 0.415000E+00 -.373806E-09
 0.425000E+00 -.382253E-09
 0.435000E+00 -.390659E-09
 0.445000E+00 -.399024E-09
 0.455000E+00 -.407348E-09
 0.465000E+00 -.415629E-09
 0.475000E+00 -.423865E-09
 0.485000E+00 -.432058E-09
 0.495000E+00 -.440204E-09
 0.505000E+00 -.448304E-09
 0.515000E+00 -.456356E-09
 0.525000E+00 -.464360E-09
 0.535000E+00 -.472314E-09
 0.545000E+00 -.480218E-09
 0.555000E+00 -.488071E-09
 0.565000E+00 -.495872E-09
 0.575000E+00 -.503619E-09
 0.585000E+00 -.511312E-09
 0.595000E+00 -.518950E-09
 0.605000E+00 -.526533E-09
 0.615000E+00 -.534058E-09
 0.625000E+00 -.541526E-09
 0.635000E+00 -.548934E-09
 0.645000E+00 -.556283E-09
 0.655000E+00 -.563572E-09
 0.665000E+00 -.570798E-09
 0.675000E+00 -.577963E-09
 0.685000E+00 -.585063E-09
 0.695000E+00 -.592100E-09
 0.705000E+00 -.599071E-09
 0.715000E+00 -.605976E-09
 0.725000E+00 -.612814E-09
 0.735000E+00 -.619583E-09
 0.745000E+00 -.626284E-09
 0.755000E+00 -.632914E-09
 0.765000E+00 -.639474E-09
 0.775000E+00 -.645962E-09
 0.785000E+00 -.652377E-09
 0.795000E+00 -.658719E-09
 0.805000E+00 -.664985E-09
 0.815000E+00 -.671177E-09
 0.825000E+00 -.677292E-09
 0.835000E+00 -.683329E-09
 0.845000E+00 -.689288E-09
 0.855000E+00 -.695168E-09
 0.865000E+00 -.700968E-09
 0.875000E+00 -.706686E-09
 0.885000E+00 -.712323E-09
 0.895000E+00 -.717877E-09
 0.905000E+00 -.723316E-09
 0.915000E+00 -.728648E-09
 0.925000E+00 -.733845E-09
 0.935000E+00 -.738909E-09
 0.945000E+00 -.743843E-09
 0.955000E+00 -.748649E-09
 0.965000E+00 -.753330E-09
 0.975000E+00 -.757887E-09
 0.985000E+00 -.762323E-09
 0.995000E+00 -.766640E-09








































































































































































































 -.995000E+00 0.220483E-08
 -.985000E+00 0.218755E-08
 -.975000E+00 0.217044E-08
 -.965000E+00 0.215349E-08
 -.955000E+00 0.213671E-08
 -.945000E+00 0.212010E-08
 -.935000E+00 0.210366E-08
 -.925000E+00 0.208740E-08
 -.915000E+00 0.207131E-08
 -.905000E+00 0.205539E-08
 -.895000E+00 0.203961E-08
 -.885000E+00 0.202365E-08
 -.875000E+00 0.200746E-08
 -.865000E+00 0.199104E-08
 -.855000E+00 0.197440E-08
 -.845000E+00 0.195755E-08
 -.835000E+00 0.194047E-08
 -.825000E+00 0.192319E-08
 -.815000E+00 0.190568E-08
 -.805000E+00 0.188797E-08
 -.795000E+00 0.187005E-08
 -.785000E+00 0.185193E-08
 -.775000E+00 0.183360E-08
 -.765000E+00 0.181507E-08
 -.755000E+00 0.179635E-08
 -.745000E+00 0.177743E-08
 -.735000E+00 0.175831E-08
 -.725000E+00 0.173901E-08
 -.715000E+00 0.171952E-08
 -.705000E+00 0.169984E-08
 -.695000E+00 0.167998E-08
 -.685000E+00 0.165994E-08
 -.675000E+00 0.163972E-08
 -.665000E+00 0.161932E-08
 -.655000E+00 0.159875E-08
 -.645000E+00 0.157801E-08
 -.635000E+00 0.155711E-08
 -.625000E+00 0.153603E-08
 -.615000E+00 0.151480E-08
 -.605000E+00 0.149340E-08
 -.595000E+00 0.147184E-08
 -.585000E+00 0.145013E-08
 -.575000E+00 0.142827E-08
 -.565000E+00 0.140626E-08
 -.555000E+00 0.138410E-08
 -.545000E+00 0.136179E-08
 -.535000E+00 0.133934E-08
 -.525000E+00 0.131675E-08
 -.515000E+00 0.129402E-08
 -.505000E+00 0.127116E-08
 -.495000E+00 0.124816E-08
 -.485000E+00 0.122504E-08
 -.475000E+00 0.120178E-08
 -.465000E+00 0.117841E-08
 -.455000E+00 0.115491E-08
 -.445000E+00 0.113129E-08
 -.435000E+00 0.110755E-08
 -.425000E+00 0.108370E-08
 -.415000E+00 0.105974E-08
 -.405000E+00 0.103566E-08
 -.395000E+00 0.101148E-08
 -.385000E+00 0.987199E-09
 -.375000E+00 0.962814E-09
 -.365000E+00 0.938330E-09
 -.355000E+00 0.913750E-09
 -.345000E+00 0.889075E-09
 -.335000E+00 0.864310E-09
 -.325000E+00 0.839456E-09
 -.315000E+00 0.814516E-09
 -.305000E+00 0.789494E-09
 -.295000E+00 0.764390E-09
 -.285000E+00 0.739208E-09
 -.275000E+00 0.713951E-09
 -.265000E+00 0.688621E-09
 -.255000E+00 0.663221E-09
 -.245000E+00 0.637754E-09
 -.235000E+00 0.612221E-09
 -.225000E+00 0.586627E-09
 -.215000E+00 0.560973E-09
 -.205000E+00 0.535261E-09
 -.195000E+00 0.509496E-09
 -.185000E+00 0.483679E-09
 -.175000E+00 0.457812E-09
 -.165000E+00 0.431900E-09
 -.155000E+00 0.405943E-09
 -.145000E+00 0.379946E-09
 -.135000E+00 0.353910E-09
 -.125000E+00 0.327838E-09
 -.115000E+00 0.301733E-09
 -.105000E+00 0.275598E-09
 -.950000E-01 0.249434E-09
 -.850000E-01 0.223246E-09
 -.750000E-01 0.197035E-09
 -.650000E-01 0.170804E-09
 -.550000E-01 0.144555E-09
 -.450000E-01 0.118292E-09
 -.350000E-01 0.920176E-10
 -.250000E-01 0.657335E-10
 -.150000E-01 0.394428E-10
 -.500000E-02 0.131480E-10
 0.500000E-02 -.131480E-10
 0.150000E-01 -.394428E-10
 0.250000E-01 -.657335E-10
 0.350000E-01 -.920176E-10
 0.450000E-01 -.118292E-09
 0.550000E-01 -.144555E-09
 0.650000E-01 -.170804E-09
 0.750000E-01 -.197035E-09
 0.850000E-01 -.223246E-09
 0.950000E-01 -.249434E-09
 0.105000E+00 -.275598E-09
 0.115000E+00 -.301733E-09
 0.125000E+00 -.327838E-09
 0.135000E+00 -.353910E-09
 0.145000E+00 -.379946E-09
 0.155000E+00 -.405943E-09
 0.165000E+00 -.431900E-09
 0.175000E+00 -.457812E-09
 0.185000E+00 -.483679E-09
 0.195000E+00 -.509496E-09
 0.205000E+00 -.535261E-09
 0.215000E+00 -.560973E-09
 0.225000E+00 -.586627E-09
 0.235000E+00 -.612221E-09
 0.245000E+00 -.637754E-09
 0.255000E+00 -.663221E-09
 0.265000E+00 -.688621E-09
 0.275000E+00 -.713951E-09
 0.285000E+00 -.739208E-09
 0.295000E+00 -.764390E-09
 0.305000E+00 -.789494E-09
 0.315000E+00 -.814516E-09
 0.325000E+00 -.839456E-09
 0.335000E+00 -.864310E-09
 0.345000E+00 -.889075E-09
 0.355000E+00 -.913750E-09
 0.365000E+00 -.938330E-09
 0.375000E+00 -.962814E-09
 0.385000E+00 -.987199E-09
 0.395000E+00 -.101148E-08
 0.405000E+00 -.103566E-08
 0.415000E+00 -.105974E-08
 0.425000E+00 -.108370E-08
 0.435000E+00 -.110755E-08
 0.445000E+00 -.113129E-08
 0.455000E+00 -.115491E-08
 0.465000E+00 -.117841E-08
 0.475000E+00 -.120178E-08
 0.485000E+00 -.122504E-08
 0.495000E+00 -.124816E-08
 0.505000E+00 -.127116E-08
 0.515000E+00 -.129402E-08
 0.525000E+00 -.131675E-08
 0.535000E+00 -.133934E-08
 0.545000E+00 -.136179E-08
 0.555000E+00 -.138410E-08
 0.565000E+00 -.140626E-08
 0.575000E+00 -.142827E-08
 0.585000E+00 -.145013E-08
 0.595000E+00 -.147184E-08
 0.605000E+00 -.149340E-08
 0.615000E+00 -.151480E-08
 0.625000E+00 -.153603E-08
 0.635000E+00 -.155711E-08
 0.645000E+00 -.157801E-08
 0.655000E+00 -.159875E-08
 0.665000E+00 -.161932E-08
 0.675000E+00 -.163972E-08
 0.685000E+00 -.165994E-08
 0.695000E+00 -.167998E-08
 0.705000E+00 -.169984E-08
 0.715000E+00 -.171952E-08
 0.725000E+00 -.173901E-08
 0.735000E+00 -.175831E-08
 0.745000E+00 -.177743E-08
 0.755000E+00 -.179635E-08
 0.765000E+00 -.181507E-08
 0.775000E+00 -.183360E-08
 0.785000E+00 -.185193E-08
 0.795000E+00 -.187005E-08
 0.805000E+00 -.188797E-08
 0.815000E+00 -.190568E-08
 0.825000E+00 -.192319E-08
 0.835000E+00 -.194047E-08
 0.845000E+00 -.195755E-08
 0.855000E+00 -.197440E-08
 0.865000E+00 -.199104E-08
 0.875000E+00 -.200746E-08
 0.885000E+00 -.202365E-08
 0.895000E+00 -.203961E-08
 0.905000E+00 -.205539E-08
 0.915000E+00 -.207131E-08
 0.925000E+00 -.208740E-08
 0.935000E+00 -.210366E-08
 0.945000E+00 -.212010E-08
 0.955000E+00 -.213671E-08
 0.965000E+00 -.215349E-08
 0.975000E+00 -.217044E-08
 0.985000E+00 -.218755E-08
 0.995000E+00 -.220483E-08








































































































































































































 -.995000E+00 0.621662E-03
 -.985000E+00 0.615805E-03
 -.975000E+00 0.609998E-03
 -.965000E+00 0.604242E-03
 -.955000E+00 0.598536E-03
 -.945000E+00 0.592882E-03
 -.935000E+00 0.587278E-03
 -.925000E+00 0.581726E-03
 -.915000E+00 0.576225E-03
 -.905000E+00 0.570775E-03
 -.895000E+00 0.565367E-03
 -.885000E+00 0.559940E-03
 -.875000E+00 0.554483E-03
 -.865000E+00 0.548997E-03
 -.855000E+00 0.543483E-03
 -.845000E+00 0.537940E-03
 -.835000E+00 0.532370E-03
 -.825000E+00 0.526772E-03
 -.815000E+00 0.521146E-03
 -.805000E+00 0.515493E-03
 -.795000E+00 0.509813E-03
 -.785000E+00 0.504107E-03
 -.775000E+00 0.498374E-03
 -.765000E+00 0.492616E-03
 -.755000E+00 0.486832E-03
 -.745000E+00 0.481022E-03
 -.735000E+00 0.475187E-03
 -.725000E+00 0.469328E-03
 -.715000E+00 0.463444E-03
 -.705000E+00 0.457536E-03
 -.695000E+00 0.451605E-03
 -.685000E+00 0.445649E-03
 -.675000E+00 0.439671E-03
 -.665000E+00 0.433669E-03
 -.655000E+00 0.427645E-03
 -.645000E+00 0.421599E-03
 -.635000E+00 0.415531E-03
 -.625000E+00 0.409441E-03
 -.615000E+00 0.403330E-03
 -.605000E+00 0.397198E-03
 -.595000E+00 0.391045E-03
 -.585000E+00 0.384871E-03
 -.575000E+00 0.378678E-03
 -.565000E+00 0.372465E-03
 -.555000E+00 0.366233E-03
 -.545000E+00 0.359981E-03
 -.535000E+00 0.353711E-03
 -.525000E+00 0.347422E-03
 -.515000E+00 0.341115E-03
 -.505000E+00 0.334791E-03
 -.495000E+00 0.328449E-03
 -.485000E+00 0.322090E-03
 -.475000E+00 0.315714E-03
 -.465000E+00 0.309321E-03
 -.455000E+00 0.302913E-03
 -.445000E+00 0.296489E-03
 -.435000E+00 0.290049E-03
 -.425000E+00 0.283594E-03
 -.415000E+00 0.277125E-03
 -.405000E+00 0.270641E-03
 -.395000E+00 0.264143E-03
 -.385000E+00 0.257631E-03
 -.375000E+00 0.251106E-03
 -.365000E+00 0.244567E-03
 -.355000E+00 0.238016E-03
 -.345000E+00 0.231453E-03
 -.335000E+00 0.224877E-03
 -.325000E+00 0.218290E-03
 -.315000E+00 0.211691E-03
 -.305000E+00 0.205082E-03
 -.295000E+00 0.198461E-03
 -.285000E+00 0.191831E-03
 -.275000E+00 0.185190E-03
 -.265000E+00 0.178540E-03
 -.255000E+00 0.171880E-03
 -.245000E+00 0.165212E-03
 -.235000E+00 0.158535E-03
 -.225000E+00 0.151849E-03
 -.215000E+00 0.145156E-03
 -.205000E+00 0.138455E-03
 -.195000E+00 0.131747E-03
 -.185000E+00 0.125032E-03
 -.175000E+00 0.118310E-03
 -.165000E+00 0.111583E-03
 -.155000E+00 0.104849E-03
 -.145000E+00 0.981104E-04
 -.135000E+00 0.913664E-04
 -.125000E+00 0.846176E-04
 -.115000E+00 0.778645E-04
 -.105000E+00 0.711072E-04
 -.950000E-01 0.643463E-04
 -.850000E-01 0.575820E-04
 -.750000E-01 0.508147E-04
 -.650000E-01 0.440448E-04
 -.550000E-01 0.372725E-04
 -.450000E-01 0.304983E-04
 -.350000E-01 0.237226E-04
 -.250000E-01 0.169456E-04
 -.150000E-01 0.101677E-04
 -.500000E-02 0.338929E-05
 0.500000E-02 -.338929E-05
 0.150000E-01 -.101677E-04
 0.250000E-01 -.169456E-04
 0.350000E-01 -.237226E-04
 0.450000E-01 -.304983E-04
 0.550000E-01 -.372725E-04
 0.650000E-01 -.440448E-04
 0.750000E-01 -.508147E-04
 0.850000E-01 -.575820E-04
 0.950000E-01 -.643463E-04
 0.105000E+00 -.711072E-04
 0.115000E+00 -.778645E-04
 0.125000E+00 -.846176E-04
 0.135000E+00 -.913664E-04
 0.145000E+00 -.981104E-04
 0.155000E+00 -.104849E-03
 0.165000E+00 -.111583E-03
 0.175000E+00 -.118310E-03
 0.185000E+00 -.125032E-03
 0.195000E+00 -.131747E-03
 0.205000E+00 -.138455E-03
 0.215000E+00 -.145156E-03
 0.225000E+00 -.151849E-03
 0.235000E+00 -.158535E-03
 0.245000E+00 -.165212E-03
 0.255000E+00 -.171880E-03
 0.265000E+00 -.178540E-03
 0.275000E+00 -.185190E-03
 0.285000E+00 -.191831E-03
 0.295000E+00 -.198461E-03
 0.305000E+00 -.205082E-03
 0.315000E+00 -.211691E-03
 0.325000E+00 -.218290E-03
 0.335000E+00 -.224877E-03
 0.345000E+00 -.231453E-03
 0.355000E+00 -.238016E-03
 0.365000E+00 -.244567E-03
 0.375000E+00 -.251106E-03
 0.385000E+00 -.257631E-03
 0.395000E+00 -.264143E-03
 0.405000E+00 -.270641E-03
 0.415000E+00 -.277125E-03
 0.425000E+00 -.283594E-03
 0.435000E+00 -.290049E-03
 0.445000E+00 -.296489E-03
 0.455000E+00 -.302913E-03
 0.465000E+00 -.309321E-03
 0.475000E+00 -.315714E-03
 0.485000E+00 -.322090E-03
 0.495000E+00 -.328449E-03
 0.505000E+00 -.334791E-03
 0.515000E+00 -.341115E-03
 0.525000E+00 -.347422E-03
 0.535000E+00 -.353711E-03
 0.545000E+00 -.359981E-03
 0.555000E+00 -.366233E-03
 0.565000E+00 -.372465E-03
 0.575000E+00 -.378678E-03
 0.585000E+00 -.384871E-03
 0.595000E+00 -.391045E-03
 0.605000E+00 -.397198E-03
 0.615000E+00 -.403330E-03
 0.625000E+00 -.409441E-03
 0.635000E+00 -.415531E-03
 0.645000E+00 -.421599E-03
 0.655000E+00 -.427645E-03
 0.665000E+00 -.433669E-03
 0.675000E+00 -.439671E-03
 0.685000E+00 -.445649E-03
 0.695000E+00 -.451605E-03
 0.705000E+00 -.457536E-03
 0.715000E+00 -.463444E-03
 0.725000E+00 -.469328E-03
 0.735000E+00 -.475187E-03
 0.745000E+00 -.481022E-03
 0.755000E+00 -.486832E-03
 0.765000E+00 -.492616E-03
 0.775000E+00 -.498374E-03
 0.785000E+00 -.504107E-03
 0.795000E+00 -.509813E-03
 0.805000E+00 -.515493E-03
 0.815000E+00 -.521146E-03
 0.825000E+00 -.526772E-03
 0.835000E+00 -.532370E-03
 0.845000E+00 -.537940E-03
 0.855000E+00 -.543483E-03
 0.865000E+00 -.548997E-03
 0.875000E+00 -.554483E-03
 0.885000E+00 -.559940E-03
 0.895000E+00 -.565367E-03
 0.905000E+00 -.570775E-03
 0.915000E+00 -.576225E-03
 0.925000E+00 -.581726E-03
 0.935000E+00 -.587278E-03
 0.945000E+00 -.592882E-03
 0.955000E+00 -.598536E-03
 0.965000E+00 -.604242E-03
 0.975000E+00 -.609998E-03
 0.985000E+00 -.615805E-03
 0.995000E+00 -.621662E-03








































































































































































































 -.995000E+00 0.963961E-03
 -.985000E+00 0.961479E-03
 -.975000E+00 0.959000E-03
 -.965000E+00 0.956523E-03
 -.955000E+00 0.954050E-03
 -.945000E+00 0.951582E-03
 -.935000E+00 0.949117E-03
 -.925000E+00 0.946658E-03
 -.915000E+00 0.944204E-03
 -.905000E+00 0.941757E-03
 -.895000E+00 0.939287E-03
 -.885000E+00 0.936616E-03
 -.875000E+00 0.933718E-03
 -.865000E+00 0.930591E-03
 -.855000E+00 0.927237E-03
 -.845000E+00 0.923657E-03
 -.835000E+00 0.919851E-03
 -.825000E+00 0.915821E-03
 -.815000E+00 0.911567E-03
 -.805000E+00 0.907091E-03
 -.795000E+00 0.902393E-03
 -.785000E+00 0.897475E-03
 -.775000E+00 0.892338E-03
 -.765000E+00 0.886982E-03
 -.755000E+00 0.881411E-03
 -.745000E+00 0.875624E-03
 -.735000E+00 0.869624E-03
 -.725000E+00 0.863411E-03
 -.715000E+00 0.856987E-03
 -.705000E+00 0.850355E-03
 -.695000E+00 0.843514E-03
 -.685000E+00 0.836468E-03
 -.675000E+00 0.829217E-03
 -.665000E+00 0.821765E-03
 -.655000E+00 0.814111E-03
 -.645000E+00 0.806259E-03
 -.635000E+00 0.798210E-03
 -.625000E+00 0.789966E-03
 -.615000E+00 0.781529E-03
 -.605000E+00 0.772901E-03
 -.595000E+00 0.764085E-03
 -.585000E+00 0.755082E-03
 -.575000E+00 0.745895E-03
 -.565000E+00 0.736526E-03
 -.555000E+00 0.726977E-03
 -.545000E+00 0.717251E-03
 -.535000E+00 0.707349E-03
 -.525000E+00 0.697275E-03
 -.515000E+00 0.687031E-03
 -.505000E+00 0.676618E-03
 -.495000E+00 0.666041E-03
 -.485000E+00 0.655301E-03
 -.475000E+00 0.644401E-03
 -.465000E+00 0.633344E-03
 -.455000E+00 0.622132E-03
 -.445000E+00 0.610768E-03
 -.435000E+00 0.599256E-03
 -.425000E+00 0.587597E-03
 -.415000E+00 0.575794E-03
 -.405000E+00 0.563851E-03
 -.395000E+00 0.551770E-03
 -.385000E+00 0.539555E-03
 -.375000E+00 0.527208E-03
 -.365000E+00 0.514732E-03
 -.355000E+00 0.502130E-03
 -.345000E+00 0.489406E-03
 -.335000E+00 0.476563E-03
 -.325000E+00 0.463603E-03
 -.315000E+00 0.450530E-03
 -.305000E+00 0.437347E-03
 -.295000E+00 0.424057E-03
 -.285000E+00 0.410663E-03
 -.275000E+00 0.397170E-03
 -.265000E+00 0.383579E-03
 -.255000E+00 0.369895E-03
 -.245000E+00 0.356121E-03
 -.235000E+00 0.342259E-03
 -.225000E+00 0.328314E-03
 -.215000E+00 0.314289E-03
 -.205000E+00 0.300187E-03
 -.195000E+00 0.286012E-03
 -.185000E+00 0.271767E-03
 -.175000E+00 0.257456E-03
 -.165000E+00 0.243082E-03
 -.155000E+00 0.228648E-03
 -.145000E+00 0.214159E-03
 -.135000E+00 0.199617E-03
 -.125000E+00 0.185027E-03
 -.115000E+00 0.170392E-03
 -.105000E+00 0.155715E-03
 -.950000E-01 0.141000E-03
 -.850000E-01 0.126250E-03
 -.750000E-01 0.111470E-03
 -.650000E-01 0.966621E-04
 -.550000E-01 0.818310E-04
 -.450000E-01 0.669799E-04
 -.350000E-01 0.521124E-04
 -.250000E-01 0.372323E-04
 -.150000E-01 0.223430E-04
 -.500000E-02 0.744827E-05
 0.500000E-02 -.744827E-05
 0.150000E-01 -.223430E-04
 0.250000E-01 -.372323E-04
 0.350000E-01 -.521124E-04
 0.450000E-01 -.669799E-04
 0.550000E-01 -.818310E-04
 0.650000E-01 -.966621E-04
 0.750000E-01 -.111470E-03
 0.850000E-01 -.126250E-03
 0.950000E-01 -.141000E-03
 0.105000E+00 -.155715E-03
 0.115000E+00 -.170392E-03
 0.125000E+00 -.185027E-03
 0.135000E+00 -.199617E-03
 0.145000E+00 -.214159E-03
 0.155000E+00 -.228648E-03
 0.165000E+00 -.243082E-03
 0.175000E+00 -.257456E-03
 0.185000E+00 -.271767E-03
 0.195000E+00 -.286012E-03
 0.205000E+00 -.300187E-03
 0.215000E+00 -.314289E-03
 0.225000E+00 -.328314E-03
 0.235000E+00 -.342259E-03
 0.245000E+00 -.356121E-03
 0.255000E+00 -.369895E-03
 0.265000E+00 -.383579E-03
 0.275000E+00 -.397170E-03
 0.285000E+00 -.410663E-03
 0.295000E+00 -.424057E-03
 0.305000E+00 -.437347E-03
 0.315000E+00 -.450530E-03
 0.325000E+00 -.463603E-03
 0.335000E+00 -.476563E-03
 0.345000E+00 -.489406E-03
 0.355000E+00 -.502130E-03
 0.365000E+00 -.514732E-03
 0.375000E+00 -.527208E-03
 0.385000E+00 -.539555E-03
 0.395000E+00 -.551770E-03
 0.405000E+00 -.563851E-03
 0.415000E+00 -.575794E-03
 0.425000E+00 -.587597E-03
 0.435000E+00 -.599256E-03
 0.445000E+00 -.610768E-03
 0.455000E+00 -.622132E-03
 0.465000E+00 -.633344E-03
 0.475000E+00 -.644401E-03
 0.485000E+00 -.655301E-03
 0.495000E+00 -.666041E-03
 0.505000E+00 -.676618E-03
 0.515000E+00 -.687031E-03
 0.525000E+00 -.697275E-03
 0.535000E+00 -.707349E-03
 0.545000E+00 -.717251E-03
 0.555000E+00 -.726977E-03
 0.565000E+00 -.736526E-03
 0.575000E+00 -.745895E-03
 0.585000E+00 -.755082E-03
 0.595000E+00 -.764085E-03
 0.605000E+00 -.772901E-03
 0.615000E+00 -.781529E-03
 0.625000E+00 -.789966E-03
 0.635000E+00 -.798210E-03
 0.645000E+00 -.806259E-03
 0.655000E+00 -.814111E-03
 0.665000E+00 -.821765E-03
 0.675000E+00 -.829217E-03
 0.685000E+00 -.836468E-03
 0.695000E+00 -.843514E-03
 0.705000E+00 -.850355E-03
 0.715000E+00 -.856987E-03
 0.725000E+00 -.863411E-03
 0.735000E+00 -.869624E-03
 0.745000E+00 -.875624E-03
 0.755000E+00 -.881411E-03
 0.765000E+00 -.886982E-03
 0.775000E+00 -.892338E-03
 0.785000E+00 -.897475E-03
 0.795000E+00 -.902393E-03
 0.805000E+00 -.907091E-03
 0.815000E+00 -.911567E-03
 0.825000E+00 -.915821E-03
 0.835000E+00 -.919851E-03
 0.845000E+00 -.923657E-03
 0.855000E+00 -.927237E-03
 0.865000E+00 -.930591E-03
 0.875000E+00 -.933718E-03
 0.885000E+00 -.936616E-03
 0.895000E+00 -.939287E-03
 0.905000E+00 -.941757E-03
 0.915000E+00 -.944204E-03
 0.925000E+00 -.946658E-03
 0.935000E+00 -.949117E-03
 0.945000E+00 -.951582E-03
 0.955000E+00 -.954050E-03
 0.965000E+00 -.956523E-03
 0.975000E+00 -.959000E-03
 0.985000E+00 -.961479E-03
 0.995000E+00 -.963961E-03








































































































































































































 -.995000E+00 0.475142E-04
 -.985000E+00 0.430266E-04
 -.975000E+00 0.384615E-04
 -.965000E+00 0.343273E-04
 -.955000E+00 0.310843E-04
 -.945000E+00 0.290937E-04
 -.935000E+00 0.285772E-04
 -.925000E+00 0.295926E-04
 -.915000E+00 0.320268E-04
 -.905000E+00 0.356088E-04
 -.895000E+00 0.393464E-04
 -.885000E+00 0.392954E-04
 -.875000E+00 0.348679E-04
 -.865000E+00 0.265571E-04
 -.855000E+00 0.152885E-04
 -.845000E+00 0.231710E-05
 -.835000E+00 -.109123E-04
 -.825000E+00 -.229264E-04
 -.815000E+00 -.323870E-04
 -.805000E+00 -.382406E-04
 -.795000E+00 -.398352E-04
 -.785000E+00 -.369932E-04
 -.775000E+00 -.300311E-04
 -.765000E+00 -.197244E-04
 -.755000E+00 -.722085E-05
 -.745000E+00 0.608690E-05
 -.735000E+00 0.187167E-04
 -.725000E+00 0.292620E-04
 -.715000E+00 0.365482E-04
 -.705000E+00 0.397640E-04
 -.695000E+00 0.385510E-04
 -.685000E+00 0.330445E-04
 -.675000E+00 0.238577E-04
 -.665000E+00 0.120138E-04
 -.655000E+00 -.116811E-05
 -.645000E+00 -.142200E-04
 -.635000E+00 -.256881E-04
 -.625000E+00 -.342952E-04
 -.615000E+00 -.390827E-04
 -.605000E+00 -.395175E-04
 -.595000E+00 -.355510E-04
 -.585000E+00 -.276251E-04
 -.575000E+00 -.166225E-04
 -.565000E+00 -.376858E-05
 -.555000E+00 0.950507E-05
 -.545000E+00 0.217201E-04
 -.535000E+00 0.315161E-04
 -.525000E+00 0.378020E-04
 -.515000E+00 0.398778E-04
 -.505000E+00 0.375122E-04
 -.495000E+00 0.309687E-04
 -.485000E+00 0.209762E-04
 -.475000E+00 0.864745E-05
 -.465000E+00 -.464439E-05
 -.455000E+00 -.174190E-04
 -.445000E+00 -.282535E-04
 -.435000E+00 -.359414E-04
 -.425000E+00 -.396263E-04
 -.415000E+00 -.388979E-04
 -.405000E+00 -.338373E-04
 -.395000E+00 -.250081E-04
 -.385000E+00 -.133937E-04
 -.375000E+00 -.287526E-06
 -.365000E+00 0.128506E-04
 -.355000E+00 0.245576E-04
 -.345000E+00 0.335294E-04
 -.335000E+00 0.387670E-04
 -.325000E+00 0.396870E-04
 -.315000E+00 0.361868E-04
 -.305000E+00 0.286564E-04
 -.295000E+00 0.179344E-04
 -.285000E+00 0.521503E-05
 -.275000E+00 -.808519E-05
 -.265000E+00 -.204849E-04
 -.255000E+00 -.306032E-04
 -.245000E+00 -.373130E-04
 -.235000E+00 -.398672E-04
 -.225000E+00 -.379812E-04
 -.215000E+00 -.318651E-04
 -.205000E+00 -.222001E-04
 -.195000E+00 -.100625E-04
 -.185000E+00 0.319571E-05
 -.175000E+00 0.160980E-04
 -.165000E+00 0.272075E-04
 -.155000E+00 0.352867E-04
 -.145000E+00 0.394359E-04
 -.135000E+00 0.391930E-04
 -.125000E+00 0.345850E-04
 -.115000E+00 0.261252E-04
 -.105000E+00 0.147557E-04
 -.950000E-01 0.174278E-05
 -.850000E-01 -.114642E-04
 -.750000E-01 -.233944E-04
 -.650000E-01 -.327191E-04
 -.550000E-01 -.383997E-04
 -.450000E-01 -.398036E-04
 -.350000E-01 -.367744E-04
 -.250000E-01 -.296495E-04
 -.150000E-01 -.192225E-04
 -.500000E-02 -.665454E-05
 0.500000E-02 0.665454E-05
 0.150000E-01 0.192225E-04
 0.250000E-01 0.296495E-04
 0.350000E-01 0.367744E-04
 0.450000E-01 0.398036E-04
 0.550000E-01 0.383997E-04
 0.650000E-01 0.327191E-04
 0.750000E-01 0.233944E-04
 0.850000E-01 0.114642E-04
 0.950000E-01 -.174278E-05
 0.105000E+00 -.147557E-04
 0.115000E+00 -.261252E-04
 0.125000E+00 -.345850E-04
 0.135000E+00 -.391930E-04
 0.145000E+00 -.394359E-04
 0.155000E+00 -.352867E-04
 0.165000E+00 -.272075E-04
 0.175000E+00 -.160980E-04
 0.185000E+00 -.319571E-05
 0.195000E+00 0.100625E-04
 0.205000E+00 0.222001E-04
 0.215000E+00 0.318651E-04
 0.225000E+00 0.379812E-04
 0.235000E+00 0.398672E-04
 0.245000E+00 0.373130E-04
 0.255000E+00 0.306032E-04
 0.265000E+00 0.204849E-04
 0.275000E+00 0.808519E-05
 0.285000E+00 -.521503E-05
 0.295000E+00 -.179344E-04
 0.305000E+00 -.286564E-04
 0.315000E+00 -.361868E-04
 0.325000E+00 -.396870E-04
 0.335000E+00 -.387670E-04
 0.345000E+00 -.335294E-04
 0.355000E+00 -.245576E-04
 0.365000E+00 -.128506E-04
 0.375000E+00 0.287526E-06
 0.385000E+00 0.133937E-04
 0.395000E+00 0.250081E-04
 0.405000E+00 0.338373E-04
 0.415000E+00 0.388979E-04
 0.425000E+00 0.396263E-04
 0.435000E+00 0.359414E-04
 0.445000E+00 0.282535E-04
 0.455000E+00 0.174190E-04
 0.465000E+00 0.464439E-05
 0.475000E+00 -.864745E-05
 0.485000E+00 -.209762E-04
 0.495000E+00 -.309687E-04
 0.505000E+00 -.375122E-04
 0.515000E+00 -.398778E-04
 0.525000E+00 -.378020E-04
 0.535000E+00 -.315161E-04
 0.545000E+00 -.217201E-04
 0.555000E+00 -.950507E-05
 0.565000E+00 0.376858E-05
 0.575000E+00 0.166225E-04
 0.585000E+00 0.276251E-04
 0.595000E+00 0.355510E-04
 0.605000E+00 0.395175E-04
 0.615000E+00 0.390827E-04
 0.625000E+00 0.342952E-04
 0.635000E+00 0.256881E-04
 0.645000E+00 0.142200E-04
 0.655000E+00 0.116811E-05
 0.665000E+00 -.120138E-04
 0.675000E+00 -.238577E-04
 0.685000E+00 -.330445E-04
 0.695000E+00 -.385510E-04
 0.705000E+00 -.397640E-04
 0.715000E+00 -.365482E-04
 0.725000E+00 -.292620E-04
 0.735000E+00 -.187167E-04
 0.745000E+00 -.608690E-05
 0.755000E+00 0.722085E-05
 0.765000E+00 0.197244E-04
 0.775000E+00 0.300311E-04
 0.785000E+00 0.369932E-04
 0.795000E+00 0.398352E-04
 0.805000E+00 0.382406E-04
 0.815000E+00 0.323870E-04
 0.825000E+00 0.229264E-04
 0.835000E+00 0.109123E-04
 0.845000E+00 -.231710E-05
 0.855000E+00 -.152885E-04
 0.865000E+00 -.265571E-04
 0.875000E+00 -.348679E-04
 0.885000E+00 -.392954E-04
 0.895000E+00 -.393464E-04
 0.905000E+00 -.356088E-04
 0.915000E+00 -.320268E-04
 0.925000E+00 -.295926E-04
 0.935000E+00 -.285772E-04
 0.945000E+00 -.290937E-04
 0.955000E+00 -.310843E-04
 0.965000E+00 -.343273E-04
 0.975000E+00 -.384615E-04
 0.985000E+00 -.430266E-04
 0.995000E+00 -.475142E-04








































































































































































































