 -.995000E+00 -.280813E+00
 -.985000E+00 -.280814E+00
 -.975000E+00 -.280813E+00
 -.965000E+00 -.280811E+00
 -.955000E+00 -.280808E+00
 -.945000E+00 -.280804E+00
 -.935000E+00 -.280799E+00
 -.925000E+00 -.280795E+00
 -.915000E+00 -.280791E+00
 -.905000E+00 -.280788E+00
 -.895000E+00 0.135676E-04
 -.885000E+00 0.135985E-04
 -.875000E+00 0.121139E-04
 -.865000E+00 0.927920E-05
 -.855000E+00 0.541030E-05
 -.845000E+00 0.938420E-06
 -.835000E+00 -.363804E-05
 -.825000E+00 -.780902E-05
 -.815000E+00 -.111097E-04
 -.805000E+00 -.131721E-04
 -.795000E+00 -.137665E-04
 -.785000E+00 -.128266E-04
 -.775000E+00 -.104571E-04
 -.765000E+00 -.692220E-05
 -.755000E+00 -.261580E-05
 -.745000E+00 0.198214E-05
 -.735000E+00 0.635915E-05
 -.725000E+00 0.100274E-04
 -.715000E+00 0.125781E-04
 -.705000E+00 0.137269E-04
 -.695000E+00 0.133459E-04
 -.685000E+00 0.114774E-04
 -.675000E+00 0.832972E-05
 -.665000E+00 0.425371E-05
 -.655000E+00 -.296380E-06
 -.645000E+00 -.481343E-05
 -.635000E+00 -.879401E-05
 -.625000E+00 -.117945E-04
 -.615000E+00 -.134804E-04
 -.605000E+00 -.136639E-04
 -.595000E+00 -.123246E-04
 -.585000E+00 -.961165E-05
 -.575000E+00 -.582747E-05
 -.565000E+00 -.139382E-05
 -.555000E+00 0.319517E-05
 -.545000E+00 0.742805E-05
 -.535000E+00 0.108330E-04
 -.525000E+00 0.130307E-04
 -.515000E+00 0.137760E-04
 -.505000E+00 0.129860E-04
 -.495000E+00 0.107486E-04
 -.485000E+00 0.731336E-05
 -.475000E+00 0.306298E-05
 -.465000E+00 -.152876E-05
 -.455000E+00 -.595012E-05
 -.445000E+00 -.970832E-05
 -.435000E+00 -.123845E-04
 -.425000E+00 -.136804E-04
 -.415000E+00 -.134516E-04
 -.405000E+00 -.117236E-04
 -.395000E+00 -.868898E-05
 -.385000E+00 -.468595E-05
 -.375000E+00 -.160676E-06
 -.365000E+00 0.438250E-05
 -.355000E+00 0.843724E-05
 -.345000E+00 0.115516E-04
 -.335000E+00 0.133786E-04
 -.325000E+00 0.137144E-04
 -.315000E+00 0.125218E-04
 -.305000E+00 0.993359E-05
 -.295000E+00 0.623827E-05
 -.285000E+00 0.184768E-05
 -.275000E+00 -.274884E-05
 -.265000E+00 -.703898E-05
 -.255000E+00 -.105446E-04
 -.245000E+00 -.128750E-04
 -.235000E+00 -.137705E-04
 -.225000E+00 -.131312E-04
 -.215000E+00 -.110284E-04
 -.205000E+00 -.769652E-05
 -.195000E+00 -.350681E-05
 -.185000E+00 0.107374E-05
 -.175000E+00 0.553461E-05
 -.165000E+00 0.937864E-05
 -.155000E+00 0.121774E-04
 -.145000E+00 0.136190E-04
 -.135000E+00 0.135427E-04
 -.125000E+00 0.119570E-04
 -.115000E+00 0.903874E-05
 -.105000E+00 0.511307E-05
 -.950000E-01 0.617544E-06
 -.850000E-01 -.394681E-05
 -.750000E-01 -.807128E-05
 -.650000E-01 -.112962E-04
 -.550000E-01 -.132621E-04
 -.450000E-01 -.137500E-04
 -.350000E-01 -.127053E-04
 -.250000E-01 -.102447E-04
 -.150000E-01 -.664225E-05
 -.500000E-02 -.229951E-05
 0.500000E-02 0.229951E-05
 0.150000E-01 0.664225E-05
 0.250000E-01 0.102447E-04
 0.350000E-01 0.127053E-04
 0.450000E-01 0.137500E-04
 0.550000E-01 0.132621E-04
 0.650000E-01 0.112962E-04
 0.750000E-01 0.807128E-05
 0.850000E-01 0.394681E-05
 0.950000E-01 -.617544E-06
 0.105000E+00 -.511307E-05
 0.115000E+00 -.903874E-05
 0.125000E+00 -.119570E-04
 0.135000E+00 -.135427E-04
 0.145000E+00 -.136190E-04
 0.155000E+00 -.121774E-04
 0.165000E+00 -.937864E-05
 0.175000E+00 -.553461E-05
 0.185000E+00 -.107374E-05
 0.195000E+00 0.350681E-05
 0.205000E+00 0.769652E-05
 0.215000E+00 0.110284E-04
 0.225000E+00 0.131312E-04
 0.235000E+00 0.137705E-04
 0.245000E+00 0.128750E-04
 0.255000E+00 0.105446E-04
 0.265000E+00 0.703898E-05
 0.275000E+00 0.274884E-05
 0.285000E+00 -.184768E-05
 0.295000E+00 -.623827E-05
 0.305000E+00 -.993359E-05
 0.315000E+00 -.125218E-04
 0.325000E+00 -.137144E-04
 0.335000E+00 -.133786E-04
 0.345000E+00 -.115516E-04
 0.355000E+00 -.843724E-05
 0.365000E+00 -.438250E-05
 0.375000E+00 0.160676E-06
 0.385000E+00 0.468595E-05
 0.395000E+00 0.868898E-05
 0.405000E+00 0.117236E-04
 0.415000E+00 0.134516E-04
 0.425000E+00 0.136804E-04
 0.435000E+00 0.123845E-04
 0.445000E+00 0.970832E-05
 0.455000E+00 0.595012E-05
 0.465000E+00 0.152876E-05
 0.475000E+00 -.306298E-05
 0.485000E+00 -.731336E-05
 0.495000E+00 -.107486E-04
 0.505000E+00 -.129860E-04
 0.515000E+00 -.137760E-04
 0.525000E+00 -.130307E-04
 0.535000E+00 -.108330E-04
 0.545000E+00 -.742805E-05
 0.555000E+00 -.319517E-05
 0.565000E+00 0.139382E-05
 0.575000E+00 0.582747E-05
 0.585000E+00 0.961165E-05
 0.595000E+00 0.123246E-04
 0.605000E+00 0.136639E-04
 0.615000E+00 0.134804E-04
 0.625000E+00 0.117945E-04
 0.635000E+00 0.879401E-05
 0.645000E+00 0.481343E-05
 0.655000E+00 0.296380E-06
 0.665000E+00 -.425371E-05
 0.675000E+00 -.832972E-05
 0.685000E+00 -.114774E-04
 0.695000E+00 -.133459E-04
 0.705000E+00 -.137269E-04
 0.715000E+00 -.125781E-04
 0.725000E+00 -.100274E-04
 0.735000E+00 -.635915E-05
 0.745000E+00 -.198214E-05
 0.755000E+00 0.261580E-05
 0.765000E+00 0.692220E-05
 0.775000E+00 0.104571E-04
 0.785000E+00 0.128266E-04
 0.795000E+00 0.137665E-04
 0.805000E+00 0.131721E-04
 0.815000E+00 0.111097E-04
 0.825000E+00 0.780902E-05
 0.835000E+00 0.363804E-05
 0.845000E+00 -.938420E-06
 0.855000E+00 -.541030E-05
 0.865000E+00 -.927920E-05
 0.875000E+00 -.121139E-04
 0.885000E+00 -.135985E-04
 0.895000E+00 -.135676E-04
 0.905000E+00 0.280788E+00
 0.915000E+00 0.280791E+00
 0.925000E+00 0.280795E+00
 0.935000E+00 0.280799E+00
 0.945000E+00 0.280804E+00
 0.955000E+00 0.280808E+00
 0.965000E+00 0.280811E+00
 0.975000E+00 0.280813E+00
 0.985000E+00 0.280814E+00
 0.995000E+00 0.280813E+00








































































































































































































 -.995000E+00 -.280971E+00
 -.985000E+00 -.280971E+00
 -.975000E+00 -.280971E+00
 -.965000E+00 -.280971E+00
 -.955000E+00 -.280970E+00
 -.945000E+00 -.280970E+00
 -.935000E+00 -.280970E+00
 -.925000E+00 -.280969E+00
 -.915000E+00 -.280969E+00
 -.905000E+00 -.280969E+00
 -.895000E+00 -.168005E-03
 -.885000E+00 -.167480E-03
 -.875000E+00 -.166916E-03
 -.865000E+00 -.166311E-03
 -.855000E+00 -.165668E-03
 -.845000E+00 -.164985E-03
 -.835000E+00 -.164263E-03
 -.825000E+00 -.163502E-03
 -.815000E+00 -.162703E-03
 -.805000E+00 -.161865E-03
 -.795000E+00 -.160988E-03
 -.785000E+00 -.160073E-03
 -.775000E+00 -.159121E-03
 -.765000E+00 -.158130E-03
 -.755000E+00 -.157102E-03
 -.745000E+00 -.156037E-03
 -.735000E+00 -.154935E-03
 -.725000E+00 -.153796E-03
 -.715000E+00 -.152621E-03
 -.705000E+00 -.151409E-03
 -.695000E+00 -.150162E-03
 -.685000E+00 -.148879E-03
 -.675000E+00 -.147560E-03
 -.665000E+00 -.146207E-03
 -.655000E+00 -.144819E-03
 -.645000E+00 -.143397E-03
 -.635000E+00 -.141941E-03
 -.625000E+00 -.140451E-03
 -.615000E+00 -.138928E-03
 -.605000E+00 -.137371E-03
 -.595000E+00 -.135783E-03
 -.585000E+00 -.134162E-03
 -.575000E+00 -.132509E-03
 -.565000E+00 -.130825E-03
 -.555000E+00 -.129110E-03
 -.545000E+00 -.127364E-03
 -.535000E+00 -.125588E-03
 -.525000E+00 -.123783E-03
 -.515000E+00 -.121948E-03
 -.505000E+00 -.120084E-03
 -.495000E+00 -.118191E-03
 -.485000E+00 -.116271E-03
 -.475000E+00 -.114323E-03
 -.465000E+00 -.112348E-03
 -.455000E+00 -.110346E-03
 -.445000E+00 -.108318E-03
 -.435000E+00 -.106265E-03
 -.425000E+00 -.104186E-03
 -.415000E+00 -.102082E-03
 -.405000E+00 -.999548E-04
 -.395000E+00 -.978035E-04
 -.385000E+00 -.956290E-04
 -.375000E+00 -.934319E-04
 -.365000E+00 -.912125E-04
 -.355000E+00 -.889716E-04
 -.345000E+00 -.867096E-04
 -.335000E+00 -.844270E-04
 -.325000E+00 -.821244E-04
 -.315000E+00 -.798024E-04
 -.305000E+00 -.774614E-04
 -.295000E+00 -.751020E-04
 -.285000E+00 -.727249E-04
 -.275000E+00 -.703305E-04
 -.265000E+00 -.679195E-04
 -.255000E+00 -.654924E-04
 -.245000E+00 -.630497E-04
 -.235000E+00 -.605921E-04
 -.225000E+00 -.581201E-04
 -.215000E+00 -.556344E-04
 -.205000E+00 -.531354E-04
 -.195000E+00 -.506239E-04
 -.185000E+00 -.481004E-04
 -.175000E+00 -.455654E-04
 -.165000E+00 -.430197E-04
 -.155000E+00 -.404638E-04
 -.145000E+00 -.378983E-04
 -.135000E+00 -.353238E-04
 -.125000E+00 -.327409E-04
 -.115000E+00 -.301503E-04
 -.105000E+00 -.275525E-04
 -.950000E-01 -.249482E-04
 -.850000E-01 -.223379E-04
 -.750000E-01 -.197224E-04
 -.650000E-01 -.171022E-04
 -.550000E-01 -.144780E-04
 -.450000E-01 -.118503E-04
 -.350000E-01 -.921982E-05
 -.250000E-01 -.658715E-05
 -.150000E-01 -.395291E-05
 -.500000E-02 -.131774E-05
 0.500000E-02 0.131774E-05
 0.150000E-01 0.395291E-05
 0.250000E-01 0.658715E-05
 0.350000E-01 0.921982E-05
 0.450000E-01 0.118503E-04
 0.550000E-01 0.144780E-04
 0.650000E-01 0.171022E-04
 0.750000E-01 0.197224E-04
 0.850000E-01 0.223379E-04
 0.950000E-01 0.249482E-04
 0.105000E+00 0.275525E-04
 0.115000E+00 0.301503E-04
 0.125000E+00 0.327409E-04
 0.135000E+00 0.353238E-04
 0.145000E+00 0.378983E-04
 0.155000E+00 0.404638E-04
 0.165000E+00 0.430197E-04
 0.175000E+00 0.455654E-04
 0.185000E+00 0.481004E-04
 0.195000E+00 0.506239E-04
 0.205000E+00 0.531354E-04
 0.215000E+00 0.556344E-04
 0.225000E+00 0.581201E-04
 0.235000E+00 0.605921E-04
 0.245000E+00 0.630497E-04
 0.255000E+00 0.654924E-04
 0.265000E+00 0.679195E-04
 0.275000E+00 0.703305E-04
 0.285000E+00 0.727249E-04
 0.295000E+00 0.751020E-04
 0.305000E+00 0.774614E-04
 0.315000E+00 0.798024E-04
 0.325000E+00 0.821244E-04
 0.335000E+00 0.844270E-04
 0.345000E+00 0.867096E-04
 0.355000E+00 0.889716E-04
 0.365000E+00 0.912125E-04
 0.375000E+00 0.934319E-04
 0.385000E+00 0.956290E-04
 0.395000E+00 0.978035E-04
 0.405000E+00 0.999548E-04
 0.415000E+00 0.102082E-03
 0.425000E+00 0.104186E-03
 0.435000E+00 0.106265E-03
 0.445000E+00 0.108318E-03
 0.455000E+00 0.110346E-03
 0.465000E+00 0.112348E-03
 0.475000E+00 0.114323E-03
 0.485000E+00 0.116271E-03
 0.495000E+00 0.118191E-03
 0.505000E+00 0.120084E-03
 0.515000E+00 0.121948E-03
 0.525000E+00 0.123783E-03
 0.535000E+00 0.125588E-03
 0.545000E+00 0.127364E-03
 0.555000E+00 0.129110E-03
 0.565000E+00 0.130825E-03
 0.575000E+00 0.132509E-03
 0.585000E+00 0.134162E-03
 0.595000E+00 0.135783E-03
 0.605000E+00 0.137371E-03
 0.615000E+00 0.138928E-03
 0.625000E+00 0.140451E-03
 0.635000E+00 0.141941E-03
 0.645000E+00 0.143397E-03
 0.655000E+00 0.144819E-03
 0.665000E+00 0.146207E-03
 0.675000E+00 0.147560E-03
 0.685000E+00 0.148879E-03
 0.695000E+00 0.150162E-03
 0.705000E+00 0.151409E-03
 0.715000E+00 0.152621E-03
 0.725000E+00 0.153796E-03
 0.735000E+00 0.154935E-03
 0.745000E+00 0.156037E-03
 0.755000E+00 0.157102E-03
 0.765000E+00 0.158130E-03
 0.775000E+00 0.159121E-03
 0.785000E+00 0.160073E-03
 0.795000E+00 0.160988E-03
 0.805000E+00 0.161865E-03
 0.815000E+00 0.162703E-03
 0.825000E+00 0.163502E-03
 0.835000E+00 0.164263E-03
 0.845000E+00 0.164985E-03
 0.855000E+00 0.165668E-03
 0.865000E+00 0.166311E-03
 0.875000E+00 0.166916E-03
 0.885000E+00 0.167480E-03
 0.895000E+00 0.168005E-03
 0.905000E+00 0.280969E+00
 0.915000E+00 0.280969E+00
 0.925000E+00 0.280969E+00
 0.935000E+00 0.280970E+00
 0.945000E+00 0.280970E+00
 0.955000E+00 0.280970E+00
 0.965000E+00 0.280971E+00
 0.975000E+00 0.280971E+00
 0.985000E+00 0.280971E+00
 0.995000E+00 0.280971E+00








































































































































































































 -.995000E+00 -.282133E+00
 -.985000E+00 -.282122E+00
 -.975000E+00 -.282110E+00
 -.965000E+00 -.282099E+00
 -.955000E+00 -.282087E+00
 -.945000E+00 -.282076E+00
 -.935000E+00 -.282064E+00
 -.925000E+00 -.282052E+00
 -.915000E+00 -.282041E+00
 -.905000E+00 -.282029E+00
 -.895000E+00 -.121752E-02
 -.885000E+00 -.120579E-02
 -.875000E+00 -.119400E-02
 -.865000E+00 -.118214E-02
 -.855000E+00 -.117023E-02
 -.845000E+00 -.115826E-02
 -.835000E+00 -.114623E-02
 -.825000E+00 -.113414E-02
 -.815000E+00 -.112199E-02
 -.805000E+00 -.110979E-02
 -.795000E+00 -.109753E-02
 -.785000E+00 -.108521E-02
 -.775000E+00 -.107284E-02
 -.765000E+00 -.106041E-02
 -.755000E+00 -.104793E-02
 -.745000E+00 -.103540E-02
 -.735000E+00 -.102281E-02
 -.725000E+00 -.101017E-02
 -.715000E+00 -.997481E-03
 -.705000E+00 -.984740E-03
 -.695000E+00 -.971948E-03
 -.685000E+00 -.959106E-03
 -.675000E+00 -.946215E-03
 -.665000E+00 -.933277E-03
 -.655000E+00 -.920290E-03
 -.645000E+00 -.907257E-03
 -.635000E+00 -.894177E-03
 -.625000E+00 -.881052E-03
 -.615000E+00 -.867882E-03
 -.605000E+00 -.854667E-03
 -.595000E+00 -.841409E-03
 -.585000E+00 -.828108E-03
 -.575000E+00 -.814765E-03
 -.565000E+00 -.801380E-03
 -.555000E+00 -.787955E-03
 -.545000E+00 -.774489E-03
 -.535000E+00 -.760984E-03
 -.525000E+00 -.747439E-03
 -.515000E+00 -.733857E-03
 -.505000E+00 -.720237E-03
 -.495000E+00 -.706581E-03
 -.485000E+00 -.692888E-03
 -.475000E+00 -.679160E-03
 -.465000E+00 -.665398E-03
 -.455000E+00 -.651601E-03
 -.445000E+00 -.637772E-03
 -.435000E+00 -.623909E-03
 -.425000E+00 -.610015E-03
 -.415000E+00 -.596090E-03
 -.405000E+00 -.582135E-03
 -.395000E+00 -.568149E-03
 -.385000E+00 -.554135E-03
 -.375000E+00 -.540093E-03
 -.365000E+00 -.526022E-03
 -.355000E+00 -.511926E-03
 -.345000E+00 -.497803E-03
 -.335000E+00 -.483654E-03
 -.325000E+00 -.469481E-03
 -.315000E+00 -.455284E-03
 -.305000E+00 -.441064E-03
 -.295000E+00 -.426821E-03
 -.285000E+00 -.412556E-03
 -.275000E+00 -.398271E-03
 -.265000E+00 -.383965E-03
 -.255000E+00 -.369639E-03
 -.245000E+00 -.355295E-03
 -.235000E+00 -.340933E-03
 -.225000E+00 -.326553E-03
 -.215000E+00 -.312156E-03
 -.205000E+00 -.297744E-03
 -.195000E+00 -.283316E-03
 -.185000E+00 -.268874E-03
 -.175000E+00 -.254418E-03
 -.165000E+00 -.239950E-03
 -.155000E+00 -.225469E-03
 -.145000E+00 -.210976E-03
 -.135000E+00 -.196473E-03
 -.125000E+00 -.181959E-03
 -.115000E+00 -.167437E-03
 -.105000E+00 -.152906E-03
 -.950000E-01 -.138367E-03
 -.850000E-01 -.123821E-03
 -.750000E-01 -.109269E-03
 -.650000E-01 -.947107E-04
 -.550000E-01 -.801480E-04
 -.450000E-01 -.655812E-04
 -.350000E-01 -.510111E-04
 -.250000E-01 -.364383E-04
 -.150000E-01 -.218638E-04
 -.500000E-02 -.728804E-05
 0.500000E-02 0.728804E-05
 0.150000E-01 0.218638E-04
 0.250000E-01 0.364383E-04
 0.350000E-01 0.510111E-04
 0.450000E-01 0.655812E-04
 0.550000E-01 0.801480E-04
 0.650000E-01 0.947107E-04
 0.750000E-01 0.109269E-03
 0.850000E-01 0.123821E-03
 0.950000E-01 0.138367E-03
 0.105000E+00 0.152906E-03
 0.115000E+00 0.167437E-03
 0.125000E+00 0.181959E-03
 0.135000E+00 0.196473E-03
 0.145000E+00 0.210976E-03
 0.155000E+00 0.225469E-03
 0.165000E+00 0.239950E-03
 0.175000E+00 0.254418E-03
 0.185000E+00 0.268874E-03
 0.195000E+00 0.283316E-03
 0.205000E+00 0.297744E-03
 0.215000E+00 0.312156E-03
 0.225000E+00 0.326553E-03
 0.235000E+00 0.340933E-03
 0.245000E+00 0.355295E-03
 0.255000E+00 0.369639E-03
 0.265000E+00 0.383965E-03
 0.275000E+00 0.398271E-03
 0.285000E+00 0.412556E-03
 0.295000E+00 0.426821E-03
 0.305000E+00 0.441064E-03
 0.315000E+00 0.455284E-03
 0.325000E+00 0.469481E-03
 0.335000E+00 0.483654E-03
 0.345000E+00 0.497803E-03
 0.355000E+00 0.511926E-03
 0.365000E+00 0.526022E-03
 0.375000E+00 0.540093E-03
 0.385000E+00 0.554135E-03
 0.395000E+00 0.568149E-03
 0.405000E+00 0.582135E-03
 0.415000E+00 0.596090E-03
 0.425000E+00 0.610015E-03
 0.435000E+00 0.623909E-03
 0.445000E+00 0.637772E-03
 0.455000E+00 0.651601E-03
 0.465000E+00 0.665398E-03
 0.475000E+00 0.679160E-03
 0.485000E+00 0.692888E-03
 0.495000E+00 0.706581E-03
 0.505000E+00 0.720237E-03
 0.515000E+00 0.733857E-03
 0.525000E+00 0.747439E-03
 0.535000E+00 0.760984E-03
 0.545000E+00 0.774489E-03
 0.555000E+00 0.787955E-03
 0.565000E+00 0.801380E-03
 0.575000E+00 0.814765E-03
 0.585000E+00 0.828108E-03
 0.595000E+00 0.841409E-03
 0.605000E+00 0.854667E-03
 0.615000E+00 0.867882E-03
 0.625000E+00 0.881052E-03
 0.635000E+00 0.894177E-03
 0.645000E+00 0.907257E-03
 0.655000E+00 0.920290E-03
 0.665000E+00 0.933277E-03
 0.675000E+00 0.946215E-03
 0.685000E+00 0.959106E-03
 0.695000E+00 0.971948E-03
 0.705000E+00 0.984740E-03
 0.715000E+00 0.997481E-03
 0.725000E+00 0.101017E-02
 0.735000E+00 0.102281E-02
 0.745000E+00 0.103540E-02
 0.755000E+00 0.104793E-02
 0.765000E+00 0.106041E-02
 0.775000E+00 0.107284E-02
 0.785000E+00 0.108521E-02
 0.795000E+00 0.109753E-02
 0.805000E+00 0.110979E-02
 0.815000E+00 0.112199E-02
 0.825000E+00 0.113414E-02
 0.835000E+00 0.114623E-02
 0.845000E+00 0.115826E-02
 0.855000E+00 0.117023E-02
 0.865000E+00 0.118214E-02
 0.875000E+00 0.119400E-02
 0.885000E+00 0.120579E-02
 0.895000E+00 0.121752E-02
 0.905000E+00 0.282029E+00
 0.915000E+00 0.282041E+00
 0.925000E+00 0.282052E+00
 0.935000E+00 0.282064E+00
 0.945000E+00 0.282076E+00
 0.955000E+00 0.282087E+00
 0.965000E+00 0.282099E+00
 0.975000E+00 0.282110E+00
 0.985000E+00 0.282122E+00
 0.995000E+00 0.282133E+00








































































































































































































 -.995000E+00 -.281852E+00
 -.985000E+00 -.281842E+00
 -.975000E+00 -.281832E+00
 -.965000E+00 -.281823E+00
 -.955000E+00 -.281813E+00
 -.945000E+00 -.281803E+00
 -.935000E+00 -.281793E+00
 -.925000E+00 -.281782E+00
 -.915000E+00 -.281772E+00
 -.905000E+00 -.281762E+00
 -.895000E+00 -.951874E-03
 -.885000E+00 -.941639E-03
 -.875000E+00 -.931391E-03
 -.865000E+00 -.921130E-03
 -.855000E+00 -.910855E-03
 -.845000E+00 -.900568E-03
 -.835000E+00 -.890268E-03
 -.825000E+00 -.879955E-03
 -.815000E+00 -.869630E-03
 -.805000E+00 -.859292E-03
 -.795000E+00 -.848942E-03
 -.785000E+00 -.838580E-03
 -.775000E+00 -.828205E-03
 -.765000E+00 -.817820E-03
 -.755000E+00 -.807422E-03
 -.745000E+00 -.797013E-03
 -.735000E+00 -.786593E-03
 -.725000E+00 -.776161E-03
 -.715000E+00 -.765718E-03
 -.705000E+00 -.755265E-03
 -.695000E+00 -.744800E-03
 -.685000E+00 -.734326E-03
 -.675000E+00 -.723840E-03
 -.665000E+00 -.713344E-03
 -.655000E+00 -.702839E-03
 -.645000E+00 -.692323E-03
 -.635000E+00 -.681797E-03
 -.625000E+00 -.671262E-03
 -.615000E+00 -.660717E-03
 -.605000E+00 -.650162E-03
 -.595000E+00 -.639598E-03
 -.585000E+00 -.629026E-03
 -.575000E+00 -.618444E-03
 -.565000E+00 -.607853E-03
 -.555000E+00 -.597254E-03
 -.545000E+00 -.586646E-03
 -.535000E+00 -.576030E-03
 -.525000E+00 -.565406E-03
 -.515000E+00 -.554774E-03
 -.505000E+00 -.544134E-03
 -.495000E+00 -.533486E-03
 -.485000E+00 -.522830E-03
 -.475000E+00 -.512167E-03
 -.465000E+00 -.501497E-03
 -.455000E+00 -.490819E-03
 -.445000E+00 -.480135E-03
 -.435000E+00 -.469443E-03
 -.425000E+00 -.458745E-03
 -.415000E+00 -.448041E-03
 -.405000E+00 -.437330E-03
 -.395000E+00 -.426613E-03
 -.385000E+00 -.415890E-03
 -.375000E+00 -.405160E-03
 -.365000E+00 -.394426E-03
 -.355000E+00 -.383685E-03
 -.345000E+00 -.372939E-03
 -.335000E+00 -.362188E-03
 -.325000E+00 -.351431E-03
 -.315000E+00 -.340670E-03
 -.305000E+00 -.329903E-03
 -.295000E+00 -.319132E-03
 -.285000E+00 -.308357E-03
 -.275000E+00 -.297577E-03
 -.265000E+00 -.286793E-03
 -.255000E+00 -.276004E-03
 -.245000E+00 -.265212E-03
 -.235000E+00 -.254416E-03
 -.225000E+00 -.243617E-03
 -.215000E+00 -.232814E-03
 -.205000E+00 -.222007E-03
 -.195000E+00 -.211198E-03
 -.185000E+00 -.200385E-03
 -.175000E+00 -.189570E-03
 -.165000E+00 -.178752E-03
 -.155000E+00 -.167931E-03
 -.145000E+00 -.157108E-03
 -.135000E+00 -.146283E-03
 -.125000E+00 -.135455E-03
 -.115000E+00 -.124626E-03
 -.105000E+00 -.113795E-03
 -.950000E-01 -.102962E-03
 -.850000E-01 -.921279E-04
 -.750000E-01 -.812924E-04
 -.650000E-01 -.704557E-04
 -.550000E-01 -.596181E-04
 -.450000E-01 -.487796E-04
 -.350000E-01 -.379404E-04
 -.250000E-01 -.271007E-04
 -.150000E-01 -.162606E-04
 -.500000E-02 -.542021E-05
 0.500000E-02 0.542021E-05
 0.150000E-01 0.162606E-04
 0.250000E-01 0.271007E-04
 0.350000E-01 0.379404E-04
 0.450000E-01 0.487796E-04
 0.550000E-01 0.596181E-04
 0.650000E-01 0.704557E-04
 0.750000E-01 0.812924E-04
 0.850000E-01 0.921279E-04
 0.950000E-01 0.102962E-03
 0.105000E+00 0.113795E-03
 0.115000E+00 0.124626E-03
 0.125000E+00 0.135455E-03
 0.135000E+00 0.146283E-03
 0.145000E+00 0.157108E-03
 0.155000E+00 0.167931E-03
 0.165000E+00 0.178752E-03
 0.175000E+00 0.189570E-03
 0.185000E+00 0.200385E-03
 0.195000E+00 0.211198E-03
 0.205000E+00 0.222007E-03
 0.215000E+00 0.232814E-03
 0.225000E+00 0.243617E-03
 0.235000E+00 0.254416E-03
 0.245000E+00 0.265212E-03
 0.255000E+00 0.276004E-03
 0.265000E+00 0.286793E-03
 0.275000E+00 0.297577E-03
 0.285000E+00 0.308357E-03
 0.295000E+00 0.319132E-03
 0.305000E+00 0.329903E-03
 0.315000E+00 0.340670E-03
 0.325000E+00 0.351431E-03
 0.335000E+00 0.362188E-03
 0.345000E+00 0.372939E-03
 0.355000E+00 0.383685E-03
 0.365000E+00 0.394426E-03
 0.375000E+00 0.405160E-03
 0.385000E+00 0.415890E-03
 0.395000E+00 0.426613E-03
 0.405000E+00 0.437330E-03
 0.415000E+00 0.448041E-03
 0.425000E+00 0.458745E-03
 0.435000E+00 0.469443E-03
 0.445000E+00 0.480135E-03
 0.455000E+00 0.490819E-03
 0.465000E+00 0.501497E-03
 0.475000E+00 0.512167E-03
 0.485000E+00 0.522830E-03
 0.495000E+00 0.533486E-03
 0.505000E+00 0.544134E-03
 0.515000E+00 0.554774E-03
 0.525000E+00 0.565406E-03
 0.535000E+00 0.576030E-03
 0.545000E+00 0.586646E-03
 0.555000E+00 0.597254E-03
 0.565000E+00 0.607853E-03
 0.575000E+00 0.618444E-03
 0.585000E+00 0.629026E-03
 0.595000E+00 0.639598E-03
 0.605000E+00 0.650162E-03
 0.615000E+00 0.660717E-03
 0.625000E+00 0.671262E-03
 0.635000E+00 0.681797E-03
 0.645000E+00 0.692323E-03
 0.655000E+00 0.702839E-03
 0.665000E+00 0.713344E-03
 0.675000E+00 0.723840E-03
 0.685000E+00 0.734326E-03
 0.695000E+00 0.744800E-03
 0.705000E+00 0.755265E-03
 0.715000E+00 0.765718E-03
 0.725000E+00 0.776161E-03
 0.735000E+00 0.786593E-03
 0.745000E+00 0.797013E-03
 0.755000E+00 0.807422E-03
 0.765000E+00 0.817820E-03
 0.775000E+00 0.828205E-03
 0.785000E+00 0.838580E-03
 0.795000E+00 0.848942E-03
 0.805000E+00 0.859292E-03
 0.815000E+00 0.869630E-03
 0.825000E+00 0.879955E-03
 0.835000E+00 0.890268E-03
 0.845000E+00 0.900568E-03
 0.855000E+00 0.910855E-03
 0.865000E+00 0.921130E-03
 0.875000E+00 0.931391E-03
 0.885000E+00 0.941639E-03
 0.895000E+00 0.951874E-03
 0.905000E+00 0.281762E+00
 0.915000E+00 0.281772E+00
 0.925000E+00 0.281782E+00
 0.935000E+00 0.281793E+00
 0.945000E+00 0.281803E+00
 0.955000E+00 0.281813E+00
 0.965000E+00 0.281823E+00
 0.975000E+00 0.281832E+00
 0.985000E+00 0.281842E+00
 0.995000E+00 0.281852E+00








































































































































































































 -.995000E+00 -.281752E+00
 -.985000E+00 -.281743E+00
 -.975000E+00 -.281733E+00
 -.965000E+00 -.281724E+00
 -.955000E+00 -.281715E+00
 -.945000E+00 -.281706E+00
 -.935000E+00 -.281696E+00
 -.925000E+00 -.281687E+00
 -.915000E+00 -.281677E+00
 -.905000E+00 -.281668E+00
 -.895000E+00 -.858434E-03
 -.885000E+00 -.848908E-03
 -.875000E+00 -.839380E-03
 -.865000E+00 -.829850E-03
 -.855000E+00 -.820317E-03
 -.845000E+00 -.810783E-03
 -.835000E+00 -.801246E-03
 -.825000E+00 -.791708E-03
 -.815000E+00 -.782167E-03
 -.805000E+00 -.772624E-03
 -.795000E+00 -.763079E-03
 -.785000E+00 -.753533E-03
 -.775000E+00 -.743984E-03
 -.765000E+00 -.734433E-03
 -.755000E+00 -.724881E-03
 -.745000E+00 -.715326E-03
 -.735000E+00 -.705770E-03
 -.725000E+00 -.696212E-03
 -.715000E+00 -.686652E-03
 -.705000E+00 -.677090E-03
 -.695000E+00 -.667526E-03
 -.685000E+00 -.657961E-03
 -.675000E+00 -.648394E-03
 -.665000E+00 -.638825E-03
 -.655000E+00 -.629255E-03
 -.645000E+00 -.619683E-03
 -.635000E+00 -.610110E-03
 -.625000E+00 -.600534E-03
 -.615000E+00 -.590958E-03
 -.605000E+00 -.581379E-03
 -.595000E+00 -.571800E-03
 -.585000E+00 -.562218E-03
 -.575000E+00 -.552636E-03
 -.565000E+00 -.543051E-03
 -.555000E+00 -.533466E-03
 -.545000E+00 -.523879E-03
 -.535000E+00 -.514290E-03
 -.525000E+00 -.504701E-03
 -.515000E+00 -.495110E-03
 -.505000E+00 -.485517E-03
 -.495000E+00 -.475924E-03
 -.485000E+00 -.466329E-03
 -.475000E+00 -.456733E-03
 -.465000E+00 -.447136E-03
 -.455000E+00 -.437538E-03
 -.445000E+00 -.427938E-03
 -.435000E+00 -.418337E-03
 -.425000E+00 -.408736E-03
 -.415000E+00 -.399133E-03
 -.405000E+00 -.389529E-03
 -.395000E+00 -.379924E-03
 -.385000E+00 -.370319E-03
 -.375000E+00 -.360712E-03
 -.365000E+00 -.351104E-03
 -.355000E+00 -.341495E-03
 -.345000E+00 -.331886E-03
 -.335000E+00 -.322276E-03
 -.325000E+00 -.312664E-03
 -.315000E+00 -.303052E-03
 -.305000E+00 -.293440E-03
 -.295000E+00 -.283826E-03
 -.285000E+00 -.274212E-03
 -.275000E+00 -.264597E-03
 -.265000E+00 -.254981E-03
 -.255000E+00 -.245364E-03
 -.245000E+00 -.235747E-03
 -.235000E+00 -.226130E-03
 -.225000E+00 -.216512E-03
 -.215000E+00 -.206893E-03
 -.205000E+00 -.197273E-03
 -.195000E+00 -.187654E-03
 -.185000E+00 -.178033E-03
 -.175000E+00 -.168413E-03
 -.165000E+00 -.158791E-03
 -.155000E+00 -.149170E-03
 -.145000E+00 -.139548E-03
 -.135000E+00 -.129925E-03
 -.125000E+00 -.120302E-03
 -.115000E+00 -.110679E-03
 -.105000E+00 -.101056E-03
 -.950000E-01 -.914325E-04
 -.850000E-01 -.818087E-04
 -.750000E-01 -.721846E-04
 -.650000E-01 -.625604E-04
 -.550000E-01 -.529360E-04
 -.450000E-01 -.433115E-04
 -.350000E-01 -.336868E-04
 -.250000E-01 -.240621E-04
 -.150000E-01 -.144373E-04
 -.500000E-02 -.481243E-05
 0.500000E-02 0.481243E-05
 0.150000E-01 0.144373E-04
 0.250000E-01 0.240621E-04
 0.350000E-01 0.336868E-04
 0.450000E-01 0.433115E-04
 0.550000E-01 0.529360E-04
 0.650000E-01 0.625604E-04
 0.750000E-01 0.721846E-04
 0.850000E-01 0.818087E-04
 0.950000E-01 0.914325E-04
 0.105000E+00 0.101056E-03
 0.115000E+00 0.110679E-03
 0.125000E+00 0.120302E-03
 0.135000E+00 0.129925E-03
 0.145000E+00 0.139548E-03
 0.155000E+00 0.149170E-03
 0.165000E+00 0.158791E-03
 0.175000E+00 0.168413E-03
 0.185000E+00 0.178033E-03
 0.195000E+00 0.187654E-03
 0.205000E+00 0.197273E-03
 0.215000E+00 0.206893E-03
 0.225000E+00 0.216512E-03
 0.235000E+00 0.226130E-03
 0.245000E+00 0.235747E-03
 0.255000E+00 0.245364E-03
 0.265000E+00 0.254981E-03
 0.275000E+00 0.264597E-03
 0.285000E+00 0.274212E-03
 0.295000E+00 0.283826E-03
 0.305000E+00 0.293440E-03
 0.315000E+00 0.303052E-03
 0.325000E+00 0.312664E-03
 0.335000E+00 0.322276E-03
 0.345000E+00 0.331886E-03
 0.355000E+00 0.341495E-03
 0.365000E+00 0.351104E-03
 0.375000E+00 0.360712E-03
 0.385000E+00 0.370319E-03
 0.395000E+00 0.379924E-03
 0.405000E+00 0.389529E-03
 0.415000E+00 0.399133E-03
 0.425000E+00 0.408736E-03
 0.435000E+00 0.418337E-03
 0.445000E+00 0.427938E-03
 0.455000E+00 0.437538E-03
 0.465000E+00 0.447136E-03
 0.475000E+00 0.456733E-03
 0.485000E+00 0.466329E-03
 0.495000E+00 0.475924E-03
 0.505000E+00 0.485517E-03
 0.515000E+00 0.495110E-03
 0.525000E+00 0.504701E-03
 0.535000E+00 0.514290E-03
 0.545000E+00 0.523879E-03
 0.555000E+00 0.533466E-03
 0.565000E+00 0.543051E-03
 0.575000E+00 0.552636E-03
 0.585000E+00 0.562218E-03
 0.595000E+00 0.571800E-03
 0.605000E+00 0.581379E-03
 0.615000E+00 0.590958E-03
 0.625000E+00 0.600534E-03
 0.635000E+00 0.610110E-03
 0.645000E+00 0.619683E-03
 0.655000E+00 0.629255E-03
 0.665000E+00 0.638825E-03
 0.675000E+00 0.648394E-03
 0.685000E+00 0.657961E-03
 0.695000E+00 0.667526E-03
 0.705000E+00 0.677090E-03
 0.715000E+00 0.686652E-03
 0.725000E+00 0.696212E-03
 0.735000E+00 0.705770E-03
 0.745000E+00 0.715326E-03
 0.755000E+00 0.724881E-03
 0.765000E+00 0.734433E-03
 0.775000E+00 0.743984E-03
 0.785000E+00 0.753533E-03
 0.795000E+00 0.763079E-03
 0.805000E+00 0.772624E-03
 0.815000E+00 0.782167E-03
 0.825000E+00 0.791708E-03
 0.835000E+00 0.801246E-03
 0.845000E+00 0.810783E-03
 0.855000E+00 0.820317E-03
 0.865000E+00 0.829850E-03
 0.875000E+00 0.839380E-03
 0.885000E+00 0.848908E-03
 0.895000E+00 0.858434E-03
 0.905000E+00 0.281668E+00
 0.915000E+00 0.281677E+00
 0.925000E+00 0.281687E+00
 0.935000E+00 0.281696E+00
 0.945000E+00 0.281706E+00
 0.955000E+00 0.281715E+00
 0.965000E+00 0.281724E+00
 0.975000E+00 0.281733E+00
 0.985000E+00 0.281743E+00
 0.995000E+00 0.281752E+00








































































































































































































 -.995000E+00 -.281767E+00
 -.985000E+00 -.281758E+00
 -.975000E+00 -.281749E+00
 -.965000E+00 -.281740E+00
 -.955000E+00 -.281731E+00
 -.945000E+00 -.281722E+00
 -.935000E+00 -.281713E+00
 -.925000E+00 -.281703E+00
 -.915000E+00 -.281694E+00
 -.905000E+00 -.281684E+00
 -.895000E+00 -.874151E-03
 -.885000E+00 -.864388E-03
 -.875000E+00 -.854625E-03
 -.865000E+00 -.844861E-03
 -.855000E+00 -.835098E-03
 -.845000E+00 -.825334E-03
 -.835000E+00 -.815570E-03
 -.825000E+00 -.805806E-03
 -.815000E+00 -.796042E-03
 -.805000E+00 -.786278E-03
 -.795000E+00 -.776514E-03
 -.785000E+00 -.766749E-03
 -.775000E+00 -.756985E-03
 -.765000E+00 -.747220E-03
 -.755000E+00 -.737455E-03
 -.745000E+00 -.727690E-03
 -.735000E+00 -.717925E-03
 -.725000E+00 -.708160E-03
 -.715000E+00 -.698395E-03
 -.705000E+00 -.688630E-03
 -.695000E+00 -.678864E-03
 -.685000E+00 -.669099E-03
 -.675000E+00 -.659333E-03
 -.665000E+00 -.649567E-03
 -.655000E+00 -.639802E-03
 -.645000E+00 -.630036E-03
 -.635000E+00 -.620270E-03
 -.625000E+00 -.610504E-03
 -.615000E+00 -.600737E-03
 -.605000E+00 -.590971E-03
 -.595000E+00 -.581205E-03
 -.585000E+00 -.571438E-03
 -.575000E+00 -.561672E-03
 -.565000E+00 -.551905E-03
 -.555000E+00 -.542138E-03
 -.545000E+00 -.532372E-03
 -.535000E+00 -.522605E-03
 -.525000E+00 -.512838E-03
 -.515000E+00 -.503071E-03
 -.505000E+00 -.493304E-03
 -.495000E+00 -.483536E-03
 -.485000E+00 -.473769E-03
 -.475000E+00 -.464002E-03
 -.465000E+00 -.454234E-03
 -.455000E+00 -.444467E-03
 -.445000E+00 -.434699E-03
 -.435000E+00 -.424932E-03
 -.425000E+00 -.415164E-03
 -.415000E+00 -.405397E-03
 -.405000E+00 -.395629E-03
 -.395000E+00 -.385861E-03
 -.385000E+00 -.376093E-03
 -.375000E+00 -.366325E-03
 -.365000E+00 -.356557E-03
 -.355000E+00 -.346789E-03
 -.345000E+00 -.337021E-03
 -.335000E+00 -.327253E-03
 -.325000E+00 -.317484E-03
 -.315000E+00 -.307716E-03
 -.305000E+00 -.297948E-03
 -.295000E+00 -.288180E-03
 -.285000E+00 -.278411E-03
 -.275000E+00 -.268643E-03
 -.265000E+00 -.258874E-03
 -.255000E+00 -.249106E-03
 -.245000E+00 -.239337E-03
 -.235000E+00 -.229569E-03
 -.225000E+00 -.219800E-03
 -.215000E+00 -.210031E-03
 -.205000E+00 -.200263E-03
 -.195000E+00 -.190494E-03
 -.185000E+00 -.180725E-03
 -.175000E+00 -.170956E-03
 -.165000E+00 -.161188E-03
 -.155000E+00 -.151419E-03
 -.145000E+00 -.141650E-03
 -.135000E+00 -.131881E-03
 -.125000E+00 -.122112E-03
 -.115000E+00 -.112343E-03
 -.105000E+00 -.102574E-03
 -.950000E-01 -.928054E-04
 -.850000E-01 -.830364E-04
 -.750000E-01 -.732675E-04
 -.650000E-01 -.634985E-04
 -.550000E-01 -.537295E-04
 -.450000E-01 -.439605E-04
 -.350000E-01 -.341915E-04
 -.250000E-01 -.244225E-04
 -.150000E-01 -.146535E-04
 -.500000E-02 -.488451E-05
 0.500000E-02 0.488451E-05
 0.150000E-01 0.146535E-04
 0.250000E-01 0.244225E-04
 0.350000E-01 0.341915E-04
 0.450000E-01 0.439605E-04
 0.550000E-01 0.537295E-04
 0.650000E-01 0.634985E-04
 0.750000E-01 0.732675E-04
 0.850000E-01 0.830364E-04
 0.950000E-01 0.928054E-04
 0.105000E+00 0.102574E-03
 0.115000E+00 0.112343E-03
 0.125000E+00 0.122112E-03
 0.135000E+00 0.131881E-03
 0.145000E+00 0.141650E-03
 0.155000E+00 0.151419E-03
 0.165000E+00 0.161188E-03
 0.175000E+00 0.170956E-03
 0.185000E+00 0.180725E-03
 0.195000E+00 0.190494E-03
 0.205000E+00 0.200263E-03
 0.215000E+00 0.210031E-03
 0.225000E+00 0.219800E-03
 0.235000E+00 0.229569E-03
 0.245000E+00 0.239337E-03
 0.255000E+00 0.249106E-03
 0.265000E+00 0.258874E-03
 0.275000E+00 0.268643E-03
 0.285000E+00 0.278411E-03
 0.295000E+00 0.288180E-03
 0.305000E+00 0.297948E-03
 0.315000E+00 0.307716E-03
 0.325000E+00 0.317484E-03
 0.335000E+00 0.327253E-03
 0.345000E+00 0.337021E-03
 0.355000E+00 0.346789E-03
 0.365000E+00 0.356557E-03
 0.375000E+00 0.366325E-03
 0.385000E+00 0.376093E-03
 0.395000E+00 0.385861E-03
 0.405000E+00 0.395629E-03
 0.415000E+00 0.405397E-03
 0.425000E+00 0.415164E-03
 0.435000E+00 0.424932E-03
 0.445000E+00 0.434699E-03
 0.455000E+00 0.444467E-03
 0.465000E+00 0.454234E-03
 0.475000E+00 0.464002E-03
 0.485000E+00 0.473769E-03
 0.495000E+00 0.483536E-03
 0.505000E+00 0.493304E-03
 0.515000E+00 0.503071E-03
 0.525000E+00 0.512838E-03
 0.535000E+00 0.522605E-03
 0.545000E+00 0.532372E-03
 0.555000E+00 0.542138E-03
 0.565000E+00 0.551905E-03
 0.575000E+00 0.561672E-03
 0.585000E+00 0.571438E-03
 0.595000E+00 0.581205E-03
 0.605000E+00 0.590971E-03
 0.615000E+00 0.600737E-03
 0.625000E+00 0.610504E-03
 0.635000E+00 0.620270E-03
 0.645000E+00 0.630036E-03
 0.655000E+00 0.639802E-03
 0.665000E+00 0.649567E-03
 0.675000E+00 0.659333E-03
 0.685000E+00 0.669099E-03
 0.695000E+00 0.678864E-03
 0.705000E+00 0.688630E-03
 0.715000E+00 0.698395E-03
 0.725000E+00 0.708160E-03
 0.735000E+00 0.717925E-03
 0.745000E+00 0.727690E-03
 0.755000E+00 0.737455E-03
 0.765000E+00 0.747220E-03
 0.775000E+00 0.756985E-03
 0.785000E+00 0.766749E-03
 0.795000E+00 0.776514E-03
 0.805000E+00 0.786278E-03
 0.815000E+00 0.796042E-03
 0.825000E+00 0.805806E-03
 0.835000E+00 0.815570E-03
 0.845000E+00 0.825334E-03
 0.855000E+00 0.835098E-03
 0.865000E+00 0.844861E-03
 0.875000E+00 0.854625E-03
 0.885000E+00 0.864388E-03
 0.895000E+00 0.874151E-03
 0.905000E+00 0.281684E+00
 0.915000E+00 0.281694E+00
 0.925000E+00 0.281703E+00
 0.935000E+00 0.281713E+00
 0.945000E+00 0.281722E+00
 0.955000E+00 0.281731E+00
 0.965000E+00 0.281740E+00
 0.975000E+00 0.281749E+00
 0.985000E+00 0.281758E+00
 0.995000E+00 0.281767E+00








































































































































































































 -.995000E+00 -.281752E+00
 -.985000E+00 -.281743E+00
 -.975000E+00 -.281733E+00
 -.965000E+00 -.281724E+00
 -.955000E+00 -.281715E+00
 -.945000E+00 -.281706E+00
 -.935000E+00 -.281696E+00
 -.925000E+00 -.281687E+00
 -.915000E+00 -.281677E+00
 -.905000E+00 -.281668E+00
 -.895000E+00 -.858434E-03
 -.885000E+00 -.848908E-03
 -.875000E+00 -.839380E-03
 -.865000E+00 -.829850E-03
 -.855000E+00 -.820317E-03
 -.845000E+00 -.810783E-03
 -.835000E+00 -.801246E-03
 -.825000E+00 -.791708E-03
 -.815000E+00 -.782167E-03
 -.805000E+00 -.772624E-03
 -.795000E+00 -.763079E-03
 -.785000E+00 -.753533E-03
 -.775000E+00 -.743984E-03
 -.765000E+00 -.734433E-03
 -.755000E+00 -.724881E-03
 -.745000E+00 -.715326E-03
 -.735000E+00 -.705770E-03
 -.725000E+00 -.696212E-03
 -.715000E+00 -.686652E-03
 -.705000E+00 -.677090E-03
 -.695000E+00 -.667526E-03
 -.685000E+00 -.657961E-03
 -.675000E+00 -.648394E-03
 -.665000E+00 -.638825E-03
 -.655000E+00 -.629255E-03
 -.645000E+00 -.619683E-03
 -.635000E+00 -.610110E-03
 -.625000E+00 -.600534E-03
 -.615000E+00 -.590958E-03
 -.605000E+00 -.581379E-03
 -.595000E+00 -.571800E-03
 -.585000E+00 -.562218E-03
 -.575000E+00 -.552636E-03
 -.565000E+00 -.543051E-03
 -.555000E+00 -.533466E-03
 -.545000E+00 -.523879E-03
 -.535000E+00 -.514290E-03
 -.525000E+00 -.504701E-03
 -.515000E+00 -.495110E-03
 -.505000E+00 -.485517E-03
 -.495000E+00 -.475924E-03
 -.485000E+00 -.466329E-03
 -.475000E+00 -.456733E-03
 -.465000E+00 -.447136E-03
 -.455000E+00 -.437538E-03
 -.445000E+00 -.427938E-03
 -.435000E+00 -.418337E-03
 -.425000E+00 -.408736E-03
 -.415000E+00 -.399133E-03
 -.405000E+00 -.389529E-03
 -.395000E+00 -.379924E-03
 -.385000E+00 -.370319E-03
 -.375000E+00 -.360712E-03
 -.365000E+00 -.351104E-03
 -.355000E+00 -.341495E-03
 -.345000E+00 -.331886E-03
 -.335000E+00 -.322276E-03
 -.325000E+00 -.312664E-03
 -.315000E+00 -.303052E-03
 -.305000E+00 -.293440E-03
 -.295000E+00 -.283826E-03
 -.285000E+00 -.274212E-03
 -.275000E+00 -.264597E-03
 -.265000E+00 -.254981E-03
 -.255000E+00 -.245364E-03
 -.245000E+00 -.235747E-03
 -.235000E+00 -.226130E-03
 -.225000E+00 -.216512E-03
 -.215000E+00 -.206893E-03
 -.205000E+00 -.197273E-03
 -.195000E+00 -.187654E-03
 -.185000E+00 -.178033E-03
 -.175000E+00 -.168413E-03
 -.165000E+00 -.158791E-03
 -.155000E+00 -.149170E-03
 -.145000E+00 -.139548E-03
 -.135000E+00 -.129925E-03
 -.125000E+00 -.120302E-03
 -.115000E+00 -.110679E-03
 -.105000E+00 -.101056E-03
 -.950000E-01 -.914325E-04
 -.850000E-01 -.818087E-04
 -.750000E-01 -.721846E-04
 -.650000E-01 -.625604E-04
 -.550000E-01 -.529360E-04
 -.450000E-01 -.433115E-04
 -.350000E-01 -.336868E-04
 -.250000E-01 -.240621E-04
 -.150000E-01 -.144373E-04
 -.500000E-02 -.481243E-05
 0.500000E-02 0.481243E-05
 0.150000E-01 0.144373E-04
 0.250000E-01 0.240621E-04
 0.350000E-01 0.336868E-04
 0.450000E-01 0.433115E-04
 0.550000E-01 0.529360E-04
 0.650000E-01 0.625604E-04
 0.750000E-01 0.721846E-04
 0.850000E-01 0.818087E-04
 0.950000E-01 0.914325E-04
 0.105000E+00 0.101056E-03
 0.115000E+00 0.110679E-03
 0.125000E+00 0.120302E-03
 0.135000E+00 0.129925E-03
 0.145000E+00 0.139548E-03
 0.155000E+00 0.149170E-03
 0.165000E+00 0.158791E-03
 0.175000E+00 0.168413E-03
 0.185000E+00 0.178033E-03
 0.195000E+00 0.187654E-03
 0.205000E+00 0.197273E-03
 0.215000E+00 0.206893E-03
 0.225000E+00 0.216512E-03
 0.235000E+00 0.226130E-03
 0.245000E+00 0.235747E-03
 0.255000E+00 0.245364E-03
 0.265000E+00 0.254981E-03
 0.275000E+00 0.264597E-03
 0.285000E+00 0.274212E-03
 0.295000E+00 0.283826E-03
 0.305000E+00 0.293440E-03
 0.315000E+00 0.303052E-03
 0.325000E+00 0.312664E-03
 0.335000E+00 0.322276E-03
 0.345000E+00 0.331886E-03
 0.355000E+00 0.341495E-03
 0.365000E+00 0.351104E-03
 0.375000E+00 0.360712E-03
 0.385000E+00 0.370319E-03
 0.395000E+00 0.379924E-03
 0.405000E+00 0.389529E-03
 0.415000E+00 0.399133E-03
 0.425000E+00 0.408736E-03
 0.435000E+00 0.418337E-03
 0.445000E+00 0.427938E-03
 0.455000E+00 0.437538E-03
 0.465000E+00 0.447136E-03
 0.475000E+00 0.456733E-03
 0.485000E+00 0.466329E-03
 0.495000E+00 0.475924E-03
 0.505000E+00 0.485517E-03
 0.515000E+00 0.495110E-03
 0.525000E+00 0.504701E-03
 0.535000E+00 0.514290E-03
 0.545000E+00 0.523879E-03
 0.555000E+00 0.533466E-03
 0.565000E+00 0.543051E-03
 0.575000E+00 0.552636E-03
 0.585000E+00 0.562218E-03
 0.595000E+00 0.571800E-03
 0.605000E+00 0.581379E-03
 0.615000E+00 0.590958E-03
 0.625000E+00 0.600534E-03
 0.635000E+00 0.610110E-03
 0.645000E+00 0.619683E-03
 0.655000E+00 0.629255E-03
 0.665000E+00 0.638825E-03
 0.675000E+00 0.648394E-03
 0.685000E+00 0.657961E-03
 0.695000E+00 0.667526E-03
 0.705000E+00 0.677090E-03
 0.715000E+00 0.686652E-03
 0.725000E+00 0.696212E-03
 0.735000E+00 0.705770E-03
 0.745000E+00 0.715326E-03
 0.755000E+00 0.724881E-03
 0.765000E+00 0.734433E-03
 0.775000E+00 0.743984E-03
 0.785000E+00 0.753533E-03
 0.795000E+00 0.763079E-03
 0.805000E+00 0.772624E-03
 0.815000E+00 0.782167E-03
 0.825000E+00 0.791708E-03
 0.835000E+00 0.801246E-03
 0.845000E+00 0.810783E-03
 0.855000E+00 0.820317E-03
 0.865000E+00 0.829850E-03
 0.875000E+00 0.839380E-03
 0.885000E+00 0.848908E-03
 0.895000E+00 0.858434E-03
 0.905000E+00 0.281668E+00
 0.915000E+00 0.281677E+00
 0.925000E+00 0.281687E+00
 0.935000E+00 0.281696E+00
 0.945000E+00 0.281706E+00
 0.955000E+00 0.281715E+00
 0.965000E+00 0.281724E+00
 0.975000E+00 0.281733E+00
 0.985000E+00 0.281743E+00
 0.995000E+00 0.281752E+00








































































































































































































 -.995000E+00 -.281852E+00
 -.985000E+00 -.281842E+00
 -.975000E+00 -.281832E+00
 -.965000E+00 -.281823E+00
 -.955000E+00 -.281813E+00
 -.945000E+00 -.281803E+00
 -.935000E+00 -.281793E+00
 -.925000E+00 -.281782E+00
 -.915000E+00 -.281772E+00
 -.905000E+00 -.281762E+00
 -.895000E+00 -.951874E-03
 -.885000E+00 -.941639E-03
 -.875000E+00 -.931391E-03
 -.865000E+00 -.921130E-03
 -.855000E+00 -.910855E-03
 -.845000E+00 -.900568E-03
 -.835000E+00 -.890268E-03
 -.825000E+00 -.879955E-03
 -.815000E+00 -.869630E-03
 -.805000E+00 -.859292E-03
 -.795000E+00 -.848942E-03
 -.785000E+00 -.838580E-03
 -.775000E+00 -.828205E-03
 -.765000E+00 -.817820E-03
 -.755000E+00 -.807422E-03
 -.745000E+00 -.797013E-03
 -.735000E+00 -.786593E-03
 -.725000E+00 -.776161E-03
 -.715000E+00 -.765718E-03
 -.705000E+00 -.755265E-03
 -.695000E+00 -.744800E-03
 -.685000E+00 -.734326E-03
 -.675000E+00 -.723840E-03
 -.665000E+00 -.713344E-03
 -.655000E+00 -.702839E-03
 -.645000E+00 -.692323E-03
 -.635000E+00 -.681797E-03
 -.625000E+00 -.671262E-03
 -.615000E+00 -.660717E-03
 -.605000E+00 -.650162E-03
 -.595000E+00 -.639598E-03
 -.585000E+00 -.629026E-03
 -.575000E+00 -.618444E-03
 -.565000E+00 -.607853E-03
 -.555000E+00 -.597254E-03
 -.545000E+00 -.586646E-03
 -.535000E+00 -.576030E-03
 -.525000E+00 -.565406E-03
 -.515000E+00 -.554774E-03
 -.505000E+00 -.544134E-03
 -.495000E+00 -.533486E-03
 -.485000E+00 -.522830E-03
 -.475000E+00 -.512167E-03
 -.465000E+00 -.501497E-03
 -.455000E+00 -.490819E-03
 -.445000E+00 -.480135E-03
 -.435000E+00 -.469443E-03
 -.425000E+00 -.458745E-03
 -.415000E+00 -.448041E-03
 -.405000E+00 -.437330E-03
 -.395000E+00 -.426613E-03
 -.385000E+00 -.415890E-03
 -.375000E+00 -.405160E-03
 -.365000E+00 -.394426E-03
 -.355000E+00 -.383685E-03
 -.345000E+00 -.372939E-03
 -.335000E+00 -.362188E-03
 -.325000E+00 -.351431E-03
 -.315000E+00 -.340670E-03
 -.305000E+00 -.329903E-03
 -.295000E+00 -.319132E-03
 -.285000E+00 -.308357E-03
 -.275000E+00 -.297577E-03
 -.265000E+00 -.286793E-03
 -.255000E+00 -.276004E-03
 -.245000E+00 -.265212E-03
 -.235000E+00 -.254416E-03
 -.225000E+00 -.243617E-03
 -.215000E+00 -.232814E-03
 -.205000E+00 -.222007E-03
 -.195000E+00 -.211198E-03
 -.185000E+00 -.200385E-03
 -.175000E+00 -.189570E-03
 -.165000E+00 -.178752E-03
 -.155000E+00 -.167931E-03
 -.145000E+00 -.157108E-03
 -.135000E+00 -.146283E-03
 -.125000E+00 -.135455E-03
 -.115000E+00 -.124626E-03
 -.105000E+00 -.113795E-03
 -.950000E-01 -.102962E-03
 -.850000E-01 -.921279E-04
 -.750000E-01 -.812924E-04
 -.650000E-01 -.704557E-04
 -.550000E-01 -.596181E-04
 -.450000E-01 -.487796E-04
 -.350000E-01 -.379404E-04
 -.250000E-01 -.271007E-04
 -.150000E-01 -.162606E-04
 -.500000E-02 -.542021E-05
 0.500000E-02 0.542021E-05
 0.150000E-01 0.162606E-04
 0.250000E-01 0.271007E-04
 0.350000E-01 0.379404E-04
 0.450000E-01 0.487796E-04
 0.550000E-01 0.596181E-04
 0.650000E-01 0.704557E-04
 0.750000E-01 0.812924E-04
 0.850000E-01 0.921279E-04
 0.950000E-01 0.102962E-03
 0.105000E+00 0.113795E-03
 0.115000E+00 0.124626E-03
 0.125000E+00 0.135455E-03
 0.135000E+00 0.146283E-03
 0.145000E+00 0.157108E-03
 0.155000E+00 0.167931E-03
 0.165000E+00 0.178752E-03
 0.175000E+00 0.189570E-03
 0.185000E+00 0.200385E-03
 0.195000E+00 0.211198E-03
 0.205000E+00 0.222007E-03
 0.215000E+00 0.232814E-03
 0.225000E+00 0.243617E-03
 0.235000E+00 0.254416E-03
 0.245000E+00 0.265212E-03
 0.255000E+00 0.276004E-03
 0.265000E+00 0.286793E-03
 0.275000E+00 0.297577E-03
 0.285000E+00 0.308357E-03
 0.295000E+00 0.319132E-03
 0.305000E+00 0.329903E-03
 0.315000E+00 0.340670E-03
 0.325000E+00 0.351431E-03
 0.335000E+00 0.362188E-03
 0.345000E+00 0.372939E-03
 0.355000E+00 0.383685E-03
 0.365000E+00 0.394426E-03
 0.375000E+00 0.405160E-03
 0.385000E+00 0.415890E-03
 0.395000E+00 0.426613E-03
 0.405000E+00 0.437330E-03
 0.415000E+00 0.448041E-03
 0.425000E+00 0.458745E-03
 0.435000E+00 0.469443E-03
 0.445000E+00 0.480135E-03
 0.455000E+00 0.490819E-03
 0.465000E+00 0.501497E-03
 0.475000E+00 0.512167E-03
 0.485000E+00 0.522830E-03
 0.495000E+00 0.533486E-03
 0.505000E+00 0.544134E-03
 0.515000E+00 0.554774E-03
 0.525000E+00 0.565406E-03
 0.535000E+00 0.576030E-03
 0.545000E+00 0.586646E-03
 0.555000E+00 0.597254E-03
 0.565000E+00 0.607853E-03
 0.575000E+00 0.618444E-03
 0.585000E+00 0.629026E-03
 0.595000E+00 0.639598E-03
 0.605000E+00 0.650162E-03
 0.615000E+00 0.660717E-03
 0.625000E+00 0.671262E-03
 0.635000E+00 0.681797E-03
 0.645000E+00 0.692323E-03
 0.655000E+00 0.702839E-03
 0.665000E+00 0.713344E-03
 0.675000E+00 0.723840E-03
 0.685000E+00 0.734326E-03
 0.695000E+00 0.744800E-03
 0.705000E+00 0.755265E-03
 0.715000E+00 0.765718E-03
 0.725000E+00 0.776161E-03
 0.735000E+00 0.786593E-03
 0.745000E+00 0.797013E-03
 0.755000E+00 0.807422E-03
 0.765000E+00 0.817820E-03
 0.775000E+00 0.828205E-03
 0.785000E+00 0.838580E-03
 0.795000E+00 0.848942E-03
 0.805000E+00 0.859292E-03
 0.815000E+00 0.869630E-03
 0.825000E+00 0.879955E-03
 0.835000E+00 0.890268E-03
 0.845000E+00 0.900568E-03
 0.855000E+00 0.910855E-03
 0.865000E+00 0.921130E-03
 0.875000E+00 0.931391E-03
 0.885000E+00 0.941639E-03
 0.895000E+00 0.951874E-03
 0.905000E+00 0.281762E+00
 0.915000E+00 0.281772E+00
 0.925000E+00 0.281782E+00
 0.935000E+00 0.281793E+00
 0.945000E+00 0.281803E+00
 0.955000E+00 0.281813E+00
 0.965000E+00 0.281823E+00
 0.975000E+00 0.281832E+00
 0.985000E+00 0.281842E+00
 0.995000E+00 0.281852E+00








































































































































































































 -.995000E+00 -.282133E+00
 -.985000E+00 -.282122E+00
 -.975000E+00 -.282110E+00
 -.965000E+00 -.282099E+00
 -.955000E+00 -.282087E+00
 -.945000E+00 -.282076E+00
 -.935000E+00 -.282064E+00
 -.925000E+00 -.282052E+00
 -.915000E+00 -.282041E+00
 -.905000E+00 -.282029E+00
 -.895000E+00 -.121752E-02
 -.885000E+00 -.120579E-02
 -.875000E+00 -.119400E-02
 -.865000E+00 -.118214E-02
 -.855000E+00 -.117023E-02
 -.845000E+00 -.115826E-02
 -.835000E+00 -.114623E-02
 -.825000E+00 -.113414E-02
 -.815000E+00 -.112199E-02
 -.805000E+00 -.110979E-02
 -.795000E+00 -.109753E-02
 -.785000E+00 -.108521E-02
 -.775000E+00 -.107284E-02
 -.765000E+00 -.106041E-02
 -.755000E+00 -.104793E-02
 -.745000E+00 -.103540E-02
 -.735000E+00 -.102281E-02
 -.725000E+00 -.101017E-02
 -.715000E+00 -.997481E-03
 -.705000E+00 -.984740E-03
 -.695000E+00 -.971948E-03
 -.685000E+00 -.959106E-03
 -.675000E+00 -.946215E-03
 -.665000E+00 -.933277E-03
 -.655000E+00 -.920290E-03
 -.645000E+00 -.907257E-03
 -.635000E+00 -.894177E-03
 -.625000E+00 -.881052E-03
 -.615000E+00 -.867882E-03
 -.605000E+00 -.854667E-03
 -.595000E+00 -.841409E-03
 -.585000E+00 -.828108E-03
 -.575000E+00 -.814765E-03
 -.565000E+00 -.801380E-03
 -.555000E+00 -.787955E-03
 -.545000E+00 -.774489E-03
 -.535000E+00 -.760984E-03
 -.525000E+00 -.747439E-03
 -.515000E+00 -.733857E-03
 -.505000E+00 -.720237E-03
 -.495000E+00 -.706581E-03
 -.485000E+00 -.692888E-03
 -.475000E+00 -.679160E-03
 -.465000E+00 -.665398E-03
 -.455000E+00 -.651601E-03
 -.445000E+00 -.637772E-03
 -.435000E+00 -.623909E-03
 -.425000E+00 -.610015E-03
 -.415000E+00 -.596090E-03
 -.405000E+00 -.582135E-03
 -.395000E+00 -.568149E-03
 -.385000E+00 -.554135E-03
 -.375000E+00 -.540093E-03
 -.365000E+00 -.526022E-03
 -.355000E+00 -.511926E-03
 -.345000E+00 -.497803E-03
 -.335000E+00 -.483654E-03
 -.325000E+00 -.469481E-03
 -.315000E+00 -.455284E-03
 -.305000E+00 -.441064E-03
 -.295000E+00 -.426821E-03
 -.285000E+00 -.412556E-03
 -.275000E+00 -.398271E-03
 -.265000E+00 -.383965E-03
 -.255000E+00 -.369639E-03
 -.245000E+00 -.355295E-03
 -.235000E+00 -.340933E-03
 -.225000E+00 -.326553E-03
 -.215000E+00 -.312156E-03
 -.205000E+00 -.297744E-03
 -.195000E+00 -.283316E-03
 -.185000E+00 -.268874E-03
 -.175000E+00 -.254418E-03
 -.165000E+00 -.239950E-03
 -.155000E+00 -.225469E-03
 -.145000E+00 -.210976E-03
 -.135000E+00 -.196473E-03
 -.125000E+00 -.181959E-03
 -.115000E+00 -.167437E-03
 -.105000E+00 -.152906E-03
 -.950000E-01 -.138367E-03
 -.850000E-01 -.123821E-03
 -.750000E-01 -.109269E-03
 -.650000E-01 -.947107E-04
 -.550000E-01 -.801480E-04
 -.450000E-01 -.655812E-04
 -.350000E-01 -.510111E-04
 -.250000E-01 -.364383E-04
 -.150000E-01 -.218638E-04
 -.500000E-02 -.728804E-05
 0.500000E-02 0.728804E-05
 0.150000E-01 0.218638E-04
 0.250000E-01 0.364383E-04
 0.350000E-01 0.510111E-04
 0.450000E-01 0.655812E-04
 0.550000E-01 0.801480E-04
 0.650000E-01 0.947107E-04
 0.750000E-01 0.109269E-03
 0.850000E-01 0.123821E-03
 0.950000E-01 0.138367E-03
 0.105000E+00 0.152906E-03
 0.115000E+00 0.167437E-03
 0.125000E+00 0.181959E-03
 0.135000E+00 0.196473E-03
 0.145000E+00 0.210976E-03
 0.155000E+00 0.225469E-03
 0.165000E+00 0.239950E-03
 0.175000E+00 0.254418E-03
 0.185000E+00 0.268874E-03
 0.195000E+00 0.283316E-03
 0.205000E+00 0.297744E-03
 0.215000E+00 0.312156E-03
 0.225000E+00 0.326553E-03
 0.235000E+00 0.340933E-03
 0.245000E+00 0.355295E-03
 0.255000E+00 0.369639E-03
 0.265000E+00 0.383965E-03
 0.275000E+00 0.398271E-03
 0.285000E+00 0.412556E-03
 0.295000E+00 0.426821E-03
 0.305000E+00 0.441064E-03
 0.315000E+00 0.455284E-03
 0.325000E+00 0.469481E-03
 0.335000E+00 0.483654E-03
 0.345000E+00 0.497803E-03
 0.355000E+00 0.511926E-03
 0.365000E+00 0.526022E-03
 0.375000E+00 0.540093E-03
 0.385000E+00 0.554135E-03
 0.395000E+00 0.568149E-03
 0.405000E+00 0.582135E-03
 0.415000E+00 0.596090E-03
 0.425000E+00 0.610015E-03
 0.435000E+00 0.623909E-03
 0.445000E+00 0.637772E-03
 0.455000E+00 0.651601E-03
 0.465000E+00 0.665398E-03
 0.475000E+00 0.679160E-03
 0.485000E+00 0.692888E-03
 0.495000E+00 0.706581E-03
 0.505000E+00 0.720237E-03
 0.515000E+00 0.733857E-03
 0.525000E+00 0.747439E-03
 0.535000E+00 0.760984E-03
 0.545000E+00 0.774489E-03
 0.555000E+00 0.787955E-03
 0.565000E+00 0.801380E-03
 0.575000E+00 0.814765E-03
 0.585000E+00 0.828108E-03
 0.595000E+00 0.841409E-03
 0.605000E+00 0.854667E-03
 0.615000E+00 0.867882E-03
 0.625000E+00 0.881052E-03
 0.635000E+00 0.894177E-03
 0.645000E+00 0.907257E-03
 0.655000E+00 0.920290E-03
 0.665000E+00 0.933277E-03
 0.675000E+00 0.946215E-03
 0.685000E+00 0.959106E-03
 0.695000E+00 0.971948E-03
 0.705000E+00 0.984740E-03
 0.715000E+00 0.997481E-03
 0.725000E+00 0.101017E-02
 0.735000E+00 0.102281E-02
 0.745000E+00 0.103540E-02
 0.755000E+00 0.104793E-02
 0.765000E+00 0.106041E-02
 0.775000E+00 0.107284E-02
 0.785000E+00 0.108521E-02
 0.795000E+00 0.109753E-02
 0.805000E+00 0.110979E-02
 0.815000E+00 0.112199E-02
 0.825000E+00 0.113414E-02
 0.835000E+00 0.114623E-02
 0.845000E+00 0.115826E-02
 0.855000E+00 0.117023E-02
 0.865000E+00 0.118214E-02
 0.875000E+00 0.119400E-02
 0.885000E+00 0.120579E-02
 0.895000E+00 0.121752E-02
 0.905000E+00 0.282029E+00
 0.915000E+00 0.282041E+00
 0.925000E+00 0.282052E+00
 0.935000E+00 0.282064E+00
 0.945000E+00 0.282076E+00
 0.955000E+00 0.282087E+00
 0.965000E+00 0.282099E+00
 0.975000E+00 0.282110E+00
 0.985000E+00 0.282122E+00
 0.995000E+00 0.282133E+00








































































































































































































 -.995000E+00 -.280971E+00
 -.985000E+00 -.280971E+00
 -.975000E+00 -.280971E+00
 -.965000E+00 -.280971E+00
 -.955000E+00 -.280970E+00
 -.945000E+00 -.280970E+00
 -.935000E+00 -.280970E+00
 -.925000E+00 -.280969E+00
 -.915000E+00 -.280969E+00
 -.905000E+00 -.280969E+00
 -.895000E+00 -.168005E-03
 -.885000E+00 -.167480E-03
 -.875000E+00 -.166916E-03
 -.865000E+00 -.166311E-03
 -.855000E+00 -.165668E-03
 -.845000E+00 -.164985E-03
 -.835000E+00 -.164263E-03
 -.825000E+00 -.163502E-03
 -.815000E+00 -.162703E-03
 -.805000E+00 -.161865E-03
 -.795000E+00 -.160988E-03
 -.785000E+00 -.160073E-03
 -.775000E+00 -.159121E-03
 -.765000E+00 -.158130E-03
 -.755000E+00 -.157102E-03
 -.745000E+00 -.156037E-03
 -.735000E+00 -.154935E-03
 -.725000E+00 -.153796E-03
 -.715000E+00 -.152621E-03
 -.705000E+00 -.151409E-03
 -.695000E+00 -.150162E-03
 -.685000E+00 -.148879E-03
 -.675000E+00 -.147560E-03
 -.665000E+00 -.146207E-03
 -.655000E+00 -.144819E-03
 -.645000E+00 -.143397E-03
 -.635000E+00 -.141941E-03
 -.625000E+00 -.140451E-03
 -.615000E+00 -.138928E-03
 -.605000E+00 -.137371E-03
 -.595000E+00 -.135783E-03
 -.585000E+00 -.134162E-03
 -.575000E+00 -.132509E-03
 -.565000E+00 -.130825E-03
 -.555000E+00 -.129110E-03
 -.545000E+00 -.127364E-03
 -.535000E+00 -.125588E-03
 -.525000E+00 -.123783E-03
 -.515000E+00 -.121948E-03
 -.505000E+00 -.120084E-03
 -.495000E+00 -.118191E-03
 -.485000E+00 -.116271E-03
 -.475000E+00 -.114323E-03
 -.465000E+00 -.112348E-03
 -.455000E+00 -.110346E-03
 -.445000E+00 -.108318E-03
 -.435000E+00 -.106265E-03
 -.425000E+00 -.104186E-03
 -.415000E+00 -.102082E-03
 -.405000E+00 -.999548E-04
 -.395000E+00 -.978035E-04
 -.385000E+00 -.956290E-04
 -.375000E+00 -.934319E-04
 -.365000E+00 -.912125E-04
 -.355000E+00 -.889716E-04
 -.345000E+00 -.867096E-04
 -.335000E+00 -.844270E-04
 -.325000E+00 -.821244E-04
 -.315000E+00 -.798024E-04
 -.305000E+00 -.774614E-04
 -.295000E+00 -.751020E-04
 -.285000E+00 -.727249E-04
 -.275000E+00 -.703305E-04
 -.265000E+00 -.679195E-04
 -.255000E+00 -.654924E-04
 -.245000E+00 -.630497E-04
 -.235000E+00 -.605921E-04
 -.225000E+00 -.581201E-04
 -.215000E+00 -.556344E-04
 -.205000E+00 -.531354E-04
 -.195000E+00 -.506239E-04
 -.185000E+00 -.481004E-04
 -.175000E+00 -.455654E-04
 -.165000E+00 -.430197E-04
 -.155000E+00 -.404638E-04
 -.145000E+00 -.378983E-04
 -.135000E+00 -.353238E-04
 -.125000E+00 -.327409E-04
 -.115000E+00 -.301503E-04
 -.105000E+00 -.275525E-04
 -.950000E-01 -.249482E-04
 -.850000E-01 -.223379E-04
 -.750000E-01 -.197224E-04
 -.650000E-01 -.171022E-04
 -.550000E-01 -.144780E-04
 -.450000E-01 -.118503E-04
 -.350000E-01 -.921982E-05
 -.250000E-01 -.658715E-05
 -.150000E-01 -.395291E-05
 -.500000E-02 -.131774E-05
 0.500000E-02 0.131774E-05
 0.150000E-01 0.395291E-05
 0.250000E-01 0.658715E-05
 0.350000E-01 0.921982E-05
 0.450000E-01 0.118503E-04
 0.550000E-01 0.144780E-04
 0.650000E-01 0.171022E-04
 0.750000E-01 0.197224E-04
 0.850000E-01 0.223379E-04
 0.950000E-01 0.249482E-04
 0.105000E+00 0.275525E-04
 0.115000E+00 0.301503E-04
 0.125000E+00 0.327409E-04
 0.135000E+00 0.353238E-04
 0.145000E+00 0.378983E-04
 0.155000E+00 0.404638E-04
 0.165000E+00 0.430197E-04
 0.175000E+00 0.455654E-04
 0.185000E+00 0.481004E-04
 0.195000E+00 0.506239E-04
 0.205000E+00 0.531354E-04
 0.215000E+00 0.556344E-04
 0.225000E+00 0.581201E-04
 0.235000E+00 0.605921E-04
 0.245000E+00 0.630497E-04
 0.255000E+00 0.654924E-04
 0.265000E+00 0.679195E-04
 0.275000E+00 0.703305E-04
 0.285000E+00 0.727249E-04
 0.295000E+00 0.751020E-04
 0.305000E+00 0.774614E-04
 0.315000E+00 0.798024E-04
 0.325000E+00 0.821244E-04
 0.335000E+00 0.844270E-04
 0.345000E+00 0.867096E-04
 0.355000E+00 0.889716E-04
 0.365000E+00 0.912125E-04
 0.375000E+00 0.934319E-04
 0.385000E+00 0.956290E-04
 0.395000E+00 0.978035E-04
 0.405000E+00 0.999548E-04
 0.415000E+00 0.102082E-03
 0.425000E+00 0.104186E-03
 0.435000E+00 0.106265E-03
 0.445000E+00 0.108318E-03
 0.455000E+00 0.110346E-03
 0.465000E+00 0.112348E-03
 0.475000E+00 0.114323E-03
 0.485000E+00 0.116271E-03
 0.495000E+00 0.118191E-03
 0.505000E+00 0.120084E-03
 0.515000E+00 0.121948E-03
 0.525000E+00 0.123783E-03
 0.535000E+00 0.125588E-03
 0.545000E+00 0.127364E-03
 0.555000E+00 0.129110E-03
 0.565000E+00 0.130825E-03
 0.575000E+00 0.132509E-03
 0.585000E+00 0.134162E-03
 0.595000E+00 0.135783E-03
 0.605000E+00 0.137371E-03
 0.615000E+00 0.138928E-03
 0.625000E+00 0.140451E-03
 0.635000E+00 0.141941E-03
 0.645000E+00 0.143397E-03
 0.655000E+00 0.144819E-03
 0.665000E+00 0.146207E-03
 0.675000E+00 0.147560E-03
 0.685000E+00 0.148879E-03
 0.695000E+00 0.150162E-03
 0.705000E+00 0.151409E-03
 0.715000E+00 0.152621E-03
 0.725000E+00 0.153796E-03
 0.735000E+00 0.154935E-03
 0.745000E+00 0.156037E-03
 0.755000E+00 0.157102E-03
 0.765000E+00 0.158130E-03
 0.775000E+00 0.159121E-03
 0.785000E+00 0.160073E-03
 0.795000E+00 0.160988E-03
 0.805000E+00 0.161865E-03
 0.815000E+00 0.162703E-03
 0.825000E+00 0.163502E-03
 0.835000E+00 0.164263E-03
 0.845000E+00 0.164985E-03
 0.855000E+00 0.165668E-03
 0.865000E+00 0.166311E-03
 0.875000E+00 0.166916E-03
 0.885000E+00 0.167480E-03
 0.895000E+00 0.168005E-03
 0.905000E+00 0.280969E+00
 0.915000E+00 0.280969E+00
 0.925000E+00 0.280969E+00
 0.935000E+00 0.280970E+00
 0.945000E+00 0.280970E+00
 0.955000E+00 0.280970E+00
 0.965000E+00 0.280971E+00
 0.975000E+00 0.280971E+00
 0.985000E+00 0.280971E+00
 0.995000E+00 0.280971E+00








































































































































































































 -.995000E+00 -.280813E+00
 -.985000E+00 -.280814E+00
 -.975000E+00 -.280813E+00
 -.965000E+00 -.280811E+00
 -.955000E+00 -.280808E+00
 -.945000E+00 -.280804E+00
 -.935000E+00 -.280799E+00
 -.925000E+00 -.280795E+00
 -.915000E+00 -.280791E+00
 -.905000E+00 -.280788E+00
 -.895000E+00 0.135676E-04
 -.885000E+00 0.135985E-04
 -.875000E+00 0.121139E-04
 -.865000E+00 0.927920E-05
 -.855000E+00 0.541030E-05
 -.845000E+00 0.938420E-06
 -.835000E+00 -.363804E-05
 -.825000E+00 -.780902E-05
 -.815000E+00 -.111097E-04
 -.805000E+00 -.131721E-04
 -.795000E+00 -.137665E-04
 -.785000E+00 -.128266E-04
 -.775000E+00 -.104571E-04
 -.765000E+00 -.692220E-05
 -.755000E+00 -.261580E-05
 -.745000E+00 0.198214E-05
 -.735000E+00 0.635915E-05
 -.725000E+00 0.100274E-04
 -.715000E+00 0.125781E-04
 -.705000E+00 0.137269E-04
 -.695000E+00 0.133459E-04
 -.685000E+00 0.114774E-04
 -.675000E+00 0.832972E-05
 -.665000E+00 0.425371E-05
 -.655000E+00 -.296380E-06
 -.645000E+00 -.481343E-05
 -.635000E+00 -.879401E-05
 -.625000E+00 -.117945E-04
 -.615000E+00 -.134804E-04
 -.605000E+00 -.136639E-04
 -.595000E+00 -.123246E-04
 -.585000E+00 -.961165E-05
 -.575000E+00 -.582747E-05
 -.565000E+00 -.139382E-05
 -.555000E+00 0.319517E-05
 -.545000E+00 0.742805E-05
 -.535000E+00 0.108330E-04
 -.525000E+00 0.130307E-04
 -.515000E+00 0.137760E-04
 -.505000E+00 0.129860E-04
 -.495000E+00 0.107486E-04
 -.485000E+00 0.731336E-05
 -.475000E+00 0.306298E-05
 -.465000E+00 -.152876E-05
 -.455000E+00 -.595012E-05
 -.445000E+00 -.970832E-05
 -.435000E+00 -.123845E-04
 -.425000E+00 -.136804E-04
 -.415000E+00 -.134516E-04
 -.405000E+00 -.117236E-04
 -.395000E+00 -.868898E-05
 -.385000E+00 -.468595E-05
 -.375000E+00 -.160676E-06
 -.365000E+00 0.438250E-05
 -.355000E+00 0.843724E-05
 -.345000E+00 0.115516E-04
 -.335000E+00 0.133786E-04
 -.325000E+00 0.137144E-04
 -.315000E+00 0.125218E-04
 -.305000E+00 0.993359E-05
 -.295000E+00 0.623827E-05
 -.285000E+00 0.184768E-05
 -.275000E+00 -.274884E-05
 -.265000E+00 -.703898E-05
 -.255000E+00 -.105446E-04
 -.245000E+00 -.128750E-04
 -.235000E+00 -.137705E-04
 -.225000E+00 -.131312E-04
 -.215000E+00 -.110284E-04
 -.205000E+00 -.769652E-05
 -.195000E+00 -.350681E-05
 -.185000E+00 0.107374E-05
 -.175000E+00 0.553461E-05
 -.165000E+00 0.937864E-05
 -.155000E+00 0.121774E-04
 -.145000E+00 0.136190E-04
 -.135000E+00 0.135427E-04
 -.125000E+00 0.119570E-04
 -.115000E+00 0.903874E-05
 -.105000E+00 0.511307E-05
 -.950000E-01 0.617544E-06
 -.850000E-01 -.394681E-05
 -.750000E-01 -.807128E-05
 -.650000E-01 -.112962E-04
 -.550000E-01 -.132621E-04
 -.450000E-01 -.137500E-04
 -.350000E-01 -.127053E-04
 -.250000E-01 -.102447E-04
 -.150000E-01 -.664225E-05
 -.500000E-02 -.229951E-05
 0.500000E-02 0.229951E-05
 0.150000E-01 0.664225E-05
 0.250000E-01 0.102447E-04
 0.350000E-01 0.127053E-04
 0.450000E-01 0.137500E-04
 0.550000E-01 0.132621E-04
 0.650000E-01 0.112962E-04
 0.750000E-01 0.807128E-05
 0.850000E-01 0.394681E-05
 0.950000E-01 -.617544E-06
 0.105000E+00 -.511307E-05
 0.115000E+00 -.903874E-05
 0.125000E+00 -.119570E-04
 0.135000E+00 -.135427E-04
 0.145000E+00 -.136190E-04
 0.155000E+00 -.121774E-04
 0.165000E+00 -.937864E-05
 0.175000E+00 -.553461E-05
 0.185000E+00 -.107374E-05
 0.195000E+00 0.350681E-05
 0.205000E+00 0.769652E-05
 0.215000E+00 0.110284E-04
 0.225000E+00 0.131312E-04
 0.235000E+00 0.137705E-04
 0.245000E+00 0.128750E-04
 0.255000E+00 0.105446E-04
 0.265000E+00 0.703898E-05
 0.275000E+00 0.274884E-05
 0.285000E+00 -.184768E-05
 0.295000E+00 -.623827E-05
 0.305000E+00 -.993359E-05
 0.315000E+00 -.125218E-04
 0.325000E+00 -.137144E-04
 0.335000E+00 -.133786E-04
 0.345000E+00 -.115516E-04
 0.355000E+00 -.843724E-05
 0.365000E+00 -.438250E-05
 0.375000E+00 0.160676E-06
 0.385000E+00 0.468595E-05
 0.395000E+00 0.868898E-05
 0.405000E+00 0.117236E-04
 0.415000E+00 0.134516E-04
 0.425000E+00 0.136804E-04
 0.435000E+00 0.123845E-04
 0.445000E+00 0.970832E-05
 0.455000E+00 0.595012E-05
 0.465000E+00 0.152876E-05
 0.475000E+00 -.306298E-05
 0.485000E+00 -.731336E-05
 0.495000E+00 -.107486E-04
 0.505000E+00 -.129860E-04
 0.515000E+00 -.137760E-04
 0.525000E+00 -.130307E-04
 0.535000E+00 -.108330E-04
 0.545000E+00 -.742805E-05
 0.555000E+00 -.319517E-05
 0.565000E+00 0.139382E-05
 0.575000E+00 0.582747E-05
 0.585000E+00 0.961165E-05
 0.595000E+00 0.123246E-04
 0.605000E+00 0.136639E-04
 0.615000E+00 0.134804E-04
 0.625000E+00 0.117945E-04
 0.635000E+00 0.879401E-05
 0.645000E+00 0.481343E-05
 0.655000E+00 0.296380E-06
 0.665000E+00 -.425371E-05
 0.675000E+00 -.832972E-05
 0.685000E+00 -.114774E-04
 0.695000E+00 -.133459E-04
 0.705000E+00 -.137269E-04
 0.715000E+00 -.125781E-04
 0.725000E+00 -.100274E-04
 0.735000E+00 -.635915E-05
 0.745000E+00 -.198214E-05
 0.755000E+00 0.261580E-05
 0.765000E+00 0.692220E-05
 0.775000E+00 0.104571E-04
 0.785000E+00 0.128266E-04
 0.795000E+00 0.137665E-04
 0.805000E+00 0.131721E-04
 0.815000E+00 0.111097E-04
 0.825000E+00 0.780902E-05
 0.835000E+00 0.363804E-05
 0.845000E+00 -.938420E-06
 0.855000E+00 -.541030E-05
 0.865000E+00 -.927920E-05
 0.875000E+00 -.121139E-04
 0.885000E+00 -.135985E-04
 0.895000E+00 -.135676E-04
 0.905000E+00 0.280788E+00
 0.915000E+00 0.280791E+00
 0.925000E+00 0.280795E+00
 0.935000E+00 0.280799E+00
 0.945000E+00 0.280804E+00
 0.955000E+00 0.280808E+00
 0.965000E+00 0.280811E+00
 0.975000E+00 0.280813E+00
 0.985000E+00 0.280814E+00
 0.995000E+00 0.280813E+00








































































































































































































