 0.10000000E-01 0.24091268E-03 0.21795175E+00
 0.12000000E-01 0.23534169E-03 0.21795094E+00
 0.14000000E-01 0.22882015E-03 0.21794998E+00
 0.16000000E-01 0.22430265E-03 0.21794854E+00
 0.18000000E-01 0.22056565E-03 0.21794625E+00
 0.20000000E-01 0.22110969E-03 0.21794577E+00
 0.22000000E-01 0.22736875E-03 0.21794419E+00
 0.24000000E-01 0.23254465E-03 0.21794246E+00
 0.26000000E-01 0.23200299E-03 0.21794039E+00
 0.28000000E-01 0.22907182E-03 0.21793827E+00
 0.30000000E-01 0.22668545E-03 0.21793601E+00
 0.32000000E-01 0.22441429E-03 0.21793361E+00
 0.34000000E-01 0.22350151E-03 0.21793098E+00
 0.36000000E-01 0.22620677E-03 0.21802601E+00
 0.38000000E-01 0.23017468E-03 0.21792543E+00
 0.40000000E-01 0.23108655E-03 0.21792278E+00
 0.42000000E-01 0.22946983E-03 0.21792035E+00
 0.44000000E-01 0.22780011E-03 0.21791602E+00
 0.46000000E-01 0.22627869E-03 0.21791252E+00
 0.48000000E-01 0.22510493E-03 0.21790885E+00
 0.50000000E-01 0.22612698E-03 0.21790503E+00
 0.52000000E-01 0.22910161E-03 0.21790099E+00
 0.54000000E-01 0.23072268E-03 0.21789685E+00
 0.56000000E-01 0.22998187E-03 0.21789254E+00
 0.58000000E-01 0.22868964E-03 0.21788803E+00
 0.60000000E-01 0.22758847E-03 0.21788355E+00
 0.62000000E-01 0.22649563E-03 0.21787882E+00
 0.64000000E-01 0.22659839E-03 0.21787378E+00
 0.66000000E-01 0.22866746E-03 0.21786885E+00
 0.68000000E-01 0.23060651E-03 0.21786345E+00
 0.70000000E-01 0.23058350E-03 0.21785815E+00
 0.72000000E-01 0.22959048E-03 0.21785283E+00
 0.74000000E-01 0.22872142E-03 0.21784709E+00
 0.76000000E-01 0.22782451E-03 0.21784125E+00
 0.78000000E-01 0.22745161E-03 0.21783542E+00
 0.80000000E-01 0.22870842E-03 0.21782924E+00
 0.82000000E-01 0.23065722E-03 0.21782246E+00
 0.84000000E-01 0.23123969E-03 0.21781599E+00
 0.86000000E-01 0.23057434E-03 0.21780934E+00
 0.88000000E-01 0.22983519E-03 0.21780245E+00
 0.90000000E-01 0.22913562E-03 0.21779540E+00
 0.92000000E-01 0.22857314E-03 0.21778785E+00
 0.94000000E-01 0.22916572E-03 0.21778103E+00
 0.96000000E-01 0.23089002E-03 0.21777371E+00
 0.98000000E-01 0.23194496E-03 0.21776588E+00
 0.10000000E+00 0.23166071E-03 0.21775795E+00
 0.11000000E+00 0.23134415E-03 0.21771682E+00
 0.12000000E+00 0.23138411E-03 0.21767092E+00
 0.13000000E+00 0.23376738E-03 0.21762123E+00
 0.14000000E+00 0.23444139E-03 0.21756808E+00
 0.15000000E+00 0.23440862E-03 0.21750896E+00
 0.16000000E+00 0.23681958E-03 0.21744645E+00
 0.17000000E+00 0.23820142E-03 0.21737902E+00
 0.18000000E+00 0.23830556E-03 0.21730797E+00
 0.19000000E+00 0.24085909E-03 0.21723189E+00
 0.20000000E+00 0.24280818E-03 0.21715153E+00
 0.21000000E+00 0.24320477E-03 0.21706634E+00
 0.22000000E+00 0.24600489E-03 0.21697593E+00
 0.23000000E+00 0.24847487E-03 0.21688077E+00
 0.24000000E+00 0.24928962E-03 0.21678052E+00
 0.25000000E+00 0.25245624E-03 0.21667539E+00
 0.26000000E+00 0.25547424E-03 0.21656459E+00
 0.27000000E+00 0.25682817E-03 0.21644877E+00
 0.28000000E+00 0.26051908E-03 0.21632711E+00
 0.29000000E+00 0.26418075E-03 0.21620022E+00
 0.30000000E+00 0.26622428E-03 0.21606709E+00
 0.31000000E+00 0.27066201E-03 0.21592789E+00
 0.32000000E+00 0.27514417E-03 0.21578275E+00
 0.33000000E+00 0.27811028E-03 0.21563108E+00
 0.34000000E+00 0.28362940E-03 0.21547286E+00
 0.35000000E+00 0.28923227E-03 0.21530790E+00
 0.36000000E+00 0.29353504E-03 0.21513558E+00
 0.37000000E+00 0.30068810E-03 0.21495615E+00
 0.38000000E+00 0.30794821E-03 0.21476936E+00
 0.39000000E+00 0.31440398E-03 0.21457447E+00
 0.40000000E+00 0.32424907E-03 0.21437169E+00
 0.41000000E+00 0.33428853E-03 0.21416054E+00
 0.42000000E+00 0.34476448E-03 0.21394061E+00
 0.43000000E+00 0.35991162E-03 0.21371083E+00
 0.44000000E+00 0.37602711E-03 0.21347230E+00
 0.45000000E+00 0.39722418E-03 0.21323486E+00
 0.46000000E+00 0.43016077E-03 0.21296419E+00
 0.47000000E+00 0.55306138E-03 0.21269441E+00
 0.48000000E+00 0.73692474E-03 0.21241248E+00
 0.49000000E+00 0.93924884E-03 0.21212015E+00
 0.50000000E+00 0.11056023E-02 0.21181483E+00
 0.51000000E+00 0.12776381E-02 0.21149649E+00
 0.52000000E+00 0.14192930E-02 0.21116500E+00
 0.53000000E+00 0.15135971E-02 0.21081888E+00
 0.54000000E+00 0.15969437E-02 0.21045781E+00
 0.55000000E+00 0.16416635E-02 0.21008051E+00
 0.56000000E+00 0.16623695E-02 0.20968641E+00
 0.57000000E+00 0.16680479E-02 0.20927414E+00
 0.58000000E+00 0.16474565E-02 0.20884282E+00
 0.59000000E+00 0.16178413E-02 0.20839116E+00
 0.60000000E+00 0.15713699E-02 0.20791826E+00
 0.61000000E+00 0.15076486E-02 0.20742217E+00
 0.62000000E+00 0.14240569E-02 0.20690163E+00
 0.63000000E+00 0.13488527E-02 0.20635486E+00
 0.64000000E+00 0.12808239E-02 0.20578014E+00
 0.65000000E+00 0.12187086E-02 0.20517544E+00
 0.66000000E+00 0.11634994E-02 0.20453891E+00
 0.67000000E+00 0.11121235E-02 0.20386677E+00
 0.68000000E+00 0.10657942E-02 0.20315765E+00
 0.69000000E+00 0.10237758E-02 0.20240791E+00
 0.70000000E+00 0.98523485E-03 0.20161442E+00
 0.71000000E+00 0.95110804E-03 0.20077301E+00
 0.72000000E+00 0.91979476E-03 0.19987921E+00
 0.73000000E+00 0.89212536E-03 0.19892870E+00
 0.74000000E+00 0.86773827E-03 0.19791549E+00
 0.75000000E+00 0.84629061E-03 0.19683343E+00
 0.76000000E+00 0.82846720E-03 0.19567515E+00
 0.77000000E+00 0.81342044E-03 0.19443185E+00
 0.78000000E+00 0.80189217E-03 0.19309425E+00
 0.79000000E+00 0.79368696E-03 0.19165863E+00
 0.80000000E+00 0.78905996E-03 0.19008817E+00
 0.81000000E+00 0.78853681E-03 0.18838991E+00
 0.82000000E+00 0.79220335E-03 0.18653761E+00
 0.83000000E+00 0.80095540E-03 0.18450711E+00
 0.84000000E+00 0.81545924E-03 0.18231131E+00
 0.85000000E+00 0.83648557E-03 0.17979162E+00
 0.86000000E+00 0.86603559E-03 0.17702925E+00
 0.87000000E+00 0.90618652E-03 0.17391751E+00
 0.88000000E+00 0.96034586E-03 0.17037574E+00
 0.89000000E+00 0.10339922E-02 0.16630124E+00
 0.90000000E+00 0.11368110E-02 0.16153028E+00
 0.91000000E+00 0.12892245E-02 0.15579954E+00
 0.92000000E+00 0.15553436E-02 0.14859501E+00
 0.93000000E+00 0.12501661E+00 0.13842493E+00
 0.94000000E+00 0.75910673E+00 0.12623980E+00
 0.95000000E+00 0.19038960E+01 0.11373820E+00
 0.96000000E+00 0.35257830E+01 0.10183322E+00
 0.97000000E+00 0.55896525E+01 0.91267079E-01
 0.98000000E+00 0.80579543E+01 0.82734520E-01
 0.99000000E+00 0.10887405E+02 0.76952964E-01
 0.10000000E+01 0.14021328E+02 0.74701563E-01
 0.10100000E+01 0.17378658E+02 0.76814714E-01
 0.10200000E+01 0.20845406E+02 0.84086761E-01
 0.10300000E+01 0.24273631E+02 0.97311631E-01
 0.10400000E+01 0.27485467E+02 0.11692390E+00
 0.10500000E+01 0.30274926E+02 0.14326156E+00
 0.10600000E+01 0.32397539E+02 0.17642138E+00
 0.10700000E+01 0.33515946E+02 0.21631461E+00
 0.10800000E+01 0.32883677E+02 0.26032120E+00
 0.10900000E+01 0.30732194E+02 0.29832094E+00
 0.11000000E+01 0.27794853E+02 0.32904497E+00
 0.11100000E+01 0.24427932E+02 0.35253678E+00
 0.11200000E+01 0.20890016E+02 0.36910321E+00
 0.11300000E+01 0.17381363E+02 0.37930770E+00
 0.11400000E+01 0.14051731E+02 0.38393006E+00
 0.11500000E+01 0.11002149E+02 0.38386866E+00
 0.11600000E+01 0.82910146E+01 0.38001951E+00
 0.11700000E+01 0.59471252E+01 0.37318710E+00
 0.11800000E+01 0.39836331E+01 0.36406774E+00
 0.11900000E+01 0.24073334E+01 0.35328959E+00
 0.12000000E+01 0.12229141E+01 0.34147152E+00
 0.12100000E+01 0.43434305E+00 0.32929609E+00
 0.12200000E+01 0.45201834E-01 0.31765952E+00
 0.12300000E+01 0.95460599E-03 0.30838542E+00
 0.12400000E+01 0.77409834E-03 0.30163515E+00
 0.12500000E+01 0.66098455E-03 0.29615780E+00
 0.12600000E+01 0.58063537E-03 0.29153627E+00
 0.12700000E+01 0.51954037E-03 0.28754422E+00
 0.12800000E+01 0.47188451E-03 0.28403827E+00
 0.12900000E+01 0.43328728E-03 0.28091959E+00
 0.13000000E+01 0.40192509E-03 0.27811944E+00
 0.13100000E+01 0.37570055E-03 0.27556930E+00
 0.13200000E+01 0.35390335E-03 0.27324137E+00
 0.13300000E+01 0.33544132E-03 0.27109626E+00
 0.13400000E+01 0.31988251E-03 0.26910517E+00
 0.13500000E+01 0.30676721E-03 0.26724605E+00
 0.13600000E+01 0.29564778E-03 0.26549954E+00
 0.13700000E+01 0.28660697E-03 0.26384813E+00
 0.13800000E+01 0.27898623E-03 0.26227573E+00
 0.13900000E+01 0.27322265E-03 0.26076951E+00
 0.14000000E+01 0.26878212E-03 0.25931586E+00
 0.14100000E+01 0.26607899E-03 0.25790104E+00
 0.14200000E+01 0.26501295E-03 0.25651149E+00
 0.14300000E+01 0.26605797E-03 0.25513072E+00
 0.14400000E+01 0.26994738E-03 0.25373717E+00
 0.14500000E+01 0.27831820E-03 0.25229864E+00
 0.14600000E+01 0.30202160E-03 0.25074162E+00
 0.14700000E+01 0.20122239E-01 0.24893859E+00
 0.14800000E+01 0.73144052E-01 0.24703410E+00
 0.14900000E+01 0.15122332E+00 0.24550609E+00
 0.15000000E+01 0.24727212E+00 0.24406319E+00
 0.15100000E+01 0.35504648E+00 0.24284765E+00
 0.15200000E+01 0.46905286E+00 0.24187240E+00
 0.15300000E+01 0.58456782E+00 0.24112951E+00
 0.15400000E+01 0.69778011E+00 0.24060254E+00
 0.15500000E+01 0.80591941E+00 0.24027104E+00
 0.15600000E+01 0.90714618E+00 0.24011107E+00
 0.15700000E+01 0.10003163E+01 0.24009997E+00
 0.15800000E+01 0.10846744E+01 0.24021981E+00
 0.15900000E+01 0.11595791E+01 0.24045488E+00
 0.16000000E+01 0.12242227E+01 0.24079203E+00
 0.16100000E+01 0.12769603E+01 0.24122179E+00
 0.16200000E+01 0.13142501E+01 0.24168278E+00
 0.16300000E+01 0.13413365E+01 0.24211224E+00
 0.16400000E+01 0.13614255E+01 0.24251319E+00
 0.16500000E+01 0.13761192E+01 0.24288878E+00
 0.16600000E+01 0.13864763E+01 0.24324198E+00
 0.16700000E+01 0.13932624E+01 0.24357473E+00
 0.16800000E+01 0.13970610E+01 0.24388866E+00
 0.16900000E+01 0.13983332E+01 0.24418105E+00
 0.17000000E+01 0.13974490E+01 0.24446598E+00
 0.17100000E+01 0.13947194E+01 0.24473155E+00
 0.17200000E+01 0.13904006E+01 0.24498326E+00
 0.17300000E+01 0.13847073E+01 0.24522172E+00
 0.17400000E+01 0.13778273E+01 0.24544765E+00
 0.17500000E+01 0.13699214E+01 0.24566206E+00
 0.17600000E+01 0.13611261E+01 0.24586891E+00
 0.17700000E+01 0.13515599E+01 0.24605860E+00
 0.17800000E+01 0.13413331E+01 0.24624105E+00
 0.17900000E+01 0.13305338E+01 0.24641443E+00
 0.18000000E+01 0.13192437E+01 0.24657839E+00
 0.18100000E+01 0.13075351E+01 0.24673346E+00
 0.18140000E+01 0.13027511E+01 0.24679344E+00
 0.18180000E+01 0.12979141E+01 0.24685222E+00
 0.18220000E+01 0.12930246E+01 0.24690913E+00
 0.18260000E+01 0.12880904E+01 0.24696501E+00
 0.18300000E+01 0.12831144E+01 0.24701973E+00
 0.18340000E+01 0.12780981E+01 0.24707333E+00
 0.18380000E+01 0.12730427E+01 0.24712714E+00
 0.18420000E+01 0.12679567E+01 0.24717630E+00
 0.18460000E+01 0.12628401E+01 0.24722624E+00
 0.18500000E+01 0.12576937E+01 0.24727473E+00
 0.18540000E+01 0.12525201E+01 0.24732216E+00
 0.18580000E+01 0.12473245E+01 0.24736868E+00
 0.18620000E+01 0.12421065E+01 0.24741385E+00
 0.18660000E+01 0.12368691E+01 0.24745806E+00
 0.18700000E+01 0.12316140E+01 0.24750116E+00
 0.18740000E+01 0.12263417E+01 0.24754268E+00
 0.18780000E+01 0.12210594E+01 0.24757084E+00
 0.18820000E+01 0.12157638E+01 0.24762356E+00
 0.18860000E+01 0.12104584E+01 0.24766223E+00
 0.18900000E+01 0.12051441E+01 0.24770012E+00
 0.18940000E+01 0.11998247E+01 0.24773687E+00
 0.18980000E+01 0.11944975E+01 0.24777398E+00
 0.19020000E+01 0.11891666E+01 0.24780683E+00
 0.19060000E+01 0.11838338E+01 0.24784041E+00
 0.19100000E+01 0.11784998E+01 0.24787293E+00
 0.19140000E+01 0.11731645E+01 0.24790462E+00
 0.19180000E+01 0.11678314E+01 0.24793502E+00
 0.19220000E+01 0.11625025E+01 0.24796471E+00
 0.19260000E+01 0.11571733E+01 0.24799294E+00
 0.19300000E+01 0.11518503E+01 0.24801293E+00
 0.19340000E+01 0.11465342E+01 0.24804730E+00
 0.19380000E+01 0.11412213E+01 0.24807262E+00
 0.19420000E+01 0.11359181E+01 0.24809683E+00
 0.19460000E+01 0.11306210E+01 0.24812022E+00
 0.19500000E+01 0.11253330E+01 0.24814236E+00
 0.19540000E+01 0.11200564E+01 0.24816356E+00
 0.19580000E+01 0.11147894E+01 0.24818381E+00
 0.19620000E+01 0.11095340E+01 0.24820316E+00
 0.19660000E+01 0.11042894E+01 0.24822056E+00
 0.19700000E+01 0.10990581E+01 0.24823720E+00
 0.19740000E+01 0.10938401E+01 0.24825243E+00
 0.19780000E+01 0.10886368E+01 0.24826665E+00
 0.19820000E+01 0.10834467E+01 0.24827916E+00
 0.19860000E+01 0.10782703E+01 0.24829007E+00
 0.19900000E+01 0.10731099E+01 0.24829673E+00
 0.19940000E+01 0.10679658E+01 0.24830636E+00
 0.19980000E+01 0.10628506E+01 0.24831056E+00
 0.20020000E+01 0.10579027E+01 0.24831125E+00
 0.20060000E+01 0.10531700E+01 0.24830981E+00
 0.20100000E+01 0.10486521E+01 0.24830741E+00
 0.20140000E+01 0.10443277E+01 0.24830445E+00
 0.20180000E+01 0.10401863E+01 0.24830158E+00
 0.20220000E+01 0.10362071E+01 0.24829873E+00
 0.20260000E+01 0.10323710E+01 0.24829639E+00
 0.20300000E+01 0.10286647E+01 0.24829480E+00
 0.20340000E+01 0.10250715E+01 0.24829371E+00
 0.20380000E+01 0.10215775E+01 0.24829330E+00
 0.20420000E+01 0.10181710E+01 0.24829374E+00
 0.20460000E+01 0.10148418E+01 0.24829515E+00
 0.20500000E+01 0.10115834E+01 0.24829789E+00
 0.20540000E+01 0.10083722E+01 0.24829971E+00
 0.20580000E+01 0.10052496E+01 0.24830814E+00
 0.20620000E+01 0.10021059E+01 0.24830850E+00
 0.20660000E+01 0.99902987E+00 0.24831338E+00
 0.20700000E+01 0.99599068E+00 0.24831948E+00
 0.20740000E+01 0.99297869E+00 0.24831819E+00
 0.20780000E+01 0.98999240E+00 0.24833299E+00
 0.20820000E+01 0.98703016E+00 0.24834095E+00
 0.20860000E+01 0.98407982E+00 0.24834924E+00
 0.20900000E+01 0.98114937E+00 0.24835814E+00
 0.20940000E+01 0.97823184E+00 0.24836777E+00
 0.20980000E+01 0.97532262E+00 0.24837716E+00
 0.21020000E+01 0.97242591E+00 0.24838746E+00
 0.21060000E+01 0.96953449E+00 0.24839818E+00
 0.21100000E+01 0.96665240E+00 0.24840899E+00
 0.21140000E+01 0.96379833E+00 0.24842140E+00
 0.21180000E+01 0.96089683E+00 0.24842994E+00
 0.21220000E+01 0.95803949E+00 0.24844420E+00
 0.21260000E+01 0.95517454E+00 0.24845636E+00
 0.21300000E+01 0.95231500E+00 0.24846894E+00
 0.21340000E+01 0.94945696E+00 0.24848189E+00
 0.21380000E+01 0.94660177E+00 0.24849495E+00
 0.21420000E+01 0.94381524E+00 0.24851514E+00
 0.21460000E+01 0.94089530E+00 0.24852144E+00
 0.21500000E+01 0.93804367E+00 0.24853505E+00
 0.21540000E+01 0.93519534E+00 0.24854859E+00
 0.21580000E+01 0.93234914E+00 0.24856244E+00
 0.21620000E+01 0.92950194E+00 0.24857631E+00
 0.21660000E+01 0.92665740E+00 0.24859011E+00
 0.21700000E+01 0.92384518E+00 0.24860877E+00
 0.21740000E+01 0.92097234E+00 0.24861861E+00
 0.21780000E+01 0.91813206E+00 0.24863336E+00
 0.21820000E+01 0.91529187E+00 0.24864739E+00
 0.21860000E+01 0.91245608E+00 0.24866190E+00
 0.21900000E+01 0.90962059E+00 0.24867635E+00
 0.21940000E+01 0.90678823E+00 0.24869096E+00
 0.21980000E+01 0.90395750E+00 0.24870535E+00
 0.22020000E+01 0.90113050E+00 0.24871974E+00
 0.22220000E+01 0.88702919E+00 0.24879270E+00
 0.22420000E+01 0.87301794E+00 0.24886528E+00
 0.22620000E+01 0.85911026E+00 0.24893648E+00
 0.22820000E+01 0.84532190E+00 0.24900609E+00
 0.23020000E+01 0.83168591E+00 0.24907408E+00
 0.23220000E+01 0.81821217E+00 0.24913849E+00
 0.23420000E+01 0.80491284E+00 0.24920499E+00
 0.23620000E+01 0.79180049E+00 0.24926747E+00
 0.23820000E+01 0.77888300E+00 0.24932742E+00
 0.24020000E+01 0.76616845E+00 0.24938558E+00
 0.24220000E+01 0.75366173E+00 0.24944151E+00
 0.24420000E+01 0.74136880E+00 0.24949533E+00
 0.24620000E+01 0.72928936E+00 0.24954720E+00
 0.24820000E+01 0.71742987E+00 0.24959742E+00
 0.25020000E+01 0.70578684E+00 0.24964355E+00
 0.25220000E+01 0.69436151E+00 0.24969150E+00
 0.25420000E+01 0.68315870E+00 0.24973676E+00
 0.25620000E+01 0.67216469E+00 0.24977922E+00
 0.25820000E+01 0.66138745E+00 0.24982047E+00
 0.26020000E+01 0.65081830E+00 0.24985877E+00
 0.26220000E+01 0.64046086E+00 0.24989695E+00
 0.26420000E+01 0.63031017E+00 0.24993330E+00
 0.26620000E+01 0.62036303E+00 0.24996830E+00
 0.26820000E+01 0.61061475E+00 0.25000176E+00
 0.27020000E+01 0.60106440E+00 0.25003394E+00
 0.27220000E+01 0.59170435E+00 0.25006501E+00
 0.27420000E+01 0.58253730E+00 0.25009496E+00
 0.27620000E+01 0.57355453E+00 0.25012357E+00
 0.27820000E+01 0.56475168E+00 0.25015096E+00
 0.28020000E+01 0.55613044E+00 0.25017760E+00
 0.28220000E+01 0.54768113E+00 0.25020290E+00
 0.28420000E+01 0.53940279E+00 0.25022755E+00
 0.28620000E+01 0.53129329E+00 0.25025122E+00
 0.28820000E+01 0.52334878E+00 0.25027487E+00
 0.29020000E+01 0.51555767E+00 0.25029549E+00
 0.29220000E+01 0.50792591E+00 0.25031629E+00
 0.29420000E+01 0.50044702E+00 0.25033664E+00
 0.29620000E+01 0.49311645E+00 0.25034005E+00
 0.29820000E+01 0.48594037E+00 0.25037717E+00
 0.30020000E+01 0.47888956E+00 0.25039212E+00
 0.31020000E+01 0.44569814E+00 0.25047206E+00
 0.32020000E+01 0.41559409E+00 0.25053760E+00
 0.33020000E+01 0.38825111E+00 0.25059988E+00
 0.34020000E+01 0.36330808E+00 0.25063476E+00
 0.35020000E+01 0.34055434E+00 0.25066983E+00
 0.36020000E+01 0.31973448E+00 0.25069907E+00
 0.37020000E+01 0.30064621E+00 0.25072009E+00
 0.38020000E+01 0.28310645E+00 0.25073664E+00
 0.39020000E+01 0.26696001E+00 0.25074900E+00
 0.40020000E+01 0.25206716E+00 0.25075657E+00
 0.41020000E+01 0.23830679E+00 0.25076092E+00
 0.42020000E+01 0.22557181E+00 0.25076231E+00
 0.43020000E+01 0.21376696E+00 0.25076084E+00
 0.44020000E+01 0.20280787E+00 0.25075696E+00
 0.45020000E+01 0.19262020E+00 0.25075048E+00
 0.46020000E+01 0.18313741E+00 0.25074262E+00
 0.47020000E+01 0.17430018E+00 0.25073239E+00
 0.48020000E+01 0.16605492E+00 0.25072062E+00
 0.49020000E+01 0.15835463E+00 0.25070772E+00
 0.50020000E+01 0.15115701E+00 0.25069618E+00
 0.51020000E+01 0.14441779E+00 0.25067801E+00
 0.52020000E+01 0.13810951E+00 0.25066338E+00
 0.53020000E+01 0.13219356E+00 0.25064467E+00
 0.54020000E+01 0.12664539E+00 0.25062686E+00
 0.55020000E+01 0.12143656E+00 0.25060843E+00
 0.56020000E+01 0.11654299E+00 0.25058940E+00
 0.57020000E+01 0.11194220E+00 0.25057048E+00
 0.58020000E+01 0.10761333E+00 0.25055100E+00
 0.59020000E+01 0.10353791E+00 0.25053150E+00
 0.60020000E+01 0.99698115E-01 0.25051208E+00
 0.61020000E+01 0.96077874E-01 0.25049274E+00
 0.62020000E+01 0.92661941E-01 0.25047353E+00
 0.63020000E+01 0.89436625E-01 0.25045437E+00
 0.64020000E+01 0.86388891E-01 0.25043573E+00
 0.65020000E+01 0.83506672E-01 0.25041737E+00
 0.66020000E+01 0.80778846E-01 0.25039942E+00
 0.67020000E+01 0.78194958E-01 0.25038193E+00
 0.68020000E+01 0.75745278E-01 0.25036459E+00
 0.69020000E+01 0.73420829E-01 0.25034841E+00
 0.70020000E+01 0.71213151E-01 0.25033233E+00
 0.71020000E+01 0.69114797E-01 0.25031728E+00
 0.72020000E+01 0.67118053E-01 0.25030387E+00
 0.73020000E+01 0.65216475E-01 0.25028865E+00
 0.74020000E+01 0.63403645E-01 0.25027515E+00
 0.75020000E+01 0.61673785E-01 0.25026263E+00
 0.76020000E+01 0.60021491E-01 0.25025044E+00
 0.77020000E+01 0.58441814E-01 0.25023875E+00
 0.78020000E+01 0.56930077E-01 0.25022793E+00
 0.79020000E+01 0.55482085E-01 0.25021766E+00
 0.80020000E+01 0.54093768E-01 0.25020779E+00
 0.81020000E+01 0.52761432E-01 0.25019846E+00
 0.82020000E+01 0.51481927E-01 0.25018987E+00
 0.83020000E+01 0.50251894E-01 0.25018186E+00
 0.84020000E+01 0.49068422E-01 0.25017433E+00
 0.85020000E+01 0.47929076E-01 0.25016773E+00
 0.86020000E+01 0.46831189E-01 0.25016018E+00
 0.87020000E+01 0.45772460E-01 0.25015390E+00
 0.88020000E+01 0.44750990E-01 0.25014778E+00
 0.89020000E+01 0.43764706E-01 0.25014213E+00
 0.90020000E+01 0.42811858E-01 0.25013701E+00
 0.91020000E+01 0.41890584E-01 0.25013205E+00
 0.92020000E+01 0.40999544E-01 0.25012737E+00
 0.93020000E+01 0.40137248E-01 0.25012302E+00
 0.94020000E+01 0.39302335E-01 0.25011896E+00
 0.95020000E+01 0.38493637E-01 0.25011529E+00
 0.96020000E+01 0.37709837E-01 0.25011156E+00
 0.97020000E+01 0.36949990E-01 0.25010794E+00
 0.98020000E+01 0.36212891E-01 0.25010486E+00
 0.99020000E+01 0.35497841E-01 0.25010155E+00
 0.10002000E+02 0.34803737E-01 0.25009914E+00
 0.10102000E+02 0.34129722E-01 0.25009639E+00
 0.10202000E+02 0.33475158E-01 0.25009387E+00
 0.10302000E+02 0.32839030E-01 0.25009158E+00
 0.10402000E+02 0.32220922E-01 0.25008925E+00
 0.10502000E+02 0.31619921E-01 0.25008658E+00
 0.10602000E+02 0.31035491E-01 0.25008494E+00
 0.10702000E+02 0.30466866E-01 0.25008362E+00
 0.10802000E+02 0.29913598E-01 0.25008135E+00
 0.10902000E+02 0.29375169E-01 0.25007971E+00
 0.11002000E+02 0.28851016E-01 0.25007797E+00
 0.11102000E+02 0.28340514E-01 0.25007652E+00
 0.11202000E+02 0.27844235E-01 0.25007919E+00
 0.11302000E+02 0.27358944E-01 0.25007351E+00
 0.11402000E+02 0.26886875E-01 0.25007228E+00
 0.11502000E+02 0.26426725E-01 0.25007073E+00
 0.11602000E+02 0.25978138E-01 0.25006955E+00
 0.11702000E+02 0.25540834E-01 0.25006854E+00
 0.11802000E+02 0.25114546E-01 0.25006901E+00
 0.11902000E+02 0.24698106E-01 0.25006636E+00
 0.12002000E+02 0.24292186E-01 0.25006533E+00
 0.12102000E+02 0.23896027E-01 0.25006435E+00
 0.12202000E+02 0.23509303E-01 0.25006332E+00
 0.12302000E+02 0.23131918E-01 0.25006265E+00
 0.12402000E+02 0.22763412E-01 0.25006155E+00
 0.12502000E+02 0.22403658E-01 0.25006089E+00
 0.12602000E+02 0.22052193E-01 0.25006028E+00
 0.12702000E+02 0.21708931E-01 0.25005922E+00
 0.12802000E+02 0.21373681E-01 0.25005849E+00
 0.12902000E+02 0.21045993E-01 0.25005772E+00
 0.13002000E+02 0.20725903E-01 0.25005699E+00
 0.13102000E+02 0.20412997E-01 0.25005630E+00
 0.13202000E+02 0.20107073E-01 0.25005556E+00
 0.13302000E+02 0.19808053E-01 0.25005458E+00
 0.13402000E+02 0.19515694E-01 0.25005408E+00
 0.13502000E+02 0.19229717E-01 0.25005360E+00
 0.13602000E+02 0.18949969E-01 0.25005310E+00
 0.13702000E+02 0.18676377E-01 0.25005252E+00
 0.13802000E+02 0.18408594E-01 0.25005183E+00
 0.13902000E+02 0.18146608E-01 0.25005130E+00
 0.14002000E+02 0.17890080E-01 0.25005036E+00
 0.14102000E+02 0.17638982E-01 0.25005037E+00
 0.14202000E+02 0.17393067E-01 0.25004990E+00
 0.14302000E+02 0.17152237E-01 0.25004937E+00
 0.14402000E+02 0.16916284E-01 0.25004858E+00
 0.14502000E+02 0.16685069E-01 0.25004843E+00
 0.14602000E+02 0.16458580E-01 0.25004806E+00
 0.14702000E+02 0.16236499E-01 0.25004795E+00
 0.14802000E+02 0.16018850E-01 0.25004746E+00
 0.14902000E+02 0.15805333E-01 0.25004698E+00
 0.15002000E+02 0.15595918E-01 0.25004644E+00
 0.15102000E+02 0.15390563E-01 0.25004631E+00
 0.15202000E+02 0.15189024E-01 0.25004602E+00
 0.15302000E+02 0.14991342E-01 0.25004565E+00
 0.15402000E+02 0.14797277E-01 0.25004530E+00
 0.15502000E+02 0.14606761E-01 0.25004524E+00
 0.15602000E+02 0.14419710E-01 0.25004482E+00
 0.15702000E+02 0.14235981E-01 0.25004313E+00
 0.15802000E+02 0.14055753E-01 0.25004415E+00
 0.15902000E+02 0.13878646E-01 0.25004397E+00
 0.16002000E+02 0.13704704E-01 0.25004376E+00
 0.16102000E+02 0.13533791E-01 0.25004346E+00
 0.16202000E+02 0.13365914E-01 0.25004331E+00
 0.16302000E+02 0.13200916E-01 0.25004305E+00
 0.16402000E+02 0.13038877E-01 0.25004281E+00
 0.16502000E+02 0.12879615E-01 0.25004245E+00
 0.16602000E+02 0.12723078E-01 0.25004207E+00
 0.16702000E+02 0.12569253E-01 0.25004192E+00
 0.16802000E+02 0.12418156E-01 0.25004156E+00
 0.16902000E+02 0.12269593E-01 0.25004143E+00
 0.17002000E+02 0.12123614E-01 0.25004094E+00
 0.17102000E+02 0.11980105E-01 0.25004067E+00
 0.17202000E+02 0.11839143E-01 0.25004035E+00
 0.17302000E+02 0.11700552E-01 0.25003998E+00
 0.17402000E+02 0.11564364E-01 0.25003961E+00
 0.17502000E+02 0.11430455E-01 0.25003944E+00
 0.17602000E+02 0.11298884E-01 0.25003915E+00
 0.17702000E+02 0.11169616E-01 0.25003898E+00
 0.17802000E+02 0.11042468E-01 0.25003849E+00
 0.17902000E+02 0.10917590E-01 0.25003805E+00
 0.18002000E+02 0.10794801E-01 0.25003734E+00
 0.18102000E+02 0.10674172E-01 0.25003695E+00
 0.18202000E+02 0.10555502E-01 0.25003679E+00
 0.18302000E+02 0.10438936E-01 0.25003645E+00
 0.18402000E+02 0.10324316E-01 0.25003633E+00
 0.18502000E+02 0.10211589E-01 0.25003599E+00
 0.18602000E+02 0.10100845E-01 0.25003544E+00
 0.18702000E+02 0.99919355E-02 0.25003542E+00
 0.18802000E+02 0.98848933E-02 0.25003485E+00
 0.18902000E+02 0.97795459E-02 0.25003452E+00
 0.19002000E+02 0.96760314E-02 0.25003410E+00
 0.19102000E+02 0.95741831E-02 0.25003367E+00
 0.19202000E+02 0.94740520E-02 0.25003327E+00
 0.19302000E+02 0.93754659E-02 0.25003294E+00
 0.19402000E+02 0.92785136E-02 0.25003251E+00
 0.19502000E+02 0.91831757E-02 0.25003220E+00
 0.19602000E+02 0.90892501E-02 0.25003153E+00
 0.19702000E+02 0.89969350E-02 0.25003154E+00
 0.19802000E+02 0.89060208E-02 0.25003076E+00
 0.19902000E+02 0.88165652E-02 0.25003076E+00
 0.20002000E+02 0.87284111E-02 0.25003041E+00
 0.20102000E+02 0.86416957E-02 0.25002999E+00
 0.20202000E+02 0.85562686E-02 0.25002968E+00
 0.20302000E+02 0.84721145E-02 0.25002932E+00
 0.20402000E+02 0.83892486E-02 0.25002898E+00
 0.20502000E+02 0.83076103E-02 0.25002867E+00
 0.20602000E+02 0.82272218E-02 0.25002829E+00
 0.20702000E+02 0.81479589E-02 0.25002799E+00
 0.20802000E+02 0.80698748E-02 0.25002768E+00
 0.20902000E+02 0.79929266E-02 0.25002736E+00
 0.21002000E+02 0.79170637E-02 0.25002695E+00
 0.21102000E+02 0.78423314E-02 0.25002657E+00
 0.21202000E+02 0.77686473E-02 0.25002626E+00
 0.21302000E+02 0.76959703E-02 0.25002593E+00
 0.21402000E+02 0.76243433E-02 0.25002640E+00
 0.21502000E+02 0.75537048E-02 0.25002530E+00
 0.21602000E+02 0.74840892E-02 0.25002493E+00
 0.21702000E+02 0.74153858E-02 0.25002463E+00
 0.21802000E+02 0.73476363E-02 0.25002427E+00
 0.21902000E+02 0.72808335E-02 0.25002406E+00
 0.22002000E+02 0.72149438E-02 0.25002374E+00
 0.22102000E+02 0.71499402E-02 0.25002341E+00
 0.22202000E+02 0.70858190E-02 0.25002315E+00
 0.22302000E+02 0.70225352E-02 0.25002285E+00
 0.22402000E+02 0.69601250E-02 0.25002263E+00
 0.22502000E+02 0.68985347E-02 0.25002236E+00
 0.22602000E+02 0.68378048E-02 0.25002199E+00
 0.22702000E+02 0.67778252E-02 0.25002174E+00
 0.22802000E+02 0.67186898E-02 0.25002145E+00
 0.22902000E+02 0.66602627E-02 0.25002128E+00
 0.23002000E+02 0.66026661E-02 0.25002107E+00
 0.23102000E+02 0.65457719E-02 0.25002083E+00
 0.23202000E+02 0.64896410E-02 0.25002071E+00
 0.23302000E+02 0.64342098E-02 0.25002049E+00
 0.23402000E+02 0.63795170E-02 0.25002037E+00
 0.23502000E+02 0.63255132E-02 0.25002026E+00
 0.23602000E+02 0.62722429E-02 0.25001994E+00
 0.23702000E+02 0.62195941E-02 0.25001992E+00
 0.23802000E+02 0.61676675E-02 0.25001976E+00
 0.23902000E+02 0.61163324E-02 0.25001970E+00
 0.24002000E+02 0.60657024E-02 0.25001961E+00
 0.24102000E+02 0.60156654E-02 0.25001947E+00
 0.24202000E+02 0.59662713E-02 0.25001942E+00
 0.24302000E+02 0.59175132E-02 0.25001946E+00
 0.24402000E+02 0.58692888E-02 0.25001941E+00
 0.24502000E+02 0.58217313E-02 0.25001936E+00
 0.24602000E+02 0.57747201E-02 0.25001921E+00
 0.24702000E+02 0.57283158E-02 0.25001926E+00
 0.24802000E+02 0.56824074E-02 0.25001924E+00
 0.24902000E+02 0.56371230E-02 0.25001922E+00
 0.25002000E+02 0.55923471E-02 0.25001923E+00
 0.25102000E+02 0.55480733E-02 0.25001917E+00
 0.25202000E+02 0.55043887E-02 0.25001921E+00
 0.25302000E+02 0.54611900E-02 0.25001921E+00
 0.25402000E+02 0.54185335E-02 0.25001926E+00
 0.25502000E+02 0.53763024E-02 0.25001923E+00
 0.25602000E+02 0.53346219E-02 0.25001914E+00
 0.25702000E+02 0.52934130E-02 0.25001919E+00
 0.25802000E+02 0.52526839E-02 0.25001922E+00
 0.25902000E+02 0.52123589E-02 0.25001927E+00
 0.26002000E+02 0.51725546E-02 0.25001924E+00
 0.26102000E+02 0.51331627E-02 0.25001918E+00
 0.26202000E+02 0.50942438E-02 0.25001915E+00
 0.26302000E+02 0.50556826E-02 0.25001910E+00
 0.26402000E+02 0.50176460E-02 0.25001912E+00
 0.26502000E+02 0.49799285E-02 0.25001898E+00
 0.26602000E+02 0.49426410E-02 0.25001885E+00
 0.26702000E+02 0.49057671E-02 0.25001884E+00
 0.26802000E+02 0.48692824E-02 0.25001876E+00
 0.26902000E+02 0.48332164E-02 0.25001865E+00
 0.27002000E+02 0.47974661E-02 0.25001859E+00
 0.27102000E+02 0.47621572E-02 0.25001840E+00
 0.27202000E+02 0.47271928E-02 0.25001825E+00
 0.27302000E+02 0.46926080E-02 0.25001810E+00
 0.27402000E+02 0.46583247E-02 0.25001793E+00
 0.27502000E+02 0.46244617E-02 0.25001776E+00
 0.27602000E+02 0.45909157E-02 0.25001754E+00
 0.27702000E+02 0.45577457E-02 0.25001733E+00
 0.27802000E+02 0.45248535E-02 0.25001719E+00
 0.27902000E+02 0.44923520E-02 0.25001696E+00
 0.28002000E+02 0.44601662E-02 0.25001664E+00
 0.28102000E+02 0.44283350E-02 0.25001643E+00
 0.28202000E+02 0.43967666E-02 0.25001622E+00
 0.28302000E+02 0.43655662E-02 0.25001597E+00
 0.28402000E+02 0.43346898E-02 0.25001568E+00
 0.28502000E+02 0.43040802E-02 0.25001551E+00
 0.28602000E+02 0.42738452E-02 0.25001524E+00
 0.28702000E+02 0.42438987E-02 0.25001500E+00
 0.28802000E+02 0.42142752E-02 0.25001475E+00
 0.28902000E+02 0.41849036E-02 0.25001452E+00
 0.29002000E+02 0.41558962E-02 0.25001430E+00
 0.29102000E+02 0.41271606E-02 0.25001408E+00
 0.29202000E+02 0.40987499E-02 0.25001386E+00
 0.29302000E+02 0.40705740E-02 0.25001368E+00
 0.29402000E+02 0.40427423E-02 0.25001351E+00
 0.29502000E+02 0.40151613E-02 0.25001251E+00
 0.29602000E+02 0.39879381E-02 0.25001326E+00
 0.29702000E+02 0.39609142E-02 0.25001317E+00
 0.29802000E+02 0.39342290E-02 0.25001306E+00
 0.29902000E+02 0.39077944E-02 0.25001296E+00
 0.30002000E+02 0.38816241E-02 0.25001293E+00
 0.30102000E+02 0.38557388E-02 0.25001533E+00
 0.30202000E+02 0.38301169E-02 0.25001523E+00
 0.30302000E+02 0.38047839E-02 0.25001508E+00
 0.30402000E+02 0.37796654E-02 0.25000744E+00
 0.30502000E+02 0.37548459E-02 0.25001489E+00
