 -.990000E+00 0.204182E-01
 -.970000E+00 0.192501E-01
 -.950000E+00 0.123082E-01
 -.930000E+00 0.259407E-02
 -.910000E+00 -.568512E-02
 -.890000E+00 -.732118E-02
 -.870000E+00 -.350689E-02
 -.850000E+00 0.182909E-02
 -.830000E+00 0.637583E-02
 -.810000E+00 0.816298E-02
 -.790000E+00 0.641457E-02
 -.770000E+00 0.188596E-02
 -.750000E+00 -.346249E-02
 -.730000E+00 -.731404E-02
 -.710000E+00 -.799909E-02
 -.690000E+00 -.521892E-02
 -.670000E+00 -.175944E-03
 -.650000E+00 0.494631E-02
 -.630000E+00 0.792866E-02
 -.610000E+00 0.747770E-02
 -.590000E+00 0.378672E-02
 -.570000E+00 -.154711E-02
 -.550000E+00 -.621388E-02
 -.530000E+00 -.819128E-02
 -.510000E+00 -.662098E-02
 -.490000E+00 -.218117E-02
 -.470000E+00 0.320634E-02
 -.450000E+00 0.720795E-02
 -.430000E+00 0.808911E-02
 -.410000E+00 0.546617E-02
 -.390000E+00 0.473399E-03
 -.370000E+00 -.472750E-02
 -.350000E+00 -.788334E-02
 -.330000E+00 -.762560E-02
 -.310000E+00 -.406389E-02
 -.290000E+00 0.126068E-02
 -.270000E+00 0.604227E-02
 -.250000E+00 0.820893E-02
 -.230000E+00 0.682035E-02
 -.210000E+00 0.247598E-02
 -.190000E+00 -.294374E-02
 -.170000E+00 -.709136E-02
 -.150000E+00 -.816914E-02
 -.130000E+00 -.570825E-02
 -.110000E+00 -.772756E-03
 -.900000E-01 0.450053E-02
 -.700000E-01 0.782714E-02
 -.500000E-01 0.776463E-02
 -.300000E-01 0.433802E-02
 -.100000E-01 -.970126E-03
 0.100000E-01 -.586118E-02
 0.300000E-01 -.821581E-02
 0.500000E-01 -.701234E-02
 0.700000E-01 -.277002E-02
 0.900000E-01 0.267499E-02
 0.110000E+00 0.696436E-02
 0.130000E+00 0.823898E-02
 0.150000E+00 0.594481E-02
 0.170000E+00 0.107363E-02
 0.190000E+00 -.426565E-02
 0.210000E+00 -.776005E-02
 0.230000E+00 -.789450E-02
 0.250000E+00 -.460871E-02
 0.270000E+00 0.675812E-03
 0.290000E+00 0.567074E-02
 0.310000E+00 0.821182E-02
 0.330000E+00 0.719664E-02
 0.350000E+00 0.306287E-02
 0.370000E+00 -.240040E-02
 0.390000E+00 -.682700E-02
 0.410000E+00 -.829846E-02
 0.430000E+00 -.617547E-02
 0.450000E+00 -.137565E-02
 0.470000E+00 0.402309E-02
 0.490000E+00 0.768207E-02
 0.510000E+00 0.801499E-02
 0.530000E+00 0.487558E-02
 0.550000E+00 -.378093E-03
 0.570000E+00 -.547114E-02
 0.590000E+00 -.819688E-02
 0.610000E+00 -.737294E-02
 0.630000E+00 -.335415E-02
 0.650000E+00 0.212028E-02
 0.670000E+00 0.667940E-02
 0.690000E+00 0.834741E-02
 0.710000E+00 0.639988E-02
 0.730000E+00 0.167840E-02
 0.750000E+00 -.377311E-02
 0.770000E+00 -.759321E-02
 0.790000E+00 -.812584E-02
 0.810000E+00 -.513823E-02
 0.830000E+00 0.773365E-04
 0.850000E+00 0.526256E-02
 0.870000E+00 0.817090E-02
 0.890000E+00 0.754093E-02
 0.910000E+00 0.592220E-02
 0.930000E+00 0.592187E-02
 0.950000E+00 0.592152E-02
 0.970000E+00 0.592128E-02
 0.990000E+00 0.592127E-02




































































































 -.990000E+00 -.823621E-01
 -.970000E+00 -.819928E-01
 -.950000E+00 -.814277E-01
 -.930000E+00 -.806682E-01
 -.910000E+00 -.797161E-01
 -.890000E+00 -.766118E-01
 -.870000E+00 -.714409E-01
 -.850000E+00 -.661974E-01
 -.830000E+00 -.608864E-01
 -.810000E+00 -.555129E-01
 -.790000E+00 -.500822E-01
 -.770000E+00 -.445996E-01
 -.750000E+00 -.390703E-01
 -.730000E+00 -.334997E-01
 -.710000E+00 -.278932E-01
 -.690000E+00 -.222563E-01
 -.670000E+00 -.165944E-01
 -.650000E+00 -.109131E-01
 -.630000E+00 -.521779E-02
 -.610000E+00 0.485932E-03
 -.590000E+00 0.619251E-02
 -.570000E+00 0.118964E-01
 -.550000E+00 0.175921E-01
 -.530000E+00 0.232739E-01
 -.510000E+00 0.289364E-01
 -.490000E+00 0.345741E-01
 -.470000E+00 0.401813E-01
 -.450000E+00 0.457527E-01
 -.430000E+00 0.512829E-01
 -.410000E+00 0.567663E-01
 -.390000E+00 0.621976E-01
 -.370000E+00 0.675714E-01
 -.350000E+00 0.728826E-01
 -.330000E+00 0.781259E-01
 -.310000E+00 0.832961E-01
 -.290000E+00 0.883881E-01
 -.270000E+00 0.933970E-01
 -.250000E+00 0.983177E-01
 -.230000E+00 0.103145E+00
 -.210000E+00 0.107875E+00
 -.190000E+00 0.112503E+00
 -.170000E+00 0.117023E+00
 -.150000E+00 0.121432E+00
 -.130000E+00 0.125725E+00
 -.110000E+00 0.129898E+00
 -.900000E-01 0.133947E+00
 -.700000E-01 0.137867E+00
 -.500000E-01 0.141655E+00
 -.300000E-01 0.145306E+00
 -.100000E-01 0.148818E+00
 0.100000E-01 0.152187E+00
 0.300000E-01 0.155409E+00
 0.500000E-01 0.158481E+00
 0.700000E-01 0.161400E+00
 0.900000E-01 0.164163E+00
 0.110000E+00 0.166767E+00
 0.130000E+00 0.169209E+00
 0.150000E+00 0.171488E+00
 0.170000E+00 0.173600E+00
 0.190000E+00 0.175544E+00
 0.210000E+00 0.177317E+00
 0.230000E+00 0.178918E+00
 0.250000E+00 0.180345E+00
 0.270000E+00 0.181596E+00
 0.290000E+00 0.182671E+00
 0.310000E+00 0.183567E+00
 0.330000E+00 0.184284E+00
 0.350000E+00 0.184822E+00
 0.370000E+00 0.185179E+00
 0.390000E+00 0.185355E+00
 0.410000E+00 0.185349E+00
 0.430000E+00 0.185163E+00
 0.450000E+00 0.184795E+00
 0.470000E+00 0.184246E+00
 0.490000E+00 0.183517E+00
 0.510000E+00 0.182608E+00
 0.530000E+00 0.181520E+00
 0.550000E+00 0.180253E+00
 0.570000E+00 0.178809E+00
 0.590000E+00 0.177190E+00
 0.610000E+00 0.175397E+00
 0.630000E+00 0.173431E+00
 0.650000E+00 0.171294E+00
 0.670000E+00 0.168989E+00
 0.690000E+00 0.166517E+00
 0.710000E+00 0.163881E+00
 0.730000E+00 0.161083E+00
 0.750000E+00 0.158127E+00
 0.770000E+00 0.155014E+00
 0.790000E+00 0.151747E+00
 0.810000E+00 0.148331E+00
 0.830000E+00 0.144768E+00
 0.850000E+00 0.141062E+00
 0.870000E+00 0.137215E+00
 0.890000E+00 0.133233E+00
 0.910000E+00 0.131191E+00
 0.930000E+00 0.131191E+00
 0.950000E+00 0.131190E+00
 0.970000E+00 0.131190E+00
 0.990000E+00 0.131190E+00




































































































 -.990000E+00 0.428003E+00
 -.970000E+00 0.427007E+00
 -.950000E+00 0.426002E+00
 -.930000E+00 0.424986E+00
 -.910000E+00 0.423961E+00
 -.890000E+00 0.425008E+00
 -.870000E+00 0.428070E+00
 -.850000E+00 0.431045E+00
 -.830000E+00 0.433935E+00
 -.810000E+00 0.436736E+00
 -.790000E+00 0.439450E+00
 -.770000E+00 0.442075E+00
 -.750000E+00 0.444610E+00
 -.730000E+00 0.447056E+00
 -.710000E+00 0.449411E+00
 -.690000E+00 0.451674E+00
 -.670000E+00 0.453846E+00
 -.650000E+00 0.455926E+00
 -.630000E+00 0.457914E+00
 -.610000E+00 0.459807E+00
 -.590000E+00 0.461608E+00
 -.570000E+00 0.463314E+00
 -.550000E+00 0.464925E+00
 -.530000E+00 0.466442E+00
 -.510000E+00 0.467863E+00
 -.490000E+00 0.469189E+00
 -.470000E+00 0.470418E+00
 -.450000E+00 0.471551E+00
 -.430000E+00 0.472588E+00
 -.410000E+00 0.473527E+00
 -.390000E+00 0.474369E+00
 -.370000E+00 0.475114E+00
 -.350000E+00 0.475761E+00
 -.330000E+00 0.476310E+00
 -.310000E+00 0.476761E+00
 -.290000E+00 0.477114E+00
 -.270000E+00 0.477369E+00
 -.250000E+00 0.477525E+00
 -.230000E+00 0.477582E+00
 -.210000E+00 0.477542E+00
 -.190000E+00 0.477402E+00
 -.170000E+00 0.477164E+00
 -.150000E+00 0.476828E+00
 -.130000E+00 0.476392E+00
 -.110000E+00 0.475859E+00
 -.900000E-01 0.475227E+00
 -.700000E-01 0.474496E+00
 -.500000E-01 0.473668E+00
 -.300000E-01 0.472741E+00
 -.100000E-01 0.471717E+00
 0.100000E-01 0.470594E+00
 0.300000E-01 0.469375E+00
 0.500000E-01 0.468058E+00
 0.700000E-01 0.466644E+00
 0.900000E-01 0.465134E+00
 0.110000E+00 0.463527E+00
 0.130000E+00 0.461824E+00
 0.150000E+00 0.460025E+00
 0.170000E+00 0.458131E+00
 0.190000E+00 0.456142E+00
 0.210000E+00 0.454059E+00
 0.230000E+00 0.451881E+00
 0.250000E+00 0.449610E+00
 0.270000E+00 0.447246E+00
 0.290000E+00 0.444789E+00
 0.310000E+00 0.442240E+00
 0.330000E+00 0.439599E+00
 0.350000E+00 0.436867E+00
 0.370000E+00 0.434045E+00
 0.390000E+00 0.431132E+00
 0.410000E+00 0.428131E+00
 0.430000E+00 0.425040E+00
 0.450000E+00 0.421862E+00
 0.470000E+00 0.418597E+00
 0.490000E+00 0.415244E+00
 0.510000E+00 0.411806E+00
 0.530000E+00 0.408283E+00
 0.550000E+00 0.404675E+00
 0.570000E+00 0.400984E+00
 0.590000E+00 0.397210E+00
 0.610000E+00 0.393353E+00
 0.630000E+00 0.389415E+00
 0.650000E+00 0.385397E+00
 0.670000E+00 0.381299E+00
 0.690000E+00 0.377123E+00
 0.710000E+00 0.372868E+00
 0.730000E+00 0.368537E+00
 0.750000E+00 0.364129E+00
 0.770000E+00 0.359646E+00
 0.790000E+00 0.355089E+00
 0.810000E+00 0.350459E+00
 0.830000E+00 0.345757E+00
 0.850000E+00 0.340983E+00
 0.870000E+00 0.336138E+00
 0.890000E+00 0.331225E+00
 0.910000E+00 0.328740E+00
 0.930000E+00 0.328737E+00
 0.950000E+00 0.328734E+00
 0.970000E+00 0.328733E+00
 0.990000E+00 0.328732E+00




































































































 -.990000E+00 0.404264E+00
 -.970000E+00 0.393846E+00
 -.950000E+00 0.383281E+00
 -.930000E+00 0.372570E+00
 -.910000E+00 0.361711E+00
 -.890000E+00 0.352869E+00
 -.870000E+00 0.346148E+00
 -.850000E+00 0.339421E+00
 -.830000E+00 0.332689E+00
 -.810000E+00 0.325952E+00
 -.790000E+00 0.319210E+00
 -.770000E+00 0.312465E+00
 -.750000E+00 0.305716E+00
 -.730000E+00 0.298965E+00
 -.710000E+00 0.292211E+00
 -.690000E+00 0.285456E+00
 -.670000E+00 0.278700E+00
 -.650000E+00 0.271943E+00
 -.630000E+00 0.265186E+00
 -.610000E+00 0.258429E+00
 -.590000E+00 0.251674E+00
 -.570000E+00 0.244919E+00
 -.550000E+00 0.238167E+00
 -.530000E+00 0.231416E+00
 -.510000E+00 0.224669E+00
 -.490000E+00 0.217925E+00
 -.470000E+00 0.211185E+00
 -.450000E+00 0.204448E+00
 -.430000E+00 0.197717E+00
 -.410000E+00 0.190990E+00
 -.390000E+00 0.184269E+00
 -.370000E+00 0.177554E+00
 -.350000E+00 0.170846E+00
 -.330000E+00 0.164144E+00
 -.310000E+00 0.157449E+00
 -.290000E+00 0.150762E+00
 -.270000E+00 0.144083E+00
 -.250000E+00 0.137412E+00
 -.230000E+00 0.130749E+00
 -.210000E+00 0.124096E+00
 -.190000E+00 0.117453E+00
 -.170000E+00 0.110819E+00
 -.150000E+00 0.104195E+00
 -.130000E+00 0.975817E-01
 -.110000E+00 0.909793E-01
 -.900000E-01 0.843880E-01
 -.700000E-01 0.778082E-01
 -.500000E-01 0.712403E-01
 -.300000E-01 0.646844E-01
 -.100000E-01 0.581409E-01
 0.100000E-01 0.516101E-01
 0.300000E-01 0.450923E-01
 0.500000E-01 0.385877E-01
 0.700000E-01 0.320967E-01
 0.900000E-01 0.256195E-01
 0.110000E+00 0.191563E-01
 0.130000E+00 0.127074E-01
 0.150000E+00 0.627314E-02
 0.170000E+00 -.146374E-03
 0.190000E+00 -.655086E-02
 0.210000E+00 -.129401E-01
 0.230000E+00 -.193139E-01
 0.250000E+00 -.256720E-01
 0.270000E+00 -.320142E-01
 0.290000E+00 -.383403E-01
 0.310000E+00 -.446501E-01
 0.330000E+00 -.509434E-01
 0.350000E+00 -.572201E-01
 0.370000E+00 -.634800E-01
 0.390000E+00 -.697229E-01
 0.410000E+00 -.759486E-01
 0.430000E+00 -.821570E-01
 0.450000E+00 -.883479E-01
 0.470000E+00 -.945212E-01
 0.490000E+00 -.100677E+00
 0.510000E+00 -.106814E+00
 0.530000E+00 -.112934E+00
 0.550000E+00 -.119036E+00
 0.570000E+00 -.125119E+00
 0.590000E+00 -.131184E+00
 0.610000E+00 -.137230E+00
 0.630000E+00 -.143258E+00
 0.650000E+00 -.149267E+00
 0.670000E+00 -.155257E+00
 0.690000E+00 -.161229E+00
 0.710000E+00 -.167181E+00
 0.730000E+00 -.173115E+00
 0.750000E+00 -.179029E+00
 0.770000E+00 -.184924E+00
 0.790000E+00 -.190800E+00
 0.810000E+00 -.196657E+00
 0.830000E+00 -.202494E+00
 0.850000E+00 -.208312E+00
 0.870000E+00 -.214111E+00
 0.890000E+00 -.219889E+00
 0.910000E+00 -.222744E+00
 0.930000E+00 -.222695E+00
 0.950000E+00 -.222659E+00
 0.970000E+00 -.222638E+00
 0.990000E+00 -.222631E+00




































































































 -.990000E+00 0.659800E-01
 -.970000E+00 0.545571E-01
 -.950000E+00 0.430189E-01
 -.930000E+00 0.313666E-01
 -.910000E+00 0.196015E-01
 -.890000E+00 0.116540E-01
 -.870000E+00 0.760371E-02
 -.850000E+00 0.354762E-02
 -.830000E+00 -.514182E-03
 -.810000E+00 -.458165E-02
 -.790000E+00 -.865472E-02
 -.770000E+00 -.127333E-01
 -.750000E+00 -.168174E-01
 -.730000E+00 -.209069E-01
 -.710000E+00 -.250018E-01
 -.690000E+00 -.291020E-01
 -.670000E+00 -.332073E-01
 -.650000E+00 -.373179E-01
 -.630000E+00 -.414336E-01
 -.610000E+00 -.455542E-01
 -.590000E+00 -.496799E-01
 -.570000E+00 -.538104E-01
 -.550000E+00 -.579458E-01
 -.530000E+00 -.620859E-01
 -.510000E+00 -.662307E-01
 -.490000E+00 -.703801E-01
 -.470000E+00 -.745341E-01
 -.450000E+00 -.786925E-01
 -.430000E+00 -.828553E-01
 -.410000E+00 -.870224E-01
 -.390000E+00 -.911938E-01
 -.370000E+00 -.953693E-01
 -.350000E+00 -.995489E-01
 -.330000E+00 -.103733E+00
 -.310000E+00 -.107920E+00
 -.290000E+00 -.112111E+00
 -.270000E+00 -.116307E+00
 -.250000E+00 -.120505E+00
 -.230000E+00 -.124708E+00
 -.210000E+00 -.128914E+00
 -.190000E+00 -.133123E+00
 -.170000E+00 -.137335E+00
 -.150000E+00 -.141551E+00
 -.130000E+00 -.145770E+00
 -.110000E+00 -.149992E+00
 -.900000E-01 -.154217E+00
 -.700000E-01 -.158445E+00
 -.500000E-01 -.162676E+00
 -.300000E-01 -.166910E+00
 -.100000E-01 -.171146E+00
 0.100000E-01 -.175384E+00
 0.300000E-01 -.179625E+00
 0.500000E-01 -.183868E+00
 0.700000E-01 -.188114E+00
 0.900000E-01 -.192361E+00
 0.110000E+00 -.196611E+00
 0.130000E+00 -.200862E+00
 0.150000E+00 -.205116E+00
 0.170000E+00 -.209371E+00
 0.190000E+00 -.213627E+00
 0.210000E+00 -.217885E+00
 0.230000E+00 -.222145E+00
 0.250000E+00 -.226406E+00
 0.270000E+00 -.230668E+00
 0.290000E+00 -.234931E+00
 0.310000E+00 -.239195E+00
 0.330000E+00 -.243460E+00
 0.350000E+00 -.247725E+00
 0.370000E+00 -.251991E+00
 0.390000E+00 -.256258E+00
 0.410000E+00 -.260525E+00
 0.430000E+00 -.264793E+00
 0.450000E+00 -.269060E+00
 0.470000E+00 -.273328E+00
 0.490000E+00 -.277596E+00
 0.510000E+00 -.281863E+00
 0.530000E+00 -.286130E+00
 0.550000E+00 -.290397E+00
 0.570000E+00 -.294663E+00
 0.590000E+00 -.298929E+00
 0.610000E+00 -.303193E+00
 0.630000E+00 -.307457E+00
 0.650000E+00 -.311720E+00
 0.670000E+00 -.315982E+00
 0.690000E+00 -.320242E+00
 0.710000E+00 -.324501E+00
 0.730000E+00 -.328759E+00
 0.750000E+00 -.333014E+00
 0.770000E+00 -.337268E+00
 0.790000E+00 -.341521E+00
 0.810000E+00 -.345771E+00
 0.830000E+00 -.350018E+00
 0.850000E+00 -.354264E+00
 0.870000E+00 -.358507E+00
 0.890000E+00 -.362748E+00
 0.910000E+00 -.364890E+00
 0.930000E+00 -.364929E+00
 0.950000E+00 -.364958E+00
 0.970000E+00 -.364975E+00
 0.990000E+00 -.364980E+00




































































































 -.990000E+00 -.603730E+00
 -.970000E+00 -.612936E+00
 -.950000E+00 -.622076E+00
 -.930000E+00 -.631148E+00
 -.910000E+00 -.640149E+00
 -.890000E+00 -.644808E+00
 -.870000E+00 -.645179E+00
 -.850000E+00 -.645550E+00
 -.830000E+00 -.645922E+00
 -.810000E+00 -.646293E+00
 -.790000E+00 -.646663E+00
 -.770000E+00 -.647034E+00
 -.750000E+00 -.647405E+00
 -.730000E+00 -.647775E+00
 -.710000E+00 -.648145E+00
 -.690000E+00 -.648515E+00
 -.670000E+00 -.648885E+00
 -.650000E+00 -.649255E+00
 -.630000E+00 -.649625E+00
 -.610000E+00 -.649994E+00
 -.590000E+00 -.650363E+00
 -.570000E+00 -.650733E+00
 -.550000E+00 -.651102E+00
 -.530000E+00 -.651471E+00
 -.510000E+00 -.651839E+00
 -.490000E+00 -.652208E+00
 -.470000E+00 -.652576E+00
 -.450000E+00 -.652944E+00
 -.430000E+00 -.653312E+00
 -.410000E+00 -.653680E+00
 -.390000E+00 -.654048E+00
 -.370000E+00 -.654416E+00
 -.350000E+00 -.654783E+00
 -.330000E+00 -.655151E+00
 -.310000E+00 -.655518E+00
 -.290000E+00 -.655885E+00
 -.270000E+00 -.656252E+00
 -.250000E+00 -.656618E+00
 -.230000E+00 -.656985E+00
 -.210000E+00 -.657351E+00
 -.190000E+00 -.657718E+00
 -.170000E+00 -.658084E+00
 -.150000E+00 -.658450E+00
 -.130000E+00 -.658815E+00
 -.110000E+00 -.659181E+00
 -.900000E-01 -.659546E+00
 -.700000E-01 -.659912E+00
 -.500000E-01 -.660277E+00
 -.300000E-01 -.660642E+00
 -.100000E-01 -.661007E+00
 0.100000E-01 -.661371E+00
 0.300000E-01 -.661736E+00
 0.500000E-01 -.662100E+00
 0.700000E-01 -.662464E+00
 0.900000E-01 -.662829E+00
 0.110000E+00 -.663192E+00
 0.130000E+00 -.663556E+00
 0.150000E+00 -.663920E+00
 0.170000E+00 -.664283E+00
 0.190000E+00 -.664647E+00
 0.210000E+00 -.665010E+00
 0.230000E+00 -.665373E+00
 0.250000E+00 -.665735E+00
 0.270000E+00 -.666098E+00
 0.290000E+00 -.666461E+00
 0.310000E+00 -.666823E+00
 0.330000E+00 -.667185E+00
 0.350000E+00 -.667547E+00
 0.370000E+00 -.667909E+00
 0.390000E+00 -.668271E+00
 0.410000E+00 -.668632E+00
 0.430000E+00 -.668994E+00
 0.450000E+00 -.669355E+00
 0.470000E+00 -.669716E+00
 0.490000E+00 -.670077E+00
 0.510000E+00 -.670438E+00
 0.530000E+00 -.670798E+00
 0.550000E+00 -.671159E+00
 0.570000E+00 -.671519E+00
 0.590000E+00 -.671879E+00
 0.610000E+00 -.672239E+00
 0.630000E+00 -.672599E+00
 0.650000E+00 -.672959E+00
 0.670000E+00 -.673318E+00
 0.690000E+00 -.673677E+00
 0.710000E+00 -.674037E+00
 0.730000E+00 -.674396E+00
 0.750000E+00 -.674754E+00
 0.770000E+00 -.675113E+00
 0.790000E+00 -.675472E+00
 0.810000E+00 -.675830E+00
 0.830000E+00 -.676188E+00
 0.850000E+00 -.676546E+00
 0.870000E+00 -.676904E+00
 0.890000E+00 -.677262E+00
 0.910000E+00 -.677449E+00
 0.930000E+00 -.677463E+00
 0.950000E+00 -.677473E+00
 0.970000E+00 -.677479E+00
 0.990000E+00 -.677481E+00




































































































 -.990000E+00 -.969761E+00
 -.970000E+00 -.971330E+00
 -.950000E+00 -.972849E+00
 -.930000E+00 -.974320E+00
 -.910000E+00 -.975742E+00
 -.890000E+00 -.976099E+00
 -.870000E+00 -.975421E+00
 -.850000E+00 -.974733E+00
 -.830000E+00 -.974036E+00
 -.810000E+00 -.973329E+00
 -.790000E+00 -.972613E+00
 -.770000E+00 -.971888E+00
 -.750000E+00 -.971153E+00
 -.730000E+00 -.970409E+00
 -.710000E+00 -.969655E+00
 -.690000E+00 -.968892E+00
 -.670000E+00 -.968120E+00
 -.650000E+00 -.967338E+00
 -.630000E+00 -.966547E+00
 -.610000E+00 -.965746E+00
 -.590000E+00 -.964936E+00
 -.570000E+00 -.964117E+00
 -.550000E+00 -.963288E+00
 -.530000E+00 -.962450E+00
 -.510000E+00 -.961603E+00
 -.490000E+00 -.960746E+00
 -.470000E+00 -.959880E+00
 -.450000E+00 -.959004E+00
 -.430000E+00 -.958119E+00
 -.410000E+00 -.957224E+00
 -.390000E+00 -.956321E+00
 -.370000E+00 -.955407E+00
 -.350000E+00 -.954485E+00
 -.330000E+00 -.953553E+00
 -.310000E+00 -.952612E+00
 -.290000E+00 -.951661E+00
 -.270000E+00 -.950701E+00
 -.250000E+00 -.949731E+00
 -.230000E+00 -.948753E+00
 -.210000E+00 -.947764E+00
 -.190000E+00 -.946767E+00
 -.170000E+00 -.945760E+00
 -.150000E+00 -.944744E+00
 -.130000E+00 -.943718E+00
 -.110000E+00 -.942683E+00
 -.900000E-01 -.941638E+00
 -.700000E-01 -.940585E+00
 -.500000E-01 -.939521E+00
 -.300000E-01 -.938449E+00
 -.100000E-01 -.937367E+00
 0.100000E-01 -.936276E+00
 0.300000E-01 -.935175E+00
 0.500000E-01 -.934065E+00
 0.700000E-01 -.932945E+00
 0.900000E-01 -.931817E+00
 0.110000E+00 -.930678E+00
 0.130000E+00 -.929531E+00
 0.150000E+00 -.928374E+00
 0.170000E+00 -.927208E+00
 0.190000E+00 -.926032E+00
 0.210000E+00 -.924847E+00
 0.230000E+00 -.923652E+00
 0.250000E+00 -.922448E+00
 0.270000E+00 -.921235E+00
 0.290000E+00 -.920013E+00
 0.310000E+00 -.918781E+00
 0.330000E+00 -.917539E+00
 0.350000E+00 -.916289E+00
 0.370000E+00 -.915029E+00
 0.390000E+00 -.913759E+00
 0.410000E+00 -.912480E+00
 0.430000E+00 -.911192E+00
 0.450000E+00 -.909894E+00
 0.470000E+00 -.908587E+00
 0.490000E+00 -.907271E+00
 0.510000E+00 -.905945E+00
 0.530000E+00 -.904610E+00
 0.550000E+00 -.903266E+00
 0.570000E+00 -.901912E+00
 0.590000E+00 -.900548E+00
 0.610000E+00 -.899176E+00
 0.630000E+00 -.897794E+00
 0.650000E+00 -.896402E+00
 0.670000E+00 -.895001E+00
 0.690000E+00 -.893591E+00
 0.710000E+00 -.892171E+00
 0.730000E+00 -.890742E+00
 0.750000E+00 -.889304E+00
 0.770000E+00 -.887856E+00
 0.790000E+00 -.886399E+00
 0.810000E+00 -.884932E+00
 0.830000E+00 -.883456E+00
 0.850000E+00 -.881971E+00
 0.870000E+00 -.880476E+00
 0.890000E+00 -.878972E+00
 0.910000E+00 -.878219E+00
 0.930000E+00 -.878224E+00
 0.950000E+00 -.878227E+00
 0.970000E+00 -.878229E+00
 0.990000E+00 -.878229E+00




































































































 -.990000E+00 -.821724E+00
 -.970000E+00 -.824776E+00
 -.950000E+00 -.827769E+00
 -.930000E+00 -.830704E+00
 -.910000E+00 -.833582E+00
 -.890000E+00 -.837027E+00
 -.870000E+00 -.841045E+00
 -.850000E+00 -.845016E+00
 -.830000E+00 -.848940E+00
 -.810000E+00 -.852815E+00
 -.790000E+00 -.856643E+00
 -.770000E+00 -.860423E+00
 -.750000E+00 -.864154E+00
 -.730000E+00 -.867837E+00
 -.710000E+00 -.871472E+00
 -.690000E+00 -.875058E+00
 -.670000E+00 -.878595E+00
 -.650000E+00 -.882084E+00
 -.630000E+00 -.885523E+00
 -.610000E+00 -.888914E+00
 -.590000E+00 -.892255E+00
 -.570000E+00 -.895547E+00
 -.550000E+00 -.898790E+00
 -.530000E+00 -.901983E+00
 -.510000E+00 -.905127E+00
 -.490000E+00 -.908221E+00
 -.470000E+00 -.911265E+00
 -.450000E+00 -.914260E+00
 -.430000E+00 -.917204E+00
 -.410000E+00 -.920098E+00
 -.390000E+00 -.922942E+00
 -.370000E+00 -.925736E+00
 -.350000E+00 -.928480E+00
 -.330000E+00 -.931173E+00
 -.310000E+00 -.933815E+00
 -.290000E+00 -.936407E+00
 -.270000E+00 -.938948E+00
 -.250000E+00 -.941438E+00
 -.230000E+00 -.943878E+00
 -.210000E+00 -.946266E+00
 -.190000E+00 -.948604E+00
 -.170000E+00 -.950890E+00
 -.150000E+00 -.953126E+00
 -.130000E+00 -.955310E+00
 -.110000E+00 -.957442E+00
 -.900000E-01 -.959524E+00
 -.700000E-01 -.961553E+00
 -.500000E-01 -.963532E+00
 -.300000E-01 -.965458E+00
 -.100000E-01 -.967333E+00
 0.100000E-01 -.969157E+00
 0.300000E-01 -.970928E+00
 0.500000E-01 -.972648E+00
 0.700000E-01 -.974316E+00
 0.900000E-01 -.975931E+00
 0.110000E+00 -.977495E+00
 0.130000E+00 -.979007E+00
 0.150000E+00 -.980466E+00
 0.170000E+00 -.981873E+00
 0.190000E+00 -.983228E+00
 0.210000E+00 -.984531E+00
 0.230000E+00 -.985782E+00
 0.250000E+00 -.986979E+00
 0.270000E+00 -.988125E+00
 0.290000E+00 -.989218E+00
 0.310000E+00 -.990259E+00
 0.330000E+00 -.991246E+00
 0.350000E+00 -.992182E+00
 0.370000E+00 -.993064E+00
 0.390000E+00 -.993894E+00
 0.410000E+00 -.994671E+00
 0.430000E+00 -.995396E+00
 0.450000E+00 -.996067E+00
 0.470000E+00 -.996686E+00
 0.490000E+00 -.997251E+00
 0.510000E+00 -.997764E+00
 0.530000E+00 -.998224E+00
 0.550000E+00 -.998631E+00
 0.570000E+00 -.998984E+00
 0.590000E+00 -.999285E+00
 0.610000E+00 -.999533E+00
 0.630000E+00 -.999727E+00
 0.650000E+00 -.999868E+00
 0.670000E+00 -.999957E+00
 0.690000E+00 -.999992E+00
 0.710000E+00 -.999973E+00
 0.730000E+00 -.999902E+00
 0.750000E+00 -.999777E+00
 0.770000E+00 -.999599E+00
 0.790000E+00 -.999367E+00
 0.810000E+00 -.999083E+00
 0.830000E+00 -.998745E+00
 0.850000E+00 -.998353E+00
 0.870000E+00 -.997909E+00
 0.890000E+00 -.997411E+00
 0.910000E+00 -.997142E+00
 0.930000E+00 -.997143E+00
 0.950000E+00 -.997143E+00
 0.970000E+00 -.997143E+00
 0.990000E+00 -.997143E+00




































































































 -.990000E+00 0.266551E+00
 -.970000E+00 0.256170E+00
 -.950000E+00 0.245628E+00
 -.930000E+00 0.234932E+00
 -.910000E+00 0.224088E+00
 -.890000E+00 0.215709E+00
 -.870000E+00 0.209865E+00
 -.850000E+00 0.203971E+00
 -.830000E+00 0.198027E+00
 -.810000E+00 0.192034E+00
 -.790000E+00 0.185995E+00
 -.770000E+00 0.179910E+00
 -.750000E+00 0.173780E+00
 -.730000E+00 0.167607E+00
 -.710000E+00 0.161392E+00
 -.690000E+00 0.155137E+00
 -.670000E+00 0.148842E+00
 -.650000E+00 0.142509E+00
 -.630000E+00 0.136139E+00
 -.610000E+00 0.129734E+00
 -.590000E+00 0.123295E+00
 -.570000E+00 0.116823E+00
 -.550000E+00 0.110320E+00
 -.530000E+00 0.103787E+00
 -.510000E+00 0.972257E-01
 -.490000E+00 0.906372E-01
 -.470000E+00 0.840231E-01
 -.450000E+00 0.773848E-01
 -.430000E+00 0.707236E-01
 -.410000E+00 0.640411E-01
 -.390000E+00 0.573387E-01
 -.370000E+00 0.506178E-01
 -.350000E+00 0.438800E-01
 -.330000E+00 0.371266E-01
 -.310000E+00 0.303592E-01
 -.290000E+00 0.235793E-01
 -.270000E+00 0.167882E-01
 -.250000E+00 0.998759E-02
 -.230000E+00 0.317884E-02
 -.210000E+00 -.363652E-02
 -.190000E+00 -.104570E-01
 -.170000E+00 -.172811E-01
 -.150000E+00 -.241073E-01
 -.130000E+00 -.309341E-01
 -.110000E+00 -.377600E-01
 -.900000E-01 -.445836E-01
 -.700000E-01 -.514032E-01
 -.500000E-01 -.582175E-01
 -.300000E-01 -.650249E-01
 -.100000E-01 -.718239E-01
 0.100000E-01 -.786130E-01
 0.300000E-01 -.853907E-01
 0.500000E-01 -.921556E-01
 0.700000E-01 -.989062E-01
 0.900000E-01 -.105641E+00
 0.110000E+00 -.112358E+00
 0.130000E+00 -.119057E+00
 0.150000E+00 -.125735E+00
 0.170000E+00 -.132392E+00
 0.190000E+00 -.139026E+00
 0.210000E+00 -.145635E+00
 0.230000E+00 -.152217E+00
 0.250000E+00 -.158773E+00
 0.270000E+00 -.165299E+00
 0.290000E+00 -.171796E+00
 0.310000E+00 -.178260E+00
 0.330000E+00 -.184692E+00
 0.350000E+00 -.191089E+00
 0.370000E+00 -.197450E+00
 0.390000E+00 -.203773E+00
 0.410000E+00 -.210059E+00
 0.430000E+00 -.216304E+00
 0.450000E+00 -.222508E+00
 0.470000E+00 -.228669E+00
 0.490000E+00 -.234787E+00
 0.510000E+00 -.240859E+00
 0.530000E+00 -.246885E+00
 0.550000E+00 -.252863E+00
 0.570000E+00 -.258792E+00
 0.590000E+00 -.264670E+00
 0.610000E+00 -.270497E+00
 0.630000E+00 -.276272E+00
 0.650000E+00 -.281992E+00
 0.670000E+00 -.287658E+00
 0.690000E+00 -.293266E+00
 0.710000E+00 -.298818E+00
 0.730000E+00 -.304311E+00
 0.750000E+00 -.309744E+00
 0.770000E+00 -.315116E+00
 0.790000E+00 -.320426E+00
 0.810000E+00 -.325673E+00
 0.830000E+00 -.330856E+00
 0.850000E+00 -.335974E+00
 0.870000E+00 -.341025E+00
 0.890000E+00 -.346010E+00
 0.910000E+00 -.348477E+00
 0.930000E+00 -.348478E+00
 0.950000E+00 -.348478E+00
 0.970000E+00 -.348479E+00
 0.990000E+00 -.348479E+00




































































































 -.990000E+00 0.165298E+00
 -.970000E+00 0.165148E+00
 -.950000E+00 0.164711E+00
 -.930000E+00 0.163986E+00
 -.910000E+00 0.162970E+00
 -.890000E+00 0.163576E+00
 -.870000E+00 0.165903E+00
 -.850000E+00 0.168070E+00
 -.830000E+00 0.170074E+00
 -.810000E+00 0.171913E+00
 -.790000E+00 0.173587E+00
 -.770000E+00 0.175092E+00
 -.750000E+00 0.176427E+00
 -.730000E+00 0.177592E+00
 -.710000E+00 0.178584E+00
 -.690000E+00 0.179403E+00
 -.670000E+00 0.180048E+00
 -.650000E+00 0.180517E+00
 -.630000E+00 0.180812E+00
 -.610000E+00 0.180930E+00
 -.590000E+00 0.180872E+00
 -.570000E+00 0.180638E+00
 -.550000E+00 0.180228E+00
 -.530000E+00 0.179643E+00
 -.510000E+00 0.178882E+00
 -.490000E+00 0.177946E+00
 -.470000E+00 0.176836E+00
 -.450000E+00 0.175554E+00
 -.430000E+00 0.174100E+00
 -.410000E+00 0.172475E+00
 -.390000E+00 0.170681E+00
 -.370000E+00 0.168720E+00
 -.350000E+00 0.166593E+00
 -.330000E+00 0.164303E+00
 -.310000E+00 0.161851E+00
 -.290000E+00 0.159240E+00
 -.270000E+00 0.156472E+00
 -.250000E+00 0.153549E+00
 -.230000E+00 0.150476E+00
 -.210000E+00 0.147253E+00
 -.190000E+00 0.143885E+00
 -.170000E+00 0.140375E+00
 -.150000E+00 0.136725E+00
 -.130000E+00 0.132940E+00
 -.110000E+00 0.129023E+00
 -.900000E-01 0.124978E+00
 -.700000E-01 0.120808E+00
 -.500000E-01 0.116517E+00
 -.300000E-01 0.112110E+00
 -.100000E-01 0.107591E+00
 0.100000E-01 0.102964E+00
 0.300000E-01 0.982340E-01
 0.500000E-01 0.934048E-01
 0.700000E-01 0.884814E-01
 0.900000E-01 0.834686E-01
 0.110000E+00 0.783710E-01
 0.130000E+00 0.731938E-01
 0.150000E+00 0.679418E-01
 0.170000E+00 0.626202E-01
 0.190000E+00 0.572342E-01
 0.210000E+00 0.517888E-01
 0.230000E+00 0.462895E-01
 0.250000E+00 0.407416E-01
 0.270000E+00 0.351504E-01
 0.290000E+00 0.295214E-01
 0.310000E+00 0.238601E-01
 0.330000E+00 0.181720E-01
 0.350000E+00 0.124626E-01
 0.370000E+00 0.673758E-02
 0.390000E+00 0.100247E-02
 0.410000E+00 -.473713E-02
 0.430000E+00 -.104756E-01
 0.450000E+00 -.162073E-01
 0.470000E+00 -.219266E-01
 0.490000E+00 -.276280E-01
 0.510000E+00 -.333059E-01
 0.530000E+00 -.389546E-01
 0.550000E+00 -.445686E-01
 0.570000E+00 -.501425E-01
 0.590000E+00 -.556707E-01
 0.610000E+00 -.611478E-01
 0.630000E+00 -.665685E-01
 0.650000E+00 -.719274E-01
 0.670000E+00 -.772192E-01
 0.690000E+00 -.824388E-01
 0.710000E+00 -.875809E-01
 0.730000E+00 -.926406E-01
 0.750000E+00 -.976128E-01
 0.770000E+00 -.102493E+00
 0.790000E+00 -.107275E+00
 0.810000E+00 -.111956E+00
 0.830000E+00 -.116530E+00
 0.850000E+00 -.120994E+00
 0.870000E+00 -.125342E+00
 0.890000E+00 -.129570E+00
 0.910000E+00 -.131638E+00
 0.930000E+00 -.131638E+00
 0.950000E+00 -.131638E+00
 0.970000E+00 -.131638E+00
 0.990000E+00 -.131638E+00




































































































 -.990000E+00 -.130287E-01
 -.970000E+00 -.122939E-01
 -.950000E+00 -.879915E-02
 -.930000E+00 -.405599E-02
 -.910000E+00 -.117634E-03
 -.890000E+00 0.358798E-02
 -.870000E+00 0.736095E-02
 -.850000E+00 0.794704E-02
 -.830000E+00 0.509041E-02
 -.810000E+00 0.266062E-04
 -.790000E+00 -.505179E-02
 -.770000E+00 -.794456E-02
 -.750000E+00 -.739707E-02
 -.730000E+00 -.364444E-02
 -.710000E+00 0.168943E-02
 -.690000E+00 0.629458E-02
 -.670000E+00 0.817536E-02
 -.650000E+00 0.651528E-02
 -.630000E+00 0.203142E-02
 -.610000E+00 -.333527E-02
 -.590000E+00 -.726020E-02
 -.570000E+00 -.804199E-02
 -.550000E+00 -.534004E-02
 -.530000E+00 -.322856E-03
 -.510000E+00 0.483724E-02
 -.490000E+00 0.790472E-02
 -.470000E+00 0.754930E-02
 -.450000E+00 0.392290E-02
 -.430000E+00 -.140530E-02
 -.410000E+00 -.612788E-02
 -.390000E+00 -.819839E-02
 -.370000E+00 -.671817E-02
 -.350000E+00 -.232639E-02
 -.330000E+00 0.307598E-02
 -.310000E+00 0.714893E-02
 -.290000E+00 0.812705E-02
 -.270000E+00 0.558469E-02
 -.250000E+00 0.621199E-03
 -.230000E+00 -.461444E-02
 -.210000E+00 -.785402E-02
 -.190000E+00 -.769278E-02
 -.170000E+00 -.419852E-02
 -.150000E+00 0.111688E-02
 -.130000E+00 0.595161E-02
 -.110000E+00 0.821071E-02
 -.900000E-01 0.691386E-02
 -.700000E-01 0.262076E-02
 -.500000E-01 -.281039E-02
 -.300000E-01 -.702721E-02
 -.100000E-01 -.820203E-02
 0.100000E-01 -.582400E-02
 0.300000E-01 -.921255E-03
 0.500000E-01 0.438359E-02
 0.700000E-01 0.779245E-02
 0.900000E-01 0.782726E-02
 0.110000E+00 0.447090E-02
 0.130000E+00 -.824523E-03
 0.150000E+00 -.576593E-02
 0.170000E+00 -.821221E-02
 0.190000E+00 -.710201E-02
 0.210000E+00 -.291416E-02
 0.230000E+00 0.253879E-02
 0.250000E+00 0.689511E-02
 0.270000E+00 0.826673E-02
 0.290000E+00 0.605759E-02
 0.310000E+00 0.122264E-02
 0.330000E+00 -.414495E-02
 0.350000E+00 -.771998E-02
 0.370000E+00 -.795246E-02
 0.390000E+00 -.473965E-02
 0.410000E+00 0.528578E-03
 0.430000E+00 0.557099E-02
 0.450000E+00 0.820280E-02
 0.470000E+00 0.728232E-02
 0.490000E+00 0.320618E-02
 0.510000E+00 -.226151E-02
 0.530000E+00 -.675271E-02
 0.550000E+00 -.832099E-02
 0.570000E+00 -.628512E-02
 0.590000E+00 -.152496E-02
 0.610000E+00 0.389877E-02
 0.630000E+00 0.763663E-02
 0.650000E+00 0.806816E-02
 0.670000E+00 0.500439E-02
 0.690000E+00 -.229411E-03
 0.710000E+00 -.536699E-02
 0.730000E+00 -.818241E-02
 0.750000E+00 -.745447E-02
 0.770000E+00 -.349642E-02
 0.790000E+00 0.197887E-02
 0.810000E+00 0.660012E-02
 0.830000E+00 0.836464E-02
 0.850000E+00 0.650622E-02
 0.870000E+00 0.182783E-02
 0.890000E+00 -.364531E-02
 0.910000E+00 -.592321E-02
 0.930000E+00 -.592244E-02
 0.950000E+00 -.592157E-02
 0.970000E+00 -.592097E-02
 0.990000E+00 -.592091E-02




































































































