 -.990000E+00 -.591928E-02
 -.970000E+00 -.591993E-02
 -.950000E+00 -.592157E-02
 -.930000E+00 -.592347E-02
 -.910000E+00 -.592483E-02
 -.890000E+00 -.364681E-02
 -.870000E+00 0.182709E-02
 -.850000E+00 0.650656E-02
 -.830000E+00 0.836592E-02
 -.810000E+00 0.660178E-02
 -.790000E+00 0.198019E-02
 -.770000E+00 -.349600E-02
 -.750000E+00 -.745513E-02
 -.730000E+00 -.818387E-02
 -.710000E+00 -.536861E-02
 -.690000E+00 -.230503E-03
 -.670000E+00 0.500430E-02
 -.650000E+00 0.806912E-02
 -.630000E+00 0.763822E-02
 -.610000E+00 0.390030E-02
 -.590000E+00 -.152415E-02
 -.570000E+00 -.628537E-02
 -.550000E+00 -.832220E-02
 -.530000E+00 -.675435E-02
 -.510000E+00 -.226288E-02
 -.490000E+00 0.320568E-02
 -.470000E+00 0.728290E-02
 -.450000E+00 0.820421E-02
 -.430000E+00 0.557262E-02
 -.410000E+00 0.529723E-03
 -.390000E+00 -.473948E-02
 -.370000E+00 -.795334E-02
 -.350000E+00 -.772153E-02
 -.330000E+00 -.414650E-02
 -.310000E+00 0.122176E-02
 -.290000E+00 0.605776E-02
 -.270000E+00 0.826787E-02
 -.250000E+00 0.689673E-02
 -.230000E+00 0.254019E-02
 -.210000E+00 -.291359E-02
 -.190000E+00 -.710250E-02
 -.170000E+00 -.821356E-02
 -.150000E+00 -.576755E-02
 -.130000E+00 -.825717E-03
 -.110000E+00 0.447065E-02
 -.900000E-01 0.782806E-02
 -.700000E-01 0.779395E-02
 -.500000E-01 0.438515E-02
 -.300000E-01 -.920315E-03
 -.100000E-01 -.582408E-02
 0.100000E-01 -.820310E-02
 0.300000E-01 -.702880E-02
 0.500000E-01 -.281181E-02
 0.700000E-01 0.262011E-02
 0.900000E-01 0.691427E-02
 0.110000E+00 0.821200E-02
 0.130000E+00 0.595322E-02
 0.150000E+00 0.111812E-02
 0.170000E+00 -.419819E-02
 0.190000E+00 -.769350E-02
 0.210000E+00 -.785548E-02
 0.230000E+00 -.461600E-02
 0.250000E+00 0.620200E-03
 0.270000E+00 0.558469E-02
 0.290000E+00 0.812805E-02
 0.310000E+00 0.715049E-02
 0.330000E+00 0.307743E-02
 0.350000E+00 -.232567E-02
 0.370000E+00 -.671850E-02
 0.390000E+00 -.819962E-02
 0.410000E+00 -.612948E-02
 0.430000E+00 -.140658E-02
 0.450000E+00 0.392249E-02
 0.470000E+00 0.754993E-02
 0.490000E+00 0.790612E-02
 0.510000E+00 0.483881E-02
 0.530000E+00 -.321801E-03
 0.550000E+00 -.533995E-02
 0.570000E+00 -.804291E-02
 0.590000E+00 -.726172E-02
 0.610000E+00 -.333675E-02
 0.630000E+00 0.203064E-02
 0.650000E+00 0.651552E-02
 0.670000E+00 0.817653E-02
 0.690000E+00 0.629616E-02
 0.710000E+00 0.169075E-02
 0.730000E+00 -.364395E-02
 0.750000E+00 -.739762E-02
 0.770000E+00 -.794591E-02
 0.790000E+00 -.505336E-02
 0.810000E+00 0.254984E-04
 0.830000E+00 0.509024E-02
 0.850000E+00 0.794789E-02
 0.870000E+00 0.736244E-02
 0.890000E+00 0.358947E-02
 0.910000E+00 -.335402E-02
 0.930000E+00 -.855413E-02
 0.950000E+00 -.748289E-02
 0.970000E+00 -.609961E-03
 0.990000E+00 0.908420E-02




































































































 -.990000E+00 -.134321E+00
 -.970000E+00 -.134319E+00
 -.950000E+00 -.134316E+00
 -.930000E+00 -.134310E+00
 -.910000E+00 -.134302E+00
 -.890000E+00 -.132223E+00
 -.870000E+00 -.127978E+00
 -.850000E+00 -.123611E+00
 -.830000E+00 -.119125E+00
 -.810000E+00 -.114526E+00
 -.790000E+00 -.109817E+00
 -.770000E+00 -.105003E+00
 -.750000E+00 -.100090E+00
 -.730000E+00 -.950814E-01
 -.710000E+00 -.899828E-01
 -.690000E+00 -.847990E-01
 -.670000E+00 -.795353E-01
 -.650000E+00 -.741968E-01
 -.630000E+00 -.687887E-01
 -.610000E+00 -.633164E-01
 -.590000E+00 -.577853E-01
 -.570000E+00 -.522008E-01
 -.550000E+00 -.465684E-01
 -.530000E+00 -.408936E-01
 -.510000E+00 -.351821E-01
 -.490000E+00 -.294395E-01
 -.470000E+00 -.236713E-01
 -.450000E+00 -.178832E-01
 -.430000E+00 -.120810E-01
 -.410000E+00 -.627038E-02
 -.390000E+00 -.456924E-03
 -.370000E+00 0.535361E-02
 -.350000E+00 0.111555E-01
 -.330000E+00 0.169432E-01
 -.310000E+00 0.227109E-01
 -.290000E+00 0.284530E-01
 -.270000E+00 0.341639E-01
 -.250000E+00 0.398380E-01
 -.230000E+00 0.454698E-01
 -.210000E+00 0.510539E-01
 -.190000E+00 0.565847E-01
 -.170000E+00 0.620568E-01
 -.150000E+00 0.674651E-01
 -.130000E+00 0.728042E-01
 -.110000E+00 0.780689E-01
 -.900000E-01 0.832541E-01
 -.700000E-01 0.883548E-01
 -.500000E-01 0.933662E-01
 -.300000E-01 0.982832E-01
 -.100000E-01 0.103101E+00
 0.100000E-01 0.107816E+00
 0.300000E-01 0.112422E+00
 0.500000E-01 0.116915E+00
 0.700000E-01 0.121292E+00
 0.900000E-01 0.125548E+00
 0.110000E+00 0.129678E+00
 0.130000E+00 0.133679E+00
 0.150000E+00 0.137547E+00
 0.170000E+00 0.141279E+00
 0.190000E+00 0.144870E+00
 0.210000E+00 0.148318E+00
 0.230000E+00 0.151619E+00
 0.250000E+00 0.154770E+00
 0.270000E+00 0.157768E+00
 0.290000E+00 0.160610E+00
 0.310000E+00 0.163294E+00
 0.330000E+00 0.165817E+00
 0.350000E+00 0.168177E+00
 0.370000E+00 0.170371E+00
 0.390000E+00 0.172397E+00
 0.410000E+00 0.174254E+00
 0.430000E+00 0.175940E+00
 0.450000E+00 0.177454E+00
 0.470000E+00 0.178793E+00
 0.490000E+00 0.179958E+00
 0.510000E+00 0.180946E+00
 0.530000E+00 0.181757E+00
 0.550000E+00 0.182391E+00
 0.570000E+00 0.182846E+00
 0.590000E+00 0.183122E+00
 0.610000E+00 0.183220E+00
 0.630000E+00 0.183140E+00
 0.650000E+00 0.182880E+00
 0.670000E+00 0.182443E+00
 0.690000E+00 0.181828E+00
 0.710000E+00 0.181036E+00
 0.730000E+00 0.180067E+00
 0.750000E+00 0.178924E+00
 0.770000E+00 0.177607E+00
 0.790000E+00 0.176118E+00
 0.810000E+00 0.174457E+00
 0.830000E+00 0.172627E+00
 0.850000E+00 0.170630E+00
 0.870000E+00 0.168468E+00
 0.890000E+00 0.166143E+00
 0.910000E+00 0.161779E+00
 0.930000E+00 0.155466E+00
 0.950000E+00 0.149117E+00
 0.970000E+00 0.142737E+00
 0.990000E+00 0.136333E+00




































































































 -.990000E+00 -.356533E+00
 -.970000E+00 -.356533E+00
 -.950000E+00 -.356531E+00
 -.930000E+00 -.356529E+00
 -.910000E+00 -.356526E+00
 -.890000E+00 -.354099E+00
 -.870000E+00 -.349197E+00
 -.850000E+00 -.344225E+00
 -.830000E+00 -.339183E+00
 -.810000E+00 -.334074E+00
 -.790000E+00 -.328897E+00
 -.770000E+00 -.323654E+00
 -.750000E+00 -.318346E+00
 -.730000E+00 -.312975E+00
 -.710000E+00 -.307540E+00
 -.690000E+00 -.302043E+00
 -.670000E+00 -.296486E+00
 -.650000E+00 -.290869E+00
 -.630000E+00 -.285194E+00
 -.610000E+00 -.279461E+00
 -.590000E+00 -.273673E+00
 -.570000E+00 -.267829E+00
 -.550000E+00 -.261932E+00
 -.530000E+00 -.255983E+00
 -.510000E+00 -.249982E+00
 -.490000E+00 -.243932E+00
 -.470000E+00 -.237832E+00
 -.450000E+00 -.231685E+00
 -.430000E+00 -.225492E+00
 -.410000E+00 -.219254E+00
 -.390000E+00 -.212973E+00
 -.370000E+00 -.206649E+00
 -.350000E+00 -.200284E+00
 -.330000E+00 -.193880E+00
 -.310000E+00 -.187437E+00
 -.290000E+00 -.180957E+00
 -.270000E+00 -.174442E+00
 -.250000E+00 -.167892E+00
 -.230000E+00 -.161310E+00
 -.210000E+00 -.154697E+00
 -.190000E+00 -.148053E+00
 -.170000E+00 -.141380E+00
 -.150000E+00 -.134681E+00
 -.130000E+00 -.127955E+00
 -.110000E+00 -.121206E+00
 -.900000E-01 -.114433E+00
 -.700000E-01 -.107639E+00
 -.500000E-01 -.100824E+00
 -.300000E-01 -.939914E-01
 -.100000E-01 -.871413E-01
 0.100000E-01 -.802754E-01
 0.300000E-01 -.733953E-01
 0.500000E-01 -.665023E-01
 0.700000E-01 -.595981E-01
 0.900000E-01 -.526839E-01
 0.110000E+00 -.457614E-01
 0.130000E+00 -.388319E-01
 0.150000E+00 -.318970E-01
 0.170000E+00 -.249580E-01
 0.190000E+00 -.180166E-01
 0.210000E+00 -.110741E-01
 0.230000E+00 -.413210E-02
 0.250000E+00 0.280802E-02
 0.270000E+00 0.974475E-02
 0.290000E+00 0.166766E-01
 0.310000E+00 0.236022E-01
 0.330000E+00 0.305199E-01
 0.350000E+00 0.374285E-01
 0.370000E+00 0.443263E-01
 0.390000E+00 0.512119E-01
 0.410000E+00 0.580839E-01
 0.430000E+00 0.649408E-01
 0.450000E+00 0.717813E-01
 0.470000E+00 0.786037E-01
 0.490000E+00 0.854068E-01
 0.510000E+00 0.921891E-01
 0.530000E+00 0.989491E-01
 0.550000E+00 0.105686E+00
 0.570000E+00 0.112397E+00
 0.590000E+00 0.119082E+00
 0.610000E+00 0.125739E+00
 0.630000E+00 0.132367E+00
 0.650000E+00 0.138964E+00
 0.670000E+00 0.145529E+00
 0.690000E+00 0.152061E+00
 0.710000E+00 0.158558E+00
 0.730000E+00 0.165020E+00
 0.750000E+00 0.171443E+00
 0.770000E+00 0.177829E+00
 0.790000E+00 0.184174E+00
 0.810000E+00 0.190478E+00
 0.830000E+00 0.196740E+00
 0.850000E+00 0.202957E+00
 0.870000E+00 0.209130E+00
 0.890000E+00 0.215256E+00
 0.910000E+00 0.218728E+00
 0.930000E+00 0.219587E+00
 0.950000E+00 0.220453E+00
 0.970000E+00 0.221327E+00
 0.990000E+00 0.222209E+00




































































































 -.990000E+00 -.974889E+00
 -.970000E+00 -.974887E+00
 -.950000E+00 -.974882E+00
 -.930000E+00 -.974874E+00
 -.910000E+00 -.974863E+00
 -.890000E+00 -.975511E+00
 -.870000E+00 -.976795E+00
 -.850000E+00 -.978048E+00
 -.830000E+00 -.979269E+00
 -.810000E+00 -.980458E+00
 -.790000E+00 -.981614E+00
 -.770000E+00 -.982738E+00
 -.750000E+00 -.983829E+00
 -.730000E+00 -.984887E+00
 -.710000E+00 -.985911E+00
 -.690000E+00 -.986902E+00
 -.670000E+00 -.987859E+00
 -.650000E+00 -.988781E+00
 -.630000E+00 -.989670E+00
 -.610000E+00 -.990524E+00
 -.590000E+00 -.991342E+00
 -.570000E+00 -.992126E+00
 -.550000E+00 -.992874E+00
 -.530000E+00 -.993586E+00
 -.510000E+00 -.994263E+00
 -.490000E+00 -.994903E+00
 -.470000E+00 -.995506E+00
 -.450000E+00 -.996073E+00
 -.430000E+00 -.996603E+00
 -.410000E+00 -.997095E+00
 -.390000E+00 -.997549E+00
 -.370000E+00 -.997966E+00
 -.350000E+00 -.998344E+00
 -.330000E+00 -.998684E+00
 -.310000E+00 -.998985E+00
 -.290000E+00 -.999247E+00
 -.270000E+00 -.999470E+00
 -.250000E+00 -.999653E+00
 -.230000E+00 -.999796E+00
 -.210000E+00 -.999898E+00
 -.190000E+00 -.999960E+00
 -.170000E+00 -.999982E+00
 -.150000E+00 -.999962E+00
 -.130000E+00 -.999901E+00
 -.110000E+00 -.999798E+00
 -.900000E-01 -.999653E+00
 -.700000E-01 -.999466E+00
 -.500000E-01 -.999236E+00
 -.300000E-01 -.998964E+00
 -.100000E-01 -.998648E+00
 0.100000E-01 -.998289E+00
 0.300000E-01 -.997886E+00
 0.500000E-01 -.997439E+00
 0.700000E-01 -.996949E+00
 0.900000E-01 -.996413E+00
 0.110000E+00 -.995833E+00
 0.130000E+00 -.995207E+00
 0.150000E+00 -.994537E+00
 0.170000E+00 -.993820E+00
 0.190000E+00 -.993058E+00
 0.210000E+00 -.992249E+00
 0.230000E+00 -.991395E+00
 0.250000E+00 -.990493E+00
 0.270000E+00 -.989545E+00
 0.290000E+00 -.988549E+00
 0.310000E+00 -.987506E+00
 0.330000E+00 -.986415E+00
 0.350000E+00 -.985276E+00
 0.370000E+00 -.984089E+00
 0.390000E+00 -.982854E+00
 0.410000E+00 -.981570E+00
 0.430000E+00 -.980237E+00
 0.450000E+00 -.978855E+00
 0.470000E+00 -.977424E+00
 0.490000E+00 -.975943E+00
 0.510000E+00 -.974412E+00
 0.530000E+00 -.972832E+00
 0.550000E+00 -.971201E+00
 0.570000E+00 -.969520E+00
 0.590000E+00 -.967789E+00
 0.610000E+00 -.966007E+00
 0.630000E+00 -.964174E+00
 0.650000E+00 -.962289E+00
 0.670000E+00 -.960354E+00
 0.690000E+00 -.958368E+00
 0.710000E+00 -.956329E+00
 0.730000E+00 -.954240E+00
 0.750000E+00 -.952098E+00
 0.770000E+00 -.949905E+00
 0.790000E+00 -.947659E+00
 0.810000E+00 -.945361E+00
 0.830000E+00 -.943011E+00
 0.850000E+00 -.940609E+00
 0.870000E+00 -.938154E+00
 0.890000E+00 -.935647E+00
 0.910000E+00 -.932264E+00
 0.930000E+00 -.927978E+00
 0.950000E+00 -.923606E+00
 0.970000E+00 -.919151E+00
 0.990000E+00 -.914616E+00




































































































 -.990000E+00 -.931007E+00
 -.970000E+00 -.931009E+00
 -.950000E+00 -.931016E+00
 -.930000E+00 -.931027E+00
 -.910000E+00 -.931043E+00
 -.890000E+00 -.931879E+00
 -.870000E+00 -.933519E+00
 -.850000E+00 -.935137E+00
 -.830000E+00 -.936734E+00
 -.810000E+00 -.938311E+00
 -.790000E+00 -.939866E+00
 -.770000E+00 -.941400E+00
 -.750000E+00 -.942913E+00
 -.730000E+00 -.944405E+00
 -.710000E+00 -.945877E+00
 -.690000E+00 -.947327E+00
 -.670000E+00 -.948756E+00
 -.650000E+00 -.950165E+00
 -.630000E+00 -.951553E+00
 -.610000E+00 -.952920E+00
 -.590000E+00 -.954266E+00
 -.570000E+00 -.955592E+00
 -.550000E+00 -.956897E+00
 -.530000E+00 -.958181E+00
 -.510000E+00 -.959445E+00
 -.490000E+00 -.960689E+00
 -.470000E+00 -.961911E+00
 -.450000E+00 -.963114E+00
 -.430000E+00 -.964296E+00
 -.410000E+00 -.965457E+00
 -.390000E+00 -.966599E+00
 -.370000E+00 -.967720E+00
 -.350000E+00 -.968820E+00
 -.330000E+00 -.969901E+00
 -.310000E+00 -.970962E+00
 -.290000E+00 -.972002E+00
 -.270000E+00 -.973022E+00
 -.250000E+00 -.974023E+00
 -.230000E+00 -.975003E+00
 -.210000E+00 -.975964E+00
 -.190000E+00 -.976905E+00
 -.170000E+00 -.977826E+00
 -.150000E+00 -.978727E+00
 -.130000E+00 -.979609E+00
 -.110000E+00 -.980471E+00
 -.900000E-01 -.981313E+00
 -.700000E-01 -.982136E+00
 -.500000E-01 -.982940E+00
 -.300000E-01 -.983724E+00
 -.100000E-01 -.984489E+00
 0.100000E-01 -.985235E+00
 0.300000E-01 -.985961E+00
 0.500000E-01 -.986668E+00
 0.700000E-01 -.987356E+00
 0.900000E-01 -.988026E+00
 0.110000E+00 -.988676E+00
 0.130000E+00 -.989307E+00
 0.150000E+00 -.989919E+00
 0.170000E+00 -.990513E+00
 0.190000E+00 -.991088E+00
 0.210000E+00 -.991644E+00
 0.230000E+00 -.992182E+00
 0.250000E+00 -.992701E+00
 0.270000E+00 -.993202E+00
 0.290000E+00 -.993684E+00
 0.310000E+00 -.994148E+00
 0.330000E+00 -.994593E+00
 0.350000E+00 -.995021E+00
 0.370000E+00 -.995430E+00
 0.390000E+00 -.995821E+00
 0.410000E+00 -.996194E+00
 0.430000E+00 -.996549E+00
 0.450000E+00 -.996887E+00
 0.470000E+00 -.997206E+00
 0.490000E+00 -.997508E+00
 0.510000E+00 -.997792E+00
 0.530000E+00 -.998058E+00
 0.550000E+00 -.998307E+00
 0.570000E+00 -.998538E+00
 0.590000E+00 -.998752E+00
 0.610000E+00 -.998949E+00
 0.630000E+00 -.999128E+00
 0.650000E+00 -.999290E+00
 0.670000E+00 -.999435E+00
 0.690000E+00 -.999563E+00
 0.710000E+00 -.999674E+00
 0.730000E+00 -.999768E+00
 0.750000E+00 -.999845E+00
 0.770000E+00 -.999906E+00
 0.790000E+00 -.999949E+00
 0.810000E+00 -.999976E+00
 0.830000E+00 -.999986E+00
 0.850000E+00 -.999980E+00
 0.870000E+00 -.999957E+00
 0.890000E+00 -.999918E+00
 0.910000E+00 -.999794E+00
 0.930000E+00 -.999494E+00
 0.950000E+00 -.999061E+00
 0.970000E+00 -.998497E+00
 0.990000E+00 -.997807E+00




































































































 -.990000E+00 -.735533E+00
 -.970000E+00 -.735535E+00
 -.950000E+00 -.735541E+00
 -.930000E+00 -.735550E+00
 -.910000E+00 -.735563E+00
 -.890000E+00 -.735735E+00
 -.870000E+00 -.736064E+00
 -.850000E+00 -.736393E+00
 -.830000E+00 -.736721E+00
 -.810000E+00 -.737050E+00
 -.790000E+00 -.737378E+00
 -.770000E+00 -.737706E+00
 -.750000E+00 -.738035E+00
 -.730000E+00 -.738362E+00
 -.710000E+00 -.738690E+00
 -.690000E+00 -.739018E+00
 -.670000E+00 -.739345E+00
 -.650000E+00 -.739672E+00
 -.630000E+00 -.739999E+00
 -.610000E+00 -.740326E+00
 -.590000E+00 -.740652E+00
 -.570000E+00 -.740979E+00
 -.550000E+00 -.741305E+00
 -.530000E+00 -.741631E+00
 -.510000E+00 -.741957E+00
 -.490000E+00 -.742283E+00
 -.470000E+00 -.742608E+00
 -.450000E+00 -.742934E+00
 -.430000E+00 -.743259E+00
 -.410000E+00 -.743584E+00
 -.390000E+00 -.743909E+00
 -.370000E+00 -.744234E+00
 -.350000E+00 -.744558E+00
 -.330000E+00 -.744883E+00
 -.310000E+00 -.745207E+00
 -.290000E+00 -.745531E+00
 -.270000E+00 -.745855E+00
 -.250000E+00 -.746178E+00
 -.230000E+00 -.746502E+00
 -.210000E+00 -.746825E+00
 -.190000E+00 -.747148E+00
 -.170000E+00 -.747471E+00
 -.150000E+00 -.747794E+00
 -.130000E+00 -.748116E+00
 -.110000E+00 -.748439E+00
 -.900000E-01 -.748761E+00
 -.700000E-01 -.749083E+00
 -.500000E-01 -.749405E+00
 -.300000E-01 -.749726E+00
 -.100000E-01 -.750048E+00
 0.100000E-01 -.750369E+00
 0.300000E-01 -.750690E+00
 0.500000E-01 -.751011E+00
 0.700000E-01 -.751332E+00
 0.900000E-01 -.751653E+00
 0.110000E+00 -.751973E+00
 0.130000E+00 -.752294E+00
 0.150000E+00 -.752614E+00
 0.170000E+00 -.752934E+00
 0.190000E+00 -.753253E+00
 0.210000E+00 -.753573E+00
 0.230000E+00 -.753892E+00
 0.250000E+00 -.754211E+00
 0.270000E+00 -.754530E+00
 0.290000E+00 -.754849E+00
 0.310000E+00 -.755168E+00
 0.330000E+00 -.755486E+00
 0.350000E+00 -.755805E+00
 0.370000E+00 -.756123E+00
 0.390000E+00 -.756441E+00
 0.410000E+00 -.756759E+00
 0.430000E+00 -.757076E+00
 0.450000E+00 -.757394E+00
 0.470000E+00 -.757711E+00
 0.490000E+00 -.758028E+00
 0.510000E+00 -.758345E+00
 0.530000E+00 -.758661E+00
 0.550000E+00 -.758978E+00
 0.570000E+00 -.759294E+00
 0.590000E+00 -.759610E+00
 0.610000E+00 -.759926E+00
 0.630000E+00 -.760242E+00
 0.650000E+00 -.760558E+00
 0.670000E+00 -.760873E+00
 0.690000E+00 -.761188E+00
 0.710000E+00 -.761504E+00
 0.730000E+00 -.761818E+00
 0.750000E+00 -.762133E+00
 0.770000E+00 -.762448E+00
 0.790000E+00 -.762762E+00
 0.810000E+00 -.763076E+00
 0.830000E+00 -.763390E+00
 0.850000E+00 -.763704E+00
 0.870000E+00 -.764018E+00
 0.890000E+00 -.764331E+00
 0.910000E+00 -.768237E+00
 0.930000E+00 -.775649E+00
 0.950000E+00 -.782943E+00
 0.970000E+00 -.790119E+00
 0.990000E+00 -.797175E+00




































































































 -.990000E+00 -.478229E+00
 -.970000E+00 -.478230E+00
 -.950000E+00 -.478233E+00
 -.930000E+00 -.478239E+00
 -.910000E+00 -.478247E+00
 -.890000E+00 -.476861E+00
 -.870000E+00 -.474078E+00
 -.850000E+00 -.471292E+00
 -.830000E+00 -.468501E+00
 -.810000E+00 -.465707E+00
 -.790000E+00 -.462910E+00
 -.770000E+00 -.460108E+00
 -.750000E+00 -.457304E+00
 -.730000E+00 -.454495E+00
 -.710000E+00 -.451684E+00
 -.690000E+00 -.448869E+00
 -.670000E+00 -.446050E+00
 -.650000E+00 -.443228E+00
 -.630000E+00 -.440402E+00
 -.610000E+00 -.437573E+00
 -.590000E+00 -.434741E+00
 -.570000E+00 -.431906E+00
 -.550000E+00 -.429067E+00
 -.530000E+00 -.426225E+00
 -.510000E+00 -.423379E+00
 -.490000E+00 -.420531E+00
 -.470000E+00 -.417679E+00
 -.450000E+00 -.414824E+00
 -.430000E+00 -.411965E+00
 -.410000E+00 -.409104E+00
 -.390000E+00 -.406239E+00
 -.370000E+00 -.403372E+00
 -.350000E+00 -.400501E+00
 -.330000E+00 -.397627E+00
 -.310000E+00 -.394750E+00
 -.290000E+00 -.391870E+00
 -.270000E+00 -.388987E+00
 -.250000E+00 -.386101E+00
 -.230000E+00 -.383212E+00
 -.210000E+00 -.380320E+00
 -.190000E+00 -.377426E+00
 -.170000E+00 -.374528E+00
 -.150000E+00 -.371627E+00
 -.130000E+00 -.368724E+00
 -.110000E+00 -.365817E+00
 -.900000E-01 -.362908E+00
 -.700000E-01 -.359996E+00
 -.500000E-01 -.357081E+00
 -.300000E-01 -.354164E+00
 -.100000E-01 -.351244E+00
 0.100000E-01 -.348321E+00
 0.300000E-01 -.345395E+00
 0.500000E-01 -.342466E+00
 0.700000E-01 -.339535E+00
 0.900000E-01 -.336601E+00
 0.110000E+00 -.333665E+00
 0.130000E+00 -.330726E+00
 0.150000E+00 -.327784E+00
 0.170000E+00 -.324840E+00
 0.190000E+00 -.321893E+00
 0.210000E+00 -.318944E+00
 0.230000E+00 -.315992E+00
 0.250000E+00 -.313038E+00
 0.270000E+00 -.310081E+00
 0.290000E+00 -.307121E+00
 0.310000E+00 -.304160E+00
 0.330000E+00 -.301195E+00
 0.350000E+00 -.298229E+00
 0.370000E+00 -.295260E+00
 0.390000E+00 -.292288E+00
 0.410000E+00 -.289314E+00
 0.430000E+00 -.286338E+00
 0.450000E+00 -.283360E+00
 0.470000E+00 -.280379E+00
 0.490000E+00 -.277396E+00
 0.510000E+00 -.274410E+00
 0.530000E+00 -.271423E+00
 0.550000E+00 -.268433E+00
 0.570000E+00 -.265441E+00
 0.590000E+00 -.262446E+00
 0.610000E+00 -.259450E+00
 0.630000E+00 -.256451E+00
 0.650000E+00 -.253450E+00
 0.670000E+00 -.250447E+00
 0.690000E+00 -.247442E+00
 0.710000E+00 -.244435E+00
 0.730000E+00 -.241425E+00
 0.750000E+00 -.238414E+00
 0.770000E+00 -.235400E+00
 0.790000E+00 -.232385E+00
 0.810000E+00 -.229367E+00
 0.830000E+00 -.226348E+00
 0.850000E+00 -.223326E+00
 0.870000E+00 -.220302E+00
 0.890000E+00 -.217277E+00
 0.910000E+00 -.218876E+00
 0.930000E+00 -.225121E+00
 0.950000E+00 -.231392E+00
 0.970000E+00 -.237689E+00
 0.990000E+00 -.244011E+00




































































































 -.990000E+00 -.754356E-01
 -.970000E+00 -.754368E-01
 -.950000E+00 -.754406E-01
 -.930000E+00 -.754470E-01
 -.910000E+00 -.754558E-01
 -.890000E+00 -.718165E-01
 -.870000E+00 -.645263E-01
 -.850000E+00 -.572341E-01
 -.830000E+00 -.499403E-01
 -.810000E+00 -.426452E-01
 -.790000E+00 -.353492E-01
 -.770000E+00 -.280525E-01
 -.750000E+00 -.207555E-01
 -.730000E+00 -.134586E-01
 -.710000E+00 -.616214E-02
 -.690000E+00 0.113365E-02
 -.670000E+00 0.842839E-02
 -.650000E+00 0.157217E-01
 -.630000E+00 0.230134E-01
 -.610000E+00 0.303030E-01
 -.590000E+00 0.375902E-01
 -.570000E+00 0.448747E-01
 -.550000E+00 0.521561E-01
 -.530000E+00 0.594342E-01
 -.510000E+00 0.667086E-01
 -.490000E+00 0.739789E-01
 -.470000E+00 0.812449E-01
 -.450000E+00 0.885062E-01
 -.430000E+00 0.957624E-01
 -.410000E+00 0.103013E+00
 -.390000E+00 0.110259E+00
 -.370000E+00 0.117498E+00
 -.350000E+00 0.124731E+00
 -.330000E+00 0.131957E+00
 -.310000E+00 0.139176E+00
 -.290000E+00 0.146388E+00
 -.270000E+00 0.153593E+00
 -.250000E+00 0.160789E+00
 -.230000E+00 0.167977E+00
 -.210000E+00 0.175157E+00
 -.190000E+00 0.182327E+00
 -.170000E+00 0.189488E+00
 -.150000E+00 0.196640E+00
 -.130000E+00 0.203782E+00
 -.110000E+00 0.210913E+00
 -.900000E-01 0.218034E+00
 -.700000E-01 0.225144E+00
 -.500000E-01 0.232243E+00
 -.300000E-01 0.239330E+00
 -.100000E-01 0.246405E+00
 0.100000E-01 0.253468E+00
 0.300000E-01 0.260519E+00
 0.500000E-01 0.267556E+00
 0.700000E-01 0.274581E+00
 0.900000E-01 0.281592E+00
 0.110000E+00 0.288589E+00
 0.130000E+00 0.295572E+00
 0.150000E+00 0.302540E+00
 0.170000E+00 0.309494E+00
 0.190000E+00 0.316432E+00
 0.210000E+00 0.323355E+00
 0.230000E+00 0.330262E+00
 0.250000E+00 0.337153E+00
 0.270000E+00 0.344027E+00
 0.290000E+00 0.350885E+00
 0.310000E+00 0.357725E+00
 0.330000E+00 0.364548E+00
 0.350000E+00 0.371354E+00
 0.370000E+00 0.378141E+00
 0.390000E+00 0.384909E+00
 0.410000E+00 0.391659E+00
 0.430000E+00 0.398390E+00
 0.450000E+00 0.405101E+00
 0.470000E+00 0.411792E+00
 0.490000E+00 0.418463E+00
 0.510000E+00 0.425114E+00
 0.530000E+00 0.431744E+00
 0.550000E+00 0.438353E+00
 0.570000E+00 0.444940E+00
 0.590000E+00 0.451505E+00
 0.610000E+00 0.458049E+00
 0.630000E+00 0.464569E+00
 0.650000E+00 0.471067E+00
 0.670000E+00 0.477542E+00
 0.690000E+00 0.483993E+00
 0.710000E+00 0.490421E+00
 0.730000E+00 0.496824E+00
 0.750000E+00 0.503203E+00
 0.770000E+00 0.509557E+00
 0.790000E+00 0.515885E+00
 0.810000E+00 0.522189E+00
 0.830000E+00 0.528466E+00
 0.850000E+00 0.534717E+00
 0.870000E+00 0.540941E+00
 0.890000E+00 0.547139E+00
 0.910000E+00 0.552373E+00
 0.930000E+00 0.556691E+00
 0.950000E+00 0.561045E+00
 0.970000E+00 0.565435E+00
 0.990000E+00 0.569862E+00




































































































 -.990000E+00 0.344709E+00
 -.970000E+00 0.344709E+00
 -.950000E+00 0.344708E+00
 -.930000E+00 0.344708E+00
 -.910000E+00 0.344707E+00
 -.890000E+00 0.347165E+00
 -.870000E+00 0.352025E+00
 -.850000E+00 0.356810E+00
 -.830000E+00 0.361520E+00
 -.810000E+00 0.366152E+00
 -.790000E+00 0.370706E+00
 -.770000E+00 0.375181E+00
 -.750000E+00 0.379576E+00
 -.730000E+00 0.383891E+00
 -.710000E+00 0.388124E+00
 -.690000E+00 0.392274E+00
 -.670000E+00 0.396341E+00
 -.650000E+00 0.400323E+00
 -.630000E+00 0.404220E+00
 -.610000E+00 0.408032E+00
 -.590000E+00 0.411756E+00
 -.570000E+00 0.415393E+00
 -.550000E+00 0.418941E+00
 -.530000E+00 0.422401E+00
 -.510000E+00 0.425770E+00
 -.490000E+00 0.429050E+00
 -.470000E+00 0.432237E+00
 -.450000E+00 0.435333E+00
 -.430000E+00 0.438337E+00
 -.410000E+00 0.441247E+00
 -.390000E+00 0.444063E+00
 -.370000E+00 0.446785E+00
 -.350000E+00 0.449412E+00
 -.330000E+00 0.451943E+00
 -.310000E+00 0.454378E+00
 -.290000E+00 0.456717E+00
 -.270000E+00 0.458958E+00
 -.250000E+00 0.461102E+00
 -.230000E+00 0.463148E+00
 -.210000E+00 0.465096E+00
 -.190000E+00 0.466945E+00
 -.170000E+00 0.468694E+00
 -.150000E+00 0.470344E+00
 -.130000E+00 0.471894E+00
 -.110000E+00 0.473344E+00
 -.900000E-01 0.474693E+00
 -.700000E-01 0.475942E+00
 -.500000E-01 0.477090E+00
 -.300000E-01 0.478136E+00
 -.100000E-01 0.479082E+00
 0.100000E-01 0.479925E+00
 0.300000E-01 0.480667E+00
 0.500000E-01 0.481307E+00
 0.700000E-01 0.481846E+00
 0.900000E-01 0.482282E+00
 0.110000E+00 0.482617E+00
 0.130000E+00 0.482849E+00
 0.150000E+00 0.482979E+00
 0.170000E+00 0.483008E+00
 0.190000E+00 0.482935E+00
 0.210000E+00 0.482760E+00
 0.230000E+00 0.482483E+00
 0.250000E+00 0.482105E+00
 0.270000E+00 0.481625E+00
 0.290000E+00 0.481044E+00
 0.310000E+00 0.480362E+00
 0.330000E+00 0.479580E+00
 0.350000E+00 0.478697E+00
 0.370000E+00 0.477713E+00
 0.390000E+00 0.476630E+00
 0.410000E+00 0.475448E+00
 0.430000E+00 0.474166E+00
 0.450000E+00 0.472785E+00
 0.470000E+00 0.471306E+00
 0.490000E+00 0.469729E+00
 0.510000E+00 0.468055E+00
 0.530000E+00 0.466283E+00
 0.550000E+00 0.464415E+00
 0.570000E+00 0.462451E+00
 0.590000E+00 0.460392E+00
 0.610000E+00 0.458238E+00
 0.630000E+00 0.455989E+00
 0.650000E+00 0.453646E+00
 0.670000E+00 0.451211E+00
 0.690000E+00 0.448683E+00
 0.710000E+00 0.446064E+00
 0.730000E+00 0.443353E+00
 0.750000E+00 0.440552E+00
 0.770000E+00 0.437661E+00
 0.790000E+00 0.434682E+00
 0.810000E+00 0.431615E+00
 0.830000E+00 0.428460E+00
 0.850000E+00 0.425219E+00
 0.870000E+00 0.421892E+00
 0.890000E+00 0.418481E+00
 0.910000E+00 0.412871E+00
 0.930000E+00 0.404960E+00
 0.950000E+00 0.396832E+00
 0.970000E+00 0.388490E+00
 0.990000E+00 0.379939E+00




































































































 -.990000E+00 0.129476E+00
 -.970000E+00 0.129477E+00
 -.950000E+00 0.129479E+00
 -.930000E+00 0.129484E+00
 -.910000E+00 0.129489E+00
 -.890000E+00 0.131535E+00
 -.870000E+00 0.135520E+00
 -.850000E+00 0.139372E+00
 -.830000E+00 0.143085E+00
 -.810000E+00 0.146657E+00
 -.790000E+00 0.150084E+00
 -.770000E+00 0.153362E+00
 -.750000E+00 0.156490E+00
 -.730000E+00 0.159463E+00
 -.710000E+00 0.162279E+00
 -.690000E+00 0.164935E+00
 -.670000E+00 0.167428E+00
 -.650000E+00 0.169758E+00
 -.630000E+00 0.171920E+00
 -.610000E+00 0.173913E+00
 -.590000E+00 0.175736E+00
 -.570000E+00 0.177386E+00
 -.550000E+00 0.178863E+00
 -.530000E+00 0.180164E+00
 -.510000E+00 0.181289E+00
 -.490000E+00 0.182236E+00
 -.470000E+00 0.183005E+00
 -.450000E+00 0.183595E+00
 -.430000E+00 0.184005E+00
 -.410000E+00 0.184236E+00
 -.390000E+00 0.184287E+00
 -.370000E+00 0.184159E+00
 -.350000E+00 0.183850E+00
 -.330000E+00 0.183363E+00
 -.310000E+00 0.182697E+00
 -.290000E+00 0.181854E+00
 -.270000E+00 0.180833E+00
 -.250000E+00 0.179637E+00
 -.230000E+00 0.178267E+00
 -.210000E+00 0.176723E+00
 -.190000E+00 0.175009E+00
 -.170000E+00 0.173124E+00
 -.150000E+00 0.171072E+00
 -.130000E+00 0.168855E+00
 -.110000E+00 0.166474E+00
 -.900000E-01 0.163933E+00
 -.700000E-01 0.161234E+00
 -.500000E-01 0.158379E+00
 -.300000E-01 0.155371E+00
 -.100000E-01 0.152214E+00
 0.100000E-01 0.148911E+00
 0.300000E-01 0.145465E+00
 0.500000E-01 0.141879E+00
 0.700000E-01 0.138157E+00
 0.900000E-01 0.134304E+00
 0.110000E+00 0.130321E+00
 0.130000E+00 0.126215E+00
 0.150000E+00 0.121988E+00
 0.170000E+00 0.117645E+00
 0.190000E+00 0.113190E+00
 0.210000E+00 0.108628E+00
 0.230000E+00 0.103963E+00
 0.250000E+00 0.992001E-01
 0.270000E+00 0.943434E-01
 0.290000E+00 0.893980E-01
 0.310000E+00 0.843687E-01
 0.330000E+00 0.792604E-01
 0.350000E+00 0.740783E-01
 0.370000E+00 0.688273E-01
 0.390000E+00 0.635127E-01
 0.410000E+00 0.581396E-01
 0.430000E+00 0.527133E-01
 0.450000E+00 0.472391E-01
 0.470000E+00 0.417223E-01
 0.490000E+00 0.361684E-01
 0.510000E+00 0.305827E-01
 0.530000E+00 0.249707E-01
 0.550000E+00 0.193378E-01
 0.570000E+00 0.136896E-01
 0.590000E+00 0.803145E-02
 0.610000E+00 0.236896E-02
 0.630000E+00 -.329242E-02
 0.650000E+00 -.894718E-02
 0.670000E+00 -.145898E-01
 0.690000E+00 -.202149E-01
 0.710000E+00 -.258170E-01
 0.730000E+00 -.313907E-01
 0.750000E+00 -.369305E-01
 0.770000E+00 -.424311E-01
 0.790000E+00 -.478872E-01
 0.810000E+00 -.532935E-01
 0.830000E+00 -.586448E-01
 0.850000E+00 -.639359E-01
 0.870000E+00 -.691617E-01
 0.890000E+00 -.743172E-01
 0.910000E+00 -.813863E-01
 0.930000E+00 -.904364E-01
 0.950000E+00 -.994935E-01
 0.970000E+00 -.108548E+00
 0.990000E+00 -.117589E+00




































































































 -.990000E+00 0.592775E-02
 -.970000E+00 0.592642E-02
 -.950000E+00 0.592308E-02
 -.930000E+00 0.591920E-02
 -.910000E+00 0.591644E-02
 -.890000E+00 0.753457E-02
 -.870000E+00 0.816671E-02
 -.850000E+00 0.526235E-02
 -.830000E+00 0.811970E-04
 -.810000E+00 -.513198E-02
 -.790000E+00 -.811989E-02
 -.770000E+00 -.759016E-02
 -.750000E+00 -.377427E-02
 -.730000E+00 0.167353E-02
 -.710000E+00 0.639341E-02
 -.690000E+00 0.834214E-02
 -.670000E+00 0.667762E-02
 -.650000E+00 0.212275E-02
 -.630000E+00 -.334849E-02
 -.610000E+00 -.736655E-02
 -.590000E+00 -.819252E-02
 -.570000E+00 -.547071E-02
 -.550000E+00 -.381775E-03
 -.530000E+00 0.486938E-02
 -.510000E+00 0.800896E-02
 -.490000E+00 0.767883E-02
 -.470000E+00 0.402403E-02
 -.450000E+00 -.137092E-02
 -.430000E+00 -.616901E-02
 -.410000E+00 -.829307E-02
 -.390000E+00 -.682501E-02
 -.370000E+00 -.240267E-02
 -.350000E+00 0.305732E-02
 -.330000E+00 0.719022E-02
 -.310000E+00 0.820731E-02
 -.290000E+00 0.567009E-02
 -.270000E+00 0.679311E-03
 -.250000E+00 -.460258E-02
 -.230000E+00 -.788840E-02
 -.210000E+00 -.775662E-02
 -.190000E+00 -.426637E-02
 -.170000E+00 0.106907E-02
 -.150000E+00 0.593838E-02
 -.130000E+00 0.823347E-02
 -.110000E+00 0.696216E-02
 -.900000E-01 0.267706E-02
 -.700000E-01 -.276459E-02
 -.500000E-01 -.700590E-02
 -.300000E-01 -.821115E-02
 -.100000E-01 -.586031E-02
 0.100000E-01 -.973438E-03
 0.300000E-01 0.433197E-02
 0.500000E-01 0.775846E-02
 0.700000E-01 0.782353E-02
 0.900000E-01 0.450104E-02
 0.110000E+00 -.768346E-03
 0.130000E+00 -.570185E-02
 0.150000E+00 -.816352E-02
 0.170000E+00 -.708896E-02
 0.190000E+00 -.294560E-02
 0.210000E+00 0.247067E-02
 0.230000E+00 0.681389E-02
 0.250000E+00 0.820412E-02
 0.270000E+00 0.604120E-02
 0.290000E+00 0.126380E-02
 0.310000E+00 -.405792E-02
 0.330000E+00 -.761937E-02
 0.350000E+00 -.787955E-02
 0.370000E+00 -.472779E-02
 0.390000E+00 0.469152E-03
 0.410000E+00 0.545981E-02
 0.430000E+00 0.808339E-02
 0.450000E+00 0.720535E-02
 0.470000E+00 0.320799E-02
 0.490000E+00 -.217599E-02
 0.510000E+00 -.661451E-02
 0.530000E+00 -.818633E-02
 0.550000E+00 -.621258E-02
 0.570000E+00 -.155004E-02
 0.590000E+00 0.378084E-02
 0.610000E+00 0.747141E-02
 0.630000E+00 0.792470E-02
 0.650000E+00 0.494638E-02
 0.670000E+00 -.171866E-03
 0.690000E+00 -.521260E-02
 0.710000E+00 -.799327E-02
 0.730000E+00 -.731124E-02
 0.750000E+00 -.346392E-02
 0.770000E+00 0.188092E-02
 0.790000E+00 0.640810E-02
 0.810000E+00 0.815789E-02
 0.830000E+00 0.637433E-02
 0.850000E+00 0.183182E-02
 0.870000E+00 -.350110E-02
 0.890000E+00 -.731485E-02
 0.910000E+00 -.102369E-01
 0.930000E+00 -.129071E-01
 0.950000E+00 -.125521E-01
 0.970000E+00 -.932798E-02
 0.990000E+00 -.463160E-02




































































































