 -.990000E+00 -.592775E-02
 -.970000E+00 -.592642E-02
 -.950000E+00 -.592308E-02
 -.930000E+00 -.591920E-02
 -.910000E+00 -.591644E-02
 -.890000E+00 -.753457E-02
 -.870000E+00 -.816671E-02
 -.850000E+00 -.526235E-02
 -.830000E+00 -.811970E-04
 -.810000E+00 0.513198E-02
 -.790000E+00 0.811989E-02
 -.770000E+00 0.759016E-02
 -.750000E+00 0.377427E-02
 -.730000E+00 -.167353E-02
 -.710000E+00 -.639341E-02
 -.690000E+00 -.834214E-02
 -.670000E+00 -.667762E-02
 -.650000E+00 -.212275E-02
 -.630000E+00 0.334849E-02
 -.610000E+00 0.736655E-02
 -.590000E+00 0.819252E-02
 -.570000E+00 0.547071E-02
 -.550000E+00 0.381775E-03
 -.530000E+00 -.486938E-02
 -.510000E+00 -.800896E-02
 -.490000E+00 -.767883E-02
 -.470000E+00 -.402403E-02
 -.450000E+00 0.137092E-02
 -.430000E+00 0.616901E-02
 -.410000E+00 0.829307E-02
 -.390000E+00 0.682501E-02
 -.370000E+00 0.240267E-02
 -.350000E+00 -.305732E-02
 -.330000E+00 -.719022E-02
 -.310000E+00 -.820731E-02
 -.290000E+00 -.567009E-02
 -.270000E+00 -.679311E-03
 -.250000E+00 0.460258E-02
 -.230000E+00 0.788840E-02
 -.210000E+00 0.775662E-02
 -.190000E+00 0.426637E-02
 -.170000E+00 -.106907E-02
 -.150000E+00 -.593838E-02
 -.130000E+00 -.823347E-02
 -.110000E+00 -.696216E-02
 -.900000E-01 -.267706E-02
 -.700000E-01 0.276459E-02
 -.500000E-01 0.700590E-02
 -.300000E-01 0.821115E-02
 -.100000E-01 0.586031E-02
 0.100000E-01 0.973438E-03
 0.300000E-01 -.433197E-02
 0.500000E-01 -.775846E-02
 0.700000E-01 -.782353E-02
 0.900000E-01 -.450104E-02
 0.110000E+00 0.768346E-03
 0.130000E+00 0.570185E-02
 0.150000E+00 0.816352E-02
 0.170000E+00 0.708896E-02
 0.190000E+00 0.294560E-02
 0.210000E+00 -.247067E-02
 0.230000E+00 -.681389E-02
 0.250000E+00 -.820412E-02
 0.270000E+00 -.604120E-02
 0.290000E+00 -.126380E-02
 0.310000E+00 0.405792E-02
 0.330000E+00 0.761937E-02
 0.350000E+00 0.787955E-02
 0.370000E+00 0.472779E-02
 0.390000E+00 -.469152E-03
 0.410000E+00 -.545981E-02
 0.430000E+00 -.808339E-02
 0.450000E+00 -.720535E-02
 0.470000E+00 -.320799E-02
 0.490000E+00 0.217599E-02
 0.510000E+00 0.661451E-02
 0.530000E+00 0.818633E-02
 0.550000E+00 0.621258E-02
 0.570000E+00 0.155004E-02
 0.590000E+00 -.378084E-02
 0.610000E+00 -.747141E-02
 0.630000E+00 -.792470E-02
 0.650000E+00 -.494638E-02
 0.670000E+00 0.171866E-03
 0.690000E+00 0.521260E-02
 0.710000E+00 0.799327E-02
 0.730000E+00 0.731124E-02
 0.750000E+00 0.346392E-02
 0.770000E+00 -.188092E-02
 0.790000E+00 -.640810E-02
 0.810000E+00 -.815789E-02
 0.830000E+00 -.637433E-02
 0.850000E+00 -.183182E-02
 0.870000E+00 0.350110E-02
 0.890000E+00 0.731485E-02
 0.910000E+00 0.102369E-01
 0.930000E+00 0.129071E-01
 0.950000E+00 0.125521E-01
 0.970000E+00 0.932798E-02
 0.990000E+00 0.463160E-02




































































































 -.990000E+00 -.129476E+00
 -.970000E+00 -.129477E+00
 -.950000E+00 -.129479E+00
 -.930000E+00 -.129484E+00
 -.910000E+00 -.129489E+00
 -.890000E+00 -.131535E+00
 -.870000E+00 -.135520E+00
 -.850000E+00 -.139372E+00
 -.830000E+00 -.143085E+00
 -.810000E+00 -.146657E+00
 -.790000E+00 -.150084E+00
 -.770000E+00 -.153362E+00
 -.750000E+00 -.156490E+00
 -.730000E+00 -.159463E+00
 -.710000E+00 -.162279E+00
 -.690000E+00 -.164935E+00
 -.670000E+00 -.167428E+00
 -.650000E+00 -.169758E+00
 -.630000E+00 -.171920E+00
 -.610000E+00 -.173913E+00
 -.590000E+00 -.175736E+00
 -.570000E+00 -.177386E+00
 -.550000E+00 -.178863E+00
 -.530000E+00 -.180164E+00
 -.510000E+00 -.181289E+00
 -.490000E+00 -.182236E+00
 -.470000E+00 -.183005E+00
 -.450000E+00 -.183595E+00
 -.430000E+00 -.184005E+00
 -.410000E+00 -.184236E+00
 -.390000E+00 -.184287E+00
 -.370000E+00 -.184159E+00
 -.350000E+00 -.183850E+00
 -.330000E+00 -.183363E+00
 -.310000E+00 -.182697E+00
 -.290000E+00 -.181854E+00
 -.270000E+00 -.180833E+00
 -.250000E+00 -.179637E+00
 -.230000E+00 -.178267E+00
 -.210000E+00 -.176723E+00
 -.190000E+00 -.175009E+00
 -.170000E+00 -.173124E+00
 -.150000E+00 -.171072E+00
 -.130000E+00 -.168855E+00
 -.110000E+00 -.166474E+00
 -.900000E-01 -.163933E+00
 -.700000E-01 -.161234E+00
 -.500000E-01 -.158379E+00
 -.300000E-01 -.155371E+00
 -.100000E-01 -.152214E+00
 0.100000E-01 -.148911E+00
 0.300000E-01 -.145465E+00
 0.500000E-01 -.141879E+00
 0.700000E-01 -.138157E+00
 0.900000E-01 -.134304E+00
 0.110000E+00 -.130321E+00
 0.130000E+00 -.126215E+00
 0.150000E+00 -.121988E+00
 0.170000E+00 -.117645E+00
 0.190000E+00 -.113190E+00
 0.210000E+00 -.108628E+00
 0.230000E+00 -.103963E+00
 0.250000E+00 -.992001E-01
 0.270000E+00 -.943434E-01
 0.290000E+00 -.893980E-01
 0.310000E+00 -.843687E-01
 0.330000E+00 -.792604E-01
 0.350000E+00 -.740783E-01
 0.370000E+00 -.688273E-01
 0.390000E+00 -.635127E-01
 0.410000E+00 -.581396E-01
 0.430000E+00 -.527133E-01
 0.450000E+00 -.472391E-01
 0.470000E+00 -.417223E-01
 0.490000E+00 -.361684E-01
 0.510000E+00 -.305827E-01
 0.530000E+00 -.249707E-01
 0.550000E+00 -.193378E-01
 0.570000E+00 -.136896E-01
 0.590000E+00 -.803145E-02
 0.610000E+00 -.236896E-02
 0.630000E+00 0.329242E-02
 0.650000E+00 0.894718E-02
 0.670000E+00 0.145898E-01
 0.690000E+00 0.202149E-01
 0.710000E+00 0.258170E-01
 0.730000E+00 0.313907E-01
 0.750000E+00 0.369305E-01
 0.770000E+00 0.424311E-01
 0.790000E+00 0.478872E-01
 0.810000E+00 0.532935E-01
 0.830000E+00 0.586448E-01
 0.850000E+00 0.639359E-01
 0.870000E+00 0.691617E-01
 0.890000E+00 0.743172E-01
 0.910000E+00 0.813863E-01
 0.930000E+00 0.904364E-01
 0.950000E+00 0.994935E-01
 0.970000E+00 0.108548E+00
 0.990000E+00 0.117589E+00




































































































 -.990000E+00 -.344709E+00
 -.970000E+00 -.344709E+00
 -.950000E+00 -.344708E+00
 -.930000E+00 -.344708E+00
 -.910000E+00 -.344707E+00
 -.890000E+00 -.347165E+00
 -.870000E+00 -.352025E+00
 -.850000E+00 -.356810E+00
 -.830000E+00 -.361520E+00
 -.810000E+00 -.366152E+00
 -.790000E+00 -.370706E+00
 -.770000E+00 -.375181E+00
 -.750000E+00 -.379576E+00
 -.730000E+00 -.383891E+00
 -.710000E+00 -.388124E+00
 -.690000E+00 -.392274E+00
 -.670000E+00 -.396341E+00
 -.650000E+00 -.400323E+00
 -.630000E+00 -.404220E+00
 -.610000E+00 -.408032E+00
 -.590000E+00 -.411756E+00
 -.570000E+00 -.415393E+00
 -.550000E+00 -.418941E+00
 -.530000E+00 -.422401E+00
 -.510000E+00 -.425770E+00
 -.490000E+00 -.429050E+00
 -.470000E+00 -.432237E+00
 -.450000E+00 -.435333E+00
 -.430000E+00 -.438337E+00
 -.410000E+00 -.441247E+00
 -.390000E+00 -.444063E+00
 -.370000E+00 -.446785E+00
 -.350000E+00 -.449412E+00
 -.330000E+00 -.451943E+00
 -.310000E+00 -.454378E+00
 -.290000E+00 -.456717E+00
 -.270000E+00 -.458958E+00
 -.250000E+00 -.461102E+00
 -.230000E+00 -.463148E+00
 -.210000E+00 -.465096E+00
 -.190000E+00 -.466945E+00
 -.170000E+00 -.468694E+00
 -.150000E+00 -.470344E+00
 -.130000E+00 -.471894E+00
 -.110000E+00 -.473344E+00
 -.900000E-01 -.474693E+00
 -.700000E-01 -.475942E+00
 -.500000E-01 -.477090E+00
 -.300000E-01 -.478136E+00
 -.100000E-01 -.479082E+00
 0.100000E-01 -.479925E+00
 0.300000E-01 -.480667E+00
 0.500000E-01 -.481307E+00
 0.700000E-01 -.481846E+00
 0.900000E-01 -.482282E+00
 0.110000E+00 -.482617E+00
 0.130000E+00 -.482849E+00
 0.150000E+00 -.482979E+00
 0.170000E+00 -.483008E+00
 0.190000E+00 -.482935E+00
 0.210000E+00 -.482760E+00
 0.230000E+00 -.482483E+00
 0.250000E+00 -.482105E+00
 0.270000E+00 -.481625E+00
 0.290000E+00 -.481044E+00
 0.310000E+00 -.480362E+00
 0.330000E+00 -.479580E+00
 0.350000E+00 -.478697E+00
 0.370000E+00 -.477713E+00
 0.390000E+00 -.476630E+00
 0.410000E+00 -.475448E+00
 0.430000E+00 -.474166E+00
 0.450000E+00 -.472785E+00
 0.470000E+00 -.471306E+00
 0.490000E+00 -.469729E+00
 0.510000E+00 -.468055E+00
 0.530000E+00 -.466283E+00
 0.550000E+00 -.464415E+00
 0.570000E+00 -.462451E+00
 0.590000E+00 -.460392E+00
 0.610000E+00 -.458238E+00
 0.630000E+00 -.455989E+00
 0.650000E+00 -.453646E+00
 0.670000E+00 -.451211E+00
 0.690000E+00 -.448683E+00
 0.710000E+00 -.446064E+00
 0.730000E+00 -.443353E+00
 0.750000E+00 -.440552E+00
 0.770000E+00 -.437661E+00
 0.790000E+00 -.434682E+00
 0.810000E+00 -.431615E+00
 0.830000E+00 -.428460E+00
 0.850000E+00 -.425219E+00
 0.870000E+00 -.421892E+00
 0.890000E+00 -.418481E+00
 0.910000E+00 -.412871E+00
 0.930000E+00 -.404960E+00
 0.950000E+00 -.396832E+00
 0.970000E+00 -.388490E+00
 0.990000E+00 -.379939E+00




































































































 -.990000E+00 0.754356E-01
 -.970000E+00 0.754368E-01
 -.950000E+00 0.754406E-01
 -.930000E+00 0.754470E-01
 -.910000E+00 0.754558E-01
 -.890000E+00 0.718165E-01
 -.870000E+00 0.645263E-01
 -.850000E+00 0.572341E-01
 -.830000E+00 0.499403E-01
 -.810000E+00 0.426452E-01
 -.790000E+00 0.353492E-01
 -.770000E+00 0.280525E-01
 -.750000E+00 0.207555E-01
 -.730000E+00 0.134586E-01
 -.710000E+00 0.616214E-02
 -.690000E+00 -.113365E-02
 -.670000E+00 -.842839E-02
 -.650000E+00 -.157217E-01
 -.630000E+00 -.230134E-01
 -.610000E+00 -.303030E-01
 -.590000E+00 -.375902E-01
 -.570000E+00 -.448747E-01
 -.550000E+00 -.521561E-01
 -.530000E+00 -.594342E-01
 -.510000E+00 -.667086E-01
 -.490000E+00 -.739789E-01
 -.470000E+00 -.812449E-01
 -.450000E+00 -.885062E-01
 -.430000E+00 -.957624E-01
 -.410000E+00 -.103013E+00
 -.390000E+00 -.110259E+00
 -.370000E+00 -.117498E+00
 -.350000E+00 -.124731E+00
 -.330000E+00 -.131957E+00
 -.310000E+00 -.139176E+00
 -.290000E+00 -.146388E+00
 -.270000E+00 -.153593E+00
 -.250000E+00 -.160789E+00
 -.230000E+00 -.167977E+00
 -.210000E+00 -.175157E+00
 -.190000E+00 -.182327E+00
 -.170000E+00 -.189488E+00
 -.150000E+00 -.196640E+00
 -.130000E+00 -.203782E+00
 -.110000E+00 -.210913E+00
 -.900000E-01 -.218034E+00
 -.700000E-01 -.225144E+00
 -.500000E-01 -.232243E+00
 -.300000E-01 -.239330E+00
 -.100000E-01 -.246405E+00
 0.100000E-01 -.253468E+00
 0.300000E-01 -.260519E+00
 0.500000E-01 -.267556E+00
 0.700000E-01 -.274581E+00
 0.900000E-01 -.281592E+00
 0.110000E+00 -.288589E+00
 0.130000E+00 -.295572E+00
 0.150000E+00 -.302540E+00
 0.170000E+00 -.309494E+00
 0.190000E+00 -.316432E+00
 0.210000E+00 -.323355E+00
 0.230000E+00 -.330262E+00
 0.250000E+00 -.337153E+00
 0.270000E+00 -.344027E+00
 0.290000E+00 -.350885E+00
 0.310000E+00 -.357725E+00
 0.330000E+00 -.364548E+00
 0.350000E+00 -.371354E+00
 0.370000E+00 -.378141E+00
 0.390000E+00 -.384909E+00
 0.410000E+00 -.391659E+00
 0.430000E+00 -.398390E+00
 0.450000E+00 -.405101E+00
 0.470000E+00 -.411792E+00
 0.490000E+00 -.418463E+00
 0.510000E+00 -.425114E+00
 0.530000E+00 -.431744E+00
 0.550000E+00 -.438353E+00
 0.570000E+00 -.444940E+00
 0.590000E+00 -.451505E+00
 0.610000E+00 -.458049E+00
 0.630000E+00 -.464569E+00
 0.650000E+00 -.471067E+00
 0.670000E+00 -.477542E+00
 0.690000E+00 -.483993E+00
 0.710000E+00 -.490421E+00
 0.730000E+00 -.496824E+00
 0.750000E+00 -.503203E+00
 0.770000E+00 -.509557E+00
 0.790000E+00 -.515885E+00
 0.810000E+00 -.522189E+00
 0.830000E+00 -.528466E+00
 0.850000E+00 -.534717E+00
 0.870000E+00 -.540941E+00
 0.890000E+00 -.547139E+00
 0.910000E+00 -.552373E+00
 0.930000E+00 -.556691E+00
 0.950000E+00 -.561045E+00
 0.970000E+00 -.565435E+00
 0.990000E+00 -.569862E+00




































































































 -.990000E+00 0.478229E+00
 -.970000E+00 0.478230E+00
 -.950000E+00 0.478233E+00
 -.930000E+00 0.478239E+00
 -.910000E+00 0.478247E+00
 -.890000E+00 0.476861E+00
 -.870000E+00 0.474078E+00
 -.850000E+00 0.471292E+00
 -.830000E+00 0.468501E+00
 -.810000E+00 0.465707E+00
 -.790000E+00 0.462910E+00
 -.770000E+00 0.460108E+00
 -.750000E+00 0.457304E+00
 -.730000E+00 0.454495E+00
 -.710000E+00 0.451684E+00
 -.690000E+00 0.448869E+00
 -.670000E+00 0.446050E+00
 -.650000E+00 0.443228E+00
 -.630000E+00 0.440402E+00
 -.610000E+00 0.437573E+00
 -.590000E+00 0.434741E+00
 -.570000E+00 0.431906E+00
 -.550000E+00 0.429067E+00
 -.530000E+00 0.426225E+00
 -.510000E+00 0.423379E+00
 -.490000E+00 0.420531E+00
 -.470000E+00 0.417679E+00
 -.450000E+00 0.414824E+00
 -.430000E+00 0.411965E+00
 -.410000E+00 0.409104E+00
 -.390000E+00 0.406239E+00
 -.370000E+00 0.403372E+00
 -.350000E+00 0.400501E+00
 -.330000E+00 0.397627E+00
 -.310000E+00 0.394750E+00
 -.290000E+00 0.391870E+00
 -.270000E+00 0.388987E+00
 -.250000E+00 0.386101E+00
 -.230000E+00 0.383212E+00
 -.210000E+00 0.380320E+00
 -.190000E+00 0.377426E+00
 -.170000E+00 0.374528E+00
 -.150000E+00 0.371627E+00
 -.130000E+00 0.368724E+00
 -.110000E+00 0.365817E+00
 -.900000E-01 0.362908E+00
 -.700000E-01 0.359996E+00
 -.500000E-01 0.357081E+00
 -.300000E-01 0.354164E+00
 -.100000E-01 0.351244E+00
 0.100000E-01 0.348321E+00
 0.300000E-01 0.345395E+00
 0.500000E-01 0.342466E+00
 0.700000E-01 0.339535E+00
 0.900000E-01 0.336601E+00
 0.110000E+00 0.333665E+00
 0.130000E+00 0.330726E+00
 0.150000E+00 0.327784E+00
 0.170000E+00 0.324840E+00
 0.190000E+00 0.321893E+00
 0.210000E+00 0.318944E+00
 0.230000E+00 0.315992E+00
 0.250000E+00 0.313038E+00
 0.270000E+00 0.310081E+00
 0.290000E+00 0.307121E+00
 0.310000E+00 0.304160E+00
 0.330000E+00 0.301195E+00
 0.350000E+00 0.298229E+00
 0.370000E+00 0.295260E+00
 0.390000E+00 0.292288E+00
 0.410000E+00 0.289314E+00
 0.430000E+00 0.286338E+00
 0.450000E+00 0.283360E+00
 0.470000E+00 0.280379E+00
 0.490000E+00 0.277396E+00
 0.510000E+00 0.274410E+00
 0.530000E+00 0.271423E+00
 0.550000E+00 0.268433E+00
 0.570000E+00 0.265441E+00
 0.590000E+00 0.262446E+00
 0.610000E+00 0.259450E+00
 0.630000E+00 0.256451E+00
 0.650000E+00 0.253450E+00
 0.670000E+00 0.250447E+00
 0.690000E+00 0.247442E+00
 0.710000E+00 0.244435E+00
 0.730000E+00 0.241425E+00
 0.750000E+00 0.238414E+00
 0.770000E+00 0.235400E+00
 0.790000E+00 0.232385E+00
 0.810000E+00 0.229367E+00
 0.830000E+00 0.226348E+00
 0.850000E+00 0.223326E+00
 0.870000E+00 0.220302E+00
 0.890000E+00 0.217277E+00
 0.910000E+00 0.218876E+00
 0.930000E+00 0.225121E+00
 0.950000E+00 0.231392E+00
 0.970000E+00 0.237689E+00
 0.990000E+00 0.244011E+00




































































































 -.990000E+00 0.735425E+00
 -.970000E+00 0.735427E+00
 -.950000E+00 0.735432E+00
 -.930000E+00 0.735442E+00
 -.910000E+00 0.735454E+00
 -.890000E+00 0.735626E+00
 -.870000E+00 0.735954E+00
 -.850000E+00 0.736281E+00
 -.830000E+00 0.736609E+00
 -.810000E+00 0.736936E+00
 -.790000E+00 0.737264E+00
 -.770000E+00 0.737591E+00
 -.750000E+00 0.737918E+00
 -.730000E+00 0.738244E+00
 -.710000E+00 0.738571E+00
 -.690000E+00 0.738897E+00
 -.670000E+00 0.739223E+00
 -.650000E+00 0.739549E+00
 -.630000E+00 0.739875E+00
 -.610000E+00 0.740201E+00
 -.590000E+00 0.740526E+00
 -.570000E+00 0.740852E+00
 -.550000E+00 0.741177E+00
 -.530000E+00 0.741502E+00
 -.510000E+00 0.741827E+00
 -.490000E+00 0.742151E+00
 -.470000E+00 0.742476E+00
 -.450000E+00 0.742800E+00
 -.430000E+00 0.743124E+00
 -.410000E+00 0.743448E+00
 -.390000E+00 0.743772E+00
 -.370000E+00 0.744095E+00
 -.350000E+00 0.744419E+00
 -.330000E+00 0.744742E+00
 -.310000E+00 0.745065E+00
 -.290000E+00 0.745388E+00
 -.270000E+00 0.745711E+00
 -.250000E+00 0.746033E+00
 -.230000E+00 0.746355E+00
 -.210000E+00 0.746678E+00
 -.190000E+00 0.747000E+00
 -.170000E+00 0.747321E+00
 -.150000E+00 0.747643E+00
 -.130000E+00 0.747965E+00
 -.110000E+00 0.748286E+00
 -.900000E-01 0.748607E+00
 -.700000E-01 0.748928E+00
 -.500000E-01 0.749249E+00
 -.300000E-01 0.749569E+00
 -.100000E-01 0.749890E+00
 0.100000E-01 0.750210E+00
 0.300000E-01 0.750530E+00
 0.500000E-01 0.750850E+00
 0.700000E-01 0.751170E+00
 0.900000E-01 0.751489E+00
 0.110000E+00 0.751809E+00
 0.130000E+00 0.752128E+00
 0.150000E+00 0.752447E+00
 0.170000E+00 0.752766E+00
 0.190000E+00 0.753084E+00
 0.210000E+00 0.753403E+00
 0.230000E+00 0.753721E+00
 0.250000E+00 0.754039E+00
 0.270000E+00 0.754357E+00
 0.290000E+00 0.754675E+00
 0.310000E+00 0.754993E+00
 0.330000E+00 0.755310E+00
 0.350000E+00 0.755628E+00
 0.370000E+00 0.755945E+00
 0.390000E+00 0.756262E+00
 0.410000E+00 0.756578E+00
 0.430000E+00 0.756895E+00
 0.450000E+00 0.757211E+00
 0.470000E+00 0.757527E+00
 0.490000E+00 0.757843E+00
 0.510000E+00 0.758159E+00
 0.530000E+00 0.758475E+00
 0.550000E+00 0.758790E+00
 0.570000E+00 0.759106E+00
 0.590000E+00 0.759421E+00
 0.610000E+00 0.759736E+00
 0.630000E+00 0.760051E+00
 0.650000E+00 0.760365E+00
 0.670000E+00 0.760680E+00
 0.690000E+00 0.760994E+00
 0.710000E+00 0.761308E+00
 0.730000E+00 0.761622E+00
 0.750000E+00 0.761935E+00
 0.770000E+00 0.762249E+00
 0.790000E+00 0.762562E+00
 0.810000E+00 0.762876E+00
 0.830000E+00 0.763189E+00
 0.850000E+00 0.763501E+00
 0.870000E+00 0.763814E+00
 0.890000E+00 0.764126E+00
 0.910000E+00 0.768033E+00
 0.930000E+00 0.775447E+00
 0.950000E+00 0.782743E+00
 0.970000E+00 0.789921E+00
 0.990000E+00 0.796980E+00




































































































 -.990000E+00 0.931007E+00
 -.970000E+00 0.931009E+00
 -.950000E+00 0.931016E+00
 -.930000E+00 0.931027E+00
 -.910000E+00 0.931043E+00
 -.890000E+00 0.931879E+00
 -.870000E+00 0.933519E+00
 -.850000E+00 0.935137E+00
 -.830000E+00 0.936734E+00
 -.810000E+00 0.938311E+00
 -.790000E+00 0.939866E+00
 -.770000E+00 0.941400E+00
 -.750000E+00 0.942913E+00
 -.730000E+00 0.944405E+00
 -.710000E+00 0.945877E+00
 -.690000E+00 0.947327E+00
 -.670000E+00 0.948756E+00
 -.650000E+00 0.950165E+00
 -.630000E+00 0.951553E+00
 -.610000E+00 0.952920E+00
 -.590000E+00 0.954266E+00
 -.570000E+00 0.955592E+00
 -.550000E+00 0.956897E+00
 -.530000E+00 0.958181E+00
 -.510000E+00 0.959445E+00
 -.490000E+00 0.960689E+00
 -.470000E+00 0.961911E+00
 -.450000E+00 0.963114E+00
 -.430000E+00 0.964296E+00
 -.410000E+00 0.965457E+00
 -.390000E+00 0.966599E+00
 -.370000E+00 0.967720E+00
 -.350000E+00 0.968820E+00
 -.330000E+00 0.969901E+00
 -.310000E+00 0.970962E+00
 -.290000E+00 0.972002E+00
 -.270000E+00 0.973022E+00
 -.250000E+00 0.974023E+00
 -.230000E+00 0.975003E+00
 -.210000E+00 0.975964E+00
 -.190000E+00 0.976905E+00
 -.170000E+00 0.977826E+00
 -.150000E+00 0.978727E+00
 -.130000E+00 0.979609E+00
 -.110000E+00 0.980471E+00
 -.900000E-01 0.981313E+00
 -.700000E-01 0.982136E+00
 -.500000E-01 0.982940E+00
 -.300000E-01 0.983724E+00
 -.100000E-01 0.984489E+00
 0.100000E-01 0.985235E+00
 0.300000E-01 0.985961E+00
 0.500000E-01 0.986668E+00
 0.700000E-01 0.987356E+00
 0.900000E-01 0.988026E+00
 0.110000E+00 0.988676E+00
 0.130000E+00 0.989307E+00
 0.150000E+00 0.989919E+00
 0.170000E+00 0.990513E+00
 0.190000E+00 0.991088E+00
 0.210000E+00 0.991644E+00
 0.230000E+00 0.992182E+00
 0.250000E+00 0.992701E+00
 0.270000E+00 0.993202E+00
 0.290000E+00 0.993684E+00
 0.310000E+00 0.994148E+00
 0.330000E+00 0.994593E+00
 0.350000E+00 0.995021E+00
 0.370000E+00 0.995430E+00
 0.390000E+00 0.995821E+00
 0.410000E+00 0.996194E+00
 0.430000E+00 0.996549E+00
 0.450000E+00 0.996887E+00
 0.470000E+00 0.997206E+00
 0.490000E+00 0.997508E+00
 0.510000E+00 0.997792E+00
 0.530000E+00 0.998058E+00
 0.550000E+00 0.998307E+00
 0.570000E+00 0.998538E+00
 0.590000E+00 0.998752E+00
 0.610000E+00 0.998949E+00
 0.630000E+00 0.999128E+00
 0.650000E+00 0.999290E+00
 0.670000E+00 0.999435E+00
 0.690000E+00 0.999563E+00
 0.710000E+00 0.999674E+00
 0.730000E+00 0.999768E+00
 0.750000E+00 0.999845E+00
 0.770000E+00 0.999906E+00
 0.790000E+00 0.999949E+00
 0.810000E+00 0.999976E+00
 0.830000E+00 0.999986E+00
 0.850000E+00 0.999980E+00
 0.870000E+00 0.999957E+00
 0.890000E+00 0.999918E+00
 0.910000E+00 0.999794E+00
 0.930000E+00 0.999494E+00
 0.950000E+00 0.999061E+00
 0.970000E+00 0.998497E+00
 0.990000E+00 0.997807E+00




































































































 -.990000E+00 0.974889E+00
 -.970000E+00 0.974887E+00
 -.950000E+00 0.974882E+00
 -.930000E+00 0.974874E+00
 -.910000E+00 0.974863E+00
 -.890000E+00 0.975511E+00
 -.870000E+00 0.976795E+00
 -.850000E+00 0.978048E+00
 -.830000E+00 0.979269E+00
 -.810000E+00 0.980458E+00
 -.790000E+00 0.981614E+00
 -.770000E+00 0.982738E+00
 -.750000E+00 0.983829E+00
 -.730000E+00 0.984887E+00
 -.710000E+00 0.985911E+00
 -.690000E+00 0.986902E+00
 -.670000E+00 0.987859E+00
 -.650000E+00 0.988781E+00
 -.630000E+00 0.989670E+00
 -.610000E+00 0.990524E+00
 -.590000E+00 0.991342E+00
 -.570000E+00 0.992126E+00
 -.550000E+00 0.992874E+00
 -.530000E+00 0.993586E+00
 -.510000E+00 0.994263E+00
 -.490000E+00 0.994903E+00
 -.470000E+00 0.995506E+00
 -.450000E+00 0.996073E+00
 -.430000E+00 0.996603E+00
 -.410000E+00 0.997095E+00
 -.390000E+00 0.997549E+00
 -.370000E+00 0.997966E+00
 -.350000E+00 0.998344E+00
 -.330000E+00 0.998684E+00
 -.310000E+00 0.998985E+00
 -.290000E+00 0.999247E+00
 -.270000E+00 0.999470E+00
 -.250000E+00 0.999653E+00
 -.230000E+00 0.999796E+00
 -.210000E+00 0.999898E+00
 -.190000E+00 0.999960E+00
 -.170000E+00 0.999982E+00
 -.150000E+00 0.999962E+00
 -.130000E+00 0.999901E+00
 -.110000E+00 0.999798E+00
 -.900000E-01 0.999653E+00
 -.700000E-01 0.999466E+00
 -.500000E-01 0.999236E+00
 -.300000E-01 0.998964E+00
 -.100000E-01 0.998648E+00
 0.100000E-01 0.998289E+00
 0.300000E-01 0.997886E+00
 0.500000E-01 0.997439E+00
 0.700000E-01 0.996949E+00
 0.900000E-01 0.996413E+00
 0.110000E+00 0.995833E+00
 0.130000E+00 0.995207E+00
 0.150000E+00 0.994537E+00
 0.170000E+00 0.993820E+00
 0.190000E+00 0.993058E+00
 0.210000E+00 0.992249E+00
 0.230000E+00 0.991395E+00
 0.250000E+00 0.990493E+00
 0.270000E+00 0.989545E+00
 0.290000E+00 0.988549E+00
 0.310000E+00 0.987506E+00
 0.330000E+00 0.986415E+00
 0.350000E+00 0.985276E+00
 0.370000E+00 0.984089E+00
 0.390000E+00 0.982854E+00
 0.410000E+00 0.981570E+00
 0.430000E+00 0.980237E+00
 0.450000E+00 0.978855E+00
 0.470000E+00 0.977424E+00
 0.490000E+00 0.975943E+00
 0.510000E+00 0.974412E+00
 0.530000E+00 0.972832E+00
 0.550000E+00 0.971201E+00
 0.570000E+00 0.969520E+00
 0.590000E+00 0.967789E+00
 0.610000E+00 0.966007E+00
 0.630000E+00 0.964174E+00
 0.650000E+00 0.962289E+00
 0.670000E+00 0.960354E+00
 0.690000E+00 0.958368E+00
 0.710000E+00 0.956329E+00
 0.730000E+00 0.954240E+00
 0.750000E+00 0.952098E+00
 0.770000E+00 0.949905E+00
 0.790000E+00 0.947659E+00
 0.810000E+00 0.945361E+00
 0.830000E+00 0.943011E+00
 0.850000E+00 0.940609E+00
 0.870000E+00 0.938154E+00
 0.890000E+00 0.935647E+00
 0.910000E+00 0.932264E+00
 0.930000E+00 0.927978E+00
 0.950000E+00 0.923606E+00
 0.970000E+00 0.919151E+00
 0.990000E+00 0.914616E+00




































































































 -.990000E+00 0.356533E+00
 -.970000E+00 0.356533E+00
 -.950000E+00 0.356531E+00
 -.930000E+00 0.356529E+00
 -.910000E+00 0.356526E+00
 -.890000E+00 0.354099E+00
 -.870000E+00 0.349197E+00
 -.850000E+00 0.344225E+00
 -.830000E+00 0.339183E+00
 -.810000E+00 0.334074E+00
 -.790000E+00 0.328897E+00
 -.770000E+00 0.323654E+00
 -.750000E+00 0.318346E+00
 -.730000E+00 0.312975E+00
 -.710000E+00 0.307540E+00
 -.690000E+00 0.302043E+00
 -.670000E+00 0.296486E+00
 -.650000E+00 0.290869E+00
 -.630000E+00 0.285194E+00
 -.610000E+00 0.279461E+00
 -.590000E+00 0.273673E+00
 -.570000E+00 0.267829E+00
 -.550000E+00 0.261932E+00
 -.530000E+00 0.255983E+00
 -.510000E+00 0.249982E+00
 -.490000E+00 0.243932E+00
 -.470000E+00 0.237832E+00
 -.450000E+00 0.231685E+00
 -.430000E+00 0.225492E+00
 -.410000E+00 0.219254E+00
 -.390000E+00 0.212973E+00
 -.370000E+00 0.206649E+00
 -.350000E+00 0.200284E+00
 -.330000E+00 0.193880E+00
 -.310000E+00 0.187437E+00
 -.290000E+00 0.180957E+00
 -.270000E+00 0.174442E+00
 -.250000E+00 0.167892E+00
 -.230000E+00 0.161310E+00
 -.210000E+00 0.154697E+00
 -.190000E+00 0.148053E+00
 -.170000E+00 0.141380E+00
 -.150000E+00 0.134681E+00
 -.130000E+00 0.127955E+00
 -.110000E+00 0.121206E+00
 -.900000E-01 0.114433E+00
 -.700000E-01 0.107639E+00
 -.500000E-01 0.100824E+00
 -.300000E-01 0.939914E-01
 -.100000E-01 0.871413E-01
 0.100000E-01 0.802754E-01
 0.300000E-01 0.733953E-01
 0.500000E-01 0.665023E-01
 0.700000E-01 0.595981E-01
 0.900000E-01 0.526839E-01
 0.110000E+00 0.457614E-01
 0.130000E+00 0.388319E-01
 0.150000E+00 0.318970E-01
 0.170000E+00 0.249580E-01
 0.190000E+00 0.180166E-01
 0.210000E+00 0.110741E-01
 0.230000E+00 0.413210E-02
 0.250000E+00 -.280802E-02
 0.270000E+00 -.974475E-02
 0.290000E+00 -.166766E-01
 0.310000E+00 -.236022E-01
 0.330000E+00 -.305199E-01
 0.350000E+00 -.374285E-01
 0.370000E+00 -.443263E-01
 0.390000E+00 -.512119E-01
 0.410000E+00 -.580839E-01
 0.430000E+00 -.649408E-01
 0.450000E+00 -.717813E-01
 0.470000E+00 -.786037E-01
 0.490000E+00 -.854068E-01
 0.510000E+00 -.921891E-01
 0.530000E+00 -.989491E-01
 0.550000E+00 -.105686E+00
 0.570000E+00 -.112397E+00
 0.590000E+00 -.119082E+00
 0.610000E+00 -.125739E+00
 0.630000E+00 -.132367E+00
 0.650000E+00 -.138964E+00
 0.670000E+00 -.145529E+00
 0.690000E+00 -.152061E+00
 0.710000E+00 -.158558E+00
 0.730000E+00 -.165020E+00
 0.750000E+00 -.171443E+00
 0.770000E+00 -.177829E+00
 0.790000E+00 -.184174E+00
 0.810000E+00 -.190478E+00
 0.830000E+00 -.196740E+00
 0.850000E+00 -.202957E+00
 0.870000E+00 -.209130E+00
 0.890000E+00 -.215256E+00
 0.910000E+00 -.218728E+00
 0.930000E+00 -.219587E+00
 0.950000E+00 -.220453E+00
 0.970000E+00 -.221327E+00
 0.990000E+00 -.222209E+00




































































































 -.990000E+00 0.134321E+00
 -.970000E+00 0.134319E+00
 -.950000E+00 0.134316E+00
 -.930000E+00 0.134310E+00
 -.910000E+00 0.134302E+00
 -.890000E+00 0.132223E+00
 -.870000E+00 0.127978E+00
 -.850000E+00 0.123611E+00
 -.830000E+00 0.119125E+00
 -.810000E+00 0.114526E+00
 -.790000E+00 0.109817E+00
 -.770000E+00 0.105003E+00
 -.750000E+00 0.100090E+00
 -.730000E+00 0.950814E-01
 -.710000E+00 0.899828E-01
 -.690000E+00 0.847990E-01
 -.670000E+00 0.795353E-01
 -.650000E+00 0.741968E-01
 -.630000E+00 0.687887E-01
 -.610000E+00 0.633164E-01
 -.590000E+00 0.577853E-01
 -.570000E+00 0.522008E-01
 -.550000E+00 0.465684E-01
 -.530000E+00 0.408936E-01
 -.510000E+00 0.351821E-01
 -.490000E+00 0.294395E-01
 -.470000E+00 0.236713E-01
 -.450000E+00 0.178832E-01
 -.430000E+00 0.120810E-01
 -.410000E+00 0.627038E-02
 -.390000E+00 0.456924E-03
 -.370000E+00 -.535361E-02
 -.350000E+00 -.111555E-01
 -.330000E+00 -.169432E-01
 -.310000E+00 -.227109E-01
 -.290000E+00 -.284530E-01
 -.270000E+00 -.341639E-01
 -.250000E+00 -.398380E-01
 -.230000E+00 -.454698E-01
 -.210000E+00 -.510539E-01
 -.190000E+00 -.565847E-01
 -.170000E+00 -.620568E-01
 -.150000E+00 -.674651E-01
 -.130000E+00 -.728042E-01
 -.110000E+00 -.780689E-01
 -.900000E-01 -.832541E-01
 -.700000E-01 -.883548E-01
 -.500000E-01 -.933662E-01
 -.300000E-01 -.982832E-01
 -.100000E-01 -.103101E+00
 0.100000E-01 -.107816E+00
 0.300000E-01 -.112422E+00
 0.500000E-01 -.116915E+00
 0.700000E-01 -.121292E+00
 0.900000E-01 -.125548E+00
 0.110000E+00 -.129678E+00
 0.130000E+00 -.133679E+00
 0.150000E+00 -.137547E+00
 0.170000E+00 -.141279E+00
 0.190000E+00 -.144870E+00
 0.210000E+00 -.148318E+00
 0.230000E+00 -.151619E+00
 0.250000E+00 -.154770E+00
 0.270000E+00 -.157768E+00
 0.290000E+00 -.160610E+00
 0.310000E+00 -.163294E+00
 0.330000E+00 -.165817E+00
 0.350000E+00 -.168177E+00
 0.370000E+00 -.170371E+00
 0.390000E+00 -.172397E+00
 0.410000E+00 -.174254E+00
 0.430000E+00 -.175940E+00
 0.450000E+00 -.177454E+00
 0.470000E+00 -.178793E+00
 0.490000E+00 -.179958E+00
 0.510000E+00 -.180946E+00
 0.530000E+00 -.181757E+00
 0.550000E+00 -.182391E+00
 0.570000E+00 -.182846E+00
 0.590000E+00 -.183122E+00
 0.610000E+00 -.183220E+00
 0.630000E+00 -.183140E+00
 0.650000E+00 -.182880E+00
 0.670000E+00 -.182443E+00
 0.690000E+00 -.181828E+00
 0.710000E+00 -.181036E+00
 0.730000E+00 -.180067E+00
 0.750000E+00 -.178924E+00
 0.770000E+00 -.177607E+00
 0.790000E+00 -.176118E+00
 0.810000E+00 -.174457E+00
 0.830000E+00 -.172627E+00
 0.850000E+00 -.170630E+00
 0.870000E+00 -.168468E+00
 0.890000E+00 -.166143E+00
 0.910000E+00 -.161779E+00
 0.930000E+00 -.155466E+00
 0.950000E+00 -.149117E+00
 0.970000E+00 -.142737E+00
 0.990000E+00 -.136333E+00




































































































 -.990000E+00 0.591928E-02
 -.970000E+00 0.591993E-02
 -.950000E+00 0.592157E-02
 -.930000E+00 0.592347E-02
 -.910000E+00 0.592483E-02
 -.890000E+00 0.364681E-02
 -.870000E+00 -.182709E-02
 -.850000E+00 -.650656E-02
 -.830000E+00 -.836592E-02
 -.810000E+00 -.660178E-02
 -.790000E+00 -.198019E-02
 -.770000E+00 0.349600E-02
 -.750000E+00 0.745513E-02
 -.730000E+00 0.818387E-02
 -.710000E+00 0.536861E-02
 -.690000E+00 0.230503E-03
 -.670000E+00 -.500430E-02
 -.650000E+00 -.806912E-02
 -.630000E+00 -.763822E-02
 -.610000E+00 -.390030E-02
 -.590000E+00 0.152415E-02
 -.570000E+00 0.628537E-02
 -.550000E+00 0.832220E-02
 -.530000E+00 0.675435E-02
 -.510000E+00 0.226288E-02
 -.490000E+00 -.320568E-02
 -.470000E+00 -.728290E-02
 -.450000E+00 -.820421E-02
 -.430000E+00 -.557262E-02
 -.410000E+00 -.529723E-03
 -.390000E+00 0.473948E-02
 -.370000E+00 0.795334E-02
 -.350000E+00 0.772153E-02
 -.330000E+00 0.414650E-02
 -.310000E+00 -.122176E-02
 -.290000E+00 -.605776E-02
 -.270000E+00 -.826787E-02
 -.250000E+00 -.689673E-02
 -.230000E+00 -.254019E-02
 -.210000E+00 0.291359E-02
 -.190000E+00 0.710250E-02
 -.170000E+00 0.821356E-02
 -.150000E+00 0.576755E-02
 -.130000E+00 0.825717E-03
 -.110000E+00 -.447065E-02
 -.900000E-01 -.782806E-02
 -.700000E-01 -.779395E-02
 -.500000E-01 -.438515E-02
 -.300000E-01 0.920315E-03
 -.100000E-01 0.582408E-02
 0.100000E-01 0.820310E-02
 0.300000E-01 0.702880E-02
 0.500000E-01 0.281181E-02
 0.700000E-01 -.262011E-02
 0.900000E-01 -.691427E-02
 0.110000E+00 -.821200E-02
 0.130000E+00 -.595322E-02
 0.150000E+00 -.111812E-02
 0.170000E+00 0.419819E-02
 0.190000E+00 0.769350E-02
 0.210000E+00 0.785548E-02
 0.230000E+00 0.461600E-02
 0.250000E+00 -.620200E-03
 0.270000E+00 -.558469E-02
 0.290000E+00 -.812805E-02
 0.310000E+00 -.715049E-02
 0.330000E+00 -.307743E-02
 0.350000E+00 0.232567E-02
 0.370000E+00 0.671850E-02
 0.390000E+00 0.819962E-02
 0.410000E+00 0.612948E-02
 0.430000E+00 0.140658E-02
 0.450000E+00 -.392249E-02
 0.470000E+00 -.754993E-02
 0.490000E+00 -.790612E-02
 0.510000E+00 -.483881E-02
 0.530000E+00 0.321801E-03
 0.550000E+00 0.533995E-02
 0.570000E+00 0.804291E-02
 0.590000E+00 0.726172E-02
 0.610000E+00 0.333675E-02
 0.630000E+00 -.203064E-02
 0.650000E+00 -.651552E-02
 0.670000E+00 -.817653E-02
 0.690000E+00 -.629616E-02
 0.710000E+00 -.169075E-02
 0.730000E+00 0.364395E-02
 0.750000E+00 0.739762E-02
 0.770000E+00 0.794591E-02
 0.790000E+00 0.505336E-02
 0.810000E+00 -.254984E-04
 0.830000E+00 -.509024E-02
 0.850000E+00 -.794789E-02
 0.870000E+00 -.736244E-02
 0.890000E+00 -.358947E-02
 0.910000E+00 0.335402E-02
 0.930000E+00 0.855413E-02
 0.950000E+00 0.748289E-02
 0.970000E+00 0.609961E-03
 0.990000E+00 -.908420E-02




































































































