 -.990000E+00 -.198918E+00
 -.970000E+00 -.198902E+00
 -.950000E+00 -.198806E+00
 -.930000E+00 -.198673E+00
 -.910000E+00 -.198559E+00
 -.890000E+00 0.505678E-04
 -.870000E+00 0.733999E-04
 -.850000E+00 0.643605E-04
 -.830000E+00 0.273767E-04
 -.810000E+00 -.214914E-04
 -.790000E+00 -.610246E-04
 -.770000E+00 -.740585E-04
 -.750000E+00 -.549355E-04
 -.730000E+00 -.119609E-04
 -.710000E+00 0.362045E-04
 -.690000E+00 0.686470E-04
 -.670000E+00 0.712811E-04
 -.650000E+00 0.429649E-04
 -.630000E+00 -.400512E-05
 -.610000E+00 -.492336E-04
 -.590000E+00 -.730825E-04
 -.570000E+00 -.651977E-04
 -.550000E+00 -.290043E-04
 -.530000E+00 0.197811E-04
 -.510000E+00 0.599753E-04
 -.490000E+00 0.741263E-04
 -.470000E+00 0.560909E-04
 -.450000E+00 0.137013E-04
 -.430000E+00 -.346359E-04
 -.410000E+00 -.679322E-04
 -.390000E+00 -.717309E-04
 -.370000E+00 -.443835E-04
 -.350000E+00 0.223462E-05
 -.330000E+00 0.478811E-04
 -.310000E+00 0.727360E-04
 -.290000E+00 0.660078E-04
 -.270000E+00 0.306187E-04
 -.250000E+00 -.180645E-04
 -.230000E+00 -.589029E-04
 -.210000E+00 -.741644E-04
 -.190000E+00 -.572228E-04
 -.170000E+00 -.154347E-04
 -.150000E+00 0.330546E-04
 -.130000E+00 0.671908E-04
 -.110000E+00 0.721516E-04
 -.900000E-01 0.457834E-04
 -.700000E-01 -.464335E-06
 -.500000E-01 -.465102E-04
 -.300000E-01 -.723606E-04
 -.100000E-01 -.667910E-04
 0.100000E-01 -.322200E-04
 0.300000E-01 0.163414E-04
 0.500000E-01 0.578074E-04
 0.700000E-01 0.741727E-04
 0.900000E-01 0.583314E-04
 0.110000E+00 0.171615E-04
 0.130000E+00 -.314605E-04
 0.150000E+00 -.664225E-04
 0.170000E+00 -.725433E-04
 0.190000E+00 -.471647E-04
 0.210000E+00 -.130594E-05
 0.230000E+00 0.451207E-04
 0.250000E+00 0.719561E-04
 0.270000E+00 0.675475E-04
 0.290000E+00 0.338085E-04
 0.310000E+00 -.146117E-04
 0.330000E+00 -.566885E-04
 0.350000E+00 -.741513E-04
 0.370000E+00 -.594168E-04
 0.390000E+00 -.188818E-04
 0.410000E+00 0.298534E-04
 0.430000E+00 0.656274E-04
 0.450000E+00 0.729060E-04
 0.470000E+00 0.485275E-04
 0.490000E+00 0.307639E-05
 0.510000E+00 -.437125E-04
 0.530000E+00 -.715226E-04
 0.550000E+00 -.682773E-04
 0.570000E+00 -.353842E-04
 0.590000E+00 0.128751E-04
 0.610000E+00 0.555462E-04
 0.630000E+00 0.741002E-04
 0.650000E+00 0.604791E-04
 0.670000E+00 0.205957E-04
 0.690000E+00 -.282331E-04
 0.710000E+00 -.648054E-04
 0.730000E+00 -.732398E-04
 0.750000E+00 -.498721E-04
 0.770000E+00 -.484722E-05
 0.790000E+00 0.422855E-04
 0.810000E+00 0.710600E-04
 0.830000E+00 0.689803E-04
 0.850000E+00 0.369474E-04
 0.870000E+00 -.111314E-04
 0.890000E+00 -.543803E-04
 0.910000E+00 0.198473E+00
 0.930000E+00 0.198418E+00
 0.950000E+00 0.198353E+00
 0.970000E+00 0.198305E+00
 0.990000E+00 0.198295E+00




































































































 -.990000E+00 -.199222E+00
 -.970000E+00 -.199217E+00
 -.950000E+00 -.199216E+00
 -.930000E+00 -.199217E+00
 -.910000E+00 -.199220E+00
 -.890000E+00 -.675056E-03
 -.870000E+00 -.690146E-03
 -.850000E+00 -.704642E-03
 -.830000E+00 -.718531E-03
 -.810000E+00 -.731801E-03
 -.790000E+00 -.744441E-03
 -.770000E+00 -.756439E-03
 -.750000E+00 -.767784E-03
 -.730000E+00 -.778468E-03
 -.710000E+00 -.788480E-03
 -.690000E+00 -.797811E-03
 -.670000E+00 -.806454E-03
 -.650000E+00 -.814400E-03
 -.630000E+00 -.821642E-03
 -.610000E+00 -.828174E-03
 -.590000E+00 -.833990E-03
 -.570000E+00 -.839085E-03
 -.550000E+00 -.843454E-03
 -.530000E+00 -.847092E-03
 -.510000E+00 -.849997E-03
 -.490000E+00 -.852165E-03
 -.470000E+00 -.853595E-03
 -.450000E+00 -.854285E-03
 -.430000E+00 -.854233E-03
 -.410000E+00 -.853440E-03
 -.390000E+00 -.851906E-03
 -.370000E+00 -.849631E-03
 -.350000E+00 -.846618E-03
 -.330000E+00 -.842868E-03
 -.310000E+00 -.838385E-03
 -.290000E+00 -.833172E-03
 -.270000E+00 -.827233E-03
 -.250000E+00 -.820573E-03
 -.230000E+00 -.813197E-03
 -.210000E+00 -.805111E-03
 -.190000E+00 -.796322E-03
 -.170000E+00 -.786836E-03
 -.150000E+00 -.776662E-03
 -.130000E+00 -.765809E-03
 -.110000E+00 -.754284E-03
 -.900000E-01 -.742098E-03
 -.700000E-01 -.729260E-03
 -.500000E-01 -.715782E-03
 -.300000E-01 -.701675E-03
 -.100000E-01 -.686950E-03
 0.100000E-01 -.671620E-03
 0.300000E-01 -.655697E-03
 0.500000E-01 -.639195E-03
 0.700000E-01 -.622128E-03
 0.900000E-01 -.604510E-03
 0.110000E+00 -.586357E-03
 0.130000E+00 -.567682E-03
 0.150000E+00 -.548503E-03
 0.170000E+00 -.528835E-03
 0.190000E+00 -.508696E-03
 0.210000E+00 -.488101E-03
 0.230000E+00 -.467069E-03
 0.250000E+00 -.445617E-03
 0.270000E+00 -.423765E-03
 0.290000E+00 -.401529E-03
 0.310000E+00 -.378930E-03
 0.330000E+00 -.355986E-03
 0.350000E+00 -.332717E-03
 0.370000E+00 -.309144E-03
 0.390000E+00 -.285285E-03
 0.410000E+00 -.261162E-03
 0.430000E+00 -.236795E-03
 0.450000E+00 -.212206E-03
 0.470000E+00 -.187414E-03
 0.490000E+00 -.162442E-03
 0.510000E+00 -.137311E-03
 0.530000E+00 -.112043E-03
 0.550000E+00 -.866585E-04
 0.570000E+00 -.611806E-04
 0.590000E+00 -.356307E-04
 0.610000E+00 -.100312E-04
 0.630000E+00 0.155961E-04
 0.650000E+00 0.412288E-04
 0.670000E+00 0.668449E-04
 0.690000E+00 0.924220E-04
 0.710000E+00 0.117938E-03
 0.730000E+00 0.143371E-03
 0.750000E+00 0.168699E-03
 0.770000E+00 0.193899E-03
 0.790000E+00 0.218950E-03
 0.810000E+00 0.243829E-03
 0.830000E+00 0.268516E-03
 0.850000E+00 0.292989E-03
 0.870000E+00 0.317226E-03
 0.890000E+00 0.341205E-03
 0.910000E+00 0.198922E+00
 0.930000E+00 0.198947E+00
 0.950000E+00 0.198968E+00
 0.970000E+00 0.198986E+00
 0.990000E+00 0.199000E+00




































































































 -.990000E+00 -.210208E+00
 -.970000E+00 -.210162E+00
 -.950000E+00 -.210116E+00
 -.930000E+00 -.210070E+00
 -.910000E+00 -.210024E+00
 -.890000E+00 -.114376E-01
 -.870000E+00 -.114193E-01
 -.850000E+00 -.113988E-01
 -.830000E+00 -.113760E-01
 -.810000E+00 -.113509E-01
 -.790000E+00 -.113236E-01
 -.770000E+00 -.112941E-01
 -.750000E+00 -.112623E-01
 -.730000E+00 -.112283E-01
 -.710000E+00 -.111921E-01
 -.690000E+00 -.111537E-01
 -.670000E+00 -.111130E-01
 -.650000E+00 -.110702E-01
 -.630000E+00 -.110251E-01
 -.610000E+00 -.109779E-01
 -.590000E+00 -.109285E-01
 -.570000E+00 -.108770E-01
 -.550000E+00 -.108233E-01
 -.530000E+00 -.107674E-01
 -.510000E+00 -.107095E-01
 -.490000E+00 -.106494E-01
 -.470000E+00 -.105872E-01
 -.450000E+00 -.105229E-01
 -.430000E+00 -.104565E-01
 -.410000E+00 -.103881E-01
 -.390000E+00 -.103176E-01
 -.370000E+00 -.102451E-01
 -.350000E+00 -.101705E-01
 -.330000E+00 -.100940E-01
 -.310000E+00 -.100154E-01
 -.290000E+00 -.993491E-02
 -.270000E+00 -.985242E-02
 -.250000E+00 -.976799E-02
 -.230000E+00 -.968163E-02
 -.210000E+00 -.959336E-02
 -.190000E+00 -.950320E-02
 -.170000E+00 -.941116E-02
 -.150000E+00 -.931726E-02
 -.130000E+00 -.922153E-02
 -.110000E+00 -.912398E-02
 -.900000E-01 -.902464E-02
 -.700000E-01 -.892351E-02
 -.500000E-01 -.882062E-02
 -.300000E-01 -.871600E-02
 -.100000E-01 -.860966E-02
 0.100000E-01 -.850162E-02
 0.300000E-01 -.839191E-02
 0.500000E-01 -.828055E-02
 0.700000E-01 -.816755E-02
 0.900000E-01 -.805295E-02
 0.110000E+00 -.793677E-02
 0.130000E+00 -.781902E-02
 0.150000E+00 -.769973E-02
 0.170000E+00 -.757893E-02
 0.190000E+00 -.745664E-02
 0.210000E+00 -.733289E-02
 0.230000E+00 -.720769E-02
 0.250000E+00 -.708108E-02
 0.270000E+00 -.695308E-02
 0.290000E+00 -.682371E-02
 0.310000E+00 -.669300E-02
 0.330000E+00 -.656098E-02
 0.350000E+00 -.642767E-02
 0.370000E+00 -.629310E-02
 0.390000E+00 -.615730E-02
 0.410000E+00 -.602028E-02
 0.430000E+00 -.588209E-02
 0.450000E+00 -.574275E-02
 0.470000E+00 -.560228E-02
 0.490000E+00 -.546072E-02
 0.510000E+00 -.531809E-02
 0.530000E+00 -.517442E-02
 0.550000E+00 -.502973E-02
 0.570000E+00 -.488407E-02
 0.590000E+00 -.473745E-02
 0.610000E+00 -.458990E-02
 0.630000E+00 -.444146E-02
 0.650000E+00 -.429215E-02
 0.670000E+00 -.414201E-02
 0.690000E+00 -.399106E-02
 0.710000E+00 -.383934E-02
 0.730000E+00 -.368687E-02
 0.750000E+00 -.353368E-02
 0.770000E+00 -.337980E-02
 0.790000E+00 -.322528E-02
 0.810000E+00 -.307012E-02
 0.830000E+00 -.291437E-02
 0.850000E+00 -.275806E-02
 0.870000E+00 -.260122E-02
 0.890000E+00 -.244388E-02
 0.910000E+00 0.196235E+00
 0.930000E+00 0.196324E+00
 0.950000E+00 0.196413E+00
 0.970000E+00 0.196500E+00
 0.990000E+00 0.196586E+00




































































































 -.990000E+00 -.209502E+00
 -.970000E+00 -.209484E+00
 -.950000E+00 -.209466E+00
 -.930000E+00 -.209448E+00
 -.910000E+00 -.209430E+00
 -.890000E+00 -.107494E-01
 -.870000E+00 -.105162E-01
 -.850000E+00 -.102824E-01
 -.830000E+00 -.100481E-01
 -.810000E+00 -.981317E-02
 -.790000E+00 -.957777E-02
 -.770000E+00 -.934185E-02
 -.750000E+00 -.910543E-02
 -.730000E+00 -.886852E-02
 -.710000E+00 -.863114E-02
 -.690000E+00 -.839330E-02
 -.670000E+00 -.815501E-02
 -.650000E+00 -.791628E-02
 -.630000E+00 -.767713E-02
 -.610000E+00 -.743757E-02
 -.590000E+00 -.719761E-02
 -.570000E+00 -.695726E-02
 -.550000E+00 -.671654E-02
 -.530000E+00 -.647547E-02
 -.510000E+00 -.623405E-02
 -.490000E+00 -.599229E-02
 -.470000E+00 -.575021E-02
 -.450000E+00 -.550783E-02
 -.430000E+00 -.526515E-02
 -.410000E+00 -.502219E-02
 -.390000E+00 -.477896E-02
 -.370000E+00 -.453548E-02
 -.350000E+00 -.429175E-02
 -.330000E+00 -.404780E-02
 -.310000E+00 -.380363E-02
 -.290000E+00 -.355925E-02
 -.270000E+00 -.331469E-02
 -.250000E+00 -.306994E-02
 -.230000E+00 -.282504E-02
 -.210000E+00 -.257998E-02
 -.190000E+00 -.233479E-02
 -.170000E+00 -.208947E-02
 -.150000E+00 -.184404E-02
 -.130000E+00 -.159851E-02
 -.110000E+00 -.135289E-02
 -.900000E-01 -.110721E-02
 -.700000E-01 -.861459E-03
 -.500000E-01 -.615667E-03
 -.300000E-01 -.369841E-03
 -.100000E-01 -.123997E-03
 0.100000E-01 0.121855E-03
 0.300000E-01 0.367700E-03
 0.500000E-01 0.613525E-03
 0.700000E-01 0.859318E-03
 0.900000E-01 0.110506E-02
 0.110000E+00 0.135075E-02
 0.130000E+00 0.159637E-02
 0.150000E+00 0.184190E-02
 0.170000E+00 0.208733E-02
 0.190000E+00 0.233265E-02
 0.210000E+00 0.257785E-02
 0.230000E+00 0.282290E-02
 0.250000E+00 0.306781E-02
 0.270000E+00 0.331255E-02
 0.290000E+00 0.355712E-02
 0.310000E+00 0.380150E-02
 0.330000E+00 0.404567E-02
 0.350000E+00 0.428963E-02
 0.370000E+00 0.453335E-02
 0.390000E+00 0.477684E-02
 0.410000E+00 0.502007E-02
 0.430000E+00 0.526303E-02
 0.450000E+00 0.550571E-02
 0.470000E+00 0.574810E-02
 0.490000E+00 0.599017E-02
 0.510000E+00 0.623193E-02
 0.530000E+00 0.647336E-02
 0.550000E+00 0.671444E-02
 0.570000E+00 0.695516E-02
 0.590000E+00 0.719550E-02
 0.610000E+00 0.743547E-02
 0.630000E+00 0.767503E-02
 0.650000E+00 0.791419E-02
 0.670000E+00 0.815292E-02
 0.690000E+00 0.839121E-02
 0.710000E+00 0.862906E-02
 0.730000E+00 0.886644E-02
 0.750000E+00 0.910335E-02
 0.770000E+00 0.933977E-02
 0.790000E+00 0.957569E-02
 0.810000E+00 0.981110E-02
 0.830000E+00 0.100460E-01
 0.850000E+00 0.102803E-01
 0.870000E+00 0.105141E-01
 0.890000E+00 0.107474E-01
 0.910000E+00 0.209428E+00
 0.930000E+00 0.209446E+00
 0.950000E+00 0.209464E+00
 0.970000E+00 0.209482E+00
 0.990000E+00 0.209500E+00




































































































 -.990000E+00 -.197698E+00
 -.970000E+00 -.197579E+00
 -.950000E+00 -.197458E+00
 -.930000E+00 -.197336E+00
 -.910000E+00 -.197213E+00
 -.890000E+00 0.138962E-02
 -.870000E+00 0.135851E-02
 -.850000E+00 0.132740E-02
 -.830000E+00 0.129628E-02
 -.810000E+00 0.126515E-02
 -.790000E+00 0.123401E-02
 -.770000E+00 0.120286E-02
 -.750000E+00 0.117171E-02
 -.730000E+00 0.114054E-02
 -.710000E+00 0.110937E-02
 -.690000E+00 0.107820E-02
 -.670000E+00 0.104701E-02
 -.650000E+00 0.101582E-02
 -.630000E+00 0.984620E-03
 -.610000E+00 0.953415E-03
 -.590000E+00 0.922203E-03
 -.570000E+00 0.890985E-03
 -.550000E+00 0.859762E-03
 -.530000E+00 0.828532E-03
 -.510000E+00 0.797297E-03
 -.490000E+00 0.766057E-03
 -.470000E+00 0.734811E-03
 -.450000E+00 0.703561E-03
 -.430000E+00 0.672306E-03
 -.410000E+00 0.641047E-03
 -.390000E+00 0.609783E-03
 -.370000E+00 0.578515E-03
 -.350000E+00 0.547244E-03
 -.330000E+00 0.515969E-03
 -.310000E+00 0.484690E-03
 -.290000E+00 0.453408E-03
 -.270000E+00 0.422123E-03
 -.250000E+00 0.390836E-03
 -.230000E+00 0.359545E-03
 -.210000E+00 0.328253E-03
 -.190000E+00 0.296958E-03
 -.170000E+00 0.265661E-03
 -.150000E+00 0.234363E-03
 -.130000E+00 0.203062E-03
 -.110000E+00 0.171761E-03
 -.900000E-01 0.140458E-03
 -.700000E-01 0.109155E-03
 -.500000E-01 0.778507E-04
 -.300000E-01 0.465460E-04
 -.100000E-01 0.152410E-04
 0.100000E-01 -.160641E-04
 0.300000E-01 -.473691E-04
 0.500000E-01 -.786738E-04
 0.700000E-01 -.109978E-03
 0.900000E-01 -.141281E-03
 0.110000E+00 -.172584E-03
 0.130000E+00 -.203885E-03
 0.150000E+00 -.235185E-03
 0.170000E+00 -.266483E-03
 0.190000E+00 -.297780E-03
 0.210000E+00 -.329074E-03
 0.230000E+00 -.360366E-03
 0.250000E+00 -.391656E-03
 0.270000E+00 -.422943E-03
 0.290000E+00 -.454228E-03
 0.310000E+00 -.485509E-03
 0.330000E+00 -.516787E-03
 0.350000E+00 -.548062E-03
 0.370000E+00 -.579333E-03
 0.390000E+00 -.610600E-03
 0.410000E+00 -.641863E-03
 0.430000E+00 -.673122E-03
 0.450000E+00 -.704376E-03
 0.470000E+00 -.735625E-03
 0.490000E+00 -.766870E-03
 0.510000E+00 -.798109E-03
 0.530000E+00 -.829344E-03
 0.550000E+00 -.860572E-03
 0.570000E+00 -.891795E-03
 0.590000E+00 -.923012E-03
 0.610000E+00 -.954222E-03
 0.630000E+00 -.985427E-03
 0.650000E+00 -.101662E-02
 0.670000E+00 -.104782E-02
 0.690000E+00 -.107900E-02
 0.710000E+00 -.111018E-02
 0.730000E+00 -.114135E-02
 0.750000E+00 -.117251E-02
 0.770000E+00 -.120366E-02
 0.790000E+00 -.123481E-02
 0.810000E+00 -.126594E-02
 0.830000E+00 -.129707E-02
 0.850000E+00 -.132819E-02
 0.870000E+00 -.135931E-02
 0.890000E+00 -.139041E-02
 0.910000E+00 0.197212E+00
 0.930000E+00 0.197335E+00
 0.950000E+00 0.197457E+00
 0.970000E+00 0.197578E+00
 0.990000E+00 0.197697E+00




































































































 -.990000E+00 -.199417E+00
 -.970000E+00 -.199317E+00
 -.950000E+00 -.199215E+00
 -.930000E+00 -.199112E+00
 -.910000E+00 -.199008E+00
 -.890000E+00 -.395988E-03
 -.870000E+00 -.387090E-03
 -.850000E+00 -.378193E-03
 -.830000E+00 -.369296E-03
 -.810000E+00 -.360398E-03
 -.790000E+00 -.351500E-03
 -.770000E+00 -.342603E-03
 -.750000E+00 -.333705E-03
 -.730000E+00 -.324807E-03
 -.710000E+00 -.315909E-03
 -.690000E+00 -.307011E-03
 -.670000E+00 -.298113E-03
 -.650000E+00 -.289215E-03
 -.630000E+00 -.280317E-03
 -.610000E+00 -.271418E-03
 -.590000E+00 -.262520E-03
 -.570000E+00 -.253622E-03
 -.550000E+00 -.244723E-03
 -.530000E+00 -.235825E-03
 -.510000E+00 -.226926E-03
 -.490000E+00 -.218028E-03
 -.470000E+00 -.209129E-03
 -.450000E+00 -.200230E-03
 -.430000E+00 -.191331E-03
 -.410000E+00 -.182432E-03
 -.390000E+00 -.173534E-03
 -.370000E+00 -.164635E-03
 -.350000E+00 -.155736E-03
 -.330000E+00 -.146837E-03
 -.310000E+00 -.137938E-03
 -.290000E+00 -.129039E-03
 -.270000E+00 -.120140E-03
 -.250000E+00 -.111240E-03
 -.230000E+00 -.102341E-03
 -.210000E+00 -.934422E-04
 -.190000E+00 -.845430E-04
 -.170000E+00 -.756438E-04
 -.150000E+00 -.667446E-04
 -.130000E+00 -.578453E-04
 -.110000E+00 -.489461E-04
 -.900000E-01 -.400468E-04
 -.700000E-01 -.311475E-04
 -.500000E-01 -.222483E-04
 -.300000E-01 -.133490E-04
 -.100000E-01 -.444969E-05
 0.100000E-01 0.444960E-05
 0.300000E-01 0.133489E-04
 0.500000E-01 0.222482E-04
 0.700000E-01 0.311475E-04
 0.900000E-01 0.400467E-04
 0.110000E+00 0.489460E-04
 0.130000E+00 0.578452E-04
 0.150000E+00 0.667445E-04
 0.170000E+00 0.756437E-04
 0.190000E+00 0.845429E-04
 0.210000E+00 0.934421E-04
 0.230000E+00 0.102341E-03
 0.250000E+00 0.111240E-03
 0.270000E+00 0.120140E-03
 0.290000E+00 0.129039E-03
 0.310000E+00 0.137938E-03
 0.330000E+00 0.146837E-03
 0.350000E+00 0.155736E-03
 0.370000E+00 0.164635E-03
 0.390000E+00 0.173534E-03
 0.410000E+00 0.182432E-03
 0.430000E+00 0.191331E-03
 0.450000E+00 0.200230E-03
 0.470000E+00 0.209129E-03
 0.490000E+00 0.218027E-03
 0.510000E+00 0.226926E-03
 0.530000E+00 0.235825E-03
 0.550000E+00 0.244723E-03
 0.570000E+00 0.253622E-03
 0.590000E+00 0.262520E-03
 0.610000E+00 0.271418E-03
 0.630000E+00 0.280317E-03
 0.650000E+00 0.289215E-03
 0.670000E+00 0.298113E-03
 0.690000E+00 0.307011E-03
 0.710000E+00 0.315909E-03
 0.730000E+00 0.324807E-03
 0.750000E+00 0.333705E-03
 0.770000E+00 0.342603E-03
 0.790000E+00 0.351500E-03
 0.810000E+00 0.360398E-03
 0.830000E+00 0.369296E-03
 0.850000E+00 0.378193E-03
 0.870000E+00 0.387090E-03
 0.890000E+00 0.395988E-03
 0.910000E+00 0.199008E+00
 0.930000E+00 0.199112E+00
 0.950000E+00 0.199215E+00
 0.970000E+00 0.199317E+00
 0.990000E+00 0.199417E+00




































































































 -.990000E+00 -.197697E+00
 -.970000E+00 -.197578E+00
 -.950000E+00 -.197457E+00
 -.930000E+00 -.197335E+00
 -.910000E+00 -.197212E+00
 -.890000E+00 0.139041E-02
 -.870000E+00 0.135931E-02
 -.850000E+00 0.132819E-02
 -.830000E+00 0.129707E-02
 -.810000E+00 0.126594E-02
 -.790000E+00 0.123481E-02
 -.770000E+00 0.120366E-02
 -.750000E+00 0.117251E-02
 -.730000E+00 0.114135E-02
 -.710000E+00 0.111018E-02
 -.690000E+00 0.107900E-02
 -.670000E+00 0.104782E-02
 -.650000E+00 0.101662E-02
 -.630000E+00 0.985427E-03
 -.610000E+00 0.954222E-03
 -.590000E+00 0.923012E-03
 -.570000E+00 0.891795E-03
 -.550000E+00 0.860572E-03
 -.530000E+00 0.829344E-03
 -.510000E+00 0.798109E-03
 -.490000E+00 0.766870E-03
 -.470000E+00 0.735625E-03
 -.450000E+00 0.704376E-03
 -.430000E+00 0.673122E-03
 -.410000E+00 0.641863E-03
 -.390000E+00 0.610600E-03
 -.370000E+00 0.579333E-03
 -.350000E+00 0.548062E-03
 -.330000E+00 0.516787E-03
 -.310000E+00 0.485509E-03
 -.290000E+00 0.454228E-03
 -.270000E+00 0.422943E-03
 -.250000E+00 0.391656E-03
 -.230000E+00 0.360366E-03
 -.210000E+00 0.329074E-03
 -.190000E+00 0.297780E-03
 -.170000E+00 0.266483E-03
 -.150000E+00 0.235185E-03
 -.130000E+00 0.203885E-03
 -.110000E+00 0.172584E-03
 -.900000E-01 0.141281E-03
 -.700000E-01 0.109978E-03
 -.500000E-01 0.786738E-04
 -.300000E-01 0.473691E-04
 -.100000E-01 0.160641E-04
 0.100000E-01 -.152410E-04
 0.300000E-01 -.465460E-04
 0.500000E-01 -.778507E-04
 0.700000E-01 -.109155E-03
 0.900000E-01 -.140458E-03
 0.110000E+00 -.171761E-03
 0.130000E+00 -.203062E-03
 0.150000E+00 -.234363E-03
 0.170000E+00 -.265661E-03
 0.190000E+00 -.296958E-03
 0.210000E+00 -.328253E-03
 0.230000E+00 -.359545E-03
 0.250000E+00 -.390836E-03
 0.270000E+00 -.422123E-03
 0.290000E+00 -.453408E-03
 0.310000E+00 -.484690E-03
 0.330000E+00 -.515969E-03
 0.350000E+00 -.547244E-03
 0.370000E+00 -.578515E-03
 0.390000E+00 -.609783E-03
 0.410000E+00 -.641047E-03
 0.430000E+00 -.672306E-03
 0.450000E+00 -.703561E-03
 0.470000E+00 -.734811E-03
 0.490000E+00 -.766057E-03
 0.510000E+00 -.797297E-03
 0.530000E+00 -.828532E-03
 0.550000E+00 -.859762E-03
 0.570000E+00 -.890985E-03
 0.590000E+00 -.922203E-03
 0.610000E+00 -.953415E-03
 0.630000E+00 -.984620E-03
 0.650000E+00 -.101582E-02
 0.670000E+00 -.104701E-02
 0.690000E+00 -.107820E-02
 0.710000E+00 -.110937E-02
 0.730000E+00 -.114054E-02
 0.750000E+00 -.117171E-02
 0.770000E+00 -.120286E-02
 0.790000E+00 -.123401E-02
 0.810000E+00 -.126515E-02
 0.830000E+00 -.129628E-02
 0.850000E+00 -.132740E-02
 0.870000E+00 -.135851E-02
 0.890000E+00 -.138962E-02
 0.910000E+00 0.197213E+00
 0.930000E+00 0.197336E+00
 0.950000E+00 0.197458E+00
 0.970000E+00 0.197579E+00
 0.990000E+00 0.197698E+00




































































































 -.990000E+00 -.209500E+00
 -.970000E+00 -.209482E+00
 -.950000E+00 -.209464E+00
 -.930000E+00 -.209446E+00
 -.910000E+00 -.209428E+00
 -.890000E+00 -.107474E-01
 -.870000E+00 -.105141E-01
 -.850000E+00 -.102803E-01
 -.830000E+00 -.100460E-01
 -.810000E+00 -.981110E-02
 -.790000E+00 -.957569E-02
 -.770000E+00 -.933977E-02
 -.750000E+00 -.910335E-02
 -.730000E+00 -.886644E-02
 -.710000E+00 -.862906E-02
 -.690000E+00 -.839121E-02
 -.670000E+00 -.815292E-02
 -.650000E+00 -.791419E-02
 -.630000E+00 -.767503E-02
 -.610000E+00 -.743547E-02
 -.590000E+00 -.719550E-02
 -.570000E+00 -.695516E-02
 -.550000E+00 -.671444E-02
 -.530000E+00 -.647336E-02
 -.510000E+00 -.623193E-02
 -.490000E+00 -.599017E-02
 -.470000E+00 -.574810E-02
 -.450000E+00 -.550571E-02
 -.430000E+00 -.526303E-02
 -.410000E+00 -.502007E-02
 -.390000E+00 -.477684E-02
 -.370000E+00 -.453335E-02
 -.350000E+00 -.428963E-02
 -.330000E+00 -.404567E-02
 -.310000E+00 -.380150E-02
 -.290000E+00 -.355712E-02
 -.270000E+00 -.331255E-02
 -.250000E+00 -.306781E-02
 -.230000E+00 -.282290E-02
 -.210000E+00 -.257785E-02
 -.190000E+00 -.233265E-02
 -.170000E+00 -.208733E-02
 -.150000E+00 -.184190E-02
 -.130000E+00 -.159637E-02
 -.110000E+00 -.135075E-02
 -.900000E-01 -.110506E-02
 -.700000E-01 -.859318E-03
 -.500000E-01 -.613525E-03
 -.300000E-01 -.367700E-03
 -.100000E-01 -.121855E-03
 0.100000E-01 0.123997E-03
 0.300000E-01 0.369841E-03
 0.500000E-01 0.615667E-03
 0.700000E-01 0.861459E-03
 0.900000E-01 0.110721E-02
 0.110000E+00 0.135289E-02
 0.130000E+00 0.159851E-02
 0.150000E+00 0.184404E-02
 0.170000E+00 0.208947E-02
 0.190000E+00 0.233479E-02
 0.210000E+00 0.257998E-02
 0.230000E+00 0.282504E-02
 0.250000E+00 0.306994E-02
 0.270000E+00 0.331469E-02
 0.290000E+00 0.355925E-02
 0.310000E+00 0.380363E-02
 0.330000E+00 0.404780E-02
 0.350000E+00 0.429175E-02
 0.370000E+00 0.453548E-02
 0.390000E+00 0.477896E-02
 0.410000E+00 0.502219E-02
 0.430000E+00 0.526515E-02
 0.450000E+00 0.550783E-02
 0.470000E+00 0.575021E-02
 0.490000E+00 0.599229E-02
 0.510000E+00 0.623405E-02
 0.530000E+00 0.647547E-02
 0.550000E+00 0.671654E-02
 0.570000E+00 0.695726E-02
 0.590000E+00 0.719761E-02
 0.610000E+00 0.743757E-02
 0.630000E+00 0.767713E-02
 0.650000E+00 0.791628E-02
 0.670000E+00 0.815501E-02
 0.690000E+00 0.839330E-02
 0.710000E+00 0.863114E-02
 0.730000E+00 0.886852E-02
 0.750000E+00 0.910543E-02
 0.770000E+00 0.934185E-02
 0.790000E+00 0.957777E-02
 0.810000E+00 0.981317E-02
 0.830000E+00 0.100481E-01
 0.850000E+00 0.102824E-01
 0.870000E+00 0.105162E-01
 0.890000E+00 0.107494E-01
 0.910000E+00 0.209430E+00
 0.930000E+00 0.209448E+00
 0.950000E+00 0.209466E+00
 0.970000E+00 0.209484E+00
 0.990000E+00 0.209502E+00




































































































 -.990000E+00 -.196586E+00
 -.970000E+00 -.196500E+00
 -.950000E+00 -.196413E+00
 -.930000E+00 -.196324E+00
 -.910000E+00 -.196235E+00
 -.890000E+00 0.244388E-02
 -.870000E+00 0.260122E-02
 -.850000E+00 0.275806E-02
 -.830000E+00 0.291437E-02
 -.810000E+00 0.307012E-02
 -.790000E+00 0.322528E-02
 -.770000E+00 0.337980E-02
 -.750000E+00 0.353368E-02
 -.730000E+00 0.368687E-02
 -.710000E+00 0.383934E-02
 -.690000E+00 0.399106E-02
 -.670000E+00 0.414201E-02
 -.650000E+00 0.429215E-02
 -.630000E+00 0.444146E-02
 -.610000E+00 0.458990E-02
 -.590000E+00 0.473745E-02
 -.570000E+00 0.488407E-02
 -.550000E+00 0.502973E-02
 -.530000E+00 0.517442E-02
 -.510000E+00 0.531809E-02
 -.490000E+00 0.546072E-02
 -.470000E+00 0.560228E-02
 -.450000E+00 0.574275E-02
 -.430000E+00 0.588209E-02
 -.410000E+00 0.602028E-02
 -.390000E+00 0.615730E-02
 -.370000E+00 0.629310E-02
 -.350000E+00 0.642767E-02
 -.330000E+00 0.656098E-02
 -.310000E+00 0.669300E-02
 -.290000E+00 0.682371E-02
 -.270000E+00 0.695308E-02
 -.250000E+00 0.708108E-02
 -.230000E+00 0.720769E-02
 -.210000E+00 0.733289E-02
 -.190000E+00 0.745664E-02
 -.170000E+00 0.757893E-02
 -.150000E+00 0.769973E-02
 -.130000E+00 0.781902E-02
 -.110000E+00 0.793677E-02
 -.900000E-01 0.805295E-02
 -.700000E-01 0.816755E-02
 -.500000E-01 0.828055E-02
 -.300000E-01 0.839191E-02
 -.100000E-01 0.850162E-02
 0.100000E-01 0.860966E-02
 0.300000E-01 0.871600E-02
 0.500000E-01 0.882062E-02
 0.700000E-01 0.892351E-02
 0.900000E-01 0.902464E-02
 0.110000E+00 0.912398E-02
 0.130000E+00 0.922153E-02
 0.150000E+00 0.931726E-02
 0.170000E+00 0.941116E-02
 0.190000E+00 0.950320E-02
 0.210000E+00 0.959336E-02
 0.230000E+00 0.968163E-02
 0.250000E+00 0.976799E-02
 0.270000E+00 0.985242E-02
 0.290000E+00 0.993491E-02
 0.310000E+00 0.100154E-01
 0.330000E+00 0.100940E-01
 0.350000E+00 0.101705E-01
 0.370000E+00 0.102451E-01
 0.390000E+00 0.103176E-01
 0.410000E+00 0.103881E-01
 0.430000E+00 0.104565E-01
 0.450000E+00 0.105229E-01
 0.470000E+00 0.105872E-01
 0.490000E+00 0.106494E-01
 0.510000E+00 0.107095E-01
 0.530000E+00 0.107674E-01
 0.550000E+00 0.108233E-01
 0.570000E+00 0.108770E-01
 0.590000E+00 0.109285E-01
 0.610000E+00 0.109779E-01
 0.630000E+00 0.110251E-01
 0.650000E+00 0.110702E-01
 0.670000E+00 0.111130E-01
 0.690000E+00 0.111537E-01
 0.710000E+00 0.111921E-01
 0.730000E+00 0.112283E-01
 0.750000E+00 0.112623E-01
 0.770000E+00 0.112941E-01
 0.790000E+00 0.113236E-01
 0.810000E+00 0.113509E-01
 0.830000E+00 0.113760E-01
 0.850000E+00 0.113988E-01
 0.870000E+00 0.114193E-01
 0.890000E+00 0.114376E-01
 0.910000E+00 0.210024E+00
 0.930000E+00 0.210070E+00
 0.950000E+00 0.210116E+00
 0.970000E+00 0.210162E+00
 0.990000E+00 0.210208E+00




































































































 -.990000E+00 -.199000E+00
 -.970000E+00 -.198986E+00
 -.950000E+00 -.198968E+00
 -.930000E+00 -.198947E+00
 -.910000E+00 -.198922E+00
 -.890000E+00 -.341205E-03
 -.870000E+00 -.317226E-03
 -.850000E+00 -.292989E-03
 -.830000E+00 -.268516E-03
 -.810000E+00 -.243829E-03
 -.790000E+00 -.218950E-03
 -.770000E+00 -.193899E-03
 -.750000E+00 -.168699E-03
 -.730000E+00 -.143371E-03
 -.710000E+00 -.117938E-03
 -.690000E+00 -.924220E-04
 -.670000E+00 -.668449E-04
 -.650000E+00 -.412288E-04
 -.630000E+00 -.155961E-04
 -.610000E+00 0.100312E-04
 -.590000E+00 0.356307E-04
 -.570000E+00 0.611806E-04
 -.550000E+00 0.866585E-04
 -.530000E+00 0.112043E-03
 -.510000E+00 0.137311E-03
 -.490000E+00 0.162442E-03
 -.470000E+00 0.187414E-03
 -.450000E+00 0.212206E-03
 -.430000E+00 0.236795E-03
 -.410000E+00 0.261162E-03
 -.390000E+00 0.285285E-03
 -.370000E+00 0.309144E-03
 -.350000E+00 0.332717E-03
 -.330000E+00 0.355986E-03
 -.310000E+00 0.378930E-03
 -.290000E+00 0.401529E-03
 -.270000E+00 0.423765E-03
 -.250000E+00 0.445617E-03
 -.230000E+00 0.467069E-03
 -.210000E+00 0.488101E-03
 -.190000E+00 0.508696E-03
 -.170000E+00 0.528835E-03
 -.150000E+00 0.548503E-03
 -.130000E+00 0.567682E-03
 -.110000E+00 0.586357E-03
 -.900000E-01 0.604510E-03
 -.700000E-01 0.622128E-03
 -.500000E-01 0.639195E-03
 -.300000E-01 0.655697E-03
 -.100000E-01 0.671620E-03
 0.100000E-01 0.686950E-03
 0.300000E-01 0.701675E-03
 0.500000E-01 0.715782E-03
 0.700000E-01 0.729260E-03
 0.900000E-01 0.742098E-03
 0.110000E+00 0.754284E-03
 0.130000E+00 0.765809E-03
 0.150000E+00 0.776662E-03
 0.170000E+00 0.786836E-03
 0.190000E+00 0.796322E-03
 0.210000E+00 0.805111E-03
 0.230000E+00 0.813197E-03
 0.250000E+00 0.820573E-03
 0.270000E+00 0.827233E-03
 0.290000E+00 0.833172E-03
 0.310000E+00 0.838385E-03
 0.330000E+00 0.842868E-03
 0.350000E+00 0.846618E-03
 0.370000E+00 0.849631E-03
 0.390000E+00 0.851906E-03
 0.410000E+00 0.853440E-03
 0.430000E+00 0.854233E-03
 0.450000E+00 0.854285E-03
 0.470000E+00 0.853595E-03
 0.490000E+00 0.852165E-03
 0.510000E+00 0.849997E-03
 0.530000E+00 0.847092E-03
 0.550000E+00 0.843454E-03
 0.570000E+00 0.839085E-03
 0.590000E+00 0.833990E-03
 0.610000E+00 0.828174E-03
 0.630000E+00 0.821642E-03
 0.650000E+00 0.814400E-03
 0.670000E+00 0.806454E-03
 0.690000E+00 0.797811E-03
 0.710000E+00 0.788480E-03
 0.730000E+00 0.778468E-03
 0.750000E+00 0.767784E-03
 0.770000E+00 0.756439E-03
 0.790000E+00 0.744441E-03
 0.810000E+00 0.731801E-03
 0.830000E+00 0.718531E-03
 0.850000E+00 0.704642E-03
 0.870000E+00 0.690146E-03
 0.890000E+00 0.675056E-03
 0.910000E+00 0.199220E+00
 0.930000E+00 0.199217E+00
 0.950000E+00 0.199216E+00
 0.970000E+00 0.199217E+00
 0.990000E+00 0.199222E+00




































































































 -.990000E+00 -.198295E+00
 -.970000E+00 -.198305E+00
 -.950000E+00 -.198353E+00
 -.930000E+00 -.198418E+00
 -.910000E+00 -.198473E+00
 -.890000E+00 0.543803E-04
 -.870000E+00 0.111314E-04
 -.850000E+00 -.369474E-04
 -.830000E+00 -.689803E-04
 -.810000E+00 -.710600E-04
 -.790000E+00 -.422855E-04
 -.770000E+00 0.484722E-05
 -.750000E+00 0.498721E-04
 -.730000E+00 0.732398E-04
 -.710000E+00 0.648054E-04
 -.690000E+00 0.282331E-04
 -.670000E+00 -.205957E-04
 -.650000E+00 -.604791E-04
 -.630000E+00 -.741002E-04
 -.610000E+00 -.555462E-04
 -.590000E+00 -.128751E-04
 -.570000E+00 0.353842E-04
 -.550000E+00 0.682773E-04
 -.530000E+00 0.715226E-04
 -.510000E+00 0.437125E-04
 -.490000E+00 -.307639E-05
 -.470000E+00 -.485275E-04
 -.450000E+00 -.729060E-04
 -.430000E+00 -.656274E-04
 -.410000E+00 -.298534E-04
 -.390000E+00 0.188818E-04
 -.370000E+00 0.594168E-04
 -.350000E+00 0.741513E-04
 -.330000E+00 0.566885E-04
 -.310000E+00 0.146117E-04
 -.290000E+00 -.338085E-04
 -.270000E+00 -.675475E-04
 -.250000E+00 -.719561E-04
 -.230000E+00 -.451207E-04
 -.210000E+00 0.130594E-05
 -.190000E+00 0.471647E-04
 -.170000E+00 0.725433E-04
 -.150000E+00 0.664225E-04
 -.130000E+00 0.314605E-04
 -.110000E+00 -.171615E-04
 -.900000E-01 -.583314E-04
 -.700000E-01 -.741727E-04
 -.500000E-01 -.578074E-04
 -.300000E-01 -.163414E-04
 -.100000E-01 0.322200E-04
 0.100000E-01 0.667910E-04
 0.300000E-01 0.723606E-04
 0.500000E-01 0.465102E-04
 0.700000E-01 0.464335E-06
 0.900000E-01 -.457834E-04
 0.110000E+00 -.721516E-04
 0.130000E+00 -.671908E-04
 0.150000E+00 -.330546E-04
 0.170000E+00 0.154347E-04
 0.190000E+00 0.572228E-04
 0.210000E+00 0.741644E-04
 0.230000E+00 0.589029E-04
 0.250000E+00 0.180645E-04
 0.270000E+00 -.306187E-04
 0.290000E+00 -.660078E-04
 0.310000E+00 -.727360E-04
 0.330000E+00 -.478811E-04
 0.350000E+00 -.223462E-05
 0.370000E+00 0.443835E-04
 0.390000E+00 0.717309E-04
 0.410000E+00 0.679322E-04
 0.430000E+00 0.346359E-04
 0.450000E+00 -.137013E-04
 0.470000E+00 -.560909E-04
 0.490000E+00 -.741263E-04
 0.510000E+00 -.599753E-04
 0.530000E+00 -.197811E-04
 0.550000E+00 0.290043E-04
 0.570000E+00 0.651977E-04
 0.590000E+00 0.730825E-04
 0.610000E+00 0.492336E-04
 0.630000E+00 0.400512E-05
 0.650000E+00 -.429649E-04
 0.670000E+00 -.712811E-04
 0.690000E+00 -.686470E-04
 0.710000E+00 -.362045E-04
 0.730000E+00 0.119609E-04
 0.750000E+00 0.549355E-04
 0.770000E+00 0.740585E-04
 0.790000E+00 0.610246E-04
 0.810000E+00 0.214914E-04
 0.830000E+00 -.273767E-04
 0.850000E+00 -.643605E-04
 0.870000E+00 -.733999E-04
 0.890000E+00 -.505678E-04
 0.910000E+00 0.198559E+00
 0.930000E+00 0.198673E+00
 0.950000E+00 0.198806E+00
 0.970000E+00 0.198902E+00
 0.990000E+00 0.198918E+00




































































































