 -.990000E+00 -.592127E-02
 -.970000E+00 -.592128E-02
 -.950000E+00 -.592152E-02
 -.930000E+00 -.592187E-02
 -.910000E+00 -.592220E-02
 -.890000E+00 -.754093E-02
 -.870000E+00 -.817090E-02
 -.850000E+00 -.526256E-02
 -.830000E+00 -.773365E-04
 -.810000E+00 0.513823E-02
 -.790000E+00 0.812584E-02
 -.770000E+00 0.759321E-02
 -.750000E+00 0.377311E-02
 -.730000E+00 -.167840E-02
 -.710000E+00 -.639988E-02
 -.690000E+00 -.834741E-02
 -.670000E+00 -.667940E-02
 -.650000E+00 -.212028E-02
 -.630000E+00 0.335415E-02
 -.610000E+00 0.737294E-02
 -.590000E+00 0.819688E-02
 -.570000E+00 0.547114E-02
 -.550000E+00 0.378093E-03
 -.530000E+00 -.487558E-02
 -.510000E+00 -.801499E-02
 -.490000E+00 -.768207E-02
 -.470000E+00 -.402309E-02
 -.450000E+00 0.137565E-02
 -.430000E+00 0.617547E-02
 -.410000E+00 0.829846E-02
 -.390000E+00 0.682700E-02
 -.370000E+00 0.240040E-02
 -.350000E+00 -.306287E-02
 -.330000E+00 -.719664E-02
 -.310000E+00 -.821182E-02
 -.290000E+00 -.567074E-02
 -.270000E+00 -.675812E-03
 -.250000E+00 0.460871E-02
 -.230000E+00 0.789450E-02
 -.210000E+00 0.776005E-02
 -.190000E+00 0.426565E-02
 -.170000E+00 -.107363E-02
 -.150000E+00 -.594481E-02
 -.130000E+00 -.823898E-02
 -.110000E+00 -.696436E-02
 -.900000E-01 -.267499E-02
 -.700000E-01 0.277002E-02
 -.500000E-01 0.701234E-02
 -.300000E-01 0.821581E-02
 -.100000E-01 0.586118E-02
 0.100000E-01 0.970126E-03
 0.300000E-01 -.433802E-02
 0.500000E-01 -.776463E-02
 0.700000E-01 -.782714E-02
 0.900000E-01 -.450053E-02
 0.110000E+00 0.772756E-03
 0.130000E+00 0.570825E-02
 0.150000E+00 0.816914E-02
 0.170000E+00 0.709136E-02
 0.190000E+00 0.294374E-02
 0.210000E+00 -.247598E-02
 0.230000E+00 -.682035E-02
 0.250000E+00 -.820893E-02
 0.270000E+00 -.604227E-02
 0.290000E+00 -.126068E-02
 0.310000E+00 0.406389E-02
 0.330000E+00 0.762560E-02
 0.350000E+00 0.788334E-02
 0.370000E+00 0.472750E-02
 0.390000E+00 -.473399E-03
 0.410000E+00 -.546617E-02
 0.430000E+00 -.808911E-02
 0.450000E+00 -.720795E-02
 0.470000E+00 -.320634E-02
 0.490000E+00 0.218117E-02
 0.510000E+00 0.662098E-02
 0.530000E+00 0.819128E-02
 0.550000E+00 0.621388E-02
 0.570000E+00 0.154711E-02
 0.590000E+00 -.378672E-02
 0.610000E+00 -.747770E-02
 0.630000E+00 -.792866E-02
 0.650000E+00 -.494631E-02
 0.670000E+00 0.175944E-03
 0.690000E+00 0.521892E-02
 0.710000E+00 0.799909E-02
 0.730000E+00 0.731404E-02
 0.750000E+00 0.346249E-02
 0.770000E+00 -.188596E-02
 0.790000E+00 -.641457E-02
 0.810000E+00 -.816298E-02
 0.830000E+00 -.637583E-02
 0.850000E+00 -.182909E-02
 0.870000E+00 0.350689E-02
 0.890000E+00 0.732118E-02
 0.910000E+00 0.568512E-02
 0.930000E+00 -.259407E-02
 0.950000E+00 -.123082E-01
 0.970000E+00 -.192501E-01
 0.990000E+00 -.204182E-01




































































































 -.990000E+00 -.131190E+00
 -.970000E+00 -.131190E+00
 -.950000E+00 -.131190E+00
 -.930000E+00 -.131191E+00
 -.910000E+00 -.131191E+00
 -.890000E+00 -.133233E+00
 -.870000E+00 -.137215E+00
 -.850000E+00 -.141062E+00
 -.830000E+00 -.144768E+00
 -.810000E+00 -.148331E+00
 -.790000E+00 -.151747E+00
 -.770000E+00 -.155014E+00
 -.750000E+00 -.158127E+00
 -.730000E+00 -.161083E+00
 -.710000E+00 -.163881E+00
 -.690000E+00 -.166517E+00
 -.670000E+00 -.168989E+00
 -.650000E+00 -.171294E+00
 -.630000E+00 -.173431E+00
 -.610000E+00 -.175397E+00
 -.590000E+00 -.177190E+00
 -.570000E+00 -.178809E+00
 -.550000E+00 -.180253E+00
 -.530000E+00 -.181520E+00
 -.510000E+00 -.182608E+00
 -.490000E+00 -.183517E+00
 -.470000E+00 -.184246E+00
 -.450000E+00 -.184795E+00
 -.430000E+00 -.185163E+00
 -.410000E+00 -.185349E+00
 -.390000E+00 -.185355E+00
 -.370000E+00 -.185179E+00
 -.350000E+00 -.184822E+00
 -.330000E+00 -.184284E+00
 -.310000E+00 -.183567E+00
 -.290000E+00 -.182671E+00
 -.270000E+00 -.181596E+00
 -.250000E+00 -.180345E+00
 -.230000E+00 -.178918E+00
 -.210000E+00 -.177317E+00
 -.190000E+00 -.175544E+00
 -.170000E+00 -.173600E+00
 -.150000E+00 -.171488E+00
 -.130000E+00 -.169209E+00
 -.110000E+00 -.166767E+00
 -.900000E-01 -.164163E+00
 -.700000E-01 -.161400E+00
 -.500000E-01 -.158481E+00
 -.300000E-01 -.155409E+00
 -.100000E-01 -.152187E+00
 0.100000E-01 -.148818E+00
 0.300000E-01 -.145306E+00
 0.500000E-01 -.141655E+00
 0.700000E-01 -.137867E+00
 0.900000E-01 -.133947E+00
 0.110000E+00 -.129898E+00
 0.130000E+00 -.125725E+00
 0.150000E+00 -.121432E+00
 0.170000E+00 -.117023E+00
 0.190000E+00 -.112503E+00
 0.210000E+00 -.107875E+00
 0.230000E+00 -.103145E+00
 0.250000E+00 -.983177E-01
 0.270000E+00 -.933970E-01
 0.290000E+00 -.883881E-01
 0.310000E+00 -.832961E-01
 0.330000E+00 -.781259E-01
 0.350000E+00 -.728826E-01
 0.370000E+00 -.675714E-01
 0.390000E+00 -.621976E-01
 0.410000E+00 -.567663E-01
 0.430000E+00 -.512829E-01
 0.450000E+00 -.457527E-01
 0.470000E+00 -.401813E-01
 0.490000E+00 -.345741E-01
 0.510000E+00 -.289364E-01
 0.530000E+00 -.232739E-01
 0.550000E+00 -.175921E-01
 0.570000E+00 -.118964E-01
 0.590000E+00 -.619251E-02
 0.610000E+00 -.485932E-03
 0.630000E+00 0.521779E-02
 0.650000E+00 0.109131E-01
 0.670000E+00 0.165944E-01
 0.690000E+00 0.222563E-01
 0.710000E+00 0.278932E-01
 0.730000E+00 0.334997E-01
 0.750000E+00 0.390703E-01
 0.770000E+00 0.445996E-01
 0.790000E+00 0.500822E-01
 0.810000E+00 0.555129E-01
 0.830000E+00 0.608864E-01
 0.850000E+00 0.661974E-01
 0.870000E+00 0.714409E-01
 0.890000E+00 0.766118E-01
 0.910000E+00 0.797161E-01
 0.930000E+00 0.806682E-01
 0.950000E+00 0.814277E-01
 0.970000E+00 0.819928E-01
 0.990000E+00 0.823621E-01




































































































 -.990000E+00 -.328732E+00
 -.970000E+00 -.328733E+00
 -.950000E+00 -.328734E+00
 -.930000E+00 -.328737E+00
 -.910000E+00 -.328740E+00
 -.890000E+00 -.331225E+00
 -.870000E+00 -.336138E+00
 -.850000E+00 -.340983E+00
 -.830000E+00 -.345757E+00
 -.810000E+00 -.350459E+00
 -.790000E+00 -.355089E+00
 -.770000E+00 -.359646E+00
 -.750000E+00 -.364129E+00
 -.730000E+00 -.368537E+00
 -.710000E+00 -.372868E+00
 -.690000E+00 -.377123E+00
 -.670000E+00 -.381299E+00
 -.650000E+00 -.385397E+00
 -.630000E+00 -.389415E+00
 -.610000E+00 -.393353E+00
 -.590000E+00 -.397210E+00
 -.570000E+00 -.400984E+00
 -.550000E+00 -.404675E+00
 -.530000E+00 -.408283E+00
 -.510000E+00 -.411806E+00
 -.490000E+00 -.415244E+00
 -.470000E+00 -.418597E+00
 -.450000E+00 -.421862E+00
 -.430000E+00 -.425040E+00
 -.410000E+00 -.428131E+00
 -.390000E+00 -.431132E+00
 -.370000E+00 -.434045E+00
 -.350000E+00 -.436867E+00
 -.330000E+00 -.439599E+00
 -.310000E+00 -.442240E+00
 -.290000E+00 -.444789E+00
 -.270000E+00 -.447246E+00
 -.250000E+00 -.449610E+00
 -.230000E+00 -.451881E+00
 -.210000E+00 -.454059E+00
 -.190000E+00 -.456142E+00
 -.170000E+00 -.458131E+00
 -.150000E+00 -.460025E+00
 -.130000E+00 -.461824E+00
 -.110000E+00 -.463527E+00
 -.900000E-01 -.465134E+00
 -.700000E-01 -.466644E+00
 -.500000E-01 -.468058E+00
 -.300000E-01 -.469375E+00
 -.100000E-01 -.470594E+00
 0.100000E-01 -.471717E+00
 0.300000E-01 -.472741E+00
 0.500000E-01 -.473668E+00
 0.700000E-01 -.474496E+00
 0.900000E-01 -.475227E+00
 0.110000E+00 -.475859E+00
 0.130000E+00 -.476392E+00
 0.150000E+00 -.476828E+00
 0.170000E+00 -.477164E+00
 0.190000E+00 -.477402E+00
 0.210000E+00 -.477542E+00
 0.230000E+00 -.477582E+00
 0.250000E+00 -.477525E+00
 0.270000E+00 -.477369E+00
 0.290000E+00 -.477114E+00
 0.310000E+00 -.476761E+00
 0.330000E+00 -.476310E+00
 0.350000E+00 -.475761E+00
 0.370000E+00 -.475114E+00
 0.390000E+00 -.474369E+00
 0.410000E+00 -.473527E+00
 0.430000E+00 -.472588E+00
 0.450000E+00 -.471551E+00
 0.470000E+00 -.470418E+00
 0.490000E+00 -.469189E+00
 0.510000E+00 -.467863E+00
 0.530000E+00 -.466442E+00
 0.550000E+00 -.464925E+00
 0.570000E+00 -.463314E+00
 0.590000E+00 -.461608E+00
 0.610000E+00 -.459807E+00
 0.630000E+00 -.457914E+00
 0.650000E+00 -.455926E+00
 0.670000E+00 -.453846E+00
 0.690000E+00 -.451674E+00
 0.710000E+00 -.449411E+00
 0.730000E+00 -.447056E+00
 0.750000E+00 -.444610E+00
 0.770000E+00 -.442075E+00
 0.790000E+00 -.439450E+00
 0.810000E+00 -.436736E+00
 0.830000E+00 -.433935E+00
 0.850000E+00 -.431045E+00
 0.870000E+00 -.428070E+00
 0.890000E+00 -.425008E+00
 0.910000E+00 -.423961E+00
 0.930000E+00 -.424986E+00
 0.950000E+00 -.426002E+00
 0.970000E+00 -.427007E+00
 0.990000E+00 -.428003E+00




































































































 -.990000E+00 0.222631E+00
 -.970000E+00 0.222638E+00
 -.950000E+00 0.222659E+00
 -.930000E+00 0.222695E+00
 -.910000E+00 0.222744E+00
 -.890000E+00 0.219889E+00
 -.870000E+00 0.214111E+00
 -.850000E+00 0.208312E+00
 -.830000E+00 0.202494E+00
 -.810000E+00 0.196657E+00
 -.790000E+00 0.190800E+00
 -.770000E+00 0.184924E+00
 -.750000E+00 0.179029E+00
 -.730000E+00 0.173115E+00
 -.710000E+00 0.167181E+00
 -.690000E+00 0.161229E+00
 -.670000E+00 0.155257E+00
 -.650000E+00 0.149267E+00
 -.630000E+00 0.143258E+00
 -.610000E+00 0.137230E+00
 -.590000E+00 0.131184E+00
 -.570000E+00 0.125119E+00
 -.550000E+00 0.119036E+00
 -.530000E+00 0.112934E+00
 -.510000E+00 0.106814E+00
 -.490000E+00 0.100677E+00
 -.470000E+00 0.945212E-01
 -.450000E+00 0.883479E-01
 -.430000E+00 0.821570E-01
 -.410000E+00 0.759486E-01
 -.390000E+00 0.697229E-01
 -.370000E+00 0.634800E-01
 -.350000E+00 0.572201E-01
 -.330000E+00 0.509434E-01
 -.310000E+00 0.446501E-01
 -.290000E+00 0.383403E-01
 -.270000E+00 0.320142E-01
 -.250000E+00 0.256720E-01
 -.230000E+00 0.193139E-01
 -.210000E+00 0.129401E-01
 -.190000E+00 0.655086E-02
 -.170000E+00 0.146374E-03
 -.150000E+00 -.627314E-02
 -.130000E+00 -.127074E-01
 -.110000E+00 -.191563E-01
 -.900000E-01 -.256195E-01
 -.700000E-01 -.320967E-01
 -.500000E-01 -.385877E-01
 -.300000E-01 -.450923E-01
 -.100000E-01 -.516101E-01
 0.100000E-01 -.581409E-01
 0.300000E-01 -.646844E-01
 0.500000E-01 -.712403E-01
 0.700000E-01 -.778082E-01
 0.900000E-01 -.843880E-01
 0.110000E+00 -.909793E-01
 0.130000E+00 -.975817E-01
 0.150000E+00 -.104195E+00
 0.170000E+00 -.110819E+00
 0.190000E+00 -.117453E+00
 0.210000E+00 -.124096E+00
 0.230000E+00 -.130749E+00
 0.250000E+00 -.137412E+00
 0.270000E+00 -.144083E+00
 0.290000E+00 -.150762E+00
 0.310000E+00 -.157449E+00
 0.330000E+00 -.164144E+00
 0.350000E+00 -.170846E+00
 0.370000E+00 -.177554E+00
 0.390000E+00 -.184269E+00
 0.410000E+00 -.190990E+00
 0.430000E+00 -.197717E+00
 0.450000E+00 -.204448E+00
 0.470000E+00 -.211185E+00
 0.490000E+00 -.217925E+00
 0.510000E+00 -.224669E+00
 0.530000E+00 -.231416E+00
 0.550000E+00 -.238167E+00
 0.570000E+00 -.244919E+00
 0.590000E+00 -.251674E+00
 0.610000E+00 -.258429E+00
 0.630000E+00 -.265186E+00
 0.650000E+00 -.271943E+00
 0.670000E+00 -.278700E+00
 0.690000E+00 -.285456E+00
 0.710000E+00 -.292211E+00
 0.730000E+00 -.298965E+00
 0.750000E+00 -.305716E+00
 0.770000E+00 -.312465E+00
 0.790000E+00 -.319210E+00
 0.810000E+00 -.325952E+00
 0.830000E+00 -.332689E+00
 0.850000E+00 -.339421E+00
 0.870000E+00 -.346148E+00
 0.890000E+00 -.352869E+00
 0.910000E+00 -.361711E+00
 0.930000E+00 -.372570E+00
 0.950000E+00 -.383281E+00
 0.970000E+00 -.393846E+00
 0.990000E+00 -.404264E+00




































































































 -.990000E+00 0.364980E+00
 -.970000E+00 0.364975E+00
 -.950000E+00 0.364958E+00
 -.930000E+00 0.364929E+00
 -.910000E+00 0.364890E+00
 -.890000E+00 0.362748E+00
 -.870000E+00 0.358507E+00
 -.850000E+00 0.354264E+00
 -.830000E+00 0.350018E+00
 -.810000E+00 0.345771E+00
 -.790000E+00 0.341521E+00
 -.770000E+00 0.337268E+00
 -.750000E+00 0.333014E+00
 -.730000E+00 0.328759E+00
 -.710000E+00 0.324501E+00
 -.690000E+00 0.320242E+00
 -.670000E+00 0.315982E+00
 -.650000E+00 0.311720E+00
 -.630000E+00 0.307457E+00
 -.610000E+00 0.303193E+00
 -.590000E+00 0.298929E+00
 -.570000E+00 0.294663E+00
 -.550000E+00 0.290397E+00
 -.530000E+00 0.286130E+00
 -.510000E+00 0.281863E+00
 -.490000E+00 0.277596E+00
 -.470000E+00 0.273328E+00
 -.450000E+00 0.269060E+00
 -.430000E+00 0.264793E+00
 -.410000E+00 0.260525E+00
 -.390000E+00 0.256258E+00
 -.370000E+00 0.251991E+00
 -.350000E+00 0.247725E+00
 -.330000E+00 0.243460E+00
 -.310000E+00 0.239195E+00
 -.290000E+00 0.234931E+00
 -.270000E+00 0.230668E+00
 -.250000E+00 0.226406E+00
 -.230000E+00 0.222145E+00
 -.210000E+00 0.217885E+00
 -.190000E+00 0.213627E+00
 -.170000E+00 0.209371E+00
 -.150000E+00 0.205116E+00
 -.130000E+00 0.200862E+00
 -.110000E+00 0.196611E+00
 -.900000E-01 0.192361E+00
 -.700000E-01 0.188114E+00
 -.500000E-01 0.183868E+00
 -.300000E-01 0.179625E+00
 -.100000E-01 0.175384E+00
 0.100000E-01 0.171146E+00
 0.300000E-01 0.166910E+00
 0.500000E-01 0.162676E+00
 0.700000E-01 0.158445E+00
 0.900000E-01 0.154217E+00
 0.110000E+00 0.149992E+00
 0.130000E+00 0.145770E+00
 0.150000E+00 0.141551E+00
 0.170000E+00 0.137335E+00
 0.190000E+00 0.133123E+00
 0.210000E+00 0.128914E+00
 0.230000E+00 0.124708E+00
 0.250000E+00 0.120505E+00
 0.270000E+00 0.116307E+00
 0.290000E+00 0.112111E+00
 0.310000E+00 0.107920E+00
 0.330000E+00 0.103733E+00
 0.350000E+00 0.995489E-01
 0.370000E+00 0.953693E-01
 0.390000E+00 0.911938E-01
 0.410000E+00 0.870224E-01
 0.430000E+00 0.828553E-01
 0.450000E+00 0.786925E-01
 0.470000E+00 0.745341E-01
 0.490000E+00 0.703801E-01
 0.510000E+00 0.662307E-01
 0.530000E+00 0.620859E-01
 0.550000E+00 0.579458E-01
 0.570000E+00 0.538104E-01
 0.590000E+00 0.496799E-01
 0.610000E+00 0.455542E-01
 0.630000E+00 0.414336E-01
 0.650000E+00 0.373179E-01
 0.670000E+00 0.332073E-01
 0.690000E+00 0.291020E-01
 0.710000E+00 0.250018E-01
 0.730000E+00 0.209069E-01
 0.750000E+00 0.168174E-01
 0.770000E+00 0.127333E-01
 0.790000E+00 0.865472E-02
 0.810000E+00 0.458165E-02
 0.830000E+00 0.514182E-03
 0.850000E+00 -.354762E-02
 0.870000E+00 -.760371E-02
 0.890000E+00 -.116540E-01
 0.910000E+00 -.196015E-01
 0.930000E+00 -.313666E-01
 0.950000E+00 -.430189E-01
 0.970000E+00 -.545571E-01
 0.990000E+00 -.659800E-01




































































































 -.990000E+00 0.677481E+00
 -.970000E+00 0.677479E+00
 -.950000E+00 0.677473E+00
 -.930000E+00 0.677463E+00
 -.910000E+00 0.677449E+00
 -.890000E+00 0.677262E+00
 -.870000E+00 0.676904E+00
 -.850000E+00 0.676546E+00
 -.830000E+00 0.676188E+00
 -.810000E+00 0.675830E+00
 -.790000E+00 0.675472E+00
 -.770000E+00 0.675113E+00
 -.750000E+00 0.674754E+00
 -.730000E+00 0.674396E+00
 -.710000E+00 0.674037E+00
 -.690000E+00 0.673677E+00
 -.670000E+00 0.673318E+00
 -.650000E+00 0.672959E+00
 -.630000E+00 0.672599E+00
 -.610000E+00 0.672239E+00
 -.590000E+00 0.671879E+00
 -.570000E+00 0.671519E+00
 -.550000E+00 0.671159E+00
 -.530000E+00 0.670798E+00
 -.510000E+00 0.670438E+00
 -.490000E+00 0.670077E+00
 -.470000E+00 0.669716E+00
 -.450000E+00 0.669355E+00
 -.430000E+00 0.668994E+00
 -.410000E+00 0.668632E+00
 -.390000E+00 0.668271E+00
 -.370000E+00 0.667909E+00
 -.350000E+00 0.667547E+00
 -.330000E+00 0.667185E+00
 -.310000E+00 0.666823E+00
 -.290000E+00 0.666461E+00
 -.270000E+00 0.666098E+00
 -.250000E+00 0.665735E+00
 -.230000E+00 0.665373E+00
 -.210000E+00 0.665010E+00
 -.190000E+00 0.664647E+00
 -.170000E+00 0.664283E+00
 -.150000E+00 0.663920E+00
 -.130000E+00 0.663556E+00
 -.110000E+00 0.663192E+00
 -.900000E-01 0.662829E+00
 -.700000E-01 0.662464E+00
 -.500000E-01 0.662100E+00
 -.300000E-01 0.661736E+00
 -.100000E-01 0.661371E+00
 0.100000E-01 0.661007E+00
 0.300000E-01 0.660642E+00
 0.500000E-01 0.660277E+00
 0.700000E-01 0.659912E+00
 0.900000E-01 0.659546E+00
 0.110000E+00 0.659181E+00
 0.130000E+00 0.658815E+00
 0.150000E+00 0.658450E+00
 0.170000E+00 0.658084E+00
 0.190000E+00 0.657718E+00
 0.210000E+00 0.657351E+00
 0.230000E+00 0.656985E+00
 0.250000E+00 0.656618E+00
 0.270000E+00 0.656252E+00
 0.290000E+00 0.655885E+00
 0.310000E+00 0.655518E+00
 0.330000E+00 0.655151E+00
 0.350000E+00 0.654783E+00
 0.370000E+00 0.654416E+00
 0.390000E+00 0.654048E+00
 0.410000E+00 0.653680E+00
 0.430000E+00 0.653312E+00
 0.450000E+00 0.652944E+00
 0.470000E+00 0.652576E+00
 0.490000E+00 0.652208E+00
 0.510000E+00 0.651839E+00
 0.530000E+00 0.651471E+00
 0.550000E+00 0.651102E+00
 0.570000E+00 0.650733E+00
 0.590000E+00 0.650363E+00
 0.610000E+00 0.649994E+00
 0.630000E+00 0.649625E+00
 0.650000E+00 0.649255E+00
 0.670000E+00 0.648885E+00
 0.690000E+00 0.648515E+00
 0.710000E+00 0.648145E+00
 0.730000E+00 0.647775E+00
 0.750000E+00 0.647405E+00
 0.770000E+00 0.647034E+00
 0.790000E+00 0.646663E+00
 0.810000E+00 0.646293E+00
 0.830000E+00 0.645922E+00
 0.850000E+00 0.645550E+00
 0.870000E+00 0.645179E+00
 0.890000E+00 0.644808E+00
 0.910000E+00 0.640149E+00
 0.930000E+00 0.631148E+00
 0.950000E+00 0.622076E+00
 0.970000E+00 0.612936E+00
 0.990000E+00 0.603730E+00




































































































 -.990000E+00 0.878229E+00
 -.970000E+00 0.878229E+00
 -.950000E+00 0.878227E+00
 -.930000E+00 0.878224E+00
 -.910000E+00 0.878219E+00
 -.890000E+00 0.878972E+00
 -.870000E+00 0.880476E+00
 -.850000E+00 0.881971E+00
 -.830000E+00 0.883456E+00
 -.810000E+00 0.884932E+00
 -.790000E+00 0.886399E+00
 -.770000E+00 0.887856E+00
 -.750000E+00 0.889304E+00
 -.730000E+00 0.890742E+00
 -.710000E+00 0.892171E+00
 -.690000E+00 0.893591E+00
 -.670000E+00 0.895001E+00
 -.650000E+00 0.896402E+00
 -.630000E+00 0.897794E+00
 -.610000E+00 0.899176E+00
 -.590000E+00 0.900548E+00
 -.570000E+00 0.901912E+00
 -.550000E+00 0.903266E+00
 -.530000E+00 0.904610E+00
 -.510000E+00 0.905945E+00
 -.490000E+00 0.907271E+00
 -.470000E+00 0.908587E+00
 -.450000E+00 0.909894E+00
 -.430000E+00 0.911192E+00
 -.410000E+00 0.912480E+00
 -.390000E+00 0.913759E+00
 -.370000E+00 0.915029E+00
 -.350000E+00 0.916289E+00
 -.330000E+00 0.917539E+00
 -.310000E+00 0.918781E+00
 -.290000E+00 0.920013E+00
 -.270000E+00 0.921235E+00
 -.250000E+00 0.922448E+00
 -.230000E+00 0.923652E+00
 -.210000E+00 0.924847E+00
 -.190000E+00 0.926032E+00
 -.170000E+00 0.927208E+00
 -.150000E+00 0.928374E+00
 -.130000E+00 0.929531E+00
 -.110000E+00 0.930678E+00
 -.900000E-01 0.931817E+00
 -.700000E-01 0.932945E+00
 -.500000E-01 0.934065E+00
 -.300000E-01 0.935175E+00
 -.100000E-01 0.936276E+00
 0.100000E-01 0.937367E+00
 0.300000E-01 0.938449E+00
 0.500000E-01 0.939521E+00
 0.700000E-01 0.940585E+00
 0.900000E-01 0.941638E+00
 0.110000E+00 0.942683E+00
 0.130000E+00 0.943718E+00
 0.150000E+00 0.944744E+00
 0.170000E+00 0.945760E+00
 0.190000E+00 0.946767E+00
 0.210000E+00 0.947764E+00
 0.230000E+00 0.948753E+00
 0.250000E+00 0.949731E+00
 0.270000E+00 0.950701E+00
 0.290000E+00 0.951661E+00
 0.310000E+00 0.952612E+00
 0.330000E+00 0.953553E+00
 0.350000E+00 0.954485E+00
 0.370000E+00 0.955407E+00
 0.390000E+00 0.956321E+00
 0.410000E+00 0.957224E+00
 0.430000E+00 0.958119E+00
 0.450000E+00 0.959004E+00
 0.470000E+00 0.959880E+00
 0.490000E+00 0.960746E+00
 0.510000E+00 0.961603E+00
 0.530000E+00 0.962450E+00
 0.550000E+00 0.963288E+00
 0.570000E+00 0.964117E+00
 0.590000E+00 0.964936E+00
 0.610000E+00 0.965746E+00
 0.630000E+00 0.966547E+00
 0.650000E+00 0.967338E+00
 0.670000E+00 0.968120E+00
 0.690000E+00 0.968892E+00
 0.710000E+00 0.969655E+00
 0.730000E+00 0.970409E+00
 0.750000E+00 0.971153E+00
 0.770000E+00 0.971888E+00
 0.790000E+00 0.972613E+00
 0.810000E+00 0.973329E+00
 0.830000E+00 0.974036E+00
 0.850000E+00 0.974733E+00
 0.870000E+00 0.975421E+00
 0.890000E+00 0.976099E+00
 0.910000E+00 0.975742E+00
 0.930000E+00 0.974320E+00
 0.950000E+00 0.972849E+00
 0.970000E+00 0.971330E+00
 0.990000E+00 0.969761E+00




































































































 -.990000E+00 0.997143E+00
 -.970000E+00 0.997143E+00
 -.950000E+00 0.997143E+00
 -.930000E+00 0.997143E+00
 -.910000E+00 0.997142E+00
 -.890000E+00 0.997411E+00
 -.870000E+00 0.997909E+00
 -.850000E+00 0.998353E+00
 -.830000E+00 0.998745E+00
 -.810000E+00 0.999083E+00
 -.790000E+00 0.999367E+00
 -.770000E+00 0.999599E+00
 -.750000E+00 0.999777E+00
 -.730000E+00 0.999902E+00
 -.710000E+00 0.999973E+00
 -.690000E+00 0.999992E+00
 -.670000E+00 0.999957E+00
 -.650000E+00 0.999868E+00
 -.630000E+00 0.999727E+00
 -.610000E+00 0.999533E+00
 -.590000E+00 0.999285E+00
 -.570000E+00 0.998984E+00
 -.550000E+00 0.998631E+00
 -.530000E+00 0.998224E+00
 -.510000E+00 0.997764E+00
 -.490000E+00 0.997251E+00
 -.470000E+00 0.996686E+00
 -.450000E+00 0.996067E+00
 -.430000E+00 0.995396E+00
 -.410000E+00 0.994671E+00
 -.390000E+00 0.993894E+00
 -.370000E+00 0.993064E+00
 -.350000E+00 0.992182E+00
 -.330000E+00 0.991246E+00
 -.310000E+00 0.990259E+00
 -.290000E+00 0.989218E+00
 -.270000E+00 0.988125E+00
 -.250000E+00 0.986979E+00
 -.230000E+00 0.985782E+00
 -.210000E+00 0.984531E+00
 -.190000E+00 0.983228E+00
 -.170000E+00 0.981873E+00
 -.150000E+00 0.980466E+00
 -.130000E+00 0.979007E+00
 -.110000E+00 0.977495E+00
 -.900000E-01 0.975931E+00
 -.700000E-01 0.974316E+00
 -.500000E-01 0.972648E+00
 -.300000E-01 0.970928E+00
 -.100000E-01 0.969157E+00
 0.100000E-01 0.967333E+00
 0.300000E-01 0.965458E+00
 0.500000E-01 0.963532E+00
 0.700000E-01 0.961553E+00
 0.900000E-01 0.959524E+00
 0.110000E+00 0.957442E+00
 0.130000E+00 0.955310E+00
 0.150000E+00 0.953126E+00
 0.170000E+00 0.950890E+00
 0.190000E+00 0.948604E+00
 0.210000E+00 0.946266E+00
 0.230000E+00 0.943878E+00
 0.250000E+00 0.941438E+00
 0.270000E+00 0.938948E+00
 0.290000E+00 0.936407E+00
 0.310000E+00 0.933815E+00
 0.330000E+00 0.931173E+00
 0.350000E+00 0.928480E+00
 0.370000E+00 0.925736E+00
 0.390000E+00 0.922942E+00
 0.410000E+00 0.920098E+00
 0.430000E+00 0.917204E+00
 0.450000E+00 0.914260E+00
 0.470000E+00 0.911265E+00
 0.490000E+00 0.908221E+00
 0.510000E+00 0.905127E+00
 0.530000E+00 0.901983E+00
 0.550000E+00 0.898790E+00
 0.570000E+00 0.895547E+00
 0.590000E+00 0.892255E+00
 0.610000E+00 0.888914E+00
 0.630000E+00 0.885523E+00
 0.650000E+00 0.882084E+00
 0.670000E+00 0.878595E+00
 0.690000E+00 0.875058E+00
 0.710000E+00 0.871472E+00
 0.730000E+00 0.867837E+00
 0.750000E+00 0.864154E+00
 0.770000E+00 0.860423E+00
 0.790000E+00 0.856643E+00
 0.810000E+00 0.852815E+00
 0.830000E+00 0.848940E+00
 0.850000E+00 0.845016E+00
 0.870000E+00 0.841045E+00
 0.890000E+00 0.837027E+00
 0.910000E+00 0.833582E+00
 0.930000E+00 0.830704E+00
 0.950000E+00 0.827769E+00
 0.970000E+00 0.824776E+00
 0.990000E+00 0.821724E+00




































































































 -.990000E+00 0.348479E+00
 -.970000E+00 0.348479E+00
 -.950000E+00 0.348478E+00
 -.930000E+00 0.348478E+00
 -.910000E+00 0.348477E+00
 -.890000E+00 0.346010E+00
 -.870000E+00 0.341025E+00
 -.850000E+00 0.335974E+00
 -.830000E+00 0.330856E+00
 -.810000E+00 0.325673E+00
 -.790000E+00 0.320426E+00
 -.770000E+00 0.315116E+00
 -.750000E+00 0.309744E+00
 -.730000E+00 0.304311E+00
 -.710000E+00 0.298818E+00
 -.690000E+00 0.293266E+00
 -.670000E+00 0.287658E+00
 -.650000E+00 0.281992E+00
 -.630000E+00 0.276272E+00
 -.610000E+00 0.270497E+00
 -.590000E+00 0.264670E+00
 -.570000E+00 0.258792E+00
 -.550000E+00 0.252863E+00
 -.530000E+00 0.246885E+00
 -.510000E+00 0.240859E+00
 -.490000E+00 0.234787E+00
 -.470000E+00 0.228669E+00
 -.450000E+00 0.222508E+00
 -.430000E+00 0.216304E+00
 -.410000E+00 0.210059E+00
 -.390000E+00 0.203773E+00
 -.370000E+00 0.197450E+00
 -.350000E+00 0.191089E+00
 -.330000E+00 0.184692E+00
 -.310000E+00 0.178260E+00
 -.290000E+00 0.171796E+00
 -.270000E+00 0.165299E+00
 -.250000E+00 0.158773E+00
 -.230000E+00 0.152217E+00
 -.210000E+00 0.145635E+00
 -.190000E+00 0.139026E+00
 -.170000E+00 0.132392E+00
 -.150000E+00 0.125735E+00
 -.130000E+00 0.119057E+00
 -.110000E+00 0.112358E+00
 -.900000E-01 0.105641E+00
 -.700000E-01 0.989062E-01
 -.500000E-01 0.921556E-01
 -.300000E-01 0.853907E-01
 -.100000E-01 0.786130E-01
 0.100000E-01 0.718239E-01
 0.300000E-01 0.650249E-01
 0.500000E-01 0.582175E-01
 0.700000E-01 0.514032E-01
 0.900000E-01 0.445836E-01
 0.110000E+00 0.377600E-01
 0.130000E+00 0.309341E-01
 0.150000E+00 0.241073E-01
 0.170000E+00 0.172811E-01
 0.190000E+00 0.104570E-01
 0.210000E+00 0.363652E-02
 0.230000E+00 -.317884E-02
 0.250000E+00 -.998759E-02
 0.270000E+00 -.167882E-01
 0.290000E+00 -.235793E-01
 0.310000E+00 -.303592E-01
 0.330000E+00 -.371266E-01
 0.350000E+00 -.438800E-01
 0.370000E+00 -.506178E-01
 0.390000E+00 -.573387E-01
 0.410000E+00 -.640411E-01
 0.430000E+00 -.707236E-01
 0.450000E+00 -.773848E-01
 0.470000E+00 -.840231E-01
 0.490000E+00 -.906372E-01
 0.510000E+00 -.972257E-01
 0.530000E+00 -.103787E+00
 0.550000E+00 -.110320E+00
 0.570000E+00 -.116823E+00
 0.590000E+00 -.123295E+00
 0.610000E+00 -.129734E+00
 0.630000E+00 -.136139E+00
 0.650000E+00 -.142509E+00
 0.670000E+00 -.148842E+00
 0.690000E+00 -.155137E+00
 0.710000E+00 -.161392E+00
 0.730000E+00 -.167607E+00
 0.750000E+00 -.173780E+00
 0.770000E+00 -.179910E+00
 0.790000E+00 -.185995E+00
 0.810000E+00 -.192034E+00
 0.830000E+00 -.198027E+00
 0.850000E+00 -.203971E+00
 0.870000E+00 -.209865E+00
 0.890000E+00 -.215709E+00
 0.910000E+00 -.224088E+00
 0.930000E+00 -.234932E+00
 0.950000E+00 -.245628E+00
 0.970000E+00 -.256170E+00
 0.990000E+00 -.266551E+00




































































































 -.990000E+00 0.131638E+00
 -.970000E+00 0.131638E+00
 -.950000E+00 0.131638E+00
 -.930000E+00 0.131638E+00
 -.910000E+00 0.131638E+00
 -.890000E+00 0.129570E+00
 -.870000E+00 0.125342E+00
 -.850000E+00 0.120994E+00
 -.830000E+00 0.116530E+00
 -.810000E+00 0.111956E+00
 -.790000E+00 0.107275E+00
 -.770000E+00 0.102493E+00
 -.750000E+00 0.976128E-01
 -.730000E+00 0.926406E-01
 -.710000E+00 0.875809E-01
 -.690000E+00 0.824388E-01
 -.670000E+00 0.772192E-01
 -.650000E+00 0.719274E-01
 -.630000E+00 0.665685E-01
 -.610000E+00 0.611478E-01
 -.590000E+00 0.556707E-01
 -.570000E+00 0.501425E-01
 -.550000E+00 0.445686E-01
 -.530000E+00 0.389546E-01
 -.510000E+00 0.333059E-01
 -.490000E+00 0.276280E-01
 -.470000E+00 0.219266E-01
 -.450000E+00 0.162073E-01
 -.430000E+00 0.104756E-01
 -.410000E+00 0.473713E-02
 -.390000E+00 -.100247E-02
 -.370000E+00 -.673758E-02
 -.350000E+00 -.124626E-01
 -.330000E+00 -.181720E-01
 -.310000E+00 -.238601E-01
 -.290000E+00 -.295214E-01
 -.270000E+00 -.351504E-01
 -.250000E+00 -.407416E-01
 -.230000E+00 -.462895E-01
 -.210000E+00 -.517888E-01
 -.190000E+00 -.572342E-01
 -.170000E+00 -.626202E-01
 -.150000E+00 -.679418E-01
 -.130000E+00 -.731938E-01
 -.110000E+00 -.783710E-01
 -.900000E-01 -.834686E-01
 -.700000E-01 -.884814E-01
 -.500000E-01 -.934048E-01
 -.300000E-01 -.982340E-01
 -.100000E-01 -.102964E+00
 0.100000E-01 -.107591E+00
 0.300000E-01 -.112110E+00
 0.500000E-01 -.116517E+00
 0.700000E-01 -.120808E+00
 0.900000E-01 -.124978E+00
 0.110000E+00 -.129023E+00
 0.130000E+00 -.132940E+00
 0.150000E+00 -.136725E+00
 0.170000E+00 -.140375E+00
 0.190000E+00 -.143885E+00
 0.210000E+00 -.147253E+00
 0.230000E+00 -.150476E+00
 0.250000E+00 -.153549E+00
 0.270000E+00 -.156472E+00
 0.290000E+00 -.159240E+00
 0.310000E+00 -.161851E+00
 0.330000E+00 -.164303E+00
 0.350000E+00 -.166593E+00
 0.370000E+00 -.168720E+00
 0.390000E+00 -.170681E+00
 0.410000E+00 -.172475E+00
 0.430000E+00 -.174100E+00
 0.450000E+00 -.175554E+00
 0.470000E+00 -.176836E+00
 0.490000E+00 -.177946E+00
 0.510000E+00 -.178882E+00
 0.530000E+00 -.179643E+00
 0.550000E+00 -.180228E+00
 0.570000E+00 -.180638E+00
 0.590000E+00 -.180872E+00
 0.610000E+00 -.180930E+00
 0.630000E+00 -.180812E+00
 0.650000E+00 -.180517E+00
 0.670000E+00 -.180048E+00
 0.690000E+00 -.179403E+00
 0.710000E+00 -.178584E+00
 0.730000E+00 -.177592E+00
 0.750000E+00 -.176427E+00
 0.770000E+00 -.175092E+00
 0.790000E+00 -.173587E+00
 0.810000E+00 -.171913E+00
 0.830000E+00 -.170074E+00
 0.850000E+00 -.168070E+00
 0.870000E+00 -.165903E+00
 0.890000E+00 -.163576E+00
 0.910000E+00 -.162970E+00
 0.930000E+00 -.163986E+00
 0.950000E+00 -.164711E+00
 0.970000E+00 -.165148E+00
 0.990000E+00 -.165298E+00




































































































 -.990000E+00 0.592091E-02
 -.970000E+00 0.592097E-02
 -.950000E+00 0.592157E-02
 -.930000E+00 0.592244E-02
 -.910000E+00 0.592321E-02
 -.890000E+00 0.364531E-02
 -.870000E+00 -.182783E-02
 -.850000E+00 -.650622E-02
 -.830000E+00 -.836464E-02
 -.810000E+00 -.660012E-02
 -.790000E+00 -.197887E-02
 -.770000E+00 0.349642E-02
 -.750000E+00 0.745447E-02
 -.730000E+00 0.818241E-02
 -.710000E+00 0.536699E-02
 -.690000E+00 0.229411E-03
 -.670000E+00 -.500439E-02
 -.650000E+00 -.806816E-02
 -.630000E+00 -.763663E-02
 -.610000E+00 -.389877E-02
 -.590000E+00 0.152496E-02
 -.570000E+00 0.628512E-02
 -.550000E+00 0.832099E-02
 -.530000E+00 0.675271E-02
 -.510000E+00 0.226151E-02
 -.490000E+00 -.320618E-02
 -.470000E+00 -.728232E-02
 -.450000E+00 -.820280E-02
 -.430000E+00 -.557099E-02
 -.410000E+00 -.528578E-03
 -.390000E+00 0.473965E-02
 -.370000E+00 0.795246E-02
 -.350000E+00 0.771998E-02
 -.330000E+00 0.414495E-02
 -.310000E+00 -.122264E-02
 -.290000E+00 -.605759E-02
 -.270000E+00 -.826673E-02
 -.250000E+00 -.689511E-02
 -.230000E+00 -.253879E-02
 -.210000E+00 0.291416E-02
 -.190000E+00 0.710201E-02
 -.170000E+00 0.821221E-02
 -.150000E+00 0.576593E-02
 -.130000E+00 0.824523E-03
 -.110000E+00 -.447090E-02
 -.900000E-01 -.782726E-02
 -.700000E-01 -.779245E-02
 -.500000E-01 -.438359E-02
 -.300000E-01 0.921255E-03
 -.100000E-01 0.582400E-02
 0.100000E-01 0.820203E-02
 0.300000E-01 0.702721E-02
 0.500000E-01 0.281039E-02
 0.700000E-01 -.262076E-02
 0.900000E-01 -.691386E-02
 0.110000E+00 -.821071E-02
 0.130000E+00 -.595161E-02
 0.150000E+00 -.111688E-02
 0.170000E+00 0.419852E-02
 0.190000E+00 0.769278E-02
 0.210000E+00 0.785402E-02
 0.230000E+00 0.461444E-02
 0.250000E+00 -.621199E-03
 0.270000E+00 -.558469E-02
 0.290000E+00 -.812705E-02
 0.310000E+00 -.714893E-02
 0.330000E+00 -.307598E-02
 0.350000E+00 0.232639E-02
 0.370000E+00 0.671817E-02
 0.390000E+00 0.819839E-02
 0.410000E+00 0.612788E-02
 0.430000E+00 0.140530E-02
 0.450000E+00 -.392290E-02
 0.470000E+00 -.754930E-02
 0.490000E+00 -.790472E-02
 0.510000E+00 -.483724E-02
 0.530000E+00 0.322856E-03
 0.550000E+00 0.534004E-02
 0.570000E+00 0.804199E-02
 0.590000E+00 0.726020E-02
 0.610000E+00 0.333527E-02
 0.630000E+00 -.203142E-02
 0.650000E+00 -.651528E-02
 0.670000E+00 -.817536E-02
 0.690000E+00 -.629458E-02
 0.710000E+00 -.168943E-02
 0.730000E+00 0.364444E-02
 0.750000E+00 0.739707E-02
 0.770000E+00 0.794456E-02
 0.790000E+00 0.505179E-02
 0.810000E+00 -.266062E-04
 0.830000E+00 -.509041E-02
 0.850000E+00 -.794704E-02
 0.870000E+00 -.736095E-02
 0.890000E+00 -.358798E-02
 0.910000E+00 0.117634E-03
 0.930000E+00 0.405599E-02
 0.950000E+00 0.879915E-02
 0.970000E+00 0.122939E-01
 0.990000E+00 0.130287E-01




































































































