 -.990000E+00 0.198701E+00
 -.970000E+00 0.198765E+00
 -.950000E+00 0.198810E+00
 -.930000E+00 0.198815E+00
 -.910000E+00 0.198778E+00
 -.890000E+00 0.150818E-03
 -.870000E+00 0.230247E-04
 -.850000E+00 -.114736E-03
 -.830000E+00 -.202817E-03
 -.810000E+00 -.203078E-03
 -.790000E+00 -.115409E-03
 -.770000E+00 0.222306E-04
 -.750000E+00 0.150243E-03
 -.730000E+00 0.213201E-03
 -.710000E+00 0.183844E-03
 -.690000E+00 0.748848E-04
 -.670000E+00 -.664984E-04
 -.650000E+00 -.179087E-03
 -.630000E+00 -.214132E-03
 -.610000E+00 -.156460E-03
 -.590000E+00 -.310418E-04
 -.570000E+00 0.107816E-03
 -.550000E+00 0.199990E-03
 -.530000E+00 0.205569E-03
 -.510000E+00 0.122139E-03
 -.490000E+00 -.141762E-04
 -.470000E+00 -.144352E-03
 -.450000E+00 -.212025E-03
 -.430000E+00 -.187892E-03
 -.410000E+00 -.824033E-04
 -.390000E+00 0.587644E-04
 -.370000E+00 0.174487E-03
 -.350000E+00 0.214658E-03
 -.330000E+00 0.161883E-03
 -.310000E+00 0.390150E-04
 -.290000E+00 -.100746E-03
 -.270000E+00 -.196885E-03
 -.250000E+00 -.207773E-03
 -.230000E+00 -.128698E-03
 -.210000E+00 0.610252E-05
 -.190000E+00 0.138260E-03
 -.170000E+00 0.210552E-03
 -.150000E+00 0.191677E-03
 -.130000E+00 0.898065E-04
 -.110000E+00 -.509489E-04
 -.900000E-01 -.169644E-03
 -.700000E-01 -.214884E-03
 -.500000E-01 -.167081E-03
 -.300000E-01 -.469334E-04
 -.100000E-01 0.935360E-04
 0.100000E-01 0.193505E-03
 0.300000E-01 0.209688E-03
 0.500000E-01 0.135077E-03
 0.700000E-01 0.197939E-05
 0.900000E-01 -.131976E-03
 0.110000E+00 -.208786E-03
 0.130000E+00 -.195194E-03
 0.150000E+00 -.970843E-04
 0.170000E+00 0.430625E-04
 0.190000E+00 0.164564E-03
 0.210000E+00 0.214810E-03
 0.230000E+00 0.172046E-03
 0.250000E+00 0.547863E-04
 0.270000E+00 -.861954E-04
 0.290000E+00 -.189855E-03
 0.310000E+00 -.211310E-03
 0.330000E+00 -.141268E-03
 0.350000E+00 -.100586E-04
 0.370000E+00 0.125507E-03
 0.390000E+00 0.206729E-03
 0.410000E+00 0.198440E-03
 0.430000E+00 0.104227E-03
 0.450000E+00 -.351159E-04
 0.470000E+00 -.159254E-03
 0.490000E+00 -.214437E-03
 0.510000E+00 -.176770E-03
 0.530000E+00 -.625631E-04
 0.550000E+00 0.787343E-04
 0.570000E+00 0.185941E-03
 0.590000E+00 0.212637E-03
 0.610000E+00 0.147263E-03
 0.630000E+00 0.181242E-04
 0.650000E+00 -.118863E-03
 0.670000E+00 -.204384E-03
 0.690000E+00 -.201408E-03
 0.710000E+00 -.111224E-03
 0.730000E+00 0.271198E-04
 0.750000E+00 0.153722E-03
 0.770000E+00 0.213765E-03
 0.790000E+00 0.181249E-03
 0.810000E+00 0.702531E-04
 0.830000E+00 -.711629E-04
 0.850000E+00 -.181767E-03
 0.870000E+00 -.213668E-03
 0.890000E+00 -.153052E-03
 0.910000E+00 0.198520E+00
 0.930000E+00 0.198592E+00
 0.950000E+00 0.198577E+00
 0.970000E+00 0.198482E+00
 0.990000E+00 0.198349E+00




































































































 -.990000E+00 0.201886E+00
 -.970000E+00 0.201764E+00
 -.950000E+00 0.201642E+00
 -.930000E+00 0.201521E+00
 -.910000E+00 0.201401E+00
 -.890000E+00 0.272005E-02
 -.870000E+00 0.258816E-02
 -.850000E+00 0.245373E-02
 -.830000E+00 0.231690E-02
 -.810000E+00 0.217780E-02
 -.790000E+00 0.203657E-02
 -.770000E+00 0.189335E-02
 -.750000E+00 0.174827E-02
 -.730000E+00 0.160149E-02
 -.710000E+00 0.145314E-02
 -.690000E+00 0.130336E-02
 -.670000E+00 0.115231E-02
 -.650000E+00 0.100013E-02
 -.630000E+00 0.846968E-03
 -.610000E+00 0.692979E-03
 -.590000E+00 0.538312E-03
 -.570000E+00 0.383118E-03
 -.550000E+00 0.227548E-03
 -.530000E+00 0.717543E-04
 -.510000E+00 -.841099E-04
 -.490000E+00 -.239892E-03
 -.470000E+00 -.395441E-03
 -.450000E+00 -.550603E-03
 -.430000E+00 -.705227E-03
 -.410000E+00 -.859162E-03
 -.390000E+00 -.101226E-02
 -.370000E+00 -.116436E-02
 -.350000E+00 -.131533E-02
 -.330000E+00 -.146501E-02
 -.310000E+00 -.161326E-02
 -.290000E+00 -.175992E-02
 -.270000E+00 -.190487E-02
 -.250000E+00 -.204796E-02
 -.230000E+00 -.218904E-02
 -.210000E+00 -.232798E-02
 -.190000E+00 -.246464E-02
 -.170000E+00 -.259889E-02
 -.150000E+00 -.273060E-02
 -.130000E+00 -.285964E-02
 -.110000E+00 -.298588E-02
 -.900000E-01 -.310920E-02
 -.700000E-01 -.322948E-02
 -.500000E-01 -.334660E-02
 -.300000E-01 -.346044E-02
 -.100000E-01 -.357090E-02
 0.100000E-01 -.367787E-02
 0.300000E-01 -.378124E-02
 0.500000E-01 -.388090E-02
 0.700000E-01 -.397677E-02
 0.900000E-01 -.406875E-02
 0.110000E+00 -.415675E-02
 0.130000E+00 -.424068E-02
 0.150000E+00 -.432047E-02
 0.170000E+00 -.439602E-02
 0.190000E+00 -.446728E-02
 0.210000E+00 -.453416E-02
 0.230000E+00 -.459661E-02
 0.250000E+00 -.465456E-02
 0.270000E+00 -.470795E-02
 0.290000E+00 -.475674E-02
 0.310000E+00 -.480087E-02
 0.330000E+00 -.484031E-02
 0.350000E+00 -.487501E-02
 0.370000E+00 -.490494E-02
 0.390000E+00 -.493007E-02
 0.410000E+00 -.495037E-02
 0.430000E+00 -.496583E-02
 0.450000E+00 -.497644E-02
 0.470000E+00 -.498217E-02
 0.490000E+00 -.498303E-02
 0.510000E+00 -.497901E-02
 0.530000E+00 -.497011E-02
 0.550000E+00 -.495636E-02
 0.570000E+00 -.493775E-02
 0.590000E+00 -.491431E-02
 0.610000E+00 -.488607E-02
 0.630000E+00 -.485304E-02
 0.650000E+00 -.481526E-02
 0.670000E+00 -.477277E-02
 0.690000E+00 -.472560E-02
 0.710000E+00 -.467382E-02
 0.730000E+00 -.461745E-02
 0.750000E+00 -.455657E-02
 0.770000E+00 -.449123E-02
 0.790000E+00 -.442150E-02
 0.810000E+00 -.434743E-02
 0.830000E+00 -.426911E-02
 0.850000E+00 -.418661E-02
 0.870000E+00 -.410001E-02
 0.890000E+00 -.400940E-02
 0.910000E+00 0.194638E+00
 0.930000E+00 0.194728E+00
 0.950000E+00 0.194819E+00
 0.970000E+00 0.194909E+00
 0.990000E+00 0.194999E+00




































































































 -.990000E+00 0.201197E+00
 -.970000E+00 0.201106E+00
 -.950000E+00 0.201015E+00
 -.930000E+00 0.200925E+00
 -.910000E+00 0.200836E+00
 -.890000E+00 0.217653E-02
 -.870000E+00 0.205783E-02
 -.850000E+00 0.193873E-02
 -.830000E+00 0.181923E-02
 -.810000E+00 0.169938E-02
 -.790000E+00 0.157920E-02
 -.770000E+00 0.145871E-02
 -.750000E+00 0.133795E-02
 -.730000E+00 0.121692E-02
 -.710000E+00 0.109567E-02
 -.690000E+00 0.974214E-03
 -.670000E+00 0.852583E-03
 -.650000E+00 0.730801E-03
 -.630000E+00 0.608895E-03
 -.610000E+00 0.486891E-03
 -.590000E+00 0.364815E-03
 -.570000E+00 0.242693E-03
 -.550000E+00 0.120552E-03
 -.530000E+00 -.158274E-05
 -.510000E+00 -.123684E-03
 -.490000E+00 -.245727E-03
 -.470000E+00 -.367685E-03
 -.450000E+00 -.489531E-03
 -.430000E+00 -.611240E-03
 -.410000E+00 -.732785E-03
 -.390000E+00 -.854141E-03
 -.370000E+00 -.975281E-03
 -.350000E+00 -.109618E-02
 -.330000E+00 -.121681E-02
 -.310000E+00 -.133715E-02
 -.290000E+00 -.145717E-02
 -.270000E+00 -.157685E-02
 -.250000E+00 -.169615E-02
 -.230000E+00 -.181506E-02
 -.210000E+00 -.193355E-02
 -.190000E+00 -.205159E-02
 -.170000E+00 -.216917E-02
 -.150000E+00 -.228624E-02
 -.130000E+00 -.240279E-02
 -.110000E+00 -.251880E-02
 -.900000E-01 -.263424E-02
 -.700000E-01 -.274908E-02
 -.500000E-01 -.286330E-02
 -.300000E-01 -.297687E-02
 -.100000E-01 -.308978E-02
 0.100000E-01 -.320199E-02
 0.300000E-01 -.331349E-02
 0.500000E-01 -.342424E-02
 0.700000E-01 -.353424E-02
 0.900000E-01 -.364344E-02
 0.110000E+00 -.375183E-02
 0.130000E+00 -.385939E-02
 0.150000E+00 -.396609E-02
 0.170000E+00 -.407191E-02
 0.190000E+00 -.417683E-02
 0.210000E+00 -.428083E-02
 0.230000E+00 -.438388E-02
 0.250000E+00 -.448596E-02
 0.270000E+00 -.458705E-02
 0.290000E+00 -.468712E-02
 0.310000E+00 -.478617E-02
 0.330000E+00 -.488416E-02
 0.350000E+00 -.498107E-02
 0.370000E+00 -.507689E-02
 0.390000E+00 -.517160E-02
 0.410000E+00 -.526516E-02
 0.430000E+00 -.535757E-02
 0.450000E+00 -.544881E-02
 0.470000E+00 -.553885E-02
 0.490000E+00 -.562768E-02
 0.510000E+00 -.571527E-02
 0.530000E+00 -.580161E-02
 0.550000E+00 -.588668E-02
 0.570000E+00 -.597046E-02
 0.590000E+00 -.605294E-02
 0.610000E+00 -.613410E-02
 0.630000E+00 -.621391E-02
 0.650000E+00 -.629236E-02
 0.670000E+00 -.636945E-02
 0.690000E+00 -.644514E-02
 0.710000E+00 -.651942E-02
 0.730000E+00 -.659229E-02
 0.750000E+00 -.666371E-02
 0.770000E+00 -.673368E-02
 0.790000E+00 -.680219E-02
 0.810000E+00 -.686921E-02
 0.830000E+00 -.693474E-02
 0.850000E+00 -.699875E-02
 0.870000E+00 -.706125E-02
 0.890000E+00 -.712220E-02
 0.910000E+00 0.191408E+00
 0.930000E+00 0.191416E+00
 0.950000E+00 0.191424E+00
 0.970000E+00 0.191431E+00
 0.990000E+00 0.191438E+00




































































































 -.990000E+00 0.180398E+00
 -.970000E+00 0.180136E+00
 -.950000E+00 0.179872E+00
 -.930000E+00 0.179605E+00
 -.910000E+00 0.179336E+00
 -.890000E+00 -.193824E-01
 -.870000E+00 -.194375E-01
 -.850000E+00 -.194915E-01
 -.830000E+00 -.195442E-01
 -.810000E+00 -.195958E-01
 -.790000E+00 -.196461E-01
 -.770000E+00 -.196952E-01
 -.750000E+00 -.197430E-01
 -.730000E+00 -.197897E-01
 -.710000E+00 -.198351E-01
 -.690000E+00 -.198793E-01
 -.670000E+00 -.199222E-01
 -.650000E+00 -.199639E-01
 -.630000E+00 -.200044E-01
 -.610000E+00 -.200436E-01
 -.590000E+00 -.200816E-01
 -.570000E+00 -.201184E-01
 -.550000E+00 -.201539E-01
 -.530000E+00 -.201881E-01
 -.510000E+00 -.202211E-01
 -.490000E+00 -.202528E-01
 -.470000E+00 -.202833E-01
 -.450000E+00 -.203125E-01
 -.430000E+00 -.203405E-01
 -.410000E+00 -.203672E-01
 -.390000E+00 -.203926E-01
 -.370000E+00 -.204168E-01
 -.350000E+00 -.204397E-01
 -.330000E+00 -.204614E-01
 -.310000E+00 -.204818E-01
 -.290000E+00 -.205009E-01
 -.270000E+00 -.205187E-01
 -.250000E+00 -.205353E-01
 -.230000E+00 -.205506E-01
 -.210000E+00 -.205646E-01
 -.190000E+00 -.205774E-01
 -.170000E+00 -.205889E-01
 -.150000E+00 -.205991E-01
 -.130000E+00 -.206080E-01
 -.110000E+00 -.206157E-01
 -.900000E-01 -.206220E-01
 -.700000E-01 -.206271E-01
 -.500000E-01 -.206310E-01
 -.300000E-01 -.206335E-01
 -.100000E-01 -.206348E-01
 0.100000E-01 -.206348E-01
 0.300000E-01 -.206335E-01
 0.500000E-01 -.206309E-01
 0.700000E-01 -.206271E-01
 0.900000E-01 -.206220E-01
 0.110000E+00 -.206156E-01
 0.130000E+00 -.206079E-01
 0.150000E+00 -.205990E-01
 0.170000E+00 -.205888E-01
 0.190000E+00 -.205773E-01
 0.210000E+00 -.205645E-01
 0.230000E+00 -.205505E-01
 0.250000E+00 -.205352E-01
 0.270000E+00 -.205186E-01
 0.290000E+00 -.205007E-01
 0.310000E+00 -.204816E-01
 0.330000E+00 -.204612E-01
 0.350000E+00 -.204396E-01
 0.370000E+00 -.204166E-01
 0.390000E+00 -.203924E-01
 0.410000E+00 -.203670E-01
 0.430000E+00 -.203403E-01
 0.450000E+00 -.203123E-01
 0.470000E+00 -.202831E-01
 0.490000E+00 -.202526E-01
 0.510000E+00 -.202208E-01
 0.530000E+00 -.201878E-01
 0.550000E+00 -.201536E-01
 0.570000E+00 -.201181E-01
 0.590000E+00 -.200813E-01
 0.610000E+00 -.200433E-01
 0.630000E+00 -.200041E-01
 0.650000E+00 -.199636E-01
 0.670000E+00 -.199219E-01
 0.690000E+00 -.198789E-01
 0.710000E+00 -.198347E-01
 0.730000E+00 -.197893E-01
 0.750000E+00 -.197426E-01
 0.770000E+00 -.196948E-01
 0.790000E+00 -.196457E-01
 0.810000E+00 -.195953E-01
 0.830000E+00 -.195438E-01
 0.850000E+00 -.194910E-01
 0.870000E+00 -.194371E-01
 0.890000E+00 -.193819E-01
 0.910000E+00 0.179337E+00
 0.930000E+00 0.179606E+00
 0.950000E+00 0.179872E+00
 0.970000E+00 0.180136E+00
 0.990000E+00 0.180398E+00




































































































 -.990000E+00 0.224099E+00
 -.970000E+00 0.224264E+00
 -.950000E+00 0.224430E+00
 -.930000E+00 0.224598E+00
 -.910000E+00 0.224768E+00
 -.890000E+00 0.263056E-01
 -.870000E+00 0.263211E-01
 -.850000E+00 0.263361E-01
 -.830000E+00 0.263508E-01
 -.810000E+00 0.263652E-01
 -.790000E+00 0.263792E-01
 -.770000E+00 0.263929E-01
 -.750000E+00 0.264062E-01
 -.730000E+00 0.264192E-01
 -.710000E+00 0.264318E-01
 -.690000E+00 0.264441E-01
 -.670000E+00 0.264560E-01
 -.650000E+00 0.264676E-01
 -.630000E+00 0.264789E-01
 -.610000E+00 0.264897E-01
 -.590000E+00 0.265003E-01
 -.570000E+00 0.265105E-01
 -.550000E+00 0.265203E-01
 -.530000E+00 0.265298E-01
 -.510000E+00 0.265389E-01
 -.490000E+00 0.265477E-01
 -.470000E+00 0.265561E-01
 -.450000E+00 0.265642E-01
 -.430000E+00 0.265720E-01
 -.410000E+00 0.265794E-01
 -.390000E+00 0.265864E-01
 -.370000E+00 0.265931E-01
 -.350000E+00 0.265994E-01
 -.330000E+00 0.266054E-01
 -.310000E+00 0.266110E-01
 -.290000E+00 0.266163E-01
 -.270000E+00 0.266212E-01
 -.250000E+00 0.266258E-01
 -.230000E+00 0.266300E-01
 -.210000E+00 0.266339E-01
 -.190000E+00 0.266374E-01
 -.170000E+00 0.266406E-01
 -.150000E+00 0.266434E-01
 -.130000E+00 0.266459E-01
 -.110000E+00 0.266480E-01
 -.900000E-01 0.266497E-01
 -.700000E-01 0.266512E-01
 -.500000E-01 0.266522E-01
 -.300000E-01 0.266529E-01
 -.100000E-01 0.266533E-01
 0.100000E-01 0.266533E-01
 0.300000E-01 0.266529E-01
 0.500000E-01 0.266522E-01
 0.700000E-01 0.266512E-01
 0.900000E-01 0.266498E-01
 0.110000E+00 0.266480E-01
 0.130000E+00 0.266459E-01
 0.150000E+00 0.266434E-01
 0.170000E+00 0.266406E-01
 0.190000E+00 0.266375E-01
 0.210000E+00 0.266339E-01
 0.230000E+00 0.266301E-01
 0.250000E+00 0.266259E-01
 0.270000E+00 0.266213E-01
 0.290000E+00 0.266164E-01
 0.310000E+00 0.266111E-01
 0.330000E+00 0.266055E-01
 0.350000E+00 0.265995E-01
 0.370000E+00 0.265932E-01
 0.390000E+00 0.265865E-01
 0.410000E+00 0.265794E-01
 0.430000E+00 0.265721E-01
 0.450000E+00 0.265643E-01
 0.470000E+00 0.265562E-01
 0.490000E+00 0.265478E-01
 0.510000E+00 0.265390E-01
 0.530000E+00 0.265299E-01
 0.550000E+00 0.265204E-01
 0.570000E+00 0.265106E-01
 0.590000E+00 0.265004E-01
 0.610000E+00 0.264899E-01
 0.630000E+00 0.264790E-01
 0.650000E+00 0.264678E-01
 0.670000E+00 0.264562E-01
 0.690000E+00 0.264442E-01
 0.710000E+00 0.264320E-01
 0.730000E+00 0.264193E-01
 0.750000E+00 0.264064E-01
 0.770000E+00 0.263930E-01
 0.790000E+00 0.263794E-01
 0.810000E+00 0.263654E-01
 0.830000E+00 0.263510E-01
 0.850000E+00 0.263363E-01
 0.870000E+00 0.263212E-01
 0.890000E+00 0.263058E-01
 0.910000E+00 0.224768E+00
 0.930000E+00 0.224598E+00
 0.950000E+00 0.224430E+00
 0.970000E+00 0.224264E+00
 0.990000E+00 0.224099E+00




































































































 -.990000E+00 0.216470E+00
 -.970000E+00 0.216562E+00
 -.950000E+00 0.216656E+00
 -.930000E+00 0.216750E+00
 -.910000E+00 0.216845E+00
 -.890000E+00 0.183380E-01
 -.870000E+00 0.183382E-01
 -.850000E+00 0.183384E-01
 -.830000E+00 0.183386E-01
 -.810000E+00 0.183388E-01
 -.790000E+00 0.183389E-01
 -.770000E+00 0.183391E-01
 -.750000E+00 0.183393E-01
 -.730000E+00 0.183394E-01
 -.710000E+00 0.183396E-01
 -.690000E+00 0.183397E-01
 -.670000E+00 0.183399E-01
 -.650000E+00 0.183400E-01
 -.630000E+00 0.183401E-01
 -.610000E+00 0.183403E-01
 -.590000E+00 0.183404E-01
 -.570000E+00 0.183405E-01
 -.550000E+00 0.183407E-01
 -.530000E+00 0.183408E-01
 -.510000E+00 0.183409E-01
 -.490000E+00 0.183410E-01
 -.470000E+00 0.183411E-01
 -.450000E+00 0.183412E-01
 -.430000E+00 0.183413E-01
 -.410000E+00 0.183414E-01
 -.390000E+00 0.183415E-01
 -.370000E+00 0.183416E-01
 -.350000E+00 0.183416E-01
 -.330000E+00 0.183417E-01
 -.310000E+00 0.183418E-01
 -.290000E+00 0.183418E-01
 -.270000E+00 0.183419E-01
 -.250000E+00 0.183420E-01
 -.230000E+00 0.183420E-01
 -.210000E+00 0.183421E-01
 -.190000E+00 0.183421E-01
 -.170000E+00 0.183421E-01
 -.150000E+00 0.183422E-01
 -.130000E+00 0.183422E-01
 -.110000E+00 0.183422E-01
 -.900000E-01 0.183422E-01
 -.700000E-01 0.183423E-01
 -.500000E-01 0.183423E-01
 -.300000E-01 0.183423E-01
 -.100000E-01 0.183423E-01
 0.100000E-01 0.183423E-01
 0.300000E-01 0.183423E-01
 0.500000E-01 0.183423E-01
 0.700000E-01 0.183423E-01
 0.900000E-01 0.183422E-01
 0.110000E+00 0.183422E-01
 0.130000E+00 0.183422E-01
 0.150000E+00 0.183422E-01
 0.170000E+00 0.183421E-01
 0.190000E+00 0.183421E-01
 0.210000E+00 0.183421E-01
 0.230000E+00 0.183420E-01
 0.250000E+00 0.183420E-01
 0.270000E+00 0.183419E-01
 0.290000E+00 0.183418E-01
 0.310000E+00 0.183418E-01
 0.330000E+00 0.183417E-01
 0.350000E+00 0.183416E-01
 0.370000E+00 0.183416E-01
 0.390000E+00 0.183415E-01
 0.410000E+00 0.183414E-01
 0.430000E+00 0.183413E-01
 0.450000E+00 0.183412E-01
 0.470000E+00 0.183411E-01
 0.490000E+00 0.183410E-01
 0.510000E+00 0.183409E-01
 0.530000E+00 0.183408E-01
 0.550000E+00 0.183407E-01
 0.570000E+00 0.183405E-01
 0.590000E+00 0.183404E-01
 0.610000E+00 0.183403E-01
 0.630000E+00 0.183401E-01
 0.650000E+00 0.183400E-01
 0.670000E+00 0.183399E-01
 0.690000E+00 0.183397E-01
 0.710000E+00 0.183396E-01
 0.730000E+00 0.183394E-01
 0.750000E+00 0.183393E-01
 0.770000E+00 0.183391E-01
 0.790000E+00 0.183389E-01
 0.810000E+00 0.183388E-01
 0.830000E+00 0.183386E-01
 0.850000E+00 0.183384E-01
 0.870000E+00 0.183382E-01
 0.890000E+00 0.183380E-01
 0.910000E+00 0.216845E+00
 0.930000E+00 0.216750E+00
 0.950000E+00 0.216656E+00
 0.970000E+00 0.216562E+00
 0.990000E+00 0.216470E+00




































































































 -.990000E+00 0.224099E+00
 -.970000E+00 0.224264E+00
 -.950000E+00 0.224430E+00
 -.930000E+00 0.224598E+00
 -.910000E+00 0.224768E+00
 -.890000E+00 0.263058E-01
 -.870000E+00 0.263212E-01
 -.850000E+00 0.263363E-01
 -.830000E+00 0.263510E-01
 -.810000E+00 0.263654E-01
 -.790000E+00 0.263794E-01
 -.770000E+00 0.263930E-01
 -.750000E+00 0.264064E-01
 -.730000E+00 0.264193E-01
 -.710000E+00 0.264320E-01
 -.690000E+00 0.264442E-01
 -.670000E+00 0.264562E-01
 -.650000E+00 0.264678E-01
 -.630000E+00 0.264790E-01
 -.610000E+00 0.264899E-01
 -.590000E+00 0.265004E-01
 -.570000E+00 0.265106E-01
 -.550000E+00 0.265204E-01
 -.530000E+00 0.265299E-01
 -.510000E+00 0.265390E-01
 -.490000E+00 0.265478E-01
 -.470000E+00 0.265562E-01
 -.450000E+00 0.265643E-01
 -.430000E+00 0.265721E-01
 -.410000E+00 0.265794E-01
 -.390000E+00 0.265865E-01
 -.370000E+00 0.265932E-01
 -.350000E+00 0.265995E-01
 -.330000E+00 0.266055E-01
 -.310000E+00 0.266111E-01
 -.290000E+00 0.266164E-01
 -.270000E+00 0.266213E-01
 -.250000E+00 0.266259E-01
 -.230000E+00 0.266301E-01
 -.210000E+00 0.266339E-01
 -.190000E+00 0.266375E-01
 -.170000E+00 0.266406E-01
 -.150000E+00 0.266434E-01
 -.130000E+00 0.266459E-01
 -.110000E+00 0.266480E-01
 -.900000E-01 0.266498E-01
 -.700000E-01 0.266512E-01
 -.500000E-01 0.266522E-01
 -.300000E-01 0.266529E-01
 -.100000E-01 0.266533E-01
 0.100000E-01 0.266533E-01
 0.300000E-01 0.266529E-01
 0.500000E-01 0.266522E-01
 0.700000E-01 0.266512E-01
 0.900000E-01 0.266497E-01
 0.110000E+00 0.266480E-01
 0.130000E+00 0.266459E-01
 0.150000E+00 0.266434E-01
 0.170000E+00 0.266406E-01
 0.190000E+00 0.266374E-01
 0.210000E+00 0.266339E-01
 0.230000E+00 0.266300E-01
 0.250000E+00 0.266258E-01
 0.270000E+00 0.266212E-01
 0.290000E+00 0.266163E-01
 0.310000E+00 0.266110E-01
 0.330000E+00 0.266054E-01
 0.350000E+00 0.265994E-01
 0.370000E+00 0.265931E-01
 0.390000E+00 0.265864E-01
 0.410000E+00 0.265794E-01
 0.430000E+00 0.265720E-01
 0.450000E+00 0.265642E-01
 0.470000E+00 0.265561E-01
 0.490000E+00 0.265477E-01
 0.510000E+00 0.265389E-01
 0.530000E+00 0.265298E-01
 0.550000E+00 0.265203E-01
 0.570000E+00 0.265105E-01
 0.590000E+00 0.265003E-01
 0.610000E+00 0.264897E-01
 0.630000E+00 0.264789E-01
 0.650000E+00 0.264676E-01
 0.670000E+00 0.264560E-01
 0.690000E+00 0.264441E-01
 0.710000E+00 0.264318E-01
 0.730000E+00 0.264192E-01
 0.750000E+00 0.264062E-01
 0.770000E+00 0.263929E-01
 0.790000E+00 0.263792E-01
 0.810000E+00 0.263652E-01
 0.830000E+00 0.263508E-01
 0.850000E+00 0.263361E-01
 0.870000E+00 0.263211E-01
 0.890000E+00 0.263056E-01
 0.910000E+00 0.224768E+00
 0.930000E+00 0.224598E+00
 0.950000E+00 0.224430E+00
 0.970000E+00 0.224264E+00
 0.990000E+00 0.224099E+00




































































































 -.990000E+00 0.180398E+00
 -.970000E+00 0.180136E+00
 -.950000E+00 0.179872E+00
 -.930000E+00 0.179606E+00
 -.910000E+00 0.179337E+00
 -.890000E+00 -.193819E-01
 -.870000E+00 -.194371E-01
 -.850000E+00 -.194910E-01
 -.830000E+00 -.195438E-01
 -.810000E+00 -.195953E-01
 -.790000E+00 -.196457E-01
 -.770000E+00 -.196948E-01
 -.750000E+00 -.197426E-01
 -.730000E+00 -.197893E-01
 -.710000E+00 -.198347E-01
 -.690000E+00 -.198789E-01
 -.670000E+00 -.199219E-01
 -.650000E+00 -.199636E-01
 -.630000E+00 -.200041E-01
 -.610000E+00 -.200433E-01
 -.590000E+00 -.200813E-01
 -.570000E+00 -.201181E-01
 -.550000E+00 -.201536E-01
 -.530000E+00 -.201878E-01
 -.510000E+00 -.202208E-01
 -.490000E+00 -.202526E-01
 -.470000E+00 -.202831E-01
 -.450000E+00 -.203123E-01
 -.430000E+00 -.203403E-01
 -.410000E+00 -.203670E-01
 -.390000E+00 -.203924E-01
 -.370000E+00 -.204166E-01
 -.350000E+00 -.204396E-01
 -.330000E+00 -.204612E-01
 -.310000E+00 -.204816E-01
 -.290000E+00 -.205007E-01
 -.270000E+00 -.205186E-01
 -.250000E+00 -.205352E-01
 -.230000E+00 -.205505E-01
 -.210000E+00 -.205645E-01
 -.190000E+00 -.205773E-01
 -.170000E+00 -.205888E-01
 -.150000E+00 -.205990E-01
 -.130000E+00 -.206079E-01
 -.110000E+00 -.206156E-01
 -.900000E-01 -.206220E-01
 -.700000E-01 -.206271E-01
 -.500000E-01 -.206309E-01
 -.300000E-01 -.206335E-01
 -.100000E-01 -.206348E-01
 0.100000E-01 -.206348E-01
 0.300000E-01 -.206335E-01
 0.500000E-01 -.206310E-01
 0.700000E-01 -.206271E-01
 0.900000E-01 -.206220E-01
 0.110000E+00 -.206157E-01
 0.130000E+00 -.206080E-01
 0.150000E+00 -.205991E-01
 0.170000E+00 -.205889E-01
 0.190000E+00 -.205774E-01
 0.210000E+00 -.205646E-01
 0.230000E+00 -.205506E-01
 0.250000E+00 -.205353E-01
 0.270000E+00 -.205187E-01
 0.290000E+00 -.205009E-01
 0.310000E+00 -.204818E-01
 0.330000E+00 -.204614E-01
 0.350000E+00 -.204397E-01
 0.370000E+00 -.204168E-01
 0.390000E+00 -.203926E-01
 0.410000E+00 -.203672E-01
 0.430000E+00 -.203405E-01
 0.450000E+00 -.203125E-01
 0.470000E+00 -.202833E-01
 0.490000E+00 -.202528E-01
 0.510000E+00 -.202211E-01
 0.530000E+00 -.201881E-01
 0.550000E+00 -.201539E-01
 0.570000E+00 -.201184E-01
 0.590000E+00 -.200816E-01
 0.610000E+00 -.200436E-01
 0.630000E+00 -.200044E-01
 0.650000E+00 -.199639E-01
 0.670000E+00 -.199222E-01
 0.690000E+00 -.198793E-01
 0.710000E+00 -.198351E-01
 0.730000E+00 -.197897E-01
 0.750000E+00 -.197430E-01
 0.770000E+00 -.196952E-01
 0.790000E+00 -.196461E-01
 0.810000E+00 -.195958E-01
 0.830000E+00 -.195442E-01
 0.850000E+00 -.194915E-01
 0.870000E+00 -.194375E-01
 0.890000E+00 -.193824E-01
 0.910000E+00 0.179336E+00
 0.930000E+00 0.179605E+00
 0.950000E+00 0.179872E+00
 0.970000E+00 0.180136E+00
 0.990000E+00 0.180398E+00




































































































 -.990000E+00 0.191438E+00
 -.970000E+00 0.191431E+00
 -.950000E+00 0.191424E+00
 -.930000E+00 0.191416E+00
 -.910000E+00 0.191408E+00
 -.890000E+00 -.712220E-02
 -.870000E+00 -.706125E-02
 -.850000E+00 -.699875E-02
 -.830000E+00 -.693474E-02
 -.810000E+00 -.686921E-02
 -.790000E+00 -.680219E-02
 -.770000E+00 -.673368E-02
 -.750000E+00 -.666371E-02
 -.730000E+00 -.659229E-02
 -.710000E+00 -.651942E-02
 -.690000E+00 -.644514E-02
 -.670000E+00 -.636945E-02
 -.650000E+00 -.629236E-02
 -.630000E+00 -.621391E-02
 -.610000E+00 -.613410E-02
 -.590000E+00 -.605294E-02
 -.570000E+00 -.597046E-02
 -.550000E+00 -.588668E-02
 -.530000E+00 -.580161E-02
 -.510000E+00 -.571527E-02
 -.490000E+00 -.562768E-02
 -.470000E+00 -.553885E-02
 -.450000E+00 -.544881E-02
 -.430000E+00 -.535757E-02
 -.410000E+00 -.526516E-02
 -.390000E+00 -.517160E-02
 -.370000E+00 -.507689E-02
 -.350000E+00 -.498107E-02
 -.330000E+00 -.488416E-02
 -.310000E+00 -.478617E-02
 -.290000E+00 -.468712E-02
 -.270000E+00 -.458705E-02
 -.250000E+00 -.448596E-02
 -.230000E+00 -.438388E-02
 -.210000E+00 -.428083E-02
 -.190000E+00 -.417683E-02
 -.170000E+00 -.407191E-02
 -.150000E+00 -.396609E-02
 -.130000E+00 -.385939E-02
 -.110000E+00 -.375183E-02
 -.900000E-01 -.364344E-02
 -.700000E-01 -.353424E-02
 -.500000E-01 -.342424E-02
 -.300000E-01 -.331349E-02
 -.100000E-01 -.320199E-02
 0.100000E-01 -.308978E-02
 0.300000E-01 -.297687E-02
 0.500000E-01 -.286330E-02
 0.700000E-01 -.274908E-02
 0.900000E-01 -.263424E-02
 0.110000E+00 -.251880E-02
 0.130000E+00 -.240279E-02
 0.150000E+00 -.228624E-02
 0.170000E+00 -.216917E-02
 0.190000E+00 -.205159E-02
 0.210000E+00 -.193355E-02
 0.230000E+00 -.181506E-02
 0.250000E+00 -.169615E-02
 0.270000E+00 -.157685E-02
 0.290000E+00 -.145717E-02
 0.310000E+00 -.133715E-02
 0.330000E+00 -.121681E-02
 0.350000E+00 -.109618E-02
 0.370000E+00 -.975281E-03
 0.390000E+00 -.854141E-03
 0.410000E+00 -.732785E-03
 0.430000E+00 -.611240E-03
 0.450000E+00 -.489531E-03
 0.470000E+00 -.367685E-03
 0.490000E+00 -.245727E-03
 0.510000E+00 -.123684E-03
 0.530000E+00 -.158274E-05
 0.550000E+00 0.120552E-03
 0.570000E+00 0.242693E-03
 0.590000E+00 0.364815E-03
 0.610000E+00 0.486891E-03
 0.630000E+00 0.608895E-03
 0.650000E+00 0.730801E-03
 0.670000E+00 0.852583E-03
 0.690000E+00 0.974214E-03
 0.710000E+00 0.109567E-02
 0.730000E+00 0.121692E-02
 0.750000E+00 0.133795E-02
 0.770000E+00 0.145871E-02
 0.790000E+00 0.157920E-02
 0.810000E+00 0.169938E-02
 0.830000E+00 0.181923E-02
 0.850000E+00 0.193873E-02
 0.870000E+00 0.205783E-02
 0.890000E+00 0.217653E-02
 0.910000E+00 0.200836E+00
 0.930000E+00 0.200925E+00
 0.950000E+00 0.201015E+00
 0.970000E+00 0.201106E+00
 0.990000E+00 0.201197E+00




































































































 -.990000E+00 0.194999E+00
 -.970000E+00 0.194909E+00
 -.950000E+00 0.194819E+00
 -.930000E+00 0.194728E+00
 -.910000E+00 0.194638E+00
 -.890000E+00 -.400940E-02
 -.870000E+00 -.410001E-02
 -.850000E+00 -.418661E-02
 -.830000E+00 -.426911E-02
 -.810000E+00 -.434743E-02
 -.790000E+00 -.442150E-02
 -.770000E+00 -.449123E-02
 -.750000E+00 -.455657E-02
 -.730000E+00 -.461745E-02
 -.710000E+00 -.467382E-02
 -.690000E+00 -.472560E-02
 -.670000E+00 -.477277E-02
 -.650000E+00 -.481526E-02
 -.630000E+00 -.485304E-02
 -.610000E+00 -.488607E-02
 -.590000E+00 -.491431E-02
 -.570000E+00 -.493775E-02
 -.550000E+00 -.495636E-02
 -.530000E+00 -.497011E-02
 -.510000E+00 -.497901E-02
 -.490000E+00 -.498303E-02
 -.470000E+00 -.498217E-02
 -.450000E+00 -.497644E-02
 -.430000E+00 -.496583E-02
 -.410000E+00 -.495037E-02
 -.390000E+00 -.493007E-02
 -.370000E+00 -.490494E-02
 -.350000E+00 -.487501E-02
 -.330000E+00 -.484031E-02
 -.310000E+00 -.480087E-02
 -.290000E+00 -.475674E-02
 -.270000E+00 -.470795E-02
 -.250000E+00 -.465456E-02
 -.230000E+00 -.459661E-02
 -.210000E+00 -.453416E-02
 -.190000E+00 -.446728E-02
 -.170000E+00 -.439602E-02
 -.150000E+00 -.432047E-02
 -.130000E+00 -.424068E-02
 -.110000E+00 -.415675E-02
 -.900000E-01 -.406875E-02
 -.700000E-01 -.397677E-02
 -.500000E-01 -.388090E-02
 -.300000E-01 -.378124E-02
 -.100000E-01 -.367787E-02
 0.100000E-01 -.357090E-02
 0.300000E-01 -.346044E-02
 0.500000E-01 -.334660E-02
 0.700000E-01 -.322948E-02
 0.900000E-01 -.310920E-02
 0.110000E+00 -.298588E-02
 0.130000E+00 -.285964E-02
 0.150000E+00 -.273060E-02
 0.170000E+00 -.259889E-02
 0.190000E+00 -.246464E-02
 0.210000E+00 -.232798E-02
 0.230000E+00 -.218904E-02
 0.250000E+00 -.204796E-02
 0.270000E+00 -.190487E-02
 0.290000E+00 -.175992E-02
 0.310000E+00 -.161326E-02
 0.330000E+00 -.146501E-02
 0.350000E+00 -.131533E-02
 0.370000E+00 -.116436E-02
 0.390000E+00 -.101226E-02
 0.410000E+00 -.859162E-03
 0.430000E+00 -.705227E-03
 0.450000E+00 -.550603E-03
 0.470000E+00 -.395441E-03
 0.490000E+00 -.239892E-03
 0.510000E+00 -.841099E-04
 0.530000E+00 0.717543E-04
 0.550000E+00 0.227548E-03
 0.570000E+00 0.383118E-03
 0.590000E+00 0.538312E-03
 0.610000E+00 0.692979E-03
 0.630000E+00 0.846968E-03
 0.650000E+00 0.100013E-02
 0.670000E+00 0.115231E-02
 0.690000E+00 0.130336E-02
 0.710000E+00 0.145314E-02
 0.730000E+00 0.160149E-02
 0.750000E+00 0.174827E-02
 0.770000E+00 0.189335E-02
 0.790000E+00 0.203657E-02
 0.810000E+00 0.217780E-02
 0.830000E+00 0.231690E-02
 0.850000E+00 0.245373E-02
 0.870000E+00 0.258816E-02
 0.890000E+00 0.272005E-02
 0.910000E+00 0.201401E+00
 0.930000E+00 0.201521E+00
 0.950000E+00 0.201642E+00
 0.970000E+00 0.201764E+00
 0.990000E+00 0.201886E+00




































































































 -.990000E+00 0.198349E+00
 -.970000E+00 0.198482E+00
 -.950000E+00 0.198577E+00
 -.930000E+00 0.198592E+00
 -.910000E+00 0.198520E+00
 -.890000E+00 -.153052E-03
 -.870000E+00 -.213668E-03
 -.850000E+00 -.181767E-03
 -.830000E+00 -.711629E-04
 -.810000E+00 0.702531E-04
 -.790000E+00 0.181249E-03
 -.770000E+00 0.213765E-03
 -.750000E+00 0.153722E-03
 -.730000E+00 0.271198E-04
 -.710000E+00 -.111224E-03
 -.690000E+00 -.201408E-03
 -.670000E+00 -.204384E-03
 -.650000E+00 -.118863E-03
 -.630000E+00 0.181242E-04
 -.610000E+00 0.147263E-03
 -.590000E+00 0.212637E-03
 -.570000E+00 0.185941E-03
 -.550000E+00 0.787343E-04
 -.530000E+00 -.625631E-04
 -.510000E+00 -.176770E-03
 -.490000E+00 -.214437E-03
 -.470000E+00 -.159254E-03
 -.450000E+00 -.351159E-04
 -.430000E+00 0.104227E-03
 -.410000E+00 0.198440E-03
 -.390000E+00 0.206729E-03
 -.370000E+00 0.125507E-03
 -.350000E+00 -.100586E-04
 -.330000E+00 -.141268E-03
 -.310000E+00 -.211310E-03
 -.290000E+00 -.189855E-03
 -.270000E+00 -.861954E-04
 -.250000E+00 0.547863E-04
 -.230000E+00 0.172046E-03
 -.210000E+00 0.214810E-03
 -.190000E+00 0.164564E-03
 -.170000E+00 0.430625E-04
 -.150000E+00 -.970843E-04
 -.130000E+00 -.195194E-03
 -.110000E+00 -.208786E-03
 -.900000E-01 -.131976E-03
 -.700000E-01 0.197939E-05
 -.500000E-01 0.135077E-03
 -.300000E-01 0.209688E-03
 -.100000E-01 0.193505E-03
 0.100000E-01 0.935360E-04
 0.300000E-01 -.469334E-04
 0.500000E-01 -.167081E-03
 0.700000E-01 -.214884E-03
 0.900000E-01 -.169644E-03
 0.110000E+00 -.509489E-04
 0.130000E+00 0.898065E-04
 0.150000E+00 0.191677E-03
 0.170000E+00 0.210552E-03
 0.190000E+00 0.138260E-03
 0.210000E+00 0.610252E-05
 0.230000E+00 -.128698E-03
 0.250000E+00 -.207773E-03
 0.270000E+00 -.196885E-03
 0.290000E+00 -.100746E-03
 0.310000E+00 0.390150E-04
 0.330000E+00 0.161883E-03
 0.350000E+00 0.214658E-03
 0.370000E+00 0.174487E-03
 0.390000E+00 0.587644E-04
 0.410000E+00 -.824033E-04
 0.430000E+00 -.187892E-03
 0.450000E+00 -.212025E-03
 0.470000E+00 -.144352E-03
 0.490000E+00 -.141762E-04
 0.510000E+00 0.122139E-03
 0.530000E+00 0.205569E-03
 0.550000E+00 0.199990E-03
 0.570000E+00 0.107816E-03
 0.590000E+00 -.310418E-04
 0.610000E+00 -.156460E-03
 0.630000E+00 -.214132E-03
 0.650000E+00 -.179087E-03
 0.670000E+00 -.664984E-04
 0.690000E+00 0.748848E-04
 0.710000E+00 0.183844E-03
 0.730000E+00 0.213201E-03
 0.750000E+00 0.150243E-03
 0.770000E+00 0.222306E-04
 0.790000E+00 -.115409E-03
 0.810000E+00 -.203078E-03
 0.830000E+00 -.202817E-03
 0.850000E+00 -.114736E-03
 0.870000E+00 0.230247E-04
 0.890000E+00 0.150818E-03
 0.910000E+00 0.198778E+00
 0.930000E+00 0.198815E+00
 0.950000E+00 0.198810E+00
 0.970000E+00 0.198765E+00
 0.990000E+00 0.198701E+00




































































































