 0.10000000E-01 0.24973877E+00 0.24973877E+00 0.24973877E+00 0.24973877E+00
 0.12000000E-01 0.24973879E+00 0.24973879E+00 0.24973879E+00 0.24973879E+00
 0.14000000E-01 0.24973868E+00 0.24973868E+00 0.24973868E+00 0.24973868E+00
 0.16000000E-01 0.24973917E+00 0.24973917E+00 0.24973917E+00 0.24973917E+00
 0.18000000E-01 0.24973881E+00 0.24973881E+00 0.24973881E+00 0.24973881E+00
 0.20000000E-01 0.24973885E+00 0.24973885E+00 0.24973885E+00 0.24973885E+00
 0.22000000E-01 0.24973868E+00 0.24973868E+00 0.24973868E+00 0.24973868E+00
 0.24000000E-01 0.24973872E+00 0.24973872E+00 0.24973872E+00 0.24973872E+00
 0.26000000E-01 0.24973874E+00 0.24973874E+00 0.24973874E+00 0.24973874E+00
 0.28000000E-01 0.24973877E+00 0.24973877E+00 0.24973877E+00 0.24973877E+00
 0.30000000E-01 0.24973872E+00 0.24973872E+00 0.24973872E+00 0.24973872E+00
 0.32000000E-01 0.24973875E+00 0.24973875E+00 0.24973875E+00 0.24973875E+00
 0.34000000E-01 0.24973874E+00 0.24973874E+00 0.24973874E+00 0.24973874E+00
 0.36000000E-01 0.24973874E+00 0.24973874E+00 0.24973874E+00 0.24973874E+00
 0.38000000E-01 0.24973869E+00 0.24973869E+00 0.24973869E+00 0.24973869E+00
 0.40000000E-01 0.24973871E+00 0.24973871E+00 0.24973871E+00 0.24973871E+00
 0.42000000E-01 0.24973871E+00 0.24973871E+00 0.24973871E+00 0.24973871E+00
 0.44000000E-01 0.24973872E+00 0.24973872E+00 0.24973872E+00 0.24973872E+00
 0.46000000E-01 0.24973872E+00 0.24973872E+00 0.24973872E+00 0.24973872E+00
 0.48000000E-01 0.24973883E+00 0.24973883E+00 0.24973883E+00 0.24973883E+00
 0.50000000E-01 0.24973873E+00 0.24973873E+00 0.24973873E+00 0.24973873E+00
 0.52000000E-01 0.24973870E+00 0.24973870E+00 0.24973870E+00 0.24973870E+00
 0.54000000E-01 0.24973869E+00 0.24973869E+00 0.24973869E+00 0.24973869E+00
 0.56000000E-01 0.24973870E+00 0.24973870E+00 0.24973870E+00 0.24973870E+00
 0.58000000E-01 0.24973870E+00 0.24973870E+00 0.24973870E+00 0.24973870E+00
 0.60000000E-01 0.24973872E+00 0.24973872E+00 0.24973872E+00 0.24973872E+00
 0.62000000E-01 0.24973870E+00 0.24973870E+00 0.24973870E+00 0.24973870E+00
 0.64000000E-01 0.24973866E+00 0.24973866E+00 0.24973866E+00 0.24973866E+00
 0.66000000E-01 0.24973860E+00 0.24973860E+00 0.24973860E+00 0.24973860E+00
 0.68000000E-01 0.24973863E+00 0.24973863E+00 0.24973863E+00 0.24973863E+00
 0.70000000E-01 0.24973860E+00 0.24973860E+00 0.24973860E+00 0.24973860E+00
 0.72000000E-01 0.24973864E+00 0.24973864E+00 0.24973864E+00 0.24973864E+00
 0.74000000E-01 0.24973864E+00 0.24973864E+00 0.24973864E+00 0.24973864E+00
 0.76000000E-01 0.24973865E+00 0.24973865E+00 0.24973865E+00 0.24973865E+00
 0.78000000E-01 0.24973869E+00 0.24973869E+00 0.24973869E+00 0.24973869E+00
 0.80000000E-01 0.24973872E+00 0.24973872E+00 0.24973872E+00 0.24973872E+00
 0.82000000E-01 0.24973874E+00 0.24973874E+00 0.24973874E+00 0.24973874E+00
 0.84000000E-01 0.24973877E+00 0.24973877E+00 0.24973877E+00 0.24973877E+00
 0.86000000E-01 0.24973880E+00 0.24973880E+00 0.24973880E+00 0.24973880E+00
 0.88000000E-01 0.24973890E+00 0.24973890E+00 0.24973890E+00 0.24973890E+00
 0.90000000E-01 0.24973864E+00 0.24973864E+00 0.24973864E+00 0.24973864E+00
 0.92000000E-01 0.24973854E+00 0.24973854E+00 0.24973854E+00 0.24973854E+00
 0.94000000E-01 0.24973856E+00 0.24973856E+00 0.24973856E+00 0.24973856E+00
 0.96000000E-01 0.24973860E+00 0.24973860E+00 0.24973860E+00 0.24973860E+00
 0.98000000E-01 0.24973835E+00 0.24973835E+00 0.24973835E+00 0.24973835E+00
 0.10000000E+00 0.24973821E+00 0.24973821E+00 0.24973821E+00 0.24973821E+00
 0.11000000E+00 0.24973843E+00 0.24973843E+00 0.24973843E+00 0.24973843E+00
 0.12000000E+00 0.24973854E+00 0.24973854E+00 0.24973854E+00 0.24973854E+00
 0.13000000E+00 0.24973841E+00 0.24973841E+00 0.24973841E+00 0.24973841E+00
 0.14000000E+00 0.24973837E+00 0.24973837E+00 0.24973837E+00 0.24973837E+00
 0.15000000E+00 0.24973829E+00 0.24973829E+00 0.24973829E+00 0.24973829E+00
 0.16000000E+00 0.24973822E+00 0.24973822E+00 0.24973822E+00 0.24973822E+00
 0.17000000E+00 0.24973814E+00 0.24973814E+00 0.24973814E+00 0.24973814E+00
 0.18000000E+00 0.24973810E+00 0.24973810E+00 0.24973810E+00 0.24973810E+00
 0.19000000E+00 0.24973797E+00 0.24973797E+00 0.24973797E+00 0.24973797E+00
 0.20000000E+00 0.24973794E+00 0.24973794E+00 0.24973794E+00 0.24973794E+00
 0.21000000E+00 0.24973792E+00 0.24973792E+00 0.24973792E+00 0.24973792E+00
 0.22000000E+00 0.24973789E+00 0.24973789E+00 0.24973789E+00 0.24973789E+00
 0.23000000E+00 0.24973762E+00 0.24973762E+00 0.24973762E+00 0.24973762E+00
 0.24000000E+00 0.24973755E+00 0.24973755E+00 0.24973755E+00 0.24973755E+00
 0.25000000E+00 0.24973749E+00 0.24973749E+00 0.24973749E+00 0.24973749E+00
 0.26000000E+00 0.24973711E+00 0.24973711E+00 0.24973711E+00 0.24973711E+00
 0.27000000E+00 0.24973718E+00 0.24973718E+00 0.24973718E+00 0.24973718E+00
 0.28000000E+00 0.24973734E+00 0.24973734E+00 0.24973734E+00 0.24973734E+00
 0.29000000E+00 0.24973695E+00 0.24973695E+00 0.24973695E+00 0.24973695E+00
 0.30000000E+00 0.24973686E+00 0.24973686E+00 0.24973686E+00 0.24973686E+00
 0.31000000E+00 0.24973682E+00 0.24973682E+00 0.24973682E+00 0.24973682E+00
 0.32000000E+00 0.24973630E+00 0.24973630E+00 0.24973630E+00 0.24973630E+00
 0.33000000E+00 0.24973641E+00 0.24973641E+00 0.24973641E+00 0.24973641E+00
 0.34000000E+00 0.24973599E+00 0.24973599E+00 0.24973599E+00 0.24973599E+00
 0.35000000E+00 0.24973600E+00 0.24973600E+00 0.24973600E+00 0.24973600E+00
 0.36000000E+00 0.24973621E+00 0.24973621E+00 0.24973621E+00 0.24973621E+00
 0.37000000E+00 0.24973555E+00 0.24973555E+00 0.24973555E+00 0.24973555E+00
 0.38000000E+00 0.24973552E+00 0.24973552E+00 0.24973552E+00 0.24973552E+00
 0.39000000E+00 0.24973565E+00 0.24973565E+00 0.24973565E+00 0.24973565E+00
 0.40000000E+00 0.24973548E+00 0.24973548E+00 0.24973548E+00 0.24973548E+00
 0.41000000E+00 0.24973494E+00 0.24973494E+00 0.24973494E+00 0.24973494E+00
 0.42000000E+00 0.24973854E+00 0.24973854E+00 0.24973854E+00 0.24973854E+00
 0.43000000E+00 0.24973477E+00 0.24973477E+00 0.24973477E+00 0.24973477E+00
 0.44000000E+00 0.24973421E+00 0.24973421E+00 0.24973421E+00 0.24973421E+00
 0.45000000E+00 0.24973404E+00 0.24973404E+00 0.24973404E+00 0.24973404E+00
 0.46000000E+00 0.24973418E+00 0.24973418E+00 0.24973418E+00 0.24973418E+00
 0.47000000E+00 0.24973340E+00 0.24973340E+00 0.24973340E+00 0.24973340E+00
 0.48000000E+00 0.24973340E+00 0.24973340E+00 0.24973340E+00 0.24973340E+00
 0.49000000E+00 0.24973309E+00 0.24973309E+00 0.24973309E+00 0.24973309E+00
 0.50000000E+00 0.24973271E+00 0.24973271E+00 0.24973271E+00 0.24973271E+00
 0.51000000E+00 0.24973290E+00 0.24973290E+00 0.24973290E+00 0.24973290E+00
 0.52000000E+00 0.24973235E+00 0.24973235E+00 0.24973235E+00 0.24973235E+00
 0.53000000E+00 0.24973212E+00 0.24973212E+00 0.24973212E+00 0.24973212E+00
 0.54000000E+00 0.24973182E+00 0.24973182E+00 0.24973182E+00 0.24973182E+00
 0.55000000E+00 0.24973199E+00 0.24973199E+00 0.24973199E+00 0.24973199E+00
 0.56000000E+00 0.24973179E+00 0.24973179E+00 0.24973179E+00 0.24973179E+00
 0.57000000E+00 0.24973078E+00 0.24973078E+00 0.24973078E+00 0.24973078E+00
 0.58000000E+00 0.24973052E+00 0.24973052E+00 0.24973052E+00 0.24973052E+00
 0.59000000E+00 0.24973021E+00 0.24973021E+00 0.24973021E+00 0.24973021E+00
 0.60000000E+00 0.24973016E+00 0.24973016E+00 0.24973016E+00 0.24973016E+00
 0.61000000E+00 0.24972943E+00 0.24972943E+00 0.24972943E+00 0.24972943E+00
 0.62000000E+00 0.24972951E+00 0.24972951E+00 0.24972951E+00 0.24972951E+00
 0.63000000E+00 0.24972899E+00 0.24972899E+00 0.24972899E+00 0.24972899E+00
 0.64000000E+00 0.24972871E+00 0.24972871E+00 0.24972871E+00 0.24972871E+00
 0.65000000E+00 0.24972826E+00 0.24972826E+00 0.24972826E+00 0.24972826E+00
 0.66000000E+00 0.24972783E+00 0.24972783E+00 0.24972783E+00 0.24972783E+00
 0.67000000E+00 0.24972748E+00 0.24972748E+00 0.24972748E+00 0.24972748E+00
 0.68000000E+00 0.24972752E+00 0.24972752E+00 0.24972752E+00 0.24972752E+00
 0.69000000E+00 0.24972741E+00 0.24972741E+00 0.24972741E+00 0.24972741E+00
 0.70000000E+00 0.24972635E+00 0.24972635E+00 0.24972635E+00 0.24972635E+00
 0.71000000E+00 0.24972615E+00 0.24972615E+00 0.24972615E+00 0.24972615E+00
 0.72000000E+00 0.24972565E+00 0.24972565E+00 0.24972565E+00 0.24972565E+00
 0.73000000E+00 0.24972530E+00 0.24972530E+00 0.24972530E+00 0.24972530E+00
 0.74000000E+00 0.24972487E+00 0.24972487E+00 0.24972487E+00 0.24972487E+00
 0.75000000E+00 0.24972436E+00 0.24972436E+00 0.24972436E+00 0.24972436E+00
 0.76000000E+00 0.24972395E+00 0.24972395E+00 0.24972395E+00 0.24972395E+00
 0.77000000E+00 0.24973035E+00 0.24973035E+00 0.24973035E+00 0.24973035E+00
 0.78000000E+00 0.24972322E+00 0.24972322E+00 0.24972322E+00 0.24972322E+00
 0.79000000E+00 0.24972278E+00 0.24972278E+00 0.24972278E+00 0.24972278E+00
 0.80000000E+00 0.24972200E+00 0.24972200E+00 0.24972200E+00 0.24972200E+00
 0.81000000E+00 0.24972216E+00 0.24972216E+00 0.24972216E+00 0.24972216E+00
 0.82000000E+00 0.24972127E+00 0.24972127E+00 0.24972127E+00 0.24972127E+00
 0.83000000E+00 0.24972077E+00 0.24972077E+00 0.24972077E+00 0.24972077E+00
 0.84000000E+00 0.24971994E+00 0.24971994E+00 0.24971994E+00 0.24971994E+00
 0.85000000E+00 0.24972026E+00 0.24972026E+00 0.24972026E+00 0.24972026E+00
 0.86000000E+00 0.24971932E+00 0.24971932E+00 0.24971932E+00 0.24971932E+00
 0.87000000E+00 0.24971905E+00 0.24971905E+00 0.24971905E+00 0.24971905E+00
 0.88000000E+00 0.24971803E+00 0.24971803E+00 0.24971803E+00 0.24971803E+00
 0.89000000E+00 0.24971763E+00 0.24971763E+00 0.24971763E+00 0.24971763E+00
 0.90000000E+00 0.24971712E+00 0.24971712E+00 0.24971712E+00 0.24971712E+00
 0.91000000E+00 0.24971646E+00 0.24971646E+00 0.24971646E+00 0.24971646E+00
 0.92000000E+00 0.24971575E+00 0.24971575E+00 0.24971575E+00 0.24971575E+00
 0.93000000E+00 0.24971519E+00 0.24971519E+00 0.24971519E+00 0.24971519E+00
 0.94000000E+00 0.24971462E+00 0.24971462E+00 0.24971462E+00 0.24971462E+00
 0.95000000E+00 0.24971390E+00 0.24971390E+00 0.24971390E+00 0.24971390E+00
 0.96000000E+00 0.24971331E+00 0.24971331E+00 0.24971331E+00 0.24971331E+00
 0.97000000E+00 0.24971278E+00 0.24971278E+00 0.24971278E+00 0.24971278E+00
 0.98000000E+00 0.24971194E+00 0.24971194E+00 0.24971194E+00 0.24971194E+00
 0.99000000E+00 0.24971129E+00 0.24971129E+00 0.24971129E+00 0.24971129E+00
 0.10000000E+01 0.24971085E+00 0.24971085E+00 0.24971085E+00 0.24971085E+00
 0.10100000E+01 0.24971028E+00 0.24971028E+00 0.24971028E+00 0.24971028E+00
 0.10200000E+01 0.24971084E+00 0.24971084E+00 0.24971084E+00 0.24971084E+00
 0.10300000E+01 0.24970903E+00 0.24970903E+00 0.24970903E+00 0.24970903E+00
 0.10400000E+01 0.24970854E+00 0.24970854E+00 0.24970854E+00 0.24970854E+00
 0.10500000E+01 0.24970786E+00 0.24970786E+00 0.24970786E+00 0.24970786E+00
 0.10600000E+01 0.24970737E+00 0.24970737E+00 0.24970737E+00 0.24970737E+00
 0.10700000E+01 0.24970673E+00 0.24970673E+00 0.24970673E+00 0.24970673E+00
 0.10800000E+01 0.24970605E+00 0.24970605E+00 0.24970605E+00 0.24970605E+00
 0.10900000E+01 0.24970528E+00 0.24970528E+00 0.24970528E+00 0.24970528E+00
 0.11000000E+01 0.24970467E+00 0.24970467E+00 0.24970467E+00 0.24970467E+00
 0.11100000E+01 0.24970445E+00 0.24970445E+00 0.24970445E+00 0.24970445E+00
 0.11200000E+01 0.24970328E+00 0.24970328E+00 0.24970328E+00 0.24970328E+00
 0.11300000E+01 0.24970239E+00 0.24970239E+00 0.24970239E+00 0.24970239E+00
 0.11400000E+01 0.24970164E+00 0.24970164E+00 0.24970164E+00 0.24970164E+00
 0.11500000E+01 0.24970101E+00 0.24970101E+00 0.24970101E+00 0.24970101E+00
 0.11600000E+01 0.24970011E+00 0.24970011E+00 0.24970011E+00 0.24970011E+00
 0.11700000E+01 0.24969954E+00 0.24969954E+00 0.24969954E+00 0.24969954E+00
 0.11800000E+01 0.24969893E+00 0.24969893E+00 0.24969893E+00 0.24969893E+00
 0.11900000E+01 0.24969752E+00 0.24969752E+00 0.24969752E+00 0.24969752E+00
 0.12000000E+01 0.24969664E+00 0.24969664E+00 0.24969664E+00 0.24969664E+00
 0.12100000E+01 0.24969577E+00 0.24969577E+00 0.24969577E+00 0.24969577E+00
 0.12200000E+01 0.24969504E+00 0.24969504E+00 0.24969504E+00 0.24969504E+00
 0.12300000E+01 0.24969420E+00 0.24969420E+00 0.24969420E+00 0.24969420E+00
 0.12400000E+01 0.24969311E+00 0.24969311E+00 0.24969311E+00 0.24969311E+00
 0.12500000E+01 0.24969214E+00 0.24969214E+00 0.24969214E+00 0.24969214E+00
 0.12600000E+01 0.24969111E+00 0.24969111E+00 0.24969111E+00 0.24969111E+00
 0.12700000E+01 0.24969004E+00 0.24969004E+00 0.24969004E+00 0.24969004E+00
 0.12800000E+01 0.24968918E+00 0.24968918E+00 0.24968918E+00 0.24968918E+00
 0.12900000E+01 0.24968811E+00 0.24968811E+00 0.24968811E+00 0.24968811E+00
 0.13000000E+01 0.24968683E+00 0.24968683E+00 0.24968683E+00 0.24968683E+00
 0.13100000E+01 0.24968575E+00 0.24968575E+00 0.24968575E+00 0.24968575E+00
 0.13200000E+01 0.24968466E+00 0.24968466E+00 0.24968466E+00 0.24968466E+00
 0.13300000E+01 0.24968376E+00 0.24968376E+00 0.24968376E+00 0.24968376E+00
 0.13400000E+01 0.24968238E+00 0.24968238E+00 0.24968238E+00 0.24968238E+00
 0.13500000E+01 0.24968115E+00 0.24968115E+00 0.24968115E+00 0.24968115E+00
 0.13600000E+01 0.24967997E+00 0.24967997E+00 0.24967997E+00 0.24967997E+00
 0.13700000E+01 0.24967849E+00 0.24967849E+00 0.24967849E+00 0.24967849E+00
 0.13800000E+01 0.24967725E+00 0.24967725E+00 0.24967725E+00 0.24967725E+00
 0.13900000E+01 0.24967603E+00 0.24967603E+00 0.24967603E+00 0.24967603E+00
 0.14000000E+01 0.24967466E+00 0.24967466E+00 0.24967466E+00 0.24967466E+00
 0.14100000E+01 0.24967367E+00 0.24967367E+00 0.24967367E+00 0.24967367E+00
 0.14200000E+01 0.24967250E+00 0.24967250E+00 0.24967250E+00 0.24967250E+00
 0.14300000E+01 0.24967022E+00 0.24967022E+00 0.24967022E+00 0.24967022E+00
 0.14400000E+01 0.24966874E+00 0.24966874E+00 0.24966874E+00 0.24966874E+00
 0.14500000E+01 0.24966726E+00 0.24966726E+00 0.24966726E+00 0.24966726E+00
 0.14600000E+01 0.24966555E+00 0.24966555E+00 0.24966555E+00 0.24966555E+00
 0.14700000E+01 0.24991404E+00 0.24991404E+00 0.24991404E+00 0.24991404E+00
 0.14800000E+01 0.24966248E+00 0.24966248E+00 0.24966248E+00 0.24966248E+00
 0.14900000E+01 0.24966068E+00 0.24966068E+00 0.24966068E+00 0.24966068E+00
 0.15000000E+01 0.24965886E+00 0.24965886E+00 0.24965886E+00 0.24965886E+00
 0.15100000E+01 0.24965721E+00 0.24965721E+00 0.24965721E+00 0.24965721E+00
 0.15200000E+01 0.24965554E+00 0.24965554E+00 0.24965554E+00 0.24965554E+00
 0.15300000E+01 0.24965338E+00 0.24965338E+00 0.24965338E+00 0.24965338E+00
 0.15400000E+01 0.24965158E+00 0.24965158E+00 0.24965158E+00 0.24965158E+00
 0.15500000E+01 0.24964955E+00 0.24964955E+00 0.24964955E+00 0.24964955E+00
 0.15600000E+01 0.24964738E+00 0.24964738E+00 0.24964738E+00 0.24964738E+00
 0.15700000E+01 0.24964530E+00 0.24964530E+00 0.24964530E+00 0.24964530E+00
 0.15800000E+01 0.24964303E+00 0.24964303E+00 0.24964303E+00 0.24964303E+00
 0.15900000E+01 0.24964079E+00 0.24964079E+00 0.24964079E+00 0.24964079E+00
 0.16000000E+01 0.24963852E+00 0.24963852E+00 0.24963852E+00 0.24963852E+00
 0.16100000E+01 0.24963615E+00 0.24963615E+00 0.24963615E+00 0.24963615E+00
 0.16200000E+01 0.24963370E+00 0.24963370E+00 0.24963370E+00 0.24963370E+00
 0.16300000E+01 0.24963107E+00 0.24963107E+00 0.24963107E+00 0.24963107E+00
 0.16400000E+01 0.24962845E+00 0.24962845E+00 0.24962845E+00 0.24962845E+00
 0.16500000E+01 0.24962533E+00 0.24962533E+00 0.24962533E+00 0.24962533E+00
 0.16600000E+01 0.24962293E+00 0.24962293E+00 0.24962293E+00 0.24962293E+00
 0.16700000E+01 0.24961992E+00 0.24961992E+00 0.24961992E+00 0.24961992E+00
 0.16800000E+01 0.24961689E+00 0.24961689E+00 0.24961689E+00 0.24961689E+00
 0.16900000E+01 0.24961368E+00 0.24961368E+00 0.24961368E+00 0.24961368E+00
 0.17000000E+01 0.24961059E+00 0.24961059E+00 0.24961059E+00 0.24961059E+00
 0.17100000E+01 0.24960693E+00 0.24960693E+00 0.24960693E+00 0.24960693E+00
 0.17200000E+01 0.24960285E+00 0.24960285E+00 0.24960285E+00 0.24960285E+00
 0.17300000E+01 0.24966794E+00 0.24966794E+00 0.24966794E+00 0.24966794E+00
 0.17400000E+01 0.24959590E+00 0.24959590E+00 0.24959590E+00 0.24959590E+00
 0.17500000E+01 0.24959166E+00 0.24959166E+00 0.24959166E+00 0.24959166E+00
 0.17600000E+01 0.24958598E+00 0.24958598E+00 0.24958598E+00 0.24958598E+00
 0.17700000E+01 0.24958316E+00 0.24958316E+00 0.24958316E+00 0.24958316E+00
 0.17800000E+01 0.24957800E+00 0.24957800E+00 0.24957800E+00 0.24957800E+00
 0.17900000E+01 0.24957180E+00 0.24957180E+00 0.24957180E+00 0.24957180E+00
 0.18000000E+01 0.24956766E+00 0.24956766E+00 0.24956766E+00 0.24956766E+00
 0.18100000E+01 0.24956195E+00 0.24956195E+00 0.24956195E+00 0.24956195E+00
 0.18140000E+01 0.24955960E+00 0.24955960E+00 0.24955960E+00 0.24955960E+00
 0.18180000E+01 0.24955713E+00 0.24955713E+00 0.24955713E+00 0.24955713E+00
 0.18220000E+01 0.24955470E+00 0.24955470E+00 0.24955470E+00 0.24955470E+00
 0.18260000E+01 0.24955212E+00 0.24955212E+00 0.24955212E+00 0.24955212E+00
 0.18300000E+01 0.24954939E+00 0.24954939E+00 0.24954939E+00 0.24954939E+00
 0.18340000E+01 0.24954695E+00 0.24954695E+00 0.24954695E+00 0.24954695E+00
 0.18380000E+01 0.24954397E+00 0.24954397E+00 0.24954397E+00 0.24954397E+00
 0.18420000E+01 0.24954137E+00 0.24954137E+00 0.24954137E+00 0.24954137E+00
 0.18460000E+01 0.24953880E+00 0.24953880E+00 0.24953880E+00 0.24953880E+00
 0.18500000E+01 0.24953506E+00 0.24953506E+00 0.24953506E+00 0.24953506E+00
 0.18540000E+01 0.24953199E+00 0.24953199E+00 0.24953199E+00 0.24953199E+00
 0.18580000E+01 0.24952858E+00 0.24952858E+00 0.24952858E+00 0.24952858E+00
 0.18620000E+01 0.24952520E+00 0.24952520E+00 0.24952520E+00 0.24952520E+00
 0.18660000E+01 0.24952161E+00 0.24952161E+00 0.24952161E+00 0.24952161E+00
 0.18700000E+01 0.24951823E+00 0.24951823E+00 0.24951823E+00 0.24951823E+00
 0.18740000E+01 0.24951440E+00 0.24951440E+00 0.24951440E+00 0.24951440E+00
 0.18780000E+01 0.24951051E+00 0.24951051E+00 0.24951051E+00 0.24951051E+00
 0.18820000E+01 0.24950639E+00 0.24950639E+00 0.24950639E+00 0.24950639E+00
 0.18860000E+01 0.24950217E+00 0.24950217E+00 0.24950217E+00 0.24950217E+00
 0.18900000E+01 0.24949771E+00 0.24949771E+00 0.24949771E+00 0.24949771E+00
 0.18940000E+01 0.24949308E+00 0.24949308E+00 0.24949308E+00 0.24949308E+00
 0.18980000E+01 0.24948830E+00 0.24948830E+00 0.24948830E+00 0.24948830E+00
 0.19020000E+01 0.24948316E+00 0.24948316E+00 0.24948316E+00 0.24948316E+00
 0.19060000E+01 0.24947774E+00 0.24947774E+00 0.24947774E+00 0.24947774E+00
 0.19100000E+01 0.24947208E+00 0.24947208E+00 0.24947208E+00 0.24947208E+00
 0.19140000E+01 0.24946604E+00 0.24946604E+00 0.24946604E+00 0.24946604E+00
 0.19180000E+01 0.24945947E+00 0.24945947E+00 0.24945947E+00 0.24945947E+00
 0.19220000E+01 0.24945266E+00 0.24945266E+00 0.24945266E+00 0.24945266E+00
 0.19260000E+01 0.24944584E+00 0.24944584E+00 0.24944584E+00 0.24944584E+00
 0.19300000E+01 0.24943713E+00 0.24943713E+00 0.24943713E+00 0.24943713E+00
 0.19340000E+01 0.24942840E+00 0.24942840E+00 0.24942840E+00 0.24942840E+00
 0.19380000E+01 0.24941865E+00 0.24941865E+00 0.24941865E+00 0.24941865E+00
 0.19420000E+01 0.24940792E+00 0.24940792E+00 0.24940792E+00 0.24940792E+00
 0.19460000E+01 0.24939553E+00 0.24939553E+00 0.24939553E+00 0.24939553E+00
 0.19500000E+01 0.24938091E+00 0.24938091E+00 0.24938091E+00 0.24938091E+00
 0.19540000E+01 0.24936185E+00 0.24936185E+00 0.24936185E+00 0.24936185E+00
 0.19580000E+01 0.24933838E+00 0.24933838E+00 0.24933838E+00 0.24933838E+00
 0.19620000E+01 0.24931502E+00 0.24931502E+00 0.24931502E+00 0.24931502E+00
 0.19660000E+01 0.24929402E+00 0.24929402E+00 0.24929402E+00 0.24929402E+00
 0.19700000E+01 0.24927654E+00 0.24927654E+00 0.24927654E+00 0.24927654E+00
 0.19740000E+01 0.24926333E+00 0.24926333E+00 0.24926333E+00 0.24926333E+00
 0.19780000E+01 0.24925463E+00 0.24925463E+00 0.24925463E+00 0.24925463E+00
 0.19820000E+01 0.24925061E+00 0.24925061E+00 0.24925061E+00 0.24925061E+00
 0.19860000E+01 0.24925108E+00 0.24925108E+00 0.24925108E+00 0.24925108E+00
 0.19900000E+01 0.24925548E+00 0.24925548E+00 0.24925548E+00 0.24925548E+00
 0.19940000E+01 0.24926315E+00 0.24926315E+00 0.24926315E+00 0.24926315E+00
 0.19980000E+01 0.24927355E+00 0.24927355E+00 0.24927355E+00 0.24927355E+00
 0.20020000E+01 0.24928572E+00 0.24928572E+00 0.24928572E+00 0.24928572E+00
 0.20060000E+01 0.24929901E+00 0.24929901E+00 0.24929901E+00 0.24929901E+00
 0.20100000E+01 0.24931307E+00 0.24931307E+00 0.24931307E+00 0.24931307E+00
 0.20140000E+01 0.24932744E+00 0.24932744E+00 0.24932744E+00 0.24932744E+00
 0.20180000E+01 0.24934160E+00 0.24934160E+00 0.24934160E+00 0.24934160E+00
 0.20220000E+01 0.24935533E+00 0.24935533E+00 0.24935533E+00 0.24935533E+00
 0.20260000E+01 0.24936871E+00 0.24936871E+00 0.24936871E+00 0.24936871E+00
 0.20300000E+01 0.24938147E+00 0.24938147E+00 0.24938147E+00 0.24938147E+00
 0.20340000E+01 0.24939344E+00 0.24939344E+00 0.24939344E+00 0.24939344E+00
 0.20380000E+01 0.24940491E+00 0.24940491E+00 0.24940491E+00 0.24940491E+00
 0.20420000E+01 0.24941584E+00 0.24941584E+00 0.24941584E+00 0.24941584E+00
 0.20460000E+01 0.24942606E+00 0.24942606E+00 0.24942606E+00 0.24942606E+00
 0.20500000E+01 0.24943579E+00 0.24943579E+00 0.24943579E+00 0.24943579E+00
 0.20540000E+01 0.24944492E+00 0.24944492E+00 0.24944492E+00 0.24944492E+00
 0.20580000E+01 0.24945361E+00 0.24945361E+00 0.24945361E+00 0.24945361E+00
 0.20620000E+01 0.24946189E+00 0.24946189E+00 0.24946189E+00 0.24946189E+00
 0.20660000E+01 0.24946964E+00 0.24946964E+00 0.24946964E+00 0.24946964E+00
 0.20700000E+01 0.24947713E+00 0.24947713E+00 0.24947713E+00 0.24947713E+00
 0.20740000E+01 0.24948429E+00 0.24948429E+00 0.24948429E+00 0.24948429E+00
 0.20780000E+01 0.24949109E+00 0.24949109E+00 0.24949109E+00 0.24949109E+00
 0.20820000E+01 0.24949754E+00 0.24949754E+00 0.24949754E+00 0.24949754E+00
 0.20860000E+01 0.24950377E+00 0.24950377E+00 0.24950377E+00 0.24950377E+00
 0.20900000E+01 0.24950975E+00 0.24950975E+00 0.24950975E+00 0.24950975E+00
 0.20940000E+01 0.24951540E+00 0.24951540E+00 0.24951540E+00 0.24951540E+00
 0.20980000E+01 0.24952106E+00 0.24952106E+00 0.24952106E+00 0.24952106E+00
 0.21020000E+01 0.24952640E+00 0.24952640E+00 0.24952640E+00 0.24952640E+00
 0.21060000E+01 0.24955091E+00 0.24955091E+00 0.24955091E+00 0.24955091E+00
 0.21100000E+01 0.24953651E+00 0.24953651E+00 0.24953651E+00 0.24953651E+00
 0.21140000E+01 0.24954389E+00 0.24954389E+00 0.24954389E+00 0.24954389E+00
 0.21180000E+01 0.24954600E+00 0.24954600E+00 0.24954600E+00 0.24954600E+00
 0.21220000E+01 0.24955040E+00 0.24955040E+00 0.24955040E+00 0.24955040E+00
 0.21260000E+01 0.24955477E+00 0.24955477E+00 0.24955477E+00 0.24955477E+00
 0.21300000E+01 0.24955906E+00 0.24955906E+00 0.24955906E+00 0.24955906E+00
 0.21340000E+01 0.24956321E+00 0.24956321E+00 0.24956321E+00 0.24956321E+00
 0.21380000E+01 0.24956726E+00 0.24956726E+00 0.24956726E+00 0.24956726E+00
 0.21420000E+01 0.24957106E+00 0.24957106E+00 0.24957106E+00 0.24957106E+00
 0.21460000E+01 0.24957501E+00 0.24957501E+00 0.24957501E+00 0.24957501E+00
 0.21500000E+01 0.24957875E+00 0.24957875E+00 0.24957875E+00 0.24957875E+00
 0.21540000E+01 0.24958240E+00 0.24958240E+00 0.24958240E+00 0.24958240E+00
 0.21580000E+01 0.24958610E+00 0.24958610E+00 0.24958610E+00 0.24958610E+00
 0.21620000E+01 0.24958940E+00 0.24958940E+00 0.24958940E+00 0.24958940E+00
 0.21660000E+01 0.24959280E+00 0.24959280E+00 0.24959280E+00 0.24959280E+00
 0.21700000E+01 0.24959611E+00 0.24959611E+00 0.24959611E+00 0.24959611E+00
 0.21740000E+01 0.24959932E+00 0.24959932E+00 0.24959932E+00 0.24959932E+00
 0.21780000E+01 0.24960116E+00 0.24960116E+00 0.24960116E+00 0.24960116E+00
 0.21820000E+01 0.24960560E+00 0.24960560E+00 0.24960560E+00 0.24960560E+00
 0.21860000E+01 0.24960846E+00 0.24960846E+00 0.24960846E+00 0.24960846E+00
 0.21900000E+01 0.24961160E+00 0.24961160E+00 0.24961160E+00 0.24961160E+00
 0.21940000E+01 0.24961452E+00 0.24961452E+00 0.24961452E+00 0.24961452E+00
 0.21980000E+01 0.24961739E+00 0.24961739E+00 0.24961739E+00 0.24961739E+00
 0.22020000E+01 0.24962021E+00 0.24962021E+00 0.24962021E+00 0.24962021E+00
 0.22220000E+01 0.24963358E+00 0.24963358E+00 0.24963358E+00 0.24963358E+00
 0.22420000E+01 0.24964590E+00 0.24964590E+00 0.24964590E+00 0.24964590E+00
 0.22620000E+01 0.24965730E+00 0.24965730E+00 0.24965730E+00 0.24965730E+00
 0.22820000E+01 0.24966794E+00 0.24966794E+00 0.24966794E+00 0.24966794E+00
 0.23020000E+01 0.24967768E+00 0.24967768E+00 0.24967768E+00 0.24967768E+00
 0.23220000E+01 0.24973997E+00 0.24973997E+00 0.24973997E+00 0.24973997E+00
 0.23420000E+01 0.24969575E+00 0.24969575E+00 0.24969575E+00 0.24969575E+00
 0.23620000E+01 0.24970373E+00 0.24970373E+00 0.24970373E+00 0.24970373E+00
 0.23820000E+01 0.24971176E+00 0.24971176E+00 0.24971176E+00 0.24971176E+00
 0.24020000E+01 0.24971924E+00 0.24971924E+00 0.24971924E+00 0.24971924E+00
 0.24220000E+01 0.24972642E+00 0.24972642E+00 0.24972642E+00 0.24972642E+00
 0.24420000E+01 0.24973317E+00 0.24973317E+00 0.24973317E+00 0.24973317E+00
 0.24620000E+01 0.24975995E+00 0.24975995E+00 0.24975995E+00 0.24975995E+00
 0.24820000E+01 0.24974587E+00 0.24974587E+00 0.24974587E+00 0.24974587E+00
 0.25020000E+01 0.24975797E+00 0.24975797E+00 0.24975797E+00 0.24975797E+00
 0.25220000E+01 0.24975762E+00 0.24975762E+00 0.24975762E+00 0.24975762E+00
 0.25420000E+01 0.24976938E+00 0.24976938E+00 0.24976938E+00 0.24976938E+00
 0.25620000E+01 0.24976821E+00 0.24976821E+00 0.24976821E+00 0.24976821E+00
 0.25820000E+01 0.24979167E+00 0.24979167E+00 0.24979167E+00 0.24979167E+00
 0.26020000E+01 0.24977820E+00 0.24977820E+00 0.24977820E+00 0.24977820E+00
 0.26220000E+01 0.24978361E+00 0.24978361E+00 0.24978361E+00 0.24978361E+00
 0.26420000E+01 0.24978763E+00 0.24978763E+00 0.24978763E+00 0.24978763E+00
 0.26620000E+01 0.24979209E+00 0.24979209E+00 0.24979209E+00 0.24979209E+00
 0.26820000E+01 0.24979632E+00 0.24979632E+00 0.24979632E+00 0.24979632E+00
 0.27020000E+01 0.24980035E+00 0.24980035E+00 0.24980035E+00 0.24980035E+00
 0.27220000E+01 0.24980449E+00 0.24980449E+00 0.24980449E+00 0.24980449E+00
 0.27420000E+01 0.24980841E+00 0.24980841E+00 0.24980841E+00 0.24980841E+00
 0.27620000E+01 0.24981269E+00 0.24981269E+00 0.24981269E+00 0.24981269E+00
 0.27820000E+01 0.24981653E+00 0.24981653E+00 0.24981653E+00 0.24981653E+00
 0.28020000E+01 0.24981942E+00 0.24981942E+00 0.24981942E+00 0.24981942E+00
 0.28220000E+01 0.24982283E+00 0.24982283E+00 0.24982283E+00 0.24982283E+00
 0.28420000E+01 0.24982633E+00 0.24982633E+00 0.24982633E+00 0.24982633E+00
 0.28620000E+01 0.24982942E+00 0.24982942E+00 0.24982942E+00 0.24982942E+00
 0.28820000E+01 0.24983288E+00 0.24983288E+00 0.24983288E+00 0.24983288E+00
 0.29020000E+01 0.24983602E+00 0.24983602E+00 0.24983602E+00 0.24983602E+00
 0.29220000E+01 0.24983893E+00 0.24983893E+00 0.24983893E+00 0.24983893E+00
 0.29420000E+01 0.24984196E+00 0.24984196E+00 0.24984196E+00 0.24984196E+00
 0.29620000E+01 0.24984489E+00 0.24984489E+00 0.24984489E+00 0.24984489E+00
 0.29820000E+01 0.24984760E+00 0.24984760E+00 0.24984760E+00 0.24984760E+00
 0.30020000E+01 0.24985029E+00 0.24985029E+00 0.24985029E+00 0.24985029E+00
 0.31020000E+01 0.24986326E+00 0.24986326E+00 0.24986326E+00 0.24986326E+00
 0.32020000E+01 0.24987454E+00 0.24987454E+00 0.24987454E+00 0.24987454E+00
 0.33020000E+01 0.24988470E+00 0.24988470E+00 0.24988470E+00 0.24988470E+00
 0.34020000E+01 0.24989406E+00 0.24989406E+00 0.24989406E+00 0.24989406E+00
 0.35020000E+01 0.24990244E+00 0.24990244E+00 0.24990244E+00 0.24990244E+00
 0.36020000E+01 0.24991007E+00 0.24991007E+00 0.24991007E+00 0.24991007E+00
 0.37020000E+01 0.24991691E+00 0.24991691E+00 0.24991691E+00 0.24991691E+00
 0.38020000E+01 0.24992323E+00 0.24992323E+00 0.24992323E+00 0.24992323E+00
 0.39020000E+01 0.24992864E+00 0.24992864E+00 0.24992864E+00 0.24992864E+00
 0.40020000E+01 0.24993452E+00 0.24993452E+00 0.24993452E+00 0.24993452E+00
 0.41020000E+01 0.24993941E+00 0.24993941E+00 0.24993941E+00 0.24993941E+00
 0.42020000E+01 0.24994398E+00 0.24994398E+00 0.24994398E+00 0.24994398E+00
 0.43020000E+01 0.24994839E+00 0.24994839E+00 0.24994839E+00 0.24994839E+00
 0.44020000E+01 0.24995221E+00 0.24995221E+00 0.24995221E+00 0.24995221E+00
 0.45020000E+01 0.24995591E+00 0.24995591E+00 0.24995591E+00 0.24995591E+00
 0.46020000E+01 0.24995950E+00 0.24995950E+00 0.24995950E+00 0.24995950E+00
 0.47020000E+01 0.24996262E+00 0.24996262E+00 0.24996262E+00 0.24996262E+00
 0.48020000E+01 0.24996561E+00 0.24996561E+00 0.24996561E+00 0.24996561E+00
 0.49020000E+01 0.24996841E+00 0.24996841E+00 0.24996841E+00 0.24996841E+00
 0.50020000E+01 0.24997102E+00 0.24997102E+00 0.24997102E+00 0.24997102E+00
 0.51020000E+01 0.24997349E+00 0.24997349E+00 0.24997349E+00 0.24997349E+00
 0.52020000E+01 0.24997554E+00 0.24997554E+00 0.24997554E+00 0.24997554E+00
 0.53020000E+01 0.24997818E+00 0.24997818E+00 0.24997818E+00 0.24997818E+00
 0.54020000E+01 0.24998025E+00 0.24998025E+00 0.24998025E+00 0.24998025E+00
 0.55020000E+01 0.24997997E+00 0.24997997E+00 0.24997997E+00 0.24997997E+00
 0.56020000E+01 0.24998417E+00 0.24998417E+00 0.24998417E+00 0.24998417E+00
 0.57020000E+01 0.24998591E+00 0.24998591E+00 0.24998591E+00 0.24998591E+00
 0.58020000E+01 0.24998762E+00 0.24998762E+00 0.24998762E+00 0.24998762E+00
 0.59020000E+01 0.24999742E+00 0.24999742E+00 0.24999742E+00 0.24999742E+00
 0.60020000E+01 0.24999146E+00 0.24999146E+00 0.24999146E+00 0.24999146E+00
 0.61020000E+01 0.24999236E+00 0.24999236E+00 0.24999236E+00 0.24999236E+00
 0.62020000E+01 0.24999346E+00 0.24999346E+00 0.24999346E+00 0.24999346E+00
 0.63020000E+01 0.24999486E+00 0.24999486E+00 0.24999486E+00 0.24999486E+00
 0.64020000E+01 0.24999605E+00 0.24999605E+00 0.24999605E+00 0.24999605E+00
 0.65020000E+01 0.24999722E+00 0.24999722E+00 0.24999722E+00 0.24999722E+00
 0.66020000E+01 0.24999846E+00 0.24999846E+00 0.24999846E+00 0.24999846E+00
 0.67020000E+01 0.24999950E+00 0.24999950E+00 0.24999950E+00 0.24999950E+00
 0.68020000E+01 0.25000035E+00 0.25000035E+00 0.25000035E+00 0.25000035E+00
 0.69020000E+01 0.25000078E+00 0.25000078E+00 0.25000078E+00 0.25000078E+00
 0.70020000E+01 0.25000241E+00 0.25000241E+00 0.25000241E+00 0.25000241E+00
 0.71020000E+01 0.25000340E+00 0.25000340E+00 0.25000340E+00 0.25000340E+00
 0.72020000E+01 0.25000419E+00 0.25000419E+00 0.25000419E+00 0.25000419E+00
 0.73020000E+01 0.25000513E+00 0.25000513E+00 0.25000513E+00 0.25000513E+00
 0.74020000E+01 0.25000489E+00 0.25000489E+00 0.25000489E+00 0.25000489E+00
 0.75020000E+01 0.25000661E+00 0.25000661E+00 0.25000661E+00 0.25000661E+00
 0.76020000E+01 0.25000741E+00 0.25000741E+00 0.25000741E+00 0.25000741E+00
 0.77020000E+01 0.25000817E+00 0.25000817E+00 0.25000817E+00 0.25000817E+00
 0.78020000E+01 0.25000874E+00 0.25000874E+00 0.25000874E+00 0.25000874E+00
 0.79020000E+01 0.25000928E+00 0.25000928E+00 0.25000928E+00 0.25000928E+00
 0.80020000E+01 0.25001007E+00 0.25001007E+00 0.25001007E+00 0.25001007E+00
 0.81020000E+01 0.25001072E+00 0.25001072E+00 0.25001072E+00 0.25001072E+00
 0.82020000E+01 0.25001118E+00 0.25001118E+00 0.25001118E+00 0.25001118E+00
 0.83020000E+01 0.25001187E+00 0.25001187E+00 0.25001187E+00 0.25001187E+00
 0.84020000E+01 0.25001231E+00 0.25001231E+00 0.25001231E+00 0.25001231E+00
 0.85020000E+01 0.25001306E+00 0.25001306E+00 0.25001306E+00 0.25001306E+00
 0.86020000E+01 0.25001344E+00 0.25001344E+00 0.25001344E+00 0.25001344E+00
 0.87020000E+01 0.25001394E+00 0.25001394E+00 0.25001394E+00 0.25001394E+00
 0.88020000E+01 0.25001425E+00 0.25001425E+00 0.25001425E+00 0.25001425E+00
 0.89020000E+01 0.25001490E+00 0.25001490E+00 0.25001490E+00 0.25001490E+00
 0.90020000E+01 0.25001529E+00 0.25001529E+00 0.25001529E+00 0.25001529E+00
 0.91020000E+01 0.25001575E+00 0.25001575E+00 0.25001575E+00 0.25001575E+00
 0.92020000E+01 0.25001609E+00 0.25001609E+00 0.25001609E+00 0.25001609E+00
 0.93020000E+01 0.25001645E+00 0.25001645E+00 0.25001645E+00 0.25001645E+00
 0.94020000E+01 0.25001671E+00 0.25001671E+00 0.25001671E+00 0.25001671E+00
 0.95020000E+01 0.25001728E+00 0.25001728E+00 0.25001728E+00 0.25001728E+00
 0.96020000E+01 0.25001764E+00 0.25001764E+00 0.25001764E+00 0.25001764E+00
 0.97020000E+01 0.25001790E+00 0.25001790E+00 0.25001790E+00 0.25001790E+00
 0.98020000E+01 0.25001824E+00 0.25001824E+00 0.25001824E+00 0.25001824E+00
 0.99020000E+01 0.25001865E+00 0.25001865E+00 0.25001865E+00 0.25001865E+00
 0.10002000E+02 0.25001909E+00 0.25001909E+00 0.25001909E+00 0.25001909E+00
 0.10102000E+02 0.25001944E+00 0.25001944E+00 0.25001944E+00 0.25001944E+00
 0.10202000E+02 0.25001966E+00 0.25001966E+00 0.25001966E+00 0.25001966E+00
 0.10302000E+02 0.25001996E+00 0.25001996E+00 0.25001996E+00 0.25001996E+00
 0.10402000E+02 0.25001988E+00 0.25001988E+00 0.25001988E+00 0.25001988E+00
 0.10502000E+02 0.25002042E+00 0.25002042E+00 0.25002042E+00 0.25002042E+00
 0.10602000E+02 0.25002078E+00 0.25002078E+00 0.25002078E+00 0.25002078E+00
 0.10702000E+02 0.25002102E+00 0.25002102E+00 0.25002102E+00 0.25002102E+00
 0.10802000E+02 0.25002153E+00 0.25002153E+00 0.25002153E+00 0.25002153E+00
 0.10902000E+02 0.25002142E+00 0.25002142E+00 0.25002142E+00 0.25002142E+00
 0.11002000E+02 0.25002165E+00 0.25002165E+00 0.25002165E+00 0.25002165E+00
 0.11102000E+02 0.25002183E+00 0.25002183E+00 0.25002183E+00 0.25002183E+00
 0.11202000E+02 0.25002222E+00 0.25002222E+00 0.25002222E+00 0.25002222E+00
 0.11302000E+02 0.25002256E+00 0.25002256E+00 0.25002256E+00 0.25002256E+00
 0.11402000E+02 0.25002274E+00 0.25002274E+00 0.25002274E+00 0.25002274E+00
 0.11502000E+02 0.25002301E+00 0.25002301E+00 0.25002301E+00 0.25002301E+00
 0.11602000E+02 0.25002312E+00 0.25002312E+00 0.25002312E+00 0.25002312E+00
 0.11702000E+02 0.25002334E+00 0.25002334E+00 0.25002334E+00 0.25002334E+00
 0.11802000E+02 0.25002350E+00 0.25002350E+00 0.25002350E+00 0.25002350E+00
 0.11902000E+02 0.25002369E+00 0.25002369E+00 0.25002369E+00 0.25002369E+00
 0.12002000E+02 0.25002381E+00 0.25002381E+00 0.25002381E+00 0.25002381E+00
 0.12102000E+02 0.25002411E+00 0.25002411E+00 0.25002411E+00 0.25002411E+00
 0.12202000E+02 0.25002423E+00 0.25002423E+00 0.25002423E+00 0.25002423E+00
 0.12302000E+02 0.25002439E+00 0.25002439E+00 0.25002439E+00 0.25002439E+00
 0.12402000E+02 0.25002450E+00 0.25002450E+00 0.25002450E+00 0.25002450E+00
 0.12502000E+02 0.25002470E+00 0.25002470E+00 0.25002470E+00 0.25002470E+00
 0.12602000E+02 0.25002509E+00 0.25002509E+00 0.25002509E+00 0.25002509E+00
 0.12702000E+02 0.25002509E+00 0.25002509E+00 0.25002509E+00 0.25002509E+00
 0.12802000E+02 0.25002528E+00 0.25002528E+00 0.25002528E+00 0.25002528E+00
 0.12902000E+02 0.25002535E+00 0.25002535E+00 0.25002535E+00 0.25002535E+00
 0.13002000E+02 0.25002561E+00 0.25002561E+00 0.25002561E+00 0.25002561E+00
 0.13102000E+02 0.25002585E+00 0.25002585E+00 0.25002585E+00 0.25002585E+00
 0.13202000E+02 0.25002599E+00 0.25002599E+00 0.25002599E+00 0.25002599E+00
 0.13302000E+02 0.25002605E+00 0.25002605E+00 0.25002605E+00 0.25002605E+00
 0.13402000E+02 0.25002632E+00 0.25002632E+00 0.25002632E+00 0.25002632E+00
 0.13502000E+02 0.25002625E+00 0.25002625E+00 0.25002625E+00 0.25002625E+00
 0.13602000E+02 0.25002638E+00 0.25002638E+00 0.25002638E+00 0.25002638E+00
 0.13702000E+02 0.25002647E+00 0.25002647E+00 0.25002647E+00 0.25002647E+00
 0.13802000E+02 0.25002661E+00 0.25002661E+00 0.25002661E+00 0.25002661E+00
 0.13902000E+02 0.25002671E+00 0.25002671E+00 0.25002671E+00 0.25002671E+00
 0.14002000E+02 0.25002685E+00 0.25002685E+00 0.25002685E+00 0.25002685E+00
 0.14102000E+02 0.25002701E+00 0.25002701E+00 0.25002701E+00 0.25002701E+00
 0.14202000E+02 0.25002699E+00 0.25002699E+00 0.25002699E+00 0.25002699E+00
 0.14302000E+02 0.25002735E+00 0.25002735E+00 0.25002735E+00 0.25002735E+00
 0.14402000E+02 0.25002738E+00 0.25002738E+00 0.25002738E+00 0.25002738E+00
 0.14502000E+02 0.25002752E+00 0.25002752E+00 0.25002752E+00 0.25002752E+00
 0.14602000E+02 0.25002758E+00 0.25002758E+00 0.25002758E+00 0.25002758E+00
 0.14702000E+02 0.25002773E+00 0.25002773E+00 0.25002773E+00 0.25002773E+00
 0.14802000E+02 0.25002786E+00 0.25002786E+00 0.25002786E+00 0.25002786E+00
 0.14902000E+02 0.25002781E+00 0.25002781E+00 0.25002781E+00 0.25002781E+00
 0.15002000E+02 0.25002805E+00 0.25002805E+00 0.25002805E+00 0.25002805E+00
 0.15102000E+02 0.25002812E+00 0.25002812E+00 0.25002812E+00 0.25002812E+00
 0.15202000E+02 0.25002818E+00 0.25002818E+00 0.25002818E+00 0.25002818E+00
 0.15302000E+02 0.25002848E+00 0.25002848E+00 0.25002848E+00 0.25002848E+00
 0.15402000E+02 0.25002853E+00 0.25002853E+00 0.25002853E+00 0.25002853E+00
 0.15502000E+02 0.25002848E+00 0.25002848E+00 0.25002848E+00 0.25002848E+00
 0.15602000E+02 0.25002867E+00 0.25002867E+00 0.25002867E+00 0.25002867E+00
 0.15702000E+02 0.25002877E+00 0.25002877E+00 0.25002877E+00 0.25002877E+00
 0.15802000E+02 0.25002880E+00 0.25002880E+00 0.25002880E+00 0.25002880E+00
 0.15902000E+02 0.25002886E+00 0.25002886E+00 0.25002886E+00 0.25002886E+00
 0.16002000E+02 0.25002874E+00 0.25002874E+00 0.25002874E+00 0.25002874E+00
 0.16102000E+02 0.25002907E+00 0.25002907E+00 0.25002907E+00 0.25002907E+00
 0.16202000E+02 0.25002917E+00 0.25002917E+00 0.25002917E+00 0.25002917E+00
 0.16302000E+02 0.25002922E+00 0.25002922E+00 0.25002922E+00 0.25002922E+00
 0.16402000E+02 0.25002948E+00 0.25002948E+00 0.25002948E+00 0.25002948E+00
 0.16502000E+02 0.25002955E+00 0.25002955E+00 0.25002955E+00 0.25002955E+00
 0.16602000E+02 0.25002959E+00 0.25002959E+00 0.25002959E+00 0.25002959E+00
 0.16702000E+02 0.25002968E+00 0.25002968E+00 0.25002968E+00 0.25002968E+00
 0.16802000E+02 0.25002975E+00 0.25002975E+00 0.25002975E+00 0.25002975E+00
 0.16902000E+02 0.25002973E+00 0.25002973E+00 0.25002973E+00 0.25002973E+00
 0.17002000E+02 0.25003075E+00 0.25003075E+00 0.25003075E+00 0.25003075E+00
 0.17102000E+02 0.25003005E+00 0.25003005E+00 0.25003005E+00 0.25003005E+00
 0.17202000E+02 0.25003010E+00 0.25003010E+00 0.25003010E+00 0.25003010E+00
 0.17302000E+02 0.25003017E+00 0.25003017E+00 0.25003017E+00 0.25003017E+00
 0.17402000E+02 0.25003028E+00 0.25003028E+00 0.25003028E+00 0.25003028E+00
 0.17502000E+02 0.25003030E+00 0.25003030E+00 0.25003030E+00 0.25003030E+00
 0.17602000E+02 0.25003042E+00 0.25003042E+00 0.25003042E+00 0.25003042E+00
 0.17702000E+02 0.25003046E+00 0.25003046E+00 0.25003046E+00 0.25003046E+00
 0.17802000E+02 0.25003050E+00 0.25003050E+00 0.25003050E+00 0.25003050E+00
 0.17902000E+02 0.25003056E+00 0.25003056E+00 0.25003056E+00 0.25003056E+00
 0.18002000E+02 0.25003061E+00 0.25003061E+00 0.25003061E+00 0.25003061E+00
 0.18102000E+02 0.25003067E+00 0.25003067E+00 0.25003067E+00 0.25003067E+00
 0.18202000E+02 0.25003082E+00 0.25003082E+00 0.25003082E+00 0.25003082E+00
 0.18302000E+02 0.25003087E+00 0.25003087E+00 0.25003087E+00 0.25003087E+00
 0.18402000E+02 0.25003088E+00 0.25003088E+00 0.25003088E+00 0.25003088E+00
 0.18502000E+02 0.25003096E+00 0.25003096E+00 0.25003096E+00 0.25003096E+00
 0.18602000E+02 0.25003098E+00 0.25003098E+00 0.25003098E+00 0.25003098E+00
 0.18702000E+02 0.25003103E+00 0.25003103E+00 0.25003103E+00 0.25003103E+00
 0.18802000E+02 0.25003105E+00 0.25003105E+00 0.25003105E+00 0.25003105E+00
 0.18902000E+02 0.25003112E+00 0.25003112E+00 0.25003112E+00 0.25003112E+00
 0.19002000E+02 0.25003111E+00 0.25003111E+00 0.25003111E+00 0.25003111E+00
 0.19102000E+02 0.25003124E+00 0.25003124E+00 0.25003124E+00 0.25003124E+00
 0.19202000E+02 0.25003134E+00 0.25003134E+00 0.25003134E+00 0.25003134E+00
 0.19302000E+02 0.25003137E+00 0.25003137E+00 0.25003137E+00 0.25003137E+00
 0.19402000E+02 0.25003141E+00 0.25003141E+00 0.25003141E+00 0.25003141E+00
 0.19502000E+02 0.25003147E+00 0.25003147E+00 0.25003147E+00 0.25003147E+00
 0.19602000E+02 0.25003154E+00 0.25003154E+00 0.25003154E+00 0.25003154E+00
 0.19702000E+02 0.25003162E+00 0.25003162E+00 0.25003162E+00 0.25003162E+00
 0.19802000E+02 0.25003167E+00 0.25003167E+00 0.25003167E+00 0.25003167E+00
 0.19902000E+02 0.25003168E+00 0.25003168E+00 0.25003168E+00 0.25003168E+00
 0.20002000E+02 0.25003170E+00 0.25003170E+00 0.25003170E+00 0.25003170E+00
 0.20102000E+02 0.25003174E+00 0.25003174E+00 0.25003174E+00 0.25003174E+00
 0.20202000E+02 0.25003172E+00 0.25003172E+00 0.25003172E+00 0.25003172E+00
 0.20302000E+02 0.25003184E+00 0.25003184E+00 0.25003184E+00 0.25003184E+00
 0.20402000E+02 0.25003185E+00 0.25003185E+00 0.25003185E+00 0.25003185E+00
 0.20502000E+02 0.25003186E+00 0.25003186E+00 0.25003186E+00 0.25003186E+00
 0.20602000E+02 0.25003202E+00 0.25003202E+00 0.25003202E+00 0.25003202E+00
 0.20702000E+02 0.25003194E+00 0.25003194E+00 0.25003194E+00 0.25003194E+00
 0.20802000E+02 0.25003209E+00 0.25003209E+00 0.25003209E+00 0.25003209E+00
 0.20902000E+02 0.25003211E+00 0.25003211E+00 0.25003211E+00 0.25003211E+00
 0.21002000E+02 0.25003214E+00 0.25003214E+00 0.25003214E+00 0.25003214E+00
 0.21102000E+02 0.25003226E+00 0.25003226E+00 0.25003226E+00 0.25003226E+00
 0.21202000E+02 0.25003222E+00 0.25003222E+00 0.25003222E+00 0.25003222E+00
 0.21302000E+02 0.25003234E+00 0.25003234E+00 0.25003234E+00 0.25003234E+00
 0.21402000E+02 0.25003238E+00 0.25003238E+00 0.25003238E+00 0.25003238E+00
 0.21502000E+02 0.25003241E+00 0.25003241E+00 0.25003241E+00 0.25003241E+00
 0.21602000E+02 0.25003243E+00 0.25003243E+00 0.25003243E+00 0.25003243E+00
 0.21702000E+02 0.25003231E+00 0.25003231E+00 0.25003231E+00 0.25003231E+00
 0.21802000E+02 0.25003264E+00 0.25003264E+00 0.25003264E+00 0.25003264E+00
 0.21902000E+02 0.25003266E+00 0.25003266E+00 0.25003266E+00 0.25003266E+00
 0.22002000E+02 0.25003267E+00 0.25003267E+00 0.25003267E+00 0.25003267E+00
 0.22102000E+02 0.25003286E+00 0.25003286E+00 0.25003286E+00 0.25003286E+00
 0.22202000E+02 0.25003219E+00 0.25003219E+00 0.25003219E+00 0.25003219E+00
 0.22302000E+02 0.25003279E+00 0.25003279E+00 0.25003279E+00 0.25003279E+00
 0.22402000E+02 0.25003258E+00 0.25003258E+00 0.25003258E+00 0.25003258E+00
 0.22502000E+02 0.25003282E+00 0.25003282E+00 0.25003282E+00 0.25003282E+00
 0.22602000E+02 0.25003283E+00 0.25003283E+00 0.25003283E+00 0.25003283E+00
 0.22702000E+02 0.25003297E+00 0.25003297E+00 0.25003297E+00 0.25003297E+00
 0.22802000E+02 0.25003299E+00 0.25003299E+00 0.25003299E+00 0.25003299E+00
 0.22902000E+02 0.25003300E+00 0.25003300E+00 0.25003300E+00 0.25003300E+00
 0.23002000E+02 0.25003302E+00 0.25003302E+00 0.25003302E+00 0.25003302E+00
 0.23102000E+02 0.25003290E+00 0.25003290E+00 0.25003290E+00 0.25003290E+00
 0.23202000E+02 0.25003307E+00 0.25003307E+00 0.25003307E+00 0.25003307E+00
 0.23302000E+02 0.25003312E+00 0.25003312E+00 0.25003312E+00 0.25003312E+00
 0.23402000E+02 0.25003313E+00 0.25003313E+00 0.25003313E+00 0.25003313E+00
 0.23502000E+02 0.25003315E+00 0.25003315E+00 0.25003315E+00 0.25003315E+00
 0.23602000E+02 0.25003317E+00 0.25003317E+00 0.25003317E+00 0.25003317E+00
 0.23702000E+02 0.25003322E+00 0.25003322E+00 0.25003322E+00 0.25003322E+00
 0.23802000E+02 0.25003324E+00 0.25003324E+00 0.25003324E+00 0.25003324E+00
 0.23902000E+02 0.25003324E+00 0.25003324E+00 0.25003324E+00 0.25003324E+00
 0.24002000E+02 0.25003330E+00 0.25003330E+00 0.25003330E+00 0.25003330E+00
 0.24102000E+02 0.25003338E+00 0.25003338E+00 0.25003338E+00 0.25003338E+00
 0.24202000E+02 0.25003344E+00 0.25003344E+00 0.25003344E+00 0.25003344E+00
 0.24302000E+02 0.25003346E+00 0.25003346E+00 0.25003346E+00 0.25003346E+00
 0.24402000E+02 0.25003348E+00 0.25003348E+00 0.25003348E+00 0.25003348E+00
 0.24502000E+02 0.25003348E+00 0.25003348E+00 0.25003348E+00 0.25003348E+00
 0.24602000E+02 0.25003355E+00 0.25003355E+00 0.25003355E+00 0.25003355E+00
 0.24702000E+02 0.25003357E+00 0.25003357E+00 0.25003357E+00 0.25003357E+00
 0.24802000E+02 0.25003361E+00 0.25003361E+00 0.25003361E+00 0.25003361E+00
 0.24902000E+02 0.25003363E+00 0.25003363E+00 0.25003363E+00 0.25003363E+00
 0.25002000E+02 0.25003365E+00 0.25003365E+00 0.25003365E+00 0.25003365E+00
 0.25102000E+02 0.25003367E+00 0.25003367E+00 0.25003367E+00 0.25003367E+00
 0.25202000E+02 0.25003369E+00 0.25003369E+00 0.25003369E+00 0.25003369E+00
 0.25302000E+02 0.25003376E+00 0.25003376E+00 0.25003376E+00 0.25003376E+00
 0.25402000E+02 0.25003395E+00 0.25003395E+00 0.25003395E+00 0.25003395E+00
 0.25502000E+02 0.25003394E+00 0.25003394E+00 0.25003394E+00 0.25003394E+00
 0.25602000E+02 0.25003393E+00 0.25003393E+00 0.25003393E+00 0.25003393E+00
 0.25702000E+02 0.25003398E+00 0.25003398E+00 0.25003398E+00 0.25003398E+00
 0.25802000E+02 0.25003401E+00 0.25003401E+00 0.25003401E+00 0.25003401E+00
 0.25902000E+02 0.25003401E+00 0.25003401E+00 0.25003401E+00 0.25003401E+00
 0.26002000E+02 0.25003399E+00 0.25003399E+00 0.25003399E+00 0.25003399E+00
 0.26102000E+02 0.25003408E+00 0.25003408E+00 0.25003408E+00 0.25003408E+00
 0.26202000E+02 0.25003415E+00 0.25003415E+00 0.25003415E+00 0.25003415E+00
 0.26302000E+02 0.25003417E+00 0.25003417E+00 0.25003417E+00 0.25003417E+00
 0.26402000E+02 0.25003418E+00 0.25003418E+00 0.25003418E+00 0.25003418E+00
 0.26502000E+02 0.25003426E+00 0.25003426E+00 0.25003426E+00 0.25003426E+00
 0.26602000E+02 0.25003428E+00 0.25003428E+00 0.25003428E+00 0.25003428E+00
 0.26702000E+02 0.25003436E+00 0.25003436E+00 0.25003436E+00 0.25003436E+00
 0.26802000E+02 0.25003440E+00 0.25003440E+00 0.25003440E+00 0.25003440E+00
 0.26902000E+02 0.25003446E+00 0.25003446E+00 0.25003446E+00 0.25003446E+00
 0.27002000E+02 0.25003447E+00 0.25003447E+00 0.25003447E+00 0.25003447E+00
 0.27102000E+02 0.25003450E+00 0.25003450E+00 0.25003450E+00 0.25003450E+00
 0.27202000E+02 0.25003453E+00 0.25003453E+00 0.25003453E+00 0.25003453E+00
 0.27302000E+02 0.25003453E+00 0.25003453E+00 0.25003453E+00 0.25003453E+00
 0.27402000E+02 0.25003456E+00 0.25003456E+00 0.25003456E+00 0.25003456E+00
 0.27502000E+02 0.25003455E+00 0.25003455E+00 0.25003455E+00 0.25003455E+00
 0.27602000E+02 0.25003464E+00 0.25003464E+00 0.25003464E+00 0.25003464E+00
 0.27702000E+02 0.25003467E+00 0.25003467E+00 0.25003467E+00 0.25003467E+00
 0.27802000E+02 0.25003468E+00 0.25003468E+00 0.25003468E+00 0.25003468E+00
 0.27902000E+02 0.25003469E+00 0.25003469E+00 0.25003469E+00 0.25003469E+00
 0.28002000E+02 0.25003471E+00 0.25003471E+00 0.25003471E+00 0.25003471E+00
 0.28102000E+02 0.25003474E+00 0.25003474E+00 0.25003474E+00 0.25003474E+00
 0.28202000E+02 0.25003475E+00 0.25003475E+00 0.25003475E+00 0.25003475E+00
 0.28302000E+02 0.25003481E+00 0.25003481E+00 0.25003481E+00 0.25003481E+00
 0.28402000E+02 0.25003484E+00 0.25003484E+00 0.25003484E+00 0.25003484E+00
 0.28502000E+02 0.25003486E+00 0.25003486E+00 0.25003486E+00 0.25003486E+00
 0.28602000E+02 0.25003486E+00 0.25003486E+00 0.25003486E+00 0.25003486E+00
 0.28702000E+02 0.25003490E+00 0.25003490E+00 0.25003490E+00 0.25003490E+00
 0.28802000E+02 0.25003498E+00 0.25003498E+00 0.25003498E+00 0.25003498E+00
 0.28902000E+02 0.25003497E+00 0.25003497E+00 0.25003497E+00 0.25003497E+00
 0.29002000E+02 0.25003500E+00 0.25003500E+00 0.25003500E+00 0.25003500E+00
 0.29102000E+02 0.25003526E+00 0.25003526E+00 0.25003526E+00 0.25003526E+00
 0.29202000E+02 0.25003505E+00 0.25003505E+00 0.25003505E+00 0.25003505E+00
 0.29302000E+02 0.25003511E+00 0.25003511E+00 0.25003511E+00 0.25003511E+00
 0.29402000E+02 0.25003511E+00 0.25003511E+00 0.25003511E+00 0.25003511E+00
 0.29502000E+02 0.25003513E+00 0.25003513E+00 0.25003513E+00 0.25003513E+00
 0.29602000E+02 0.25003515E+00 0.25003515E+00 0.25003515E+00 0.25003515E+00
 0.29702000E+02 0.25003519E+00 0.25003519E+00 0.25003519E+00 0.25003519E+00
 0.29802000E+02 0.25003522E+00 0.25003522E+00 0.25003522E+00 0.25003522E+00
 0.29902000E+02 0.25003524E+00 0.25003524E+00 0.25003524E+00 0.25003524E+00
