 -.375000E-01 0.280800E+00
 -.125000E-01 0.280800E+00
 0.125000E-01 0.280800E+00
 0.375000E-01 0.280800E+00




 -.375000E-01 0.280800E+00
 -.125000E-01 0.280800E+00
 0.125000E-01 0.280800E+00
 0.375000E-01 0.280800E+00




 -.375000E-01 0.280800E+00
 -.125000E-01 0.280800E+00
 0.125000E-01 0.280800E+00
 0.375000E-01 0.280800E+00




 -.375000E-01 0.280800E+00
 -.125000E-01 0.280800E+00
 0.125000E-01 0.280800E+00
 0.375000E-01 0.280800E+00




 -.375000E-01 0.280800E+00
 -.125000E-01 0.280800E+00
 0.125000E-01 0.280800E+00
 0.375000E-01 0.280800E+00




 -.375000E-01 0.280800E+00
 -.125000E-01 0.280800E+00
 0.125000E-01 0.280800E+00
 0.375000E-01 0.280800E+00




 -.375000E-01 0.280800E+00
 -.125000E-01 0.280800E+00
 0.125000E-01 0.280800E+00
 0.375000E-01 0.280800E+00




 -.375000E-01 0.280800E+00
 -.125000E-01 0.280800E+00
 0.125000E-01 0.280800E+00
 0.375000E-01 0.280800E+00




 -.375000E-01 0.280800E+00
 -.125000E-01 0.280800E+00
 0.125000E-01 0.280800E+00
 0.375000E-01 0.280800E+00




 -.375000E-01 0.280800E+00
 -.125000E-01 0.280800E+00
 0.125000E-01 0.280800E+00
 0.375000E-01 0.280800E+00




 -.375000E-01 0.280800E+00
 -.125000E-01 0.280800E+00
 0.125000E-01 0.280800E+00
 0.375000E-01 0.280800E+00




 -.375000E-01 0.280800E+00
 -.125000E-01 0.280800E+00
 0.125000E-01 0.280800E+00
 0.375000E-01 0.280800E+00




 -.375000E-01 0.280800E+00
 -.125000E-01 0.280800E+00
 0.125000E-01 0.280800E+00
 0.375000E-01 0.280800E+00




 -.375000E-01 0.280800E+00
 -.125000E-01 0.280800E+00
 0.125000E-01 0.280800E+00
 0.375000E-01 0.280800E+00




 -.375000E-01 0.280800E+00
 -.125000E-01 0.280800E+00
 0.125000E-01 0.280800E+00
 0.375000E-01 0.280800E+00




 -.375000E-01 0.280800E+00
 -.125000E-01 0.280800E+00
 0.125000E-01 0.280800E+00
 0.375000E-01 0.280800E+00




 -.375000E-01 0.280800E+00
 -.125000E-01 0.280800E+00
 0.125000E-01 0.280800E+00
 0.375000E-01 0.280800E+00




