 0.99999998E-03 0.65298239E-02 0.65298239E-02 0.65298234E-02
 0.29999999E-02 0.67474642E-02 0.67474646E-02 0.67474642E-02
 0.49999999E-02 0.69989981E-02 0.69989981E-02 0.69989981E-02
 0.69999998E-02 0.70318445E-02 0.70318445E-02 0.70318445E-02
 0.89999998E-02 0.69336733E-02 0.69336733E-02 0.69336733E-02
 0.11000000E-01 0.68817544E-02 0.68817544E-02 0.68817544E-02
 0.13000000E-01 0.69327471E-02 0.69327471E-02 0.69327471E-02
 0.15000000E-01 0.69853947E-02 0.69853947E-02 0.69853947E-02
 0.17000000E-01 0.69592311E-02 0.69592311E-02 0.69592311E-02
 0.19000000E-01 0.69153309E-02 0.69153309E-02 0.69153309E-02
 0.21000000E-01 0.69199046E-02 0.69199046E-02 0.69199046E-02
 0.22999999E-01 0.69619301E-02 0.69619301E-02 0.69619301E-02
 0.24999999E-01 0.69660894E-02 0.69660894E-02 0.69660894E-02
 0.26999999E-01 0.69357241E-02 0.69357241E-02 0.69357241E-02
 0.28999999E-01 0.69213621E-02 0.69213621E-02 0.69213621E-02
 0.30999999E-01 0.69459658E-02 0.69459658E-02 0.69459658E-02
 0.32999999E-01 0.69651688E-02 0.69651688E-02 0.69651688E-02
 0.34999999E-01 0.69494215E-02 0.69494215E-02 0.69494215E-02
 0.36999999E-01 0.69293529E-02 0.69293529E-02 0.69293529E-02
 0.38999999E-01 0.69368850E-02 0.69368850E-02 0.69368850E-02
 0.40999999E-01 0.69598439E-02 0.69598439E-02 0.69598439E-02
 0.42999999E-01 0.69581000E-02 0.69581000E-02 0.69581000E-02
 0.44999999E-01 0.69398116E-02 0.69398116E-02 0.69398116E-02
 0.46999999E-01 0.69348374E-02 0.69348374E-02 0.69348374E-02
 0.48999999E-01 0.69528525E-02 0.69528525E-02 0.69528525E-02
 0.50999999E-01 0.69621890E-02 0.69621890E-02 0.69621890E-02
 0.52999999E-01 0.69500040E-02 0.69500040E-02 0.69500040E-02
 0.54999999E-01 0.69385320E-02 0.69385320E-02 0.69385320E-02
 0.56999999E-01 0.69472422E-02 0.69472422E-02 0.69472422E-02
 0.58999999E-01 0.69623743E-02 0.69623743E-02 0.69623743E-02
 0.60999999E-01 0.69585829E-02 0.69585829E-02 0.69585829E-02
 0.62999999E-01 0.69459118E-02 0.69459118E-02 0.69459118E-02
 0.64999999E-01 0.69453469E-02 0.69453469E-02 0.69453469E-02
 0.66999999E-01 0.69598635E-02 0.69598635E-02 0.69598635E-02
 0.68999998E-01 0.69645615E-02 0.69645615E-02 0.69645615E-02
 0.70999998E-01 0.69546406E-02 0.69546406E-02 0.69546406E-02
 0.72999998E-01 0.69478345E-02 0.69478345E-02 0.69478345E-02
 0.74999998E-01 0.69569233E-02 0.69569233E-02 0.69569233E-02
 0.76999998E-01 0.69676414E-02 0.69676414E-02 0.69676414E-02
 0.78999998E-01 0.69631878E-02 0.69631878E-02 0.69631878E-02
 0.80999998E-01 0.69539919E-02 0.69539919E-02 0.69539919E-02
 0.82999998E-01 0.69559221E-02 0.69559221E-02 0.69559221E-02
 0.84999998E-01 0.69680577E-02 0.69680577E-02 0.69680577E-02
 0.86999998E-01 0.69702780E-02 0.69702780E-02 0.69702780E-02
 0.88999998E-01 0.69621094E-02 0.69621094E-02 0.69621094E-02
 0.90999998E-01 0.69582579E-02 0.69582579E-02 0.69582579E-02
 0.92999998E-01 0.69673005E-02 0.69673005E-02 0.69673005E-02
 0.94999998E-01 0.69752545E-02 0.69752545E-02 0.69752545E-02
 0.96999998E-01 0.69707944E-02 0.69707944E-02 0.69707944E-02
 0.98999998E-01 0.69640190E-02 0.69640190E-02 0.69640190E-02
 0.10100000E+00 0.69674272E-02 0.69674272E-02 0.69674272E-02
 0.11100000E+00 0.69788992E-02 0.69788992E-02 0.69788992E-02
 0.12100000E+00 0.69893482E-02 0.69893482E-02 0.69893482E-02
 0.13100000E+00 0.69971816E-02 0.69971816E-02 0.69971816E-02
 0.14100000E+00 0.70029730E-02 0.70029730E-02 0.70029730E-02
 0.15100000E+00 0.70084604E-02 0.70084604E-02 0.70084604E-02
 0.16100000E+00 0.70148949E-02 0.70148949E-02 0.70148949E-02
 0.17100000E+00 0.70233685E-02 0.70233685E-02 0.70233685E-02
 0.18100000E+00 0.70342519E-02 0.70342519E-02 0.70342519E-02
 0.19100000E+00 0.70474423E-02 0.70474423E-02 0.70474423E-02
 0.20100000E+00 0.70618782E-02 0.70618782E-02 0.70618782E-02
 0.21100000E+00 0.70764143E-02 0.70764143E-02 0.70764143E-02
 0.22100000E+00 0.70904219E-02 0.70904219E-02 0.70904219E-02
 0.23099999E+00 0.71038115E-02 0.71038115E-02 0.71038115E-02
 0.24099999E+00 0.71171499E-02 0.71171499E-02 0.71171499E-02
 0.25099999E+00 0.71307886E-02 0.71307886E-02 0.71307886E-02
 0.26099999E+00 0.71452446E-02 0.71452446E-02 0.71452446E-02
 0.27099999E+00 0.71606301E-02 0.71606301E-02 0.71606301E-02
 0.28099999E+00 0.71772579E-02 0.71772579E-02 0.71772579E-02
 0.29099999E+00 0.71950573E-02 0.71950573E-02 0.71950573E-02
 0.30099999E+00 0.72141844E-02 0.72141844E-02 0.72141844E-02
 0.31099999E+00 0.72344006E-02 0.72344006E-02 0.72344006E-02
 0.32099999E+00 0.72557023E-02 0.72557023E-02 0.72557023E-02
 0.33099999E+00 0.72778515E-02 0.72778515E-02 0.72778515E-02
 0.34099999E+00 0.73008002E-02 0.73008002E-02 0.73008002E-02
 0.35099999E+00 0.73244721E-02 0.73244721E-02 0.73244721E-02
 0.36099999E+00 0.73488327E-02 0.73488327E-02 0.73488327E-02
 0.37099999E+00 0.73739616E-02 0.73739616E-02 0.73739616E-02
 0.38099999E+00 0.73998119E-02 0.73998119E-02 0.73998119E-02
 0.39099999E+00 0.74265446E-02 0.74265446E-02 0.74265446E-02
 0.40099999E+00 0.74540763E-02 0.74540763E-02 0.74540763E-02
 0.41099999E+00 0.74825929E-02 0.74825929E-02 0.74825929E-02
 0.42099999E+00 0.75119724E-02 0.75119724E-02 0.75119724E-02
 0.43099999E+00 0.75423941E-02 0.75423941E-02 0.75423941E-02
 0.44099999E+00 0.75737089E-02 0.75737089E-02 0.75737089E-02
 0.45099999E+00 0.76060686E-02 0.76060686E-02 0.76060686E-02
 0.46099999E+00 0.76393266E-02 0.76393266E-02 0.76393266E-02
 0.47099999E+00 0.76735956E-02 0.76735956E-02 0.76735956E-02
 0.48099999E+00 0.77088168E-02 0.77088168E-02 0.77088168E-02
 0.49099999E+00 0.77450937E-02 0.77450937E-02 0.77450937E-02
 0.50099999E+00 0.77826232E-02 0.77826232E-02 0.77826232E-02
 0.51099999E+00 0.78215506E-02 0.78215506E-02 0.78215506E-02
 0.52099999E+00 0.78623751E-02 0.78623751E-02 0.78623751E-02
 0.53099999E+00 0.79051275E-02 0.79051275E-02 0.79051275E-02
 0.54099999E+00 0.79501960E-02 0.79501960E-02 0.79501960E-02
 0.55099999E+00 0.79972511E-02 0.79972511E-02 0.79972511E-02
 0.56099999E+00 0.80463542E-02 0.80463542E-02 0.80463542E-02
 0.57099999E+00 0.80971206E-02 0.80971206E-02 0.80971206E-02
 0.58099999E+00 0.81493901E-02 0.81493901E-02 0.81493901E-02
 0.59099999E+00 0.82020340E-02 0.82020340E-02 0.82020340E-02
 0.60099999E+00 0.82544843E-02 0.82544843E-02 0.82544843E-02
 0.61099999E+00 0.83072577E-02 0.83072577E-02 0.83072577E-02
 0.62099999E+00 0.83630998E-02 0.83630998E-02 0.83630998E-02
 0.63099999E+00 0.84243175E-02 0.84243175E-02 0.84243175E-02
 0.64099999E+00 0.84898369E-02 0.84898369E-02 0.84898369E-02
 0.65099999E+00 0.85584605E-02 0.85584605E-02 0.85584605E-02
 0.66099999E+00 0.86285966E-02 0.86285966E-02 0.86285966E-02
 0.67099999E+00 0.86973030E-02 0.86973030E-02 0.86973030E-02
 0.68099998E+00 0.87645473E-02 0.87645473E-02 0.87645473E-02
 0.69099998E+00 0.88382568E-02 0.88382568E-02 0.88382568E-02
 0.70099998E+00 0.89209946E-02 0.89209946E-02 0.89209946E-02
 0.71099998E+00 0.90082949E-02 0.90082949E-02 0.90082949E-02
 0.72099998E+00 0.90973098E-02 0.90973098E-02 0.90973098E-02
 0.73099998E+00 0.91810590E-02 0.91810590E-02 0.91810590E-02
 0.74099998E+00 0.92686806E-02 0.92686806E-02 0.92686806E-02
 0.75099998E+00 0.93709035E-02 0.93709035E-02 0.93709035E-02
 0.76099998E+00 0.94800321E-02 0.94800321E-02 0.94800321E-02
 0.77099998E+00 0.95900111E-02 0.95900111E-02 0.95900111E-02
 0.78099998E+00 0.96920710E-02 0.96920710E-02 0.96920710E-02
 0.79099998E+00 0.98099001E-02 0.98099001E-02 0.98099001E-02
 0.80099998E+00 0.99432711E-02 0.99432711E-02 0.99432711E-02
 0.81099998E+00 0.10081131E-01 0.10081131E-01 0.10081131E-01
 0.82099998E+00 0.10207665E-01 0.10207665E-01 0.10207665E-01
 0.83099998E+00 0.10354221E-01 0.10354221E-01 0.10354221E-01
 0.84099998E+00 0.10521761E-01 0.10521761E-01 0.10521761E-01
 0.85099998E+00 0.10693884E-01 0.10693884E-01 0.10693884E-01
 0.86099998E+00 0.10853821E-01 0.10853821E-01 0.10853821E-01
 0.87099998E+00 0.11053209E-01 0.11053209E-01 0.11053209E-01
 0.88099998E+00 0.11273900E-01 0.11273900E-01 0.11273900E-01
 0.89099998E+00 0.11482835E-01 0.11482835E-01 0.11482835E-01
 0.90099998E+00 0.11720136E-01 0.11720136E-01 0.11720136E-01
 0.91099998E+00 0.12005259E-01 0.12005259E-01 0.12005259E-01
 0.92099998E+00 0.12296478E-01 0.12296478E-01 0.12296478E-01
 0.93099998E+00 0.12604197E-01 0.12604197E-01 0.12604197E-01
 0.94099998E+00 0.13000652E-01 0.13000652E-01 0.13000652E-01
 0.95099998E+00 0.13431222E-01 0.13431222E-01 0.13431222E-01
 0.96099998E+00 0.13901628E-01 0.13901628E-01 0.13901628E-01
 0.97099998E+00 0.14556280E-01 0.14556280E-01 0.14556280E-01
 0.98099998E+00 0.15352172E-01 0.15352172E-01 0.15352172E-01
 0.99099998E+00 0.16519858E-01 0.16519858E-01 0.16519858E-01
 0.10010000E+01 0.20469097E-01 0.20469097E-01 0.20469097E-01
 0.10110000E+01 0.23018064E-01 0.23018064E-01 0.23018064E-01
 0.10210000E+01 0.23804549E-01 0.23804549E-01 0.23804549E-01
 0.10310000E+01 0.24214640E-01 0.24214640E-01 0.24214640E-01
 0.10410000E+01 0.24426775E-01 0.24426775E-01 0.24426775E-01
 0.10510000E+01 0.24519127E-01 0.24519127E-01 0.24519127E-01
 0.10610000E+01 0.24511207E-01 0.24511207E-01 0.24511207E-01
 0.10710000E+01 0.24437709E-01 0.24437709E-01 0.24437709E-01
 0.10810000E+01 0.24346555E-01 0.24346555E-01 0.24346555E-01
 0.10910000E+01 0.24165990E-01 0.24165990E-01 0.24165990E-01
 0.11010000E+01 0.24005366E-01 0.24005366E-01 0.24005366E-01
 0.11110000E+01 0.23794539E-01 0.23794539E-01 0.23794539E-01
 0.11210000E+01 0.23580469E-01 0.23580469E-01 0.23580469E-01
 0.11310000E+01 0.23353688E-01 0.23353688E-01 0.23353688E-01
 0.11410000E+01 0.23100410E-01 0.23100410E-01 0.23100410E-01
 0.11510000E+01 0.22860011E-01 0.22860011E-01 0.22860011E-01
 0.11610000E+01 0.22577487E-01 0.22577487E-01 0.22577487E-01
 0.11710000E+01 0.22326736E-01 0.22326736E-01 0.22326736E-01
 0.11810000E+01 0.22058848E-01 0.22058848E-01 0.22058848E-01
 0.11910000E+01 0.21783669E-01 0.21783669E-01 0.21783669E-01
 0.12010000E+01 0.21505713E-01 0.21505713E-01 0.21505713E-01
 0.12110000E+01 0.21236368E-01 0.21236368E-01 0.21236368E-01
 0.12210000E+01 0.20965120E-01 0.20965120E-01 0.20965120E-01
 0.12310000E+01 0.20694165E-01 0.20694165E-01 0.20694165E-01
 0.12410000E+01 0.20422040E-01 0.20422040E-01 0.20422040E-01
 0.12510000E+01 0.20150084E-01 0.20150084E-01 0.20150084E-01
 0.12610000E+01 0.19886406E-01 0.19886406E-01 0.19886406E-01
 0.12710000E+01 0.19617733E-01 0.19617733E-01 0.19617733E-01
 0.12810000E+01 0.19359391E-01 0.19359391E-01 0.19359391E-01
 0.12910000E+01 0.19094002E-01 0.19094002E-01 0.19094002E-01
 0.13010000E+01 0.18839039E-01 0.18839039E-01 0.18839039E-01
 0.13110000E+01 0.18582491E-01 0.18582491E-01 0.18582491E-01
 0.13210000E+01 0.18333655E-01 0.18333655E-01 0.18333655E-01
 0.13310000E+01 0.18088145E-01 0.18088145E-01 0.18088145E-01
 0.13410000E+01 0.17837161E-01 0.17837161E-01 0.17837161E-01
 0.13510000E+01 0.17599871E-01 0.17599871E-01 0.17599871E-01
 0.13610000E+01 0.17356487E-01 0.17356487E-01 0.17356487E-01
 0.13710000E+01 0.17128265E-01 0.17128265E-01 0.17128265E-01
 0.13810000E+01 0.16892664E-01 0.16892664E-01 0.16892664E-01
 0.13910000E+01 0.16673541E-01 0.16673541E-01 0.16673541E-01
 0.14010000E+01 0.16447827E-01 0.16447827E-01 0.16447827E-01
 0.14110000E+01 0.16229484E-01 0.16229484E-01 0.16229484E-01
 0.14210000E+01 0.16009908E-01 0.16009908E-01 0.16009908E-01
 0.14310000E+01 0.15796803E-01 0.15796803E-01 0.15796803E-01
 0.14410000E+01 0.15586462E-01 0.15586462E-01 0.15586462E-01
 0.14510000E+01 0.15375992E-01 0.15375992E-01 0.15375992E-01
 0.14610000E+01 0.15178226E-01 0.15178226E-01 0.15178226E-01
 0.14710000E+01 0.14974483E-01 0.14974483E-01 0.14974483E-01
 0.14810000E+01 0.14784282E-01 0.14784282E-01 0.14784282E-01
 0.14910000E+01 0.14591910E-01 0.14591910E-01 0.14591910E-01
 0.15010000E+01 0.14399654E-01 0.14399654E-01 0.14399654E-01
 0.15110000E+01 0.14220997E-01 0.14220997E-01 0.14220997E-01
 0.15210000E+01 0.14025912E-01 0.14025912E-01 0.14025912E-01
 0.15310000E+01 0.13855659E-01 0.13855659E-01 0.13855659E-01
 0.15410000E+01 0.13670712E-01 0.13670712E-01 0.13670712E-01
 0.15510000E+01 0.13499254E-01 0.13499254E-01 0.13499254E-01
 0.15610000E+01 0.13325047E-01 0.13325047E-01 0.13325047E-01
 0.15710000E+01 0.13156781E-01 0.13156781E-01 0.13156781E-01
 0.15810000E+01 0.12993515E-01 0.12993515E-01 0.12993515E-01
 0.15910000E+01 0.12830681E-01 0.12830681E-01 0.12830681E-01
 0.16010000E+01 0.12665753E-01 0.12665753E-01 0.12665753E-01
 0.16110000E+01 0.12514524E-01 0.12514524E-01 0.12514524E-01
 0.16210000E+01 0.12355515E-01 0.12355515E-01 0.12355515E-01
 0.16310000E+01 0.12208377E-01 0.12208377E-01 0.12208377E-01
 0.16410000E+01 0.12054834E-01 0.12054834E-01 0.12054834E-01
 0.16510000E+01 0.11910780E-01 0.11910780E-01 0.11910780E-01
 0.16610000E+01 0.11766249E-01 0.11766249E-01 0.11766249E-01
 0.16710000E+01 0.11630423E-01 0.11630423E-01 0.11630423E-01
 0.16810000E+01 0.11481456E-01 0.11481456E-01 0.11481456E-01
 0.16910000E+01 0.11350363E-01 0.11350363E-01 0.11350363E-01
 0.17010000E+01 0.11209789E-01 0.11209789E-01 0.11209789E-01
 0.17110000E+01 0.11074392E-01 0.11074392E-01 0.11074392E-01
 0.17210000E+01 0.10948332E-01 0.10948332E-01 0.10948332E-01
 0.17310000E+01 0.10818443E-01 0.10818443E-01 0.10818443E-01
 0.17410000E+01 0.10690853E-01 0.10690853E-01 0.10690853E-01
 0.17510000E+01 0.10570006E-01 0.10570006E-01 0.10570006E-01
 0.17610000E+01 0.10448376E-01 0.10448376E-01 0.10448376E-01
 0.17710000E+01 0.10325436E-01 0.10325436E-01 0.10325436E-01
 0.17810000E+01 0.10213360E-01 0.10213360E-01 0.10213360E-01
 0.17910000E+01 0.10094879E-01 0.10094879E-01 0.10094879E-01
 0.18010000E+01 0.99857328E-02 0.99857328E-02 0.99857328E-02
 0.18050000E+01 0.99360719E-02 0.99360719E-02 0.99360719E-02
 0.18090000E+01 0.98936940E-02 0.98936940E-02 0.98936940E-02
 0.18130000E+01 0.98485677E-02 0.98485677E-02 0.98485677E-02
 0.18170000E+01 0.98050078E-02 0.98050078E-02 0.98050078E-02
 0.18210000E+01 0.97601423E-02 0.97601423E-02 0.97601423E-02
 0.18250000E+01 0.97172977E-02 0.97172977E-02 0.97172977E-02
 0.18290000E+01 0.96748602E-02 0.96748602E-02 0.96748602E-02
 0.18330000E+01 0.96300608E-02 0.96300608E-02 0.96300608E-02
 0.18370000E+01 0.95951809E-02 0.95951809E-02 0.95951809E-02
 0.18410000E+01 0.95490059E-02 0.95490059E-02 0.95490059E-02
 0.18450000E+01 0.95068924E-02 0.95068924E-02 0.95068924E-02
 0.18490000E+01 0.94644083E-02 0.94644083E-02 0.94644083E-02
 0.18530000E+01 0.94250310E-02 0.94250310E-02 0.94250310E-02
 0.18570000E+01 0.93828645E-02 0.93828645E-02 0.93828645E-02
 0.18610000E+01 0.93421135E-02 0.93421135E-02 0.93421135E-02
 0.18650000E+01 0.93033733E-02 0.93033733E-02 0.93033733E-02
 0.18690000E+01 0.92635183E-02 0.92635183E-02 0.92635183E-02
 0.18730000E+01 0.92323963E-02 0.92323963E-02 0.92323963E-02
 0.18770000E+01 0.91861375E-02 0.91861375E-02 0.91861375E-02
 0.18810000E+01 0.91468785E-02 0.91468785E-02 0.91468785E-02
 0.18850000E+01 0.91086356E-02 0.91086356E-02 0.91086356E-02
 0.18890000E+01 0.90728896E-02 0.90728896E-02 0.90728896E-02
 0.18930000E+01 0.90326061E-02 0.90326061E-02 0.90326061E-02
 0.18970000E+01 0.89959893E-02 0.89959893E-02 0.89959893E-02
 0.19010000E+01 0.89631639E-02 0.89631639E-02 0.89631639E-02
 0.19050000E+01 0.89265471E-02 0.89265471E-02 0.89265471E-02
 0.19090000E+01 0.89006247E-02 0.89006247E-02 0.89006247E-02
 0.19130000E+01 0.88543240E-02 0.88543240E-02 0.88543240E-02
 0.19170000E+01 0.88199619E-02 0.88199619E-02 0.88199619E-02
 0.19210000E+01 0.87863859E-02 0.87863859E-02 0.87863859E-02
 0.19250000E+01 0.87557742E-02 0.87557742E-02 0.87557742E-02
 0.19290000E+01 0.87192738E-02 0.87192738E-02 0.87192738E-02
 0.19330000E+01 0.86876526E-02 0.86876526E-02 0.86876526E-02
 0.19370000E+01 0.86602876E-02 0.86602876E-02 0.86602876E-02
 0.19410000E+01 0.86328499E-02 0.86328499E-02 0.86328499E-02
 0.19450000E+01 0.86237229E-02 0.86237229E-02 0.86237229E-02
 0.19490000E+01 0.85748741E-02 0.85748741E-02 0.85748741E-02
 0.19530000E+01 0.85508935E-02 0.85508935E-02 0.85508935E-02
 0.19570000E+01 0.85281329E-02 0.85281329E-02 0.85281329E-02
 0.19610000E+01 0.85130027E-02 0.85130027E-02 0.85130027E-02
 0.19650000E+01 0.84898714E-02 0.84898714E-02 0.84898714E-02
 0.19690000E+01 0.84796455E-02 0.84796455E-02 0.84796455E-02
 0.19730000E+01 0.84788986E-02 0.84788986E-02 0.84788986E-02
 0.19770000E+01 0.84914984E-02 0.84914984E-02 0.84914984E-02
 0.19810000E+01 0.85157482E-02 0.85157482E-02 0.85157482E-02
 0.19850000E+01 0.85745556E-02 0.85745556E-02 0.85745556E-02
 0.19890000E+01 0.87082759E-02 0.87082759E-02 0.87082759E-02
 0.19930000E+01 0.90198731E-02 0.90198731E-02 0.90198731E-02
 0.19970000E+01 0.10259419E-01 0.10259419E-01 0.10259419E-01
 0.20010000E+01 0.10811947E+02 0.10811947E+02 0.10811947E+02
 0.20050000E+01 0.10957843E+02 0.10957843E+02 0.10957843E+02
 0.20090000E+01 0.10944021E+02 0.10944021E+02 0.10944021E+02
 0.20130000E+01 0.10913345E+02 0.10913345E+02 0.10913345E+02
 0.20170000E+01 0.10868027E+02 0.10868027E+02 0.10868027E+02
 0.20210000E+01 0.10822982E+02 0.10822982E+02 0.10822982E+02
 0.20250000E+01 0.10776138E+02 0.10776138E+02 0.10776138E+02
 0.20290000E+01 0.10728227E+02 0.10728227E+02 0.10728227E+02
 0.20330000E+01 0.10679755E+02 0.10679755E+02 0.10679755E+02
 0.20370000E+01 0.10633655E+02 0.10633655E+02 0.10633655E+02
 0.20410000E+01 0.10584349E+02 0.10584349E+02 0.10584349E+02
 0.20450000E+01 0.10535036E+02 0.10535036E+02 0.10535036E+02
 0.20490000E+01 0.10485820E+02 0.10485820E+02 0.10485820E+02
 0.20530000E+01 0.10436715E+02 0.10436715E+02 0.10436715E+02
 0.20570000E+01 0.10387976E+02 0.10387976E+02 0.10387976E+02
 0.20610000E+01 0.10339103E+02 0.10339103E+02 0.10339103E+02
 0.20650000E+01 0.10290553E+02 0.10290553E+02 0.10290553E+02
 0.20690000E+01 0.10242287E+02 0.10242287E+02 0.10242287E+02
 0.20730000E+01 0.10194229E+02 0.10194229E+02 0.10194229E+02
 0.20770000E+01 0.10146462E+02 0.10146462E+02 0.10146462E+02
 0.20810000E+01 0.10099957E+02 0.10099957E+02 0.10099957E+02
 0.20850000E+01 0.10052773E+02 0.10052773E+02 0.10052773E+02
 0.20890000E+01 0.10005823E+02 0.10005823E+02 0.10005823E+02
 0.20930000E+01 0.99591522E+01 0.99591522E+01 0.99591522E+01
 0.20970000E+01 0.99127722E+01 0.99127722E+01 0.99127722E+01
 0.21010000E+01 0.98666706E+01 0.98666706E+01 0.98666706E+01
 0.21050000E+01 0.98208323E+01 0.98208323E+01 0.98208323E+01
 0.21090000E+01 0.97752285E+01 0.97752285E+01 0.97752285E+01
 0.21130000E+01 0.97299490E+01 0.97299490E+01 0.97299490E+01
 0.21170000E+01 0.96849403E+01 0.96849403E+01 0.96849403E+01
 0.21210000E+01 0.96402321E+01 0.96402321E+01 0.96402321E+01
 0.21250000E+01 0.95957680E+01 0.95957680E+01 0.95957680E+01
 0.21290000E+01 0.95493917E+01 0.95493917E+01 0.95493917E+01
 0.21330000E+01 0.95056982E+01 0.95056982E+01 0.95056982E+01
 0.21370000E+01 0.94622536E+01 0.94622536E+01 0.94622536E+01
 0.21410000E+01 0.94191313E+01 0.94191313E+01 0.94191313E+01
 0.21450000E+01 0.93761587E+01 0.93761587E+01 0.93761587E+01
 0.21490000E+01 0.93335190E+01 0.93335190E+01 0.93335190E+01
 0.21530000E+01 0.92816849E+01 0.92816849E+01 0.92816849E+01
 0.21570000E+01 0.92399540E+01 0.92399540E+01 0.92399540E+01
 0.21610000E+01 0.91984282E+01 0.91984282E+01 0.91984282E+01
 0.21650000E+01 0.91571665E+01 0.91571665E+01 0.91571665E+01
 0.21690000E+01 0.91161585E+01 0.91161585E+01 0.91161585E+01
 0.21730000E+01 0.90753794E+01 0.90753794E+01 0.90753794E+01
 0.21770000E+01 0.90348892E+01 0.90348892E+01 0.90348892E+01
 0.21810000E+01 0.89945488E+01 0.89945488E+01 0.89945488E+01
 0.21850000E+01 0.89545078E+01 0.89545078E+01 0.89545078E+01
 0.21890000E+01 0.89147005E+01 0.89147005E+01 0.89147005E+01
 0.21930000E+01 0.88751469E+01 0.88751469E+01 0.88751469E+01
 0.21970000E+01 0.88358059E+01 0.88358059E+01 0.88358059E+01
 0.22010000E+01 0.87967205E+01 0.87967205E+01 0.87967205E+01
 0.22210000E+01 0.86048603E+01 0.86048603E+01 0.86048603E+01
 0.22409999E+01 0.84188643E+01 0.84188643E+01 0.84188643E+01
 0.22609999E+01 0.82384300E+01 0.82384300E+01 0.82384300E+01
 0.22809999E+01 0.80635128E+01 0.80635128E+01 0.80635128E+01
 0.23009999E+01 0.78938880E+01 0.78938880E+01 0.78938880E+01
 0.23209999E+01 0.77293687E+01 0.77293687E+01 0.77293687E+01
 0.23409999E+01 0.75697684E+01 0.75697684E+01 0.75697684E+01
 0.23609999E+01 0.74149179E+01 0.74149179E+01 0.74149179E+01
 0.23809999E+01 0.72646346E+01 0.72646346E+01 0.72646346E+01
 0.24009999E+01 0.71187582E+01 0.71187582E+01 0.71187582E+01
 0.24209999E+01 0.69771214E+01 0.69771214E+01 0.69771214E+01
 0.24409999E+01 0.68395720E+01 0.68395720E+01 0.68395720E+01
 0.24609999E+01 0.67059593E+01 0.67059593E+01 0.67059593E+01
 0.24809999E+01 0.65761390E+01 0.65761390E+01 0.65761390E+01
 0.25009999E+01 0.64499884E+01 0.64499884E+01 0.64499884E+01
 0.25209999E+01 0.63273478E+01 0.63273478E+01 0.63273478E+01
 0.25409999E+01 0.62081156E+01 0.62081156E+01 0.62081156E+01
 0.25609999E+01 0.60921602E+01 0.60921602E+01 0.60921602E+01
 0.25809999E+01 0.59793706E+01 0.59793706E+01 0.59793706E+01
 0.26009999E+01 0.58696251E+01 0.58696251E+01 0.58696251E+01
 0.26209999E+01 0.57628264E+01 0.57628264E+01 0.57628264E+01
 0.26409999E+01 0.56588726E+01 0.56588726E+01 0.56588726E+01
 0.26609999E+01 0.55576735E+01 0.55576735E+01 0.55576735E+01
 0.26809999E+01 0.54591160E+01 0.54591160E+01 0.54591160E+01
 0.27009999E+01 0.53631139E+01 0.53631139E+01 0.53631139E+01
 0.27209999E+01 0.52695923E+01 0.52695923E+01 0.52695923E+01
 0.27409999E+01 0.51784625E+01 0.51784625E+01 0.51784625E+01
 0.27609999E+01 0.50896764E+01 0.50896764E+01 0.50896764E+01
 0.27809999E+01 0.50030737E+01 0.50030737E+01 0.50030737E+01
 0.28009999E+01 0.49186568E+01 0.49186568E+01 0.49186568E+01
 0.28209999E+01 0.48363361E+01 0.48363361E+01 0.48363361E+01
 0.28409999E+01 0.47560830E+01 0.47560830E+01 0.47560830E+01
 0.28609999E+01 0.46776991E+01 0.46776991E+01 0.46776991E+01
 0.28809999E+01 0.46012645E+01 0.46012645E+01 0.46012645E+01
 0.29009999E+01 0.45266623E+01 0.45266623E+01 0.45266623E+01
 0.29209999E+01 0.44538465E+01 0.44538465E+01 0.44538465E+01
 0.29409999E+01 0.43827610E+01 0.43827610E+01 0.43827610E+01
 0.29609999E+01 0.43133302E+01 0.43133302E+01 0.43133302E+01
 0.29809999E+01 0.42455339E+01 0.42455339E+01 0.42455339E+01
 0.30009999E+01 0.41793070E+01 0.41793070E+01 0.41793070E+01
 0.31009999E+01 0.38701360E+01 0.38701360E+01 0.38701360E+01
 0.32009999E+01 0.35938046E+01 0.35938046E+01 0.35938046E+01
 0.33009999E+01 0.33458781E+01 0.33458781E+01 0.33458781E+01
 0.34009999E+01 0.31226215E+01 0.31226215E+01 0.31226215E+01
 0.35009999E+01 0.29208965E+01 0.29208965E+01 0.29208965E+01
 0.36009999E+01 0.27380426E+01 0.27380426E+01 0.27380426E+01
 0.37009999E+01 0.25717897E+01 0.25717897E+01 0.25717897E+01
 0.38009999E+01 0.24202032E+01 0.24202032E+01 0.24202032E+01
 0.39009999E+01 0.22816188E+01 0.22816188E+01 0.22816188E+01
 0.40009999E+01 0.21545906E+01 0.21545906E+01 0.21545906E+01
 0.41009999E+01 0.20379128E+01 0.20379128E+01 0.20379128E+01
 0.42010000E+01 0.19304082E+01 0.19304082E+01 0.19304082E+01
 0.43010000E+01 0.18312225E+01 0.18312225E+01 0.18312225E+01
 0.44010000E+01 0.17394984E+01 0.17394984E+01 0.17394984E+01
 0.45010000E+01 0.16545062E+01 0.16545062E+01 0.16545062E+01
 0.46010000E+01 0.15756044E+01 0.15756044E+01 0.15756044E+01
 0.47010000E+01 0.15022278E+01 0.15022278E+01 0.15022278E+01
 0.48010000E+01 0.14338726E+01 0.14338726E+01 0.14338726E+01
 0.49010000E+01 0.13700918E+01 0.13700918E+01 0.13700918E+01
 0.50010000E+01 0.13104860E+01 0.13104860E+01 0.13104860E+01
 0.51010000E+01 0.12546989E+01 0.12546989E+01 0.12546989E+01
 0.52010000E+01 0.12024127E+01 0.12024127E+01 0.12024127E+01
 0.53010000E+01 0.11533400E+01 0.11533400E+01 0.11533400E+01
 0.54010000E+01 0.11072210E+01 0.11072210E+01 0.11072210E+01
 0.55010000E+01 0.10638261E+01 0.10638261E+01 0.10638261E+01
 0.56010000E+01 0.10229436E+01 0.10229436E+01 0.10229436E+01
 0.57010000E+01 0.98438311E+00 0.98438311E+00 0.98438311E+00
 0.58010000E+01 0.94797200E+00 0.94797200E+00 0.94797200E+00
 0.59010000E+01 0.91355389E+00 0.91355389E+00 0.91355389E+00
 0.60010000E+01 0.88098675E+00 0.88098675E+00 0.88098675E+00
 0.61010000E+01 0.85013610E+00 0.85013610E+00 0.85013610E+00
 0.62010000E+01 0.82088655E+00 0.82088655E+00 0.82088655E+00
 0.63010000E+01 0.79312825E+00 0.79312825E+00 0.79312825E+00
 0.64010000E+01 0.76676369E+00 0.76676369E+00 0.76676369E+00
 0.65010000E+01 0.74169546E+00 0.74169546E+00 0.74169546E+00
 0.66010000E+01 0.71784419E+00 0.71784419E+00 0.71784419E+00
 0.67010000E+01 0.69513226E+00 0.69513226E+00 0.69513226E+00
 0.68010000E+01 0.67348564E+00 0.67348564E+00 0.67348564E+00
 0.69010000E+01 0.65284008E+00 0.65284008E+00 0.65284008E+00
 0.70010000E+01 0.63313520E+00 0.63313520E+00 0.63313520E+00
 0.71010000E+01 0.61431336E+00 0.61431336E+00 0.61431336E+00
 0.72010000E+01 0.59632283E+00 0.59632283E+00 0.59632283E+00
 0.73010000E+01 0.57911545E+00 0.57911545E+00 0.57911545E+00
 0.74010000E+01 0.56264716E+00 0.56264716E+00 0.56264716E+00
 0.75010000E+01 0.54687387E+00 0.54687387E+00 0.54687387E+00
 0.76010000E+01 0.53175884E+00 0.53175884E+00 0.53175884E+00
 0.77010000E+01 0.51726508E+00 0.51726508E+00 0.51726508E+00
 0.78010000E+01 0.50335926E+00 0.50335926E+00 0.50335926E+00
 0.79010000E+01 0.49001008E+00 0.49001008E+00 0.49001008E+00
 0.80010000E+01 0.47718728E+00 0.47718728E+00 0.47718728E+00
 0.81010000E+01 0.46486431E+00 0.46486431E+00 0.46486431E+00
 0.82010000E+01 0.45301500E+00 0.45301500E+00 0.45301500E+00
 0.83010000E+01 0.44161552E+00 0.44161552E+00 0.44161552E+00
 0.84010000E+01 0.43064344E+00 0.43064344E+00 0.43064344E+00
 0.85010000E+01 0.42007717E+00 0.42007717E+00 0.42007717E+00
 0.86010000E+01 0.40989727E+00 0.40989727E+00 0.40989727E+00
 0.87010000E+01 0.40008485E+00 0.40008485E+00 0.40008485E+00
 0.88010000E+01 0.39062247E+00 0.39062247E+00 0.39062247E+00
 0.89010000E+01 0.38149357E+00 0.38149357E+00 0.38149357E+00
 0.90010000E+01 0.37268299E+00 0.37268299E+00 0.37268299E+00
 0.91010000E+01 0.36417553E+00 0.36417553E+00 0.36417553E+00
 0.92010000E+01 0.35595739E+00 0.35595739E+00 0.35595739E+00
 0.93010000E+01 0.34801683E+00 0.34801683E+00 0.34801683E+00
 0.94010000E+01 0.34033871E+00 0.34033871E+00 0.34033871E+00
 0.95010000E+01 0.33291405E+00 0.33291405E+00 0.33291405E+00
 0.96010000E+01 0.32573089E+00 0.32573089E+00 0.32573089E+00
 0.97010000E+01 0.31878006E+00 0.31878006E+00 0.31878006E+00
 0.98010000E+01 0.31204849E+00 0.31204849E+00 0.31204849E+00
 0.99010000E+01 0.30553001E+00 0.30553001E+00 0.30553001E+00
