 -.375000E-01 -.380254E-21
 -.125000E-01 -.380254E-21
 0.125000E-01 -.380254E-21
 0.375000E-01 -.380254E-21




 -.375000E-01 -.150890E-20
 -.125000E-01 -.150890E-20
 0.125000E-01 -.150890E-20
 0.375000E-01 -.150890E-20




 -.375000E-01 0.277574E-20
 -.125000E-01 0.277574E-20
 0.125000E-01 0.277574E-20
 0.375000E-01 0.277574E-20




 -.375000E-01 -.209100E-19
 -.125000E-01 -.209100E-19
 0.125000E-01 -.209100E-19
 0.375000E-01 -.209100E-19




 -.375000E-01 -.772318E-19
 -.125000E-01 -.772318E-19
 0.125000E-01 -.772318E-19
 0.375000E-01 -.772318E-19




 -.375000E-01 -.219884E-25
 -.125000E-01 -.219884E-25
 0.125000E-01 -.219884E-25
 0.375000E-01 -.219884E-25




 -.375000E-01 0.202277E-25
 -.125000E-01 0.202277E-25
 0.125000E-01 0.202277E-25
 0.375000E-01 0.202277E-25




 -.375000E-01 -.359417E-26
 -.125000E-01 -.359417E-26
 0.125000E-01 -.359417E-26
 0.375000E-01 -.359417E-26




 -.375000E-01 0.271436E-26
 -.125000E-01 0.271436E-26
 0.125000E-01 0.271436E-26
 0.375000E-01 0.271436E-26




 -.375000E-01 0.489420E-26
 -.125000E-01 0.489420E-26
 0.125000E-01 0.489420E-26
 0.375000E-01 0.489420E-26




 -.375000E-01 -.233889E-25
 -.125000E-01 -.233889E-25
 0.125000E-01 -.233889E-25
 0.375000E-01 -.233889E-25




 -.375000E-01 -.358390E-25
 -.125000E-01 -.358390E-25
 0.125000E-01 -.358390E-25
 0.375000E-01 -.358390E-25




 -.375000E-01 0.349847E-24
 -.125000E-01 0.349847E-24
 0.125000E-01 0.349847E-24
 0.375000E-01 0.349847E-24




 -.375000E-01 0.433380E-19
 -.125000E-01 0.433380E-19
 0.125000E-01 0.433380E-19
 0.375000E-01 0.433380E-19




 -.375000E-01 0.283555E-21
 -.125000E-01 0.283555E-21
 0.125000E-01 0.283555E-21
 0.375000E-01 0.283555E-21




 -.375000E-01 -.130500E-20
 -.125000E-01 -.130500E-20
 0.125000E-01 -.130500E-20
 0.375000E-01 -.130500E-20




 -.375000E-01 -.310791E-20
 -.125000E-01 -.310791E-20
 0.125000E-01 -.310791E-20
 0.375000E-01 -.310791E-20




