 -.375000E-01 0.563129E-03
 -.125000E-01 0.563129E-03
 0.125000E-01 0.563129E-03
 0.375000E-01 0.563129E-03




 -.375000E-01 0.590948E-03
 -.125000E-01 0.590948E-03
 0.125000E-01 0.590948E-03
 0.375000E-01 0.590948E-03




 -.375000E-01 0.694101E-03
 -.125000E-01 0.694101E-03
 0.125000E-01 0.694101E-03
 0.375000E-01 0.694101E-03




 -.375000E-01 0.106954E-02
 -.125000E-01 0.106954E-02
 0.125000E-01 0.106954E-02
 0.375000E-01 0.106954E-02




 -.375000E-01 0.297682E-01
 -.125000E-01 0.297682E-01
 0.125000E-01 0.297682E-01
 0.375000E-01 0.297682E-01




 -.375000E-01 0.206527E+00
 -.125000E-01 0.206527E+00
 0.125000E-01 0.206527E+00
 0.375000E-01 0.206527E+00




 -.375000E-01 0.252245E+00
 -.125000E-01 0.252245E+00
 0.125000E-01 0.252245E+00
 0.375000E-01 0.252245E+00




 -.375000E-01 0.272600E+00
 -.125000E-01 0.272600E+00
 0.125000E-01 0.272600E+00
 0.375000E-01 0.272600E+00




 -.375000E-01 0.280315E+00
 -.125000E-01 0.280315E+00
 0.125000E-01 0.280315E+00
 0.375000E-01 0.280315E+00




 -.375000E-01 0.278837E+00
 -.125000E-01 0.278837E+00
 0.125000E-01 0.278837E+00
 0.375000E-01 0.278837E+00




 -.375000E-01 0.267551E+00
 -.125000E-01 0.267551E+00
 0.125000E-01 0.267551E+00
 0.375000E-01 0.267551E+00




 -.375000E-01 0.241015E+00
 -.125000E-01 0.241015E+00
 0.125000E-01 0.241015E+00
 0.375000E-01 0.241015E+00




 -.375000E-01 0.178776E+00
 -.125000E-01 0.178776E+00
 0.125000E-01 0.178776E+00
 0.375000E-01 0.178776E+00




 -.375000E-01 0.278899E-02
 -.125000E-01 0.278899E-02
 0.125000E-01 0.278899E-02
 0.375000E-01 0.278899E-02




 -.375000E-01 0.876282E-03
 -.125000E-01 0.876282E-03
 0.125000E-01 0.876282E-03
 0.375000E-01 0.876282E-03




 -.375000E-01 0.646485E-03
 -.125000E-01 0.646485E-03
 0.125000E-01 0.646485E-03
 0.375000E-01 0.646485E-03




 -.375000E-01 0.575864E-03
 -.125000E-01 0.575864E-03
 0.125000E-01 0.575864E-03
 0.375000E-01 0.575864E-03




