 -.375000E-01 -.837497E-02
 -.125000E-01 -.837497E-02
 0.125000E-01 -.837497E-02
 0.375000E-01 -.837497E-02




 -.375000E-01 -.110178E+00
 -.125000E-01 -.110178E+00
 0.125000E-01 -.110178E+00
 0.375000E-01 -.110178E+00




 -.375000E-01 -.228823E+00
 -.125000E-01 -.228823E+00
 0.125000E-01 -.228823E+00
 0.375000E-01 -.228823E+00




 -.375000E-01 -.399049E+00
 -.125000E-01 -.399049E+00
 0.125000E-01 -.399049E+00
 0.375000E-01 -.399049E+00




 -.375000E-01 -.910080E+00
 -.125000E-01 -.910080E+00
 0.125000E-01 -.910080E+00
 0.375000E-01 -.910080E+00




 -.375000E-01 -.677525E+00
 -.125000E-01 -.677525E+00
 0.125000E-01 -.677525E+00
 0.375000E-01 -.677525E+00




 -.375000E-01 -.439366E+00
 -.125000E-01 -.439366E+00
 0.125000E-01 -.439366E+00
 0.375000E-01 -.439366E+00




 -.375000E-01 -.239898E+00
 -.125000E-01 -.239898E+00
 0.125000E-01 -.239898E+00
 0.375000E-01 -.239898E+00




 -.375000E-01 -.587498E-01
 -.125000E-01 -.587498E-01
 0.125000E-01 -.587498E-01
 0.375000E-01 -.587498E-01




 -.375000E-01 0.118032E+00
 -.125000E-01 0.118032E+00
 0.125000E-01 0.118032E+00
 0.375000E-01 0.118032E+00




 -.375000E-01 0.303539E+00
 -.125000E-01 0.303539E+00
 0.125000E-01 0.303539E+00
 0.375000E-01 0.303539E+00




 -.375000E-01 0.513119E+00
 -.125000E-01 0.513119E+00
 0.125000E-01 0.513119E+00
 0.375000E-01 0.513119E+00




 -.375000E-01 0.771133E+00
 -.125000E-01 0.771133E+00
 0.125000E-01 0.771133E+00
 0.375000E-01 0.771133E+00




 -.375000E-01 0.616698E+00
 -.125000E-01 0.616698E+00
 0.125000E-01 0.616698E+00
 0.375000E-01 0.616698E+00




 -.375000E-01 0.332093E+00
 -.125000E-01 0.332093E+00
 0.125000E-01 0.332093E+00
 0.375000E-01 0.332093E+00




 -.375000E-01 0.186030E+00
 -.125000E-01 0.186030E+00
 0.125000E-01 0.186030E+00
 0.375000E-01 0.186030E+00




 -.375000E-01 0.752839E-01
 -.125000E-01 0.752839E-01
 0.125000E-01 0.752839E-01
 0.375000E-01 0.752839E-01




