 0.99999998E-03 0.38498528E+01 0.38498528E+01 0.38498528E+01
 0.29999999E-02 0.38498526E+01 0.38498526E+01 0.38498526E+01
 0.49999999E-02 0.38498518E+01 0.38498518E+01 0.38498518E+01
 0.69999998E-02 0.38498526E+01 0.38498526E+01 0.38498526E+01
 0.89999998E-02 0.38498521E+01 0.38498521E+01 0.38498521E+01
 0.11000000E-01 0.38498516E+01 0.38498516E+01 0.38498516E+01
 0.13000000E-01 0.38498507E+01 0.38498507E+01 0.38498507E+01
 0.15000000E-01 0.38498502E+01 0.38498502E+01 0.38498502E+01
 0.17000000E-01 0.38498497E+01 0.38498497E+01 0.38498497E+01
 0.19000000E-01 0.38498466E+01 0.38498466E+01 0.38498466E+01
 0.21000000E-01 0.38498456E+01 0.38498456E+01 0.38498456E+01
 0.22999999E-01 0.38498445E+01 0.38498445E+01 0.38498445E+01
 0.24999999E-01 0.38498435E+01 0.38498435E+01 0.38498435E+01
 0.26999999E-01 0.38498423E+01 0.38498423E+01 0.38498423E+01
 0.28999999E-01 0.38498402E+01 0.38498402E+01 0.38498402E+01
 0.30999999E-01 0.38498387E+01 0.38498387E+01 0.38498387E+01
 0.32999999E-01 0.38498371E+01 0.38498371E+01 0.38498371E+01
 0.34999999E-01 0.38498352E+01 0.38498352E+01 0.38498352E+01
 0.36999999E-01 0.38498333E+01 0.38498333E+01 0.38498333E+01
 0.38999999E-01 0.38498311E+01 0.38498311E+01 0.38498311E+01
 0.40999999E-01 0.38498290E+01 0.38498290E+01 0.38498290E+01
 0.42999999E-01 0.38498268E+01 0.38498268E+01 0.38498268E+01
 0.44999999E-01 0.38498244E+01 0.38498244E+01 0.38498244E+01
 0.46999999E-01 0.38498225E+01 0.38498225E+01 0.38498225E+01
 0.48999999E-01 0.38498199E+01 0.38498199E+01 0.38498199E+01
 0.50999999E-01 0.38498173E+01 0.38498173E+01 0.38498173E+01
 0.52999999E-01 0.38498144E+01 0.38498144E+01 0.38498144E+01
 0.54999999E-01 0.38498113E+01 0.38498113E+01 0.38498113E+01
 0.56999999E-01 0.38498082E+01 0.38498082E+01 0.38498082E+01
 0.58999999E-01 0.38498056E+01 0.38498056E+01 0.38498056E+01
 0.60999999E-01 0.38498025E+01 0.38498025E+01 0.38498025E+01
 0.62999999E-01 0.38497994E+01 0.38497994E+01 0.38497994E+01
 0.64999999E-01 0.38497961E+01 0.38497961E+01 0.38497961E+01
 0.66999999E-01 0.38497918E+01 0.38497918E+01 0.38497918E+01
 0.68999998E-01 0.38497882E+01 0.38497882E+01 0.38497882E+01
 0.70999998E-01 0.38497844E+01 0.38497844E+01 0.38497844E+01
 0.72999998E-01 0.38497803E+01 0.38497803E+01 0.38497803E+01
 0.74999998E-01 0.38497763E+01 0.38497763E+01 0.38497763E+01
 0.76999998E-01 0.38497722E+01 0.38497722E+01 0.38497722E+01
 0.78999998E-01 0.38497682E+01 0.38497682E+01 0.38497682E+01
 0.80999998E-01 0.38497639E+01 0.38497639E+01 0.38497639E+01
 0.82999998E-01 0.38497596E+01 0.38497596E+01 0.38497596E+01
 0.84999998E-01 0.38497553E+01 0.38497553E+01 0.38497553E+01
 0.86999998E-01 0.38497508E+01 0.38497508E+01 0.38497508E+01
 0.88999998E-01 0.38497458E+01 0.38497458E+01 0.38497458E+01
 0.90999998E-01 0.38497415E+01 0.38497415E+01 0.38497415E+01
 0.92999998E-01 0.38497369E+01 0.38497369E+01 0.38497369E+01
 0.94999998E-01 0.38497322E+01 0.38497322E+01 0.38497322E+01
 0.96999998E-01 0.38497276E+01 0.38497276E+01 0.38497276E+01
 0.98999998E-01 0.38497205E+01 0.38497205E+01 0.38497205E+01
 0.10100000E+00 0.38497152E+01 0.38497152E+01 0.38497152E+01
 0.11100000E+00 0.38496859E+01 0.38496859E+01 0.38496859E+01
 0.12100000E+00 0.38496542E+01 0.38496542E+01 0.38496542E+01
 0.13100000E+00 0.38496201E+01 0.38496201E+01 0.38496201E+01
 0.14100000E+00 0.38495836E+01 0.38495836E+01 0.38495836E+01
 0.15100000E+00 0.38495438E+01 0.38495438E+01 0.38495438E+01
 0.16100000E+00 0.38495026E+01 0.38495026E+01 0.38495026E+01
 0.17100000E+00 0.38494565E+01 0.38494565E+01 0.38494565E+01
 0.18100000E+00 0.38494103E+01 0.38494103E+01 0.38494103E+01
 0.19100000E+00 0.38493595E+01 0.38493595E+01 0.38493595E+01
 0.20100000E+00 0.38493071E+01 0.38493071E+01 0.38493071E+01
 0.21100000E+00 0.38492494E+01 0.38492494E+01 0.38492494E+01
 0.22100000E+00 0.38491902E+01 0.38491902E+01 0.38491902E+01
 0.23099999E+00 0.38491292E+01 0.38491292E+01 0.38491292E+01
 0.24099999E+00 0.38490636E+01 0.38490636E+01 0.38490636E+01
 0.25099999E+00 0.38489962E+01 0.38489962E+01 0.38489962E+01
 0.26099999E+00 0.38489258E+01 0.38489258E+01 0.38489258E+01
 0.27099999E+00 0.38488538E+01 0.38488538E+01 0.38488538E+01
 0.28099999E+00 0.38487775E+01 0.38487775E+01 0.38487775E+01
 0.29099999E+00 0.38487017E+01 0.38487017E+01 0.38487017E+01
 0.30099999E+00 0.38486152E+01 0.38486152E+01 0.38486152E+01
 0.31099999E+00 0.38485324E+01 0.38485324E+01 0.38485324E+01
 0.32099999E+00 0.38484452E+01 0.38484452E+01 0.38484452E+01
 0.33099999E+00 0.38483531E+01 0.38483531E+01 0.38483531E+01
 0.34099999E+00 0.38482597E+01 0.38482597E+01 0.38482597E+01
 0.35099999E+00 0.38481627E+01 0.38481627E+01 0.38481627E+01
 0.36099999E+00 0.38480635E+01 0.38480635E+01 0.38480635E+01
 0.37099999E+00 0.38479598E+01 0.38479598E+01 0.38479598E+01
 0.38099999E+00 0.38478529E+01 0.38478529E+01 0.38478529E+01
 0.39099999E+00 0.38477447E+01 0.38477447E+01 0.38477447E+01
 0.40099999E+00 0.38476348E+01 0.38476348E+01 0.38476348E+01
 0.41099999E+00 0.38475184E+01 0.38475184E+01 0.38475184E+01
 0.42099999E+00 0.38473997E+01 0.38473997E+01 0.38473997E+01
 0.43099999E+00 0.38472784E+01 0.38472784E+01 0.38472784E+01
 0.44099999E+00 0.38471534E+01 0.38471534E+01 0.38471534E+01
 0.45099999E+00 0.38470273E+01 0.38470273E+01 0.38470273E+01
 0.46099999E+00 0.38468947E+01 0.38468947E+01 0.38468947E+01
 0.47099999E+00 0.38467596E+01 0.38467596E+01 0.38467596E+01
 0.48099999E+00 0.38466229E+01 0.38466229E+01 0.38466229E+01
 0.49099999E+00 0.38464816E+01 0.38464816E+01 0.38464816E+01
 0.50099999E+00 0.38463390E+01 0.38463390E+01 0.38463390E+01
 0.51099999E+00 0.38461893E+01 0.38461893E+01 0.38461893E+01
 0.52099999E+00 0.38460369E+01 0.38460369E+01 0.38460369E+01
 0.53099999E+00 0.38458827E+01 0.38458827E+01 0.38458827E+01
 0.54099999E+00 0.38457251E+01 0.38457251E+01 0.38457251E+01
 0.55099999E+00 0.38455665E+01 0.38455665E+01 0.38455665E+01
 0.56099999E+00 0.38453984E+01 0.38453984E+01 0.38453984E+01
 0.57099999E+00 0.38452289E+01 0.38452289E+01 0.38452289E+01
 0.58099999E+00 0.38450575E+01 0.38450575E+01 0.38450575E+01
 0.59099999E+00 0.38448825E+01 0.38448825E+01 0.38448825E+01
 0.60099999E+00 0.38447015E+01 0.38447015E+01 0.38447015E+01
 0.61099999E+00 0.38445179E+01 0.38445179E+01 0.38445179E+01
 0.62099999E+00 0.38443317E+01 0.38443317E+01 0.38443317E+01
 0.63099999E+00 0.38441393E+01 0.38441393E+01 0.38441393E+01
 0.64099999E+00 0.38439469E+01 0.38439469E+01 0.38439469E+01
 0.65099999E+00 0.38437445E+01 0.38437445E+01 0.38437445E+01
 0.66099999E+00 0.38435419E+01 0.38435419E+01 0.38435419E+01
 0.67099999E+00 0.38433356E+01 0.38433356E+01 0.38433356E+01
 0.68099998E+00 0.38431258E+01 0.38431258E+01 0.38431258E+01
 0.69099998E+00 0.38429105E+01 0.38429105E+01 0.38429105E+01
 0.70099998E+00 0.38426914E+01 0.38426914E+01 0.38426914E+01
 0.71099998E+00 0.38424675E+01 0.38424675E+01 0.38424675E+01
 0.72099998E+00 0.38422403E+01 0.38422403E+01 0.38422403E+01
 0.73099998E+00 0.38420064E+01 0.38420064E+01 0.38420064E+01
 0.74099998E+00 0.38417716E+01 0.38417716E+01 0.38417716E+01
 0.75099998E+00 0.38415306E+01 0.38415306E+01 0.38415306E+01
 0.76099998E+00 0.38412852E+01 0.38412852E+01 0.38412852E+01
 0.77099998E+00 0.38410337E+01 0.38410337E+01 0.38410337E+01
 0.78099998E+00 0.38407803E+01 0.38407803E+01 0.38407803E+01
 0.79099998E+00 0.38405197E+01 0.38405197E+01 0.38405197E+01
 0.80099998E+00 0.38402579E+01 0.38402579E+01 0.38402579E+01
 0.81099998E+00 0.38399885E+01 0.38399885E+01 0.38399885E+01
 0.82099998E+00 0.38397162E+01 0.38397162E+01 0.38397162E+01
 0.83099998E+00 0.38394365E+01 0.38394365E+01 0.38394365E+01
 0.84099998E+00 0.38391516E+01 0.38391516E+01 0.38391516E+01
 0.85099998E+00 0.38388629E+01 0.38388629E+01 0.38388629E+01
 0.86099998E+00 0.38385677E+01 0.38385677E+01 0.38385677E+01
 0.87099998E+00 0.38382688E+01 0.38382688E+01 0.38382688E+01
 0.88099998E+00 0.38379629E+01 0.38379629E+01 0.38379629E+01
 0.89099998E+00 0.38376529E+01 0.38376529E+01 0.38376529E+01
 0.90099998E+00 0.38373368E+01 0.38373368E+01 0.38373368E+01
 0.91099998E+00 0.38370161E+01 0.38370161E+01 0.38370161E+01
 0.92099998E+00 0.38366871E+01 0.38366871E+01 0.38366871E+01
 0.93099998E+00 0.38363535E+01 0.38363535E+01 0.38363535E+01
 0.94099998E+00 0.38360164E+01 0.38360164E+01 0.38360164E+01
 0.95099998E+00 0.38356707E+01 0.38356707E+01 0.38356707E+01
 0.96099998E+00 0.38353181E+01 0.38353181E+01 0.38353181E+01
 0.97099998E+00 0.38349600E+01 0.38349600E+01 0.38349600E+01
 0.98099998E+00 0.38345950E+01 0.38345950E+01 0.38345950E+01
 0.99099998E+00 0.38342237E+01 0.38342237E+01 0.38342237E+01
 0.10010000E+01 0.38338451E+01 0.38338451E+01 0.38338451E+01
 0.10110000E+01 0.38334627E+01 0.38334627E+01 0.38334627E+01
 0.10210000E+01 0.38330708E+01 0.38330708E+01 0.38330708E+01
 0.10310000E+01 0.38326726E+01 0.38326726E+01 0.38326726E+01
 0.10410000E+01 0.38322673E+01 0.38322673E+01 0.38322673E+01
 0.10510000E+01 0.38318541E+01 0.38318541E+01 0.38318541E+01
 0.10610000E+01 0.38314347E+01 0.38314347E+01 0.38314347E+01
 0.10710000E+01 0.38310063E+01 0.38310063E+01 0.38310063E+01
 0.10810000E+01 0.38305705E+01 0.38305705E+01 0.38305705E+01
 0.10910000E+01 0.38301258E+01 0.38301258E+01 0.38301258E+01
 0.11010000E+01 0.38296747E+01 0.38296747E+01 0.38296747E+01
 0.11110000E+01 0.38292141E+01 0.38292141E+01 0.38292141E+01
 0.11210000E+01 0.38287446E+01 0.38287446E+01 0.38287446E+01
 0.11310000E+01 0.38282671E+01 0.38282671E+01 0.38282671E+01
 0.11410000E+01 0.38277802E+01 0.38277802E+01 0.38277802E+01
 0.11510000E+01 0.38272834E+01 0.38272834E+01 0.38272834E+01
 0.11610000E+01 0.38267784E+01 0.38267784E+01 0.38267784E+01
 0.11710000E+01 0.38262627E+01 0.38262627E+01 0.38262627E+01
 0.11810000E+01 0.38257403E+01 0.38257403E+01 0.38257403E+01
 0.11910000E+01 0.38252020E+01 0.38252020E+01 0.38252020E+01
 0.12010000E+01 0.38246567E+01 0.38246567E+01 0.38246567E+01
 0.12110000E+01 0.38241019E+01 0.38241019E+01 0.38241019E+01
 0.12210000E+01 0.38235340E+01 0.38235340E+01 0.38235340E+01
 0.12310000E+01 0.38229558E+01 0.38229558E+01 0.38229558E+01
 0.12410000E+01 0.38223660E+01 0.38223660E+01 0.38223660E+01
 0.12510000E+01 0.38217642E+01 0.38217642E+01 0.38217642E+01
 0.12610000E+01 0.38211520E+01 0.38211520E+01 0.38211520E+01
 0.12710000E+01 0.38205256E+01 0.38205256E+01 0.38205256E+01
 0.12810000E+01 0.38198862E+01 0.38198862E+01 0.38198862E+01
 0.12910000E+01 0.38192341E+01 0.38192341E+01 0.38192341E+01
 0.13010000E+01 0.38185682E+01 0.38185682E+01 0.38185682E+01
 0.13110000E+01 0.38178895E+01 0.38178895E+01 0.38178895E+01
 0.13210000E+01 0.38171954E+01 0.38171954E+01 0.38171954E+01
 0.13310000E+01 0.38164878E+01 0.38164878E+01 0.38164878E+01
 0.13410000E+01 0.38157623E+01 0.38157623E+01 0.38157623E+01
 0.13510000E+01 0.38150225E+01 0.38150225E+01 0.38150225E+01
 0.13610000E+01 0.38142672E+01 0.38142672E+01 0.38142672E+01
 0.13710000E+01 0.38134949E+01 0.38134949E+01 0.38134949E+01
 0.13810000E+01 0.38127058E+01 0.38127058E+01 0.38127058E+01
 0.13910000E+01 0.38118966E+01 0.38118966E+01 0.38118966E+01
 0.14010000E+01 0.38110719E+01 0.38110719E+01 0.38110719E+01
 0.14110000E+01 0.38102248E+01 0.38102248E+01 0.38102248E+01
 0.14210000E+01 0.38093600E+01 0.38093600E+01 0.38093600E+01
 0.14310000E+01 0.38084731E+01 0.38084731E+01 0.38084731E+01
 0.14410000E+01 0.38075671E+01 0.38075671E+01 0.38075671E+01
 0.14510000E+01 0.38066387E+01 0.38066387E+01 0.38066387E+01
 0.14610000E+01 0.38056862E+01 0.38056862E+01 0.38056862E+01
 0.14710000E+01 0.38047106E+01 0.38047106E+01 0.38047106E+01
 0.14810000E+01 0.38037105E+01 0.38037105E+01 0.38037105E+01
 0.14910000E+01 0.38026867E+01 0.38026867E+01 0.38026867E+01
 0.15010000E+01 0.38016324E+01 0.38016324E+01 0.38016324E+01
 0.15110000E+01 0.38005538E+01 0.38005538E+01 0.38005538E+01
 0.15210000E+01 0.37994418E+01 0.37994418E+01 0.37994418E+01
 0.15310000E+01 0.37983034E+01 0.37983034E+01 0.37983034E+01
 0.15410000E+01 0.37971318E+01 0.37971318E+01 0.37971318E+01
 0.15510000E+01 0.37959282E+01 0.37959282E+01 0.37959282E+01
 0.15610000E+01 0.37946885E+01 0.37946885E+01 0.37946885E+01
 0.15710000E+01 0.37934144E+01 0.37934144E+01 0.37934144E+01
 0.15810000E+01 0.37921007E+01 0.37921007E+01 0.37921007E+01
 0.15910000E+01 0.37907491E+01 0.37907491E+01 0.37907491E+01
 0.16010000E+01 0.37893536E+01 0.37893536E+01 0.37893536E+01
 0.16110000E+01 0.37879164E+01 0.37879164E+01 0.37879164E+01
 0.16210000E+01 0.37864306E+01 0.37864306E+01 0.37864306E+01
 0.16310000E+01 0.37849002E+01 0.37849002E+01 0.37849002E+01
 0.16410000E+01 0.37833152E+01 0.37833152E+01 0.37833152E+01
 0.16510000E+01 0.37816777E+01 0.37816777E+01 0.37816777E+01
 0.16610000E+01 0.37799804E+01 0.37799804E+01 0.37799804E+01
 0.16710000E+01 0.37782257E+01 0.37782257E+01 0.37782257E+01
 0.16810000E+01 0.37764013E+01 0.37764013E+01 0.37764013E+01
 0.16910000E+01 0.37745113E+01 0.37745113E+01 0.37745113E+01
 0.17010000E+01 0.37725444E+01 0.37725444E+01 0.37725444E+01
 0.17110000E+01 0.37705019E+01 0.37705019E+01 0.37705019E+01
 0.17210000E+01 0.37683749E+01 0.37683749E+01 0.37683749E+01
 0.17310000E+01 0.37661572E+01 0.37661572E+01 0.37661572E+01
 0.17410000E+01 0.37638431E+01 0.37638431E+01 0.37638431E+01
 0.17510000E+01 0.37614224E+01 0.37614224E+01 0.37614224E+01
 0.17610000E+01 0.37588899E+01 0.37588899E+01 0.37588899E+01
 0.17710000E+01 0.37562335E+01 0.37562335E+01 0.37562335E+01
 0.17810000E+01 0.37534444E+01 0.37534444E+01 0.37534444E+01
 0.17910000E+01 0.37505078E+01 0.37505078E+01 0.37505078E+01
 0.18010000E+01 0.37474134E+01 0.37474134E+01 0.37474134E+01
 0.18050000E+01 0.37461245E+01 0.37461245E+01 0.37461245E+01
 0.18090000E+01 0.37448082E+01 0.37448082E+01 0.37448082E+01
 0.18130000E+01 0.37434623E+01 0.37434623E+01 0.37434623E+01
 0.18170000E+01 0.37420831E+01 0.37420831E+01 0.37420831E+01
 0.18210000E+01 0.37406712E+01 0.37406712E+01 0.37406712E+01
 0.18250000E+01 0.37392240E+01 0.37392240E+01 0.37392240E+01
 0.18290000E+01 0.37377415E+01 0.37377415E+01 0.37377415E+01
 0.18330000E+01 0.37362201E+01 0.37362201E+01 0.37362201E+01
 0.18370000E+01 0.37346611E+01 0.37346611E+01 0.37346611E+01
 0.18410000E+01 0.37330582E+01 0.37330582E+01 0.37330582E+01
 0.18450000E+01 0.37314119E+01 0.37314119E+01 0.37314119E+01
 0.18490000E+01 0.37297211E+01 0.37297211E+01 0.37297211E+01
 0.18530000E+01 0.37279801E+01 0.37279801E+01 0.37279801E+01
 0.18570000E+01 0.37261887E+01 0.37261887E+01 0.37261887E+01
 0.18610000E+01 0.37243433E+01 0.37243433E+01 0.37243433E+01
 0.18650000E+01 0.37224419E+01 0.37224419E+01 0.37224419E+01
 0.18690000E+01 0.37204800E+01 0.37204800E+01 0.37204800E+01
 0.18730000E+01 0.37184558E+01 0.37184558E+01 0.37184558E+01
 0.18770000E+01 0.37163618E+01 0.37163618E+01 0.37163618E+01
 0.18810000E+01 0.37141972E+01 0.37141972E+01 0.37141972E+01
 0.18850000E+01 0.37119565E+01 0.37119565E+01 0.37119565E+01
 0.18890000E+01 0.37096334E+01 0.37096334E+01 0.37096334E+01
 0.18930000E+01 0.37072232E+01 0.37072232E+01 0.37072232E+01
 0.18970000E+01 0.37047198E+01 0.37047198E+01 0.37047198E+01
 0.19010000E+01 0.37021172E+01 0.37021172E+01 0.37021172E+01
 0.19050000E+01 0.36994026E+01 0.36994026E+01 0.36994026E+01
 0.19090000E+01 0.36965740E+01 0.36965740E+01 0.36965740E+01
 0.19130000E+01 0.36936150E+01 0.36936150E+01 0.36936150E+01
 0.19170000E+01 0.36905196E+01 0.36905196E+01 0.36905196E+01
 0.19210000E+01 0.36872728E+01 0.36872728E+01 0.36872728E+01
 0.19250000E+01 0.36838603E+01 0.36838603E+01 0.36838603E+01
 0.19290000E+01 0.36802652E+01 0.36802652E+01 0.36802652E+01
 0.19330000E+01 0.36764672E+01 0.36764672E+01 0.36764672E+01
 0.19370000E+01 0.36724455E+01 0.36724455E+01 0.36724455E+01
 0.19410000E+01 0.36681705E+01 0.36681705E+01 0.36681705E+01
 0.19450000E+01 0.36636126E+01 0.36636126E+01 0.36636126E+01
 0.19490000E+01 0.36587248E+01 0.36587248E+01 0.36587248E+01
 0.19530000E+01 0.36534688E+01 0.36534688E+01 0.36534688E+01
 0.19570000E+01 0.36477814E+01 0.36477814E+01 0.36477814E+01
 0.19610000E+01 0.36415865E+01 0.36415865E+01 0.36415865E+01
 0.19650000E+01 0.36347859E+01 0.36347859E+01 0.36347859E+01
 0.19690000E+01 0.36272523E+01 0.36272523E+01 0.36272523E+01
 0.19730000E+01 0.36188080E+01 0.36188080E+01 0.36188080E+01
 0.19770000E+01 0.36092007E+01 0.36092007E+01 0.36092007E+01
 0.19810000E+01 0.35980568E+01 0.35980568E+01 0.35980568E+01
 0.19850000E+01 0.35847504E+01 0.35847504E+01 0.35847504E+01
 0.19890000E+01 0.35682147E+01 0.35682147E+01 0.35682147E+01
 0.19930000E+01 0.35461509E+01 0.35461509E+01 0.35461509E+01
 0.19970000E+01 0.35118203E+01 0.35118203E+01 0.35118203E+01
 0.20010000E+01 0.34245298E+01 0.34245298E+01 0.34245298E+01
 0.20050000E+01 0.34533188E+01 0.34533188E+01 0.34533188E+01
 0.20090000E+01 0.34843800E+01 0.34843800E+01 0.34843800E+01
 0.20130000E+01 0.35093467E+01 0.35093467E+01 0.35093467E+01
 0.20170000E+01 0.35298860E+01 0.35298860E+01 0.35298860E+01
 0.20210000E+01 0.35472794E+01 0.35472794E+01 0.35472794E+01
 0.20250000E+01 0.35623565E+01 0.35623565E+01 0.35623565E+01
 0.20290000E+01 0.35756648E+01 0.35756648E+01 0.35756648E+01
 0.20330000E+01 0.35875793E+01 0.35875793E+01 0.35875793E+01
 0.20370000E+01 0.35983713E+01 0.35983713E+01 0.35983713E+01
 0.20410000E+01 0.36082344E+01 0.36082344E+01 0.36082344E+01
 0.20450000E+01 0.36173210E+01 0.36173210E+01 0.36173210E+01
 0.20490000E+01 0.36257448E+01 0.36257448E+01 0.36257448E+01
 0.20530000E+01 0.36335995E+01 0.36335995E+01 0.36335995E+01
 0.20570000E+01 0.36409581E+01 0.36409581E+01 0.36409581E+01
 0.20610000E+01 0.36478791E+01 0.36478791E+01 0.36478791E+01
 0.20650000E+01 0.36544151E+01 0.36544151E+01 0.36544151E+01
 0.20690000E+01 0.36606047E+01 0.36606047E+01 0.36606047E+01
 0.20730000E+01 0.36664855E+01 0.36664855E+01 0.36664855E+01
 0.20770000E+01 0.36720867E+01 0.36720867E+01 0.36720867E+01
 0.20810000E+01 0.36774333E+01 0.36774333E+01 0.36774333E+01
 0.20850000E+01 0.36825471E+01 0.36825471E+01 0.36825471E+01
 0.20890000E+01 0.36874473E+01 0.36874473E+01 0.36874473E+01
 0.20930000E+01 0.36921535E+01 0.36921535E+01 0.36921535E+01
 0.20970000E+01 0.36966786E+01 0.36966786E+01 0.36966786E+01
 0.21010000E+01 0.37010355E+01 0.37010355E+01 0.37010355E+01
 0.21050000E+01 0.37052367E+01 0.37052367E+01 0.37052367E+01
 0.21090000E+01 0.37092953E+01 0.37092953E+01 0.37092953E+01
 0.21130000E+01 0.37132170E+01 0.37132170E+01 0.37132170E+01
 0.21170000E+01 0.37170124E+01 0.37170124E+01 0.37170124E+01
 0.21210000E+01 0.37206883E+01 0.37206883E+01 0.37206883E+01
 0.21250000E+01 0.37242520E+01 0.37242520E+01 0.37242520E+01
 0.21290000E+01 0.37277114E+01 0.37277114E+01 0.37277114E+01
 0.21330000E+01 0.37310715E+01 0.37310715E+01 0.37310715E+01
 0.21370000E+01 0.37343364E+01 0.37343364E+01 0.37343364E+01
 0.21410000E+01 0.37375121E+01 0.37375121E+01 0.37375121E+01
 0.21450000E+01 0.37406039E+01 0.37406039E+01 0.37406039E+01
 0.21490000E+01 0.37436154E+01 0.37436154E+01 0.37436154E+01
 0.21530000E+01 0.37465503E+01 0.37465503E+01 0.37465503E+01
 0.21570000E+01 0.37494121E+01 0.37494121E+01 0.37494121E+01
 0.21610000E+01 0.37522037E+01 0.37522037E+01 0.37522037E+01
 0.21650000E+01 0.37549303E+01 0.37549303E+01 0.37549303E+01
 0.21690000E+01 0.37575934E+01 0.37575934E+01 0.37575934E+01
 0.21730000E+01 0.37601945E+01 0.37601945E+01 0.37601945E+01
 0.21770000E+01 0.37627394E+01 0.37627394E+01 0.37627394E+01
 0.21810000E+01 0.37652261E+01 0.37652261E+01 0.37652261E+01
 0.21850000E+01 0.37676611E+01 0.37676611E+01 0.37676611E+01
 0.21890000E+01 0.37700438E+01 0.37700438E+01 0.37700438E+01
 0.21930000E+01 0.37723768E+01 0.37723768E+01 0.37723768E+01
 0.21970000E+01 0.37746608E+01 0.37746608E+01 0.37746608E+01
 0.22010000E+01 0.37769012E+01 0.37769012E+01 0.37769012E+01
 0.22210000E+01 0.37874639E+01 0.37874639E+01 0.37874639E+01
 0.22409999E+01 0.37970943E+01 0.37970943E+01 0.37970943E+01
 0.22609999E+01 0.38059278E+01 0.38059278E+01 0.38059278E+01
 0.22809999E+01 0.38140731E+01 0.38140731E+01 0.38140731E+01
 0.23009999E+01 0.38216186E+01 0.38216186E+01 0.38216186E+01
 0.23209999E+01 0.38286355E+01 0.38286355E+01 0.38286355E+01
 0.23409999E+01 0.38351841E+01 0.38351841E+01 0.38351841E+01
 0.23609999E+01 0.38413136E+01 0.38413136E+01 0.38413136E+01
 0.23809999E+01 0.38470647E+01 0.38470647E+01 0.38470647E+01
 0.24009999E+01 0.38524747E+01 0.38524747E+01 0.38524747E+01
 0.24209999E+01 0.38575745E+01 0.38575745E+01 0.38575745E+01
 0.24409999E+01 0.38623934E+01 0.38623934E+01 0.38623934E+01
 0.24609999E+01 0.38669519E+01 0.38669519E+01 0.38669519E+01
 0.24809999E+01 0.38712726E+01 0.38712726E+01 0.38712726E+01
 0.25009999E+01 0.38753741E+01 0.38753741E+01 0.38753741E+01
 0.25209999E+01 0.38792737E+01 0.38792737E+01 0.38792737E+01
 0.25409999E+01 0.38829844E+01 0.38829844E+01 0.38829844E+01
 0.25609999E+01 0.38865204E+01 0.38865204E+01 0.38865204E+01
 0.25809999E+01 0.38898942E+01 0.38898942E+01 0.38898942E+01
 0.26009999E+01 0.38931143E+01 0.38931143E+01 0.38931143E+01
 0.26209999E+01 0.38961954E+01 0.38961954E+01 0.38961954E+01
 0.26409999E+01 0.38991420E+01 0.38991420E+01 0.38991420E+01
 0.26609999E+01 0.39019661E+01 0.39019661E+01 0.39019661E+01
 0.26809999E+01 0.39046707E+01 0.39046707E+01 0.39046707E+01
 0.27009999E+01 0.39072654E+01 0.39072654E+01 0.39072654E+01
 0.27209999E+01 0.39097543E+01 0.39097543E+01 0.39097543E+01
 0.27409999E+01 0.39121480E+01 0.39121480E+01 0.39121480E+01
 0.27609999E+01 0.39144480E+01 0.39144480E+01 0.39144480E+01
 0.27809999E+01 0.39166605E+01 0.39166605E+01 0.39166605E+01
 0.28009999E+01 0.39187891E+01 0.39187891E+01 0.39187891E+01
 0.28209999E+01 0.39208374E+01 0.39208374E+01 0.39208374E+01
 0.28409999E+01 0.39228137E+01 0.39228137E+01 0.39228137E+01
 0.28609999E+01 0.39247179E+01 0.39247179E+01 0.39247179E+01
 0.28809999E+01 0.39265535E+01 0.39265535E+01 0.39265535E+01
 0.29009999E+01 0.39283254E+01 0.39283254E+01 0.39283254E+01
 0.29209999E+01 0.39300370E+01 0.39300370E+01 0.39300370E+01
 0.29409999E+01 0.39316916E+01 0.39316916E+01 0.39316916E+01
 0.29609999E+01 0.39332869E+01 0.39332869E+01 0.39332869E+01
 0.29809999E+01 0.39348321E+01 0.39348321E+01 0.39348321E+01
 0.30009999E+01 0.39363256E+01 0.39363256E+01 0.39363256E+01
 0.31009999E+01 0.39431071E+01 0.39431071E+01 0.39431071E+01
 0.32009999E+01 0.39489076E+01 0.39489076E+01 0.39489076E+01
 0.33009999E+01 0.39539106E+01 0.39539106E+01 0.39539106E+01
 0.34009999E+01 0.39582531E+01 0.39582531E+01 0.39582531E+01
 0.35009999E+01 0.39620478E+01 0.39620478E+01 0.39620478E+01
 0.36009999E+01 0.39653804E+01 0.39653804E+01 0.39653804E+01
 0.37009999E+01 0.39683251E+01 0.39683251E+01 0.39683251E+01
 0.38009999E+01 0.39709349E+01 0.39709349E+01 0.39709349E+01
 0.39009999E+01 0.39732606E+01 0.39732606E+01 0.39732606E+01
 0.40009999E+01 0.39753401E+01 0.39753401E+01 0.39753401E+01
 0.41009999E+01 0.39772058E+01 0.39772058E+01 0.39772058E+01
 0.42010000E+01 0.39788845E+01 0.39788845E+01 0.39788845E+01
 0.43010000E+01 0.39804008E+01 0.39804008E+01 0.39804008E+01
 0.44010000E+01 0.39817755E+01 0.39817755E+01 0.39817755E+01
 0.45010000E+01 0.39830234E+01 0.39830234E+01 0.39830234E+01
 0.46010000E+01 0.39841585E+01 0.39841585E+01 0.39841585E+01
 0.47010000E+01 0.39851956E+01 0.39851956E+01 0.39851956E+01
 0.48010000E+01 0.39861445E+01 0.39861445E+01 0.39861445E+01
 0.49010000E+01 0.39870141E+01 0.39870141E+01 0.39870141E+01
 0.50010000E+01 0.39878130E+01 0.39878130E+01 0.39878130E+01
 0.51010000E+01 0.39885490E+01 0.39885490E+01 0.39885490E+01
 0.52010000E+01 0.39892278E+01 0.39892278E+01 0.39892278E+01
 0.53010000E+01 0.39898531E+01 0.39898531E+01 0.39898531E+01
 0.54010000E+01 0.39904327E+01 0.39904327E+01 0.39904327E+01
 0.55010000E+01 0.39909699E+01 0.39909699E+01 0.39909699E+01
 0.56010000E+01 0.39914699E+01 0.39914699E+01 0.39914699E+01
 0.57010000E+01 0.39919345E+01 0.39919345E+01 0.39919345E+01
 0.58010000E+01 0.39923661E+01 0.39923661E+01 0.39923661E+01
 0.59010000E+01 0.39927685E+01 0.39927685E+01 0.39927685E+01
 0.60010000E+01 0.39931450E+01 0.39931450E+01 0.39931450E+01
 0.61010000E+01 0.39934964E+01 0.39934964E+01 0.39934964E+01
 0.62010000E+01 0.39938259E+01 0.39938259E+01 0.39938259E+01
 0.63010000E+01 0.39941325E+01 0.39941325E+01 0.39941325E+01
 0.64010000E+01 0.39944208E+01 0.39944208E+01 0.39944208E+01
 0.65010000E+01 0.39946930E+01 0.39946930E+01 0.39946930E+01
 0.66010000E+01 0.39949479E+01 0.39949479E+01 0.39949479E+01
 0.67010000E+01 0.39951875E+01 0.39951875E+01 0.39951875E+01
 0.68010000E+01 0.39954159E+01 0.39954159E+01 0.39954159E+01
 0.69010000E+01 0.39956281E+01 0.39956281E+01 0.39956281E+01
 0.70010000E+01 0.39958293E+01 0.39958293E+01 0.39958293E+01
 0.71010000E+01 0.39960191E+01 0.39960191E+01 0.39960191E+01
 0.72010000E+01 0.39961987E+01 0.39961987E+01 0.39961987E+01
 0.73010000E+01 0.39963684E+01 0.39963684E+01 0.39963684E+01
 0.74010000E+01 0.39965296E+01 0.39965296E+01 0.39965296E+01
 0.75010000E+01 0.39966819E+01 0.39966819E+01 0.39966819E+01
 0.76010000E+01 0.39968266E+01 0.39968266E+01 0.39968266E+01
 0.77010000E+01 0.39969635E+01 0.39969635E+01 0.39969635E+01
 0.78010000E+01 0.39970937E+01 0.39970937E+01 0.39970937E+01
 0.79010000E+01 0.39972179E+01 0.39972179E+01 0.39972179E+01
 0.80010000E+01 0.39973378E+01 0.39973378E+01 0.39973378E+01
 0.81010000E+01 0.39974504E+01 0.39974504E+01 0.39974504E+01
 0.82010000E+01 0.39975564E+01 0.39975564E+01 0.39975564E+01
 0.83010000E+01 0.39976575E+01 0.39976575E+01 0.39976575E+01
 0.84010000E+01 0.39977560E+01 0.39977560E+01 0.39977560E+01
 0.85010000E+01 0.39978485E+01 0.39978485E+01 0.39978485E+01
 0.86010000E+01 0.39979370E+01 0.39979370E+01 0.39979370E+01
 0.87010000E+01 0.39980216E+01 0.39980216E+01 0.39980216E+01
 0.88010000E+01 0.39981019E+01 0.39981019E+01 0.39981019E+01
 0.89010000E+01 0.39981790E+01 0.39981790E+01 0.39981790E+01
 0.90010000E+01 0.39982536E+01 0.39982536E+01 0.39982536E+01
 0.91010000E+01 0.39983234E+01 0.39983234E+01 0.39983234E+01
 0.92010000E+01 0.39983916E+01 0.39983916E+01 0.39983916E+01
 0.93010000E+01 0.39984577E+01 0.39984577E+01 0.39984577E+01
 0.94010000E+01 0.39985201E+01 0.39985201E+01 0.39985201E+01
 0.95010000E+01 0.39985814E+01 0.39985814E+01 0.39985814E+01
 0.96010000E+01 0.39986379E+01 0.39986379E+01 0.39986379E+01
 0.97010000E+01 0.39986937E+01 0.39986937E+01 0.39986937E+01
 0.98010000E+01 0.39987459E+01 0.39987459E+01 0.39987459E+01
 0.99010000E+01 0.39987962E+01 0.39987962E+01 0.39987962E+01
