 -.375000E-01 0.280800E+00
 -.125000E-01 0.280800E+00
 0.125000E-01 0.280800E+00
 0.375000E-01 0.280800E+00




 -.375000E-01 0.280801E+00
 -.125000E-01 0.280801E+00
 0.125000E-01 0.280801E+00
 0.375000E-01 0.280801E+00




 -.375000E-01 0.280808E+00
 -.125000E-01 0.280808E+00
 0.125000E-01 0.280808E+00
 0.375000E-01 0.280808E+00




 -.375000E-01 0.280847E+00
 -.125000E-01 0.280847E+00
 0.125000E-01 0.280847E+00
 0.375000E-01 0.280847E+00




 -.375000E-01 0.357473E+00
 -.125000E-01 0.357473E+00
 0.125000E-01 0.357473E+00
 0.375000E-01 0.357473E+00




 -.375000E-01 0.299507E+00
 -.125000E-01 0.299507E+00
 0.125000E-01 0.299507E+00
 0.375000E-01 0.299507E+00




 -.375000E-01 0.296117E+00
 -.125000E-01 0.296117E+00
 0.125000E-01 0.296117E+00
 0.375000E-01 0.296117E+00




 -.375000E-01 0.294973E+00
 -.125000E-01 0.294973E+00
 0.125000E-01 0.294973E+00
 0.375000E-01 0.294973E+00




 -.375000E-01 0.294583E+00
 -.125000E-01 0.294583E+00
 0.125000E-01 0.294583E+00
 0.375000E-01 0.294583E+00




 -.375000E-01 0.294656E+00
 -.125000E-01 0.294656E+00
 0.125000E-01 0.294656E+00
 0.375000E-01 0.294656E+00




 -.375000E-01 0.295241E+00
 -.125000E-01 0.295241E+00
 0.125000E-01 0.295241E+00
 0.375000E-01 0.295241E+00




 -.375000E-01 0.296830E+00
 -.125000E-01 0.296830E+00
 0.125000E-01 0.296830E+00
 0.375000E-01 0.296830E+00




 -.375000E-01 0.302411E+00
 -.125000E-01 0.302411E+00
 0.125000E-01 0.302411E+00
 0.375000E-01 0.302411E+00




 -.375000E-01 0.281341E+00
 -.125000E-01 0.281341E+00
 0.125000E-01 0.281341E+00
 0.375000E-01 0.281341E+00




 -.375000E-01 0.280824E+00
 -.125000E-01 0.280824E+00
 0.125000E-01 0.280824E+00
 0.375000E-01 0.280824E+00




 -.375000E-01 0.280805E+00
 -.125000E-01 0.280805E+00
 0.125000E-01 0.280805E+00
 0.375000E-01 0.280805E+00




 -.375000E-01 0.280801E+00
 -.125000E-01 0.280801E+00
 0.125000E-01 0.280801E+00
 0.375000E-01 0.280801E+00




