 0.99999998E-03 0.11869189E-03 0.11869189E-03 0.11869189E-03
 0.29999999E-02 0.12264788E-03 0.12264788E-03 0.12264788E-03
 0.49999999E-02 0.12721993E-03 0.12721993E-03 0.12721993E-03
 0.69999998E-02 0.12781694E-03 0.12781694E-03 0.12781694E-03
 0.89999998E-02 0.12603244E-03 0.12603244E-03 0.12603244E-03
 0.11000000E-01 0.12508863E-03 0.12508863E-03 0.12508863E-03
 0.13000000E-01 0.12601542E-03 0.12601542E-03 0.12601542E-03
 0.15000000E-01 0.12697227E-03 0.12697227E-03 0.12697227E-03
 0.17000000E-01 0.12649658E-03 0.12649658E-03 0.12649658E-03
 0.19000000E-01 0.12569848E-03 0.12569848E-03 0.12569848E-03
 0.21000000E-01 0.12578146E-03 0.12578146E-03 0.12578146E-03
 0.22999999E-01 0.12654517E-03 0.12654517E-03 0.12654517E-03
 0.24999999E-01 0.12662058E-03 0.12662058E-03 0.12662058E-03
 0.26999999E-01 0.12606844E-03 0.12606844E-03 0.12606844E-03
 0.28999999E-01 0.12580717E-03 0.12580717E-03 0.12580717E-03
 0.30999999E-01 0.12625415E-03 0.12625415E-03 0.12625415E-03
 0.32999999E-01 0.12660293E-03 0.12660293E-03 0.12660293E-03
 0.34999999E-01 0.12631644E-03 0.12631644E-03 0.12631644E-03
 0.36999999E-01 0.12595138E-03 0.12595138E-03 0.12595138E-03
 0.38999999E-01 0.12608798E-03 0.12608798E-03 0.12608798E-03
 0.40999999E-01 0.12650498E-03 0.12650498E-03 0.12650498E-03
 0.42999999E-01 0.12647295E-03 0.12647295E-03 0.12647295E-03
 0.44999999E-01 0.12614021E-03 0.12614021E-03 0.12614021E-03
 0.46999999E-01 0.12604943E-03 0.12604943E-03 0.12604943E-03
 0.48999999E-01 0.12637649E-03 0.12637649E-03 0.12637649E-03
 0.50999999E-01 0.12654580E-03 0.12654580E-03 0.12654580E-03
 0.52999999E-01 0.12632391E-03 0.12632391E-03 0.12632391E-03
 0.54999999E-01 0.12611497E-03 0.12611497E-03 0.12611497E-03
 0.56999999E-01 0.12627285E-03 0.12627285E-03 0.12627285E-03
 0.58999999E-01 0.12654743E-03 0.12654743E-03 0.12654743E-03
 0.60999999E-01 0.12647804E-03 0.12647804E-03 0.12647804E-03
 0.62999999E-01 0.12624727E-03 0.12624727E-03 0.12624727E-03
 0.64999999E-01 0.12623648E-03 0.12623648E-03 0.12623648E-03
 0.66999999E-01 0.12649980E-03 0.12649980E-03 0.12649980E-03
 0.68999998E-01 0.12658465E-03 0.12658465E-03 0.12658465E-03
 0.70999998E-01 0.12640379E-03 0.12640379E-03 0.12640379E-03
 0.72999998E-01 0.12627953E-03 0.12627953E-03 0.12627953E-03
 0.74999998E-01 0.12644412E-03 0.12644412E-03 0.12644412E-03
 0.76999998E-01 0.12663832E-03 0.12663832E-03 0.12663832E-03
 0.78999998E-01 0.12655677E-03 0.12655677E-03 0.12655677E-03
 0.80999998E-01 0.12638902E-03 0.12638902E-03 0.12638902E-03
 0.82999998E-01 0.12642345E-03 0.12642345E-03 0.12642345E-03
 0.84999998E-01 0.12664334E-03 0.12664334E-03 0.12664334E-03
 0.86999998E-01 0.12668301E-03 0.12668301E-03 0.12668301E-03
 0.88999998E-01 0.12653385E-03 0.12653385E-03 0.12653385E-03
 0.90999998E-01 0.12646314E-03 0.12646314E-03 0.12646314E-03
 0.92999998E-01 0.12662675E-03 0.12662675E-03 0.12662675E-03
 0.94999998E-01 0.12677057E-03 0.12677057E-03 0.12677057E-03
 0.96999998E-01 0.12668876E-03 0.12668876E-03 0.12668876E-03
 0.98999998E-01 0.12656485E-03 0.12656485E-03 0.12656485E-03
 0.10100000E+00 0.12662599E-03 0.12662599E-03 0.12662599E-03
 0.11100000E+00 0.12683026E-03 0.12683026E-03 0.12683026E-03
 0.12100000E+00 0.12701552E-03 0.12701552E-03 0.12701552E-03
 0.13100000E+00 0.12715285E-03 0.12715285E-03 0.12715285E-03
 0.14100000E+00 0.12725263E-03 0.12725263E-03 0.12725263E-03
 0.15100000E+00 0.12734649E-03 0.12734649E-03 0.12734649E-03
 0.16100000E+00 0.12745713E-03 0.12745713E-03 0.12745713E-03
 0.17100000E+00 0.12760438E-03 0.12760438E-03 0.12760438E-03
 0.18100000E+00 0.12779496E-03 0.12779496E-03 0.12779496E-03
 0.19100000E+00 0.12802701E-03 0.12802701E-03 0.12802701E-03
 0.20100000E+00 0.12828120E-03 0.12828120E-03 0.12828120E-03
 0.21100000E+00 0.12853676E-03 0.12853676E-03 0.12853676E-03
 0.22100000E+00 0.12878225E-03 0.12878225E-03 0.12878225E-03
 0.23099999E+00 0.12901604E-03 0.12901604E-03 0.12901604E-03
 0.24099999E+00 0.12924842E-03 0.12924842E-03 0.12924842E-03
 0.25099999E+00 0.12948578E-03 0.12948578E-03 0.12948578E-03
 0.26099999E+00 0.12973745E-03 0.12973745E-03 0.12973745E-03
 0.27099999E+00 0.13000552E-03 0.13000552E-03 0.13000552E-03
 0.28099999E+00 0.13029559E-03 0.13029559E-03 0.13029559E-03
 0.29099999E+00 0.13060639E-03 0.13060639E-03 0.13060639E-03
 0.30099999E+00 0.13094074E-03 0.13094074E-03 0.13094074E-03
 0.31099999E+00 0.13129429E-03 0.13129429E-03 0.13129429E-03
 0.32099999E+00 0.13166695E-03 0.13166695E-03 0.13166695E-03
 0.33099999E+00 0.13205438E-03 0.13205438E-03 0.13205438E-03
 0.34099999E+00 0.13245572E-03 0.13245572E-03 0.13245572E-03
 0.35099999E+00 0.13286955E-03 0.13286955E-03 0.13286955E-03
 0.36099999E+00 0.13329522E-03 0.13329522E-03 0.13329522E-03
 0.37099999E+00 0.13373418E-03 0.13373418E-03 0.13373418E-03
 0.38099999E+00 0.13418554E-03 0.13418554E-03 0.13418554E-03
 0.39099999E+00 0.13465220E-03 0.13465220E-03 0.13465220E-03
 0.40099999E+00 0.13513264E-03 0.13513264E-03 0.13513264E-03
 0.41099999E+00 0.13563018E-03 0.13563018E-03 0.13563018E-03
 0.42099999E+00 0.13614261E-03 0.13614261E-03 0.13614261E-03
 0.43099999E+00 0.13667313E-03 0.13667313E-03 0.13667313E-03
 0.44099999E+00 0.13721903E-03 0.13721903E-03 0.13721903E-03
 0.45099999E+00 0.13778300E-03 0.13778300E-03 0.13778300E-03
 0.46099999E+00 0.13836240E-03 0.13836240E-03 0.13836240E-03
 0.47099999E+00 0.13895922E-03 0.13895922E-03 0.13895922E-03
 0.48099999E+00 0.13957237E-03 0.13957237E-03 0.13957237E-03
 0.49099999E+00 0.14020366E-03 0.14020366E-03 0.14020366E-03
 0.50099999E+00 0.14085665E-03 0.14085665E-03 0.14085665E-03
 0.51099999E+00 0.14153388E-03 0.14153388E-03 0.14153388E-03
 0.52099999E+00 0.14224436E-03 0.14224436E-03 0.14224436E-03
 0.53099999E+00 0.14298853E-03 0.14298853E-03 0.14298853E-03
 0.54099999E+00 0.14377340E-03 0.14377340E-03 0.14377340E-03
 0.55099999E+00 0.14459291E-03 0.14459291E-03 0.14459291E-03
 0.56099999E+00 0.14544811E-03 0.14544811E-03 0.14544811E-03
 0.57099999E+00 0.14633202E-03 0.14633202E-03 0.14633202E-03
 0.58099999E+00 0.14724166E-03 0.14724166E-03 0.14724166E-03
 0.59099999E+00 0.14815669E-03 0.14815669E-03 0.14815669E-03
 0.60099999E+00 0.14906682E-03 0.14906682E-03 0.14906682E-03
 0.61099999E+00 0.14998132E-03 0.14998132E-03 0.14998132E-03
 0.62099999E+00 0.15094953E-03 0.15094953E-03 0.15094953E-03
 0.63099999E+00 0.15201274E-03 0.15201274E-03 0.15201274E-03
 0.64099999E+00 0.15315152E-03 0.15315152E-03 0.15315152E-03
 0.65099999E+00 0.15434416E-03 0.15434416E-03 0.15434416E-03
 0.66099999E+00 0.15556203E-03 0.15556203E-03 0.15556203E-03
 0.67099999E+00 0.15675224E-03 0.15675224E-03 0.15675224E-03
 0.68099998E+00 0.15791427E-03 0.15791427E-03 0.15791427E-03
 0.69099998E+00 0.15919005E-03 0.15919005E-03 0.15919005E-03
 0.70099998E+00 0.16062515E-03 0.16062515E-03 0.16062515E-03
 0.71099998E+00 0.16213935E-03 0.16213935E-03 0.16213935E-03
 0.72099998E+00 0.16368151E-03 0.16368151E-03 0.16368151E-03
 0.73099998E+00 0.16512681E-03 0.16512681E-03 0.16512681E-03
 0.74099998E+00 0.16663854E-03 0.16663854E-03 0.16663854E-03
 0.75099998E+00 0.16840777E-03 0.16840777E-03 0.16840777E-03
 0.76099998E+00 0.17029665E-03 0.17029665E-03 0.17029665E-03
 0.77099998E+00 0.17219693E-03 0.17219693E-03 0.17219693E-03
 0.78099998E+00 0.17395252E-03 0.17395252E-03 0.17395252E-03
 0.79099998E+00 0.17598475E-03 0.17598475E-03 0.17598475E-03
 0.80099998E+00 0.17828862E-03 0.17828862E-03 0.17828862E-03
 0.81099998E+00 0.18066706E-03 0.18066706E-03 0.18066706E-03
 0.82099998E+00 0.18283945E-03 0.18283945E-03 0.18283945E-03
 0.83099998E+00 0.18536132E-03 0.18536132E-03 0.18536132E-03
 0.84099998E+00 0.18824813E-03 0.18824813E-03 0.18824813E-03
 0.85099998E+00 0.19120863E-03 0.19120863E-03 0.19120863E-03
 0.86099998E+00 0.19394666E-03 0.19394666E-03 0.19394666E-03
 0.87099998E+00 0.19737231E-03 0.19737231E-03 0.19737231E-03
 0.88099998E+00 0.20116287E-03 0.20116287E-03 0.20116287E-03
 0.89099998E+00 0.20473577E-03 0.20473577E-03 0.20473577E-03
 0.90099998E+00 0.20879533E-03 0.20879533E-03 0.20879533E-03
 0.91099998E+00 0.21367814E-03 0.21367814E-03 0.21367814E-03
 0.92099998E+00 0.21865001E-03 0.21865001E-03 0.21865001E-03
 0.93099998E+00 0.22389163E-03 0.22389163E-03 0.22389163E-03
 0.94099998E+00 0.23065406E-03 0.23065406E-03 0.23065406E-03
 0.95099998E+00 0.23797672E-03 0.23797672E-03 0.23797672E-03
 0.96099998E+00 0.24595315E-03 0.24595315E-03 0.24595315E-03
 0.97099998E+00 0.25705414E-03 0.25705414E-03 0.25705414E-03
 0.98099998E+00 0.27049505E-03 0.27049505E-03 0.27049505E-03
 0.99099998E+00 0.29014316E-03 0.29014316E-03 0.29014316E-03
 0.10010000E+01 0.35788721E-03 0.35788721E-03 0.35788721E-03
 0.10110000E+01 0.40538592E-03 0.40538592E-03 0.40538592E-03
 0.10210000E+01 0.42127323E-03 0.42127323E-03 0.42127323E-03
 0.10310000E+01 0.43026113E-03 0.43026113E-03 0.43026113E-03
 0.10410000E+01 0.43505538E-03 0.43505538E-03 0.43505538E-03
 0.10510000E+01 0.43870139E-03 0.43870139E-03 0.43870139E-03
 0.10610000E+01 0.43989500E-03 0.43989500E-03 0.43989500E-03
 0.10710000E+01 0.43983001E-03 0.43983001E-03 0.43983001E-03
 0.10810000E+01 0.43946455E-03 0.43946455E-03 0.43946455E-03
 0.10910000E+01 0.43725129E-03 0.43725129E-03 0.43725129E-03
 0.11010000E+01 0.43552346E-03 0.43552346E-03 0.43552346E-03
 0.11110000E+01 0.43271703E-03 0.43271703E-03 0.43271703E-03
 0.11210000E+01 0.42985691E-03 0.42985691E-03 0.42985691E-03
 0.11310000E+01 0.42674688E-03 0.42674688E-03 0.42674688E-03
 0.11410000E+01 0.42298678E-03 0.42298678E-03 0.42298678E-03
 0.11510000E+01 0.41957042E-03 0.41957042E-03 0.41957042E-03
 0.11610000E+01 0.41518392E-03 0.41518392E-03 0.41518392E-03
 0.11710000E+01 0.41148992E-03 0.41148992E-03 0.41148992E-03
 0.11810000E+01 0.40728934E-03 0.40728934E-03 0.40728934E-03
 0.11910000E+01 0.40308165E-03 0.40308165E-03 0.40308165E-03
 0.12010000E+01 0.39868764E-03 0.39868764E-03 0.39868764E-03
 0.12110000E+01 0.39448368E-03 0.39448368E-03 0.39448368E-03
 0.12210000E+01 0.39017186E-03 0.39017186E-03 0.39017186E-03
 0.12310000E+01 0.38584103E-03 0.38584103E-03 0.38584103E-03
 0.12410000E+01 0.38149417E-03 0.38149417E-03 0.38149417E-03
 0.12510000E+01 0.37707092E-03 0.37707092E-03 0.37707092E-03
 0.12610000E+01 0.37283040E-03 0.37283040E-03 0.37283040E-03
 0.12710000E+01 0.36841526E-03 0.36841526E-03 0.36841526E-03
 0.12810000E+01 0.36422067E-03 0.36422067E-03 0.36422067E-03
 0.12910000E+01 0.35982981E-03 0.35982981E-03 0.35982981E-03
 0.13010000E+01 0.35565492E-03 0.35565492E-03 0.35565492E-03
 0.13110000E+01 0.35139348E-03 0.35139348E-03 0.35139348E-03
 0.13210000E+01 0.34728137E-03 0.34728137E-03 0.34728137E-03
 0.13310000E+01 0.34320910E-03 0.34320910E-03 0.34320910E-03
 0.13410000E+01 0.33900168E-03 0.33900168E-03 0.33900168E-03
 0.13510000E+01 0.33507397E-03 0.33507397E-03 0.33507397E-03
 0.13610000E+01 0.33096300E-03 0.33096300E-03 0.33096300E-03
 0.13710000E+01 0.32719685E-03 0.32719685E-03 0.32719685E-03
 0.13810000E+01 0.32318826E-03 0.32318826E-03 0.32318826E-03
 0.13910000E+01 0.31958890E-03 0.31958890E-03 0.31958890E-03
 0.14010000E+01 0.31574056E-03 0.31574056E-03 0.31574056E-03
 0.14110000E+01 0.31214370E-03 0.31214370E-03 0.31214370E-03
 0.14210000E+01 0.30841143E-03 0.30841143E-03 0.30841143E-03
 0.14310000E+01 0.30484027E-03 0.30484027E-03 0.30484027E-03
 0.14410000E+01 0.30128661E-03 0.30128661E-03 0.30128661E-03
 0.14510000E+01 0.29769671E-03 0.29769671E-03 0.29769671E-03
 0.14610000E+01 0.29443327E-03 0.29443327E-03 0.29443327E-03
 0.14710000E+01 0.29094669E-03 0.29094669E-03 0.29094669E-03
 0.14810000E+01 0.28784017E-03 0.28784017E-03 0.28784017E-03
 0.14910000E+01 0.28456689E-03 0.28456689E-03 0.28456689E-03
 0.15010000E+01 0.28133855E-03 0.28133855E-03 0.28133855E-03
 0.15110000E+01 0.27835110E-03 0.27835110E-03 0.27835110E-03
 0.15210000E+01 0.27507480E-03 0.27507480E-03 0.27507480E-03
 0.15310000E+01 0.27229477E-03 0.27229477E-03 0.27229477E-03
 0.15410000E+01 0.26919160E-03 0.26919160E-03 0.26919160E-03
 0.15510000E+01 0.26635313E-03 0.26635313E-03 0.26635313E-03
 0.15610000E+01 0.26346414E-03 0.26346414E-03 0.26346414E-03
 0.15710000E+01 0.26068394E-03 0.26068394E-03 0.26068394E-03
 0.15810000E+01 0.25808465E-03 0.25808465E-03 0.25808465E-03
 0.15910000E+01 0.25538035E-03 0.25538035E-03 0.25538035E-03
 0.16010000E+01 0.25267480E-03 0.25267480E-03 0.25267480E-03
 0.16110000E+01 0.25029320E-03 0.25029320E-03 0.25029320E-03
 0.16210000E+01 0.24774027E-03 0.24774027E-03 0.24774027E-03
 0.16310000E+01 0.24542396E-03 0.24542396E-03 0.24542396E-03
 0.16410000E+01 0.24299092E-03 0.24299092E-03 0.24299092E-03
 0.16510000E+01 0.24072583E-03 0.24072583E-03 0.24072583E-03
 0.16610000E+01 0.23857283E-03 0.23857283E-03 0.23857283E-03
 0.16710000E+01 0.23648303E-03 0.23648303E-03 0.23648303E-03
 0.16810000E+01 0.23422862E-03 0.23422862E-03 0.23422862E-03
 0.16910000E+01 0.23237211E-03 0.23237211E-03 0.23237211E-03
 0.17010000E+01 0.23030741E-03 0.23030741E-03 0.23030741E-03
 0.17110000E+01 0.22835776E-03 0.22835776E-03 0.22835776E-03
 0.17210000E+01 0.22671958E-03 0.22671958E-03 0.22671958E-03
 0.17310000E+01 0.22495369E-03 0.22495369E-03 0.22495369E-03
 0.17410000E+01 0.22327238E-03 0.22327238E-03 0.22327238E-03
 0.17510000E+01 0.22186009E-03 0.22186009E-03 0.22186009E-03
 0.17610000E+01 0.22042335E-03 0.22042335E-03 0.22042335E-03
 0.17710000E+01 0.21905501E-03 0.21905501E-03 0.21905501E-03
 0.17810000E+01 0.21798736E-03 0.21798736E-03 0.21798736E-03
 0.17910000E+01 0.21680478E-03 0.21680478E-03 0.21680478E-03
 0.18010000E+01 0.21585988E-03 0.21585988E-03 0.21585988E-03
 0.18050000E+01 0.21550572E-03 0.21550572E-03 0.21550572E-03
 0.18090000E+01 0.21524899E-03 0.21524899E-03 0.21524899E-03
 0.18130000E+01 0.21491323E-03 0.21491323E-03 0.21491323E-03
 0.18170000E+01 0.21463120E-03 0.21463120E-03 0.21463120E-03
 0.18210000E+01 0.21440083E-03 0.21440083E-03 0.21440083E-03
 0.18250000E+01 0.21422301E-03 0.21422301E-03 0.21422301E-03
 0.18290000E+01 0.21399773E-03 0.21399773E-03 0.21399773E-03
 0.18330000E+01 0.21383769E-03 0.21383769E-03 0.21383769E-03
 0.18370000E+01 0.21391205E-03 0.21391205E-03 0.21391205E-03
 0.18410000E+01 0.21381439E-03 0.21381439E-03 0.21381439E-03
 0.18450000E+01 0.21375636E-03 0.21375636E-03 0.21375636E-03
 0.18490000E+01 0.21375420E-03 0.21375420E-03 0.21375420E-03
 0.18530000E+01 0.21385851E-03 0.21385851E-03 0.21385851E-03
 0.18570000E+01 0.21396426E-03 0.21396426E-03 0.21396426E-03
 0.18610000E+01 0.21413795E-03 0.21413795E-03 0.21413795E-03
 0.18650000E+01 0.21438491E-03 0.21438491E-03 0.21438491E-03
 0.18690000E+01 0.21472295E-03 0.21472295E-03 0.21472295E-03
 0.18730000E+01 0.21524327E-03 0.21524327E-03 0.21524327E-03
 0.18770000E+01 0.21561020E-03 0.21561020E-03 0.21561020E-03
 0.18810000E+01 0.21609908E-03 0.21609908E-03 0.21609908E-03
 0.18850000E+01 0.21673478E-03 0.21673478E-03 0.21673478E-03
 0.18890000E+01 0.21746398E-03 0.21746398E-03 0.21746398E-03
 0.18930000E+01 0.21824565E-03 0.21824565E-03 0.21824565E-03
 0.18970000E+01 0.21920394E-03 0.21920394E-03 0.21920394E-03
 0.19010000E+01 0.22034056E-03 0.22034056E-03 0.22034056E-03
 0.19050000E+01 0.22164194E-03 0.22164194E-03 0.22164194E-03
 0.19090000E+01 0.22316580E-03 0.22316580E-03 0.22316580E-03
 0.19130000E+01 0.22459321E-03 0.22459321E-03 0.22459321E-03
 0.19170000E+01 0.22635196E-03 0.22635196E-03 0.22635196E-03
 0.19210000E+01 0.22839950E-03 0.22839950E-03 0.22839950E-03
 0.19250000E+01 0.23073552E-03 0.23073552E-03 0.23073552E-03
 0.19290000E+01 0.23329993E-03 0.23329993E-03 0.23329993E-03
 0.19330000E+01 0.23628589E-03 0.23628589E-03 0.23628589E-03
 0.19370000E+01 0.23979999E-03 0.23979999E-03 0.23979999E-03
 0.19410000E+01 0.24380951E-03 0.24380951E-03 0.24380951E-03
 0.19450000E+01 0.24861359E-03 0.24861359E-03 0.24861359E-03
 0.19490000E+01 0.25363636E-03 0.25363636E-03 0.25363636E-03
 0.19530000E+01 0.25990623E-03 0.25990623E-03 0.25990623E-03
 0.19570000E+01 0.26735096E-03 0.26735096E-03 0.26735096E-03
 0.19610000E+01 0.27627804E-03 0.27627804E-03 0.27627804E-03
 0.19650000E+01 0.28700437E-03 0.28700437E-03 0.28700437E-03
 0.19690000E+01 0.30044370E-03 0.30044370E-03 0.30044370E-03
 0.19730000E+01 0.31757005E-03 0.31757005E-03 0.31757005E-03
 0.19770000E+01 0.34005340E-03 0.34005340E-03 0.34005340E-03
 0.19810000E+01 0.37104369E-03 0.37104369E-03 0.37104369E-03
 0.19850000E+01 0.41450950E-03 0.41450950E-03 0.41450950E-03
 0.19890000E+01 0.48455127E-03 0.48455127E-03 0.48455127E-03
 0.19930000E+01 0.61486528E-03 0.61486528E-03 0.61486528E-03
 0.19970000E+01 0.96824748E-03 0.96824748E-03 0.96824748E-03
 0.20010000E+01 0.17313703E+01 0.17313703E+01 0.17313703E+01
 0.20050000E+01 0.47078385E+01 0.47078385E+01 0.47078385E+01
 0.20090000E+01 0.59217429E+01 0.59217429E+01 0.59217429E+01
 0.20130000E+01 0.66113148E+01 0.66113148E+01 0.66113148E+01
 0.20170000E+01 0.70622492E+01 0.70622492E+01 0.70622492E+01
 0.20210000E+01 0.73810105E+01 0.73810105E+01 0.73810105E+01
 0.20250000E+01 0.76175566E+01 0.76175566E+01 0.76175566E+01
 0.20290000E+01 0.77988658E+01 0.77988658E+01 0.77988658E+01
 0.20330000E+01 0.79409609E+01 0.79409609E+01 0.79409609E+01
 0.20370000E+01 0.80540581E+01 0.80540581E+01 0.80540581E+01
 0.20410000E+01 0.81449757E+01 0.81449757E+01 0.81449757E+01
 0.20450000E+01 0.82185240E+01 0.82185240E+01 0.82185240E+01
 0.20490000E+01 0.82781534E+01 0.82781534E+01 0.82781534E+01
 0.20530000E+01 0.83264513E+01 0.83264513E+01 0.83264513E+01
 0.20570000E+01 0.83653717E+01 0.83653717E+01 0.83653717E+01
 0.20610000E+01 0.83964586E+01 0.83964586E+01 0.83964586E+01
 0.20650000E+01 0.84209166E+01 0.84209166E+01 0.84209166E+01
 0.20690000E+01 0.84396896E+01 0.84396896E+01 0.84396896E+01
 0.20730000E+01 0.84535723E+01 0.84535723E+01 0.84535723E+01
 0.20770000E+01 0.84632273E+01 0.84632273E+01 0.84632273E+01
 0.20810000E+01 0.84691877E+01 0.84691877E+01 0.84691877E+01
 0.20850000E+01 0.84718943E+01 0.84718943E+01 0.84718943E+01
 0.20890000E+01 0.84717274E+01 0.84717274E+01 0.84717274E+01
 0.20930000E+01 0.84690237E+01 0.84690237E+01 0.84690237E+01
 0.20970000E+01 0.84640779E+01 0.84640779E+01 0.84640779E+01
 0.21010000E+01 0.84570913E+01 0.84570913E+01 0.84570913E+01
 0.21050000E+01 0.84482985E+01 0.84482985E+01 0.84482985E+01
 0.21090000E+01 0.84378796E+01 0.84378796E+01 0.84378796E+01
 0.21130000E+01 0.84260015E+01 0.84260015E+01 0.84260015E+01
 0.21170000E+01 0.84128017E+01 0.84128017E+01 0.84128017E+01
 0.21210000E+01 0.83984013E+01 0.83984013E+01 0.83984013E+01
 0.21250000E+01 0.83829079E+01 0.83829079E+01 0.83829079E+01
 0.21290000E+01 0.83664322E+01 0.83664322E+01 0.83664322E+01
 0.21330000E+01 0.83490734E+01 0.83490734E+01 0.83490734E+01
 0.21370000E+01 0.83308792E+01 0.83308792E+01 0.83308792E+01
 0.21410000E+01 0.83119469E+01 0.83119469E+01 0.83119469E+01
 0.21450000E+01 0.82923298E+01 0.82923298E+01 0.82923298E+01
 0.21490000E+01 0.82721024E+01 0.82721024E+01 0.82721024E+01
 0.21530000E+01 0.82513075E+01 0.82513075E+01 0.82513075E+01
 0.21570000E+01 0.82299938E+01 0.82299938E+01 0.82299938E+01
 0.21610000E+01 0.82082014E+01 0.82082014E+01 0.82082014E+01
 0.21650000E+01 0.81859798E+01 0.81859798E+01 0.81859798E+01
 0.21690000E+01 0.81633759E+01 0.81633759E+01 0.81633759E+01
 0.21730000E+01 0.81403952E+01 0.81403952E+01 0.81403952E+01
 0.21770000E+01 0.81170921E+01 0.81170921E+01 0.81170921E+01
 0.21810000E+01 0.80934830E+01 0.80934830E+01 0.80934830E+01
 0.21850000E+01 0.80696096E+01 0.80696096E+01 0.80696096E+01
 0.21890000E+01 0.80454865E+01 0.80454865E+01 0.80454865E+01
 0.21930000E+01 0.80211363E+01 0.80211363E+01 0.80211363E+01
 0.21970000E+01 0.79965763E+01 0.79965763E+01 0.79965763E+01
 0.22010000E+01 0.79718347E+01 0.79718347E+01 0.79718347E+01
 0.22210000E+01 0.78459516E+01 0.78459516E+01 0.78459516E+01
 0.22409999E+01 0.77177038E+01 0.77177038E+01 0.77177038E+01
 0.22609999E+01 0.75883880E+01 0.75883880E+01 0.75883880E+01
 0.22809999E+01 0.74589663E+01 0.74589663E+01 0.74589663E+01
 0.23009999E+01 0.73301306E+01 0.73301306E+01 0.73301306E+01
 0.23209999E+01 0.72023897E+01 0.72023897E+01 0.72023897E+01
 0.23409999E+01 0.70761166E+01 0.70761166E+01 0.70761166E+01
 0.23609999E+01 0.69515910E+01 0.69515910E+01 0.69515910E+01
 0.23809999E+01 0.68290105E+01 0.68290105E+01 0.68290105E+01
 0.24009999E+01 0.67085242E+01 0.67085242E+01 0.67085242E+01
 0.24209999E+01 0.65902333E+01 0.65902333E+01 0.65902333E+01
 0.24409999E+01 0.64742079E+01 0.64742079E+01 0.64742079E+01
 0.24609999E+01 0.63604908E+01 0.63604908E+01 0.63604908E+01
 0.24809999E+01 0.62491021E+01 0.62491021E+01 0.62491021E+01
 0.25009999E+01 0.61400523E+01 0.61400523E+01 0.61400523E+01
 0.25209999E+01 0.60333319E+01 0.60333319E+01 0.60333319E+01
 0.25409999E+01 0.59289274E+01 0.59289274E+01 0.59289274E+01
 0.25609999E+01 0.58268137E+01 0.58268137E+01 0.58268137E+01
 0.25809999E+01 0.57269592E+01 0.57269592E+01 0.57269592E+01
 0.26009999E+01 0.56293259E+01 0.56293259E+01 0.56293259E+01
 0.26209999E+01 0.55338812E+01 0.55338812E+01 0.55338812E+01
 0.26409999E+01 0.54405856E+01 0.54405856E+01 0.54405856E+01
 0.26609999E+01 0.53493929E+01 0.53493929E+01 0.53493929E+01
 0.26809999E+01 0.52602572E+01 0.52602572E+01 0.52602572E+01
 0.27009999E+01 0.51731362E+01 0.51731362E+01 0.51731362E+01
 0.27209999E+01 0.50879793E+01 0.50879793E+01 0.50879793E+01
 0.27409999E+01 0.50047455E+01 0.50047455E+01 0.50047455E+01
 0.27609999E+01 0.49233885E+01 0.49233885E+01 0.49233885E+01
 0.27809999E+01 0.48438592E+01 0.48438592E+01 0.48438592E+01
 0.28009999E+01 0.47661161E+01 0.47661161E+01 0.47661161E+01
 0.28209999E+01 0.46901069E+01 0.46901069E+01 0.46901069E+01
 0.28409999E+01 0.46157975E+01 0.46157975E+01 0.46157975E+01
 0.28609999E+01 0.45431380E+01 0.45431380E+01 0.45431380E+01
 0.28809999E+01 0.44720907E+01 0.44720907E+01 0.44720907E+01
 0.29009999E+01 0.44026046E+01 0.44026046E+01 0.44026046E+01
 0.29209999E+01 0.43346505E+01 0.43346505E+01 0.43346505E+01
 0.29409999E+01 0.42681818E+01 0.42681818E+01 0.42681818E+01
 0.29609999E+01 0.42031574E+01 0.42031574E+01 0.42031574E+01
 0.29809999E+01 0.41395483E+01 0.41395483E+01 0.41395483E+01
 0.30009999E+01 0.40773096E+01 0.40773096E+01 0.40773096E+01
 0.31009999E+01 0.37854795E+01 0.37854795E+01 0.37854795E+01
 0.32009999E+01 0.35229588E+01 0.35229588E+01 0.35229588E+01
 0.33009999E+01 0.32861478E+01 0.32861478E+01 0.32861478E+01
 0.34009999E+01 0.30719237E+01 0.30719237E+01 0.30719237E+01
 0.35009999E+01 0.28776038E+01 0.28776038E+01 0.28776038E+01
 0.36009999E+01 0.27008653E+01 0.27008653E+01 0.27008653E+01
 0.37009999E+01 0.25397022E+01 0.25397022E+01 0.25397022E+01
 0.38009999E+01 0.23923757E+01 0.23923757E+01 0.23923757E+01
 0.39009999E+01 0.22573764E+01 0.22573764E+01 0.22573764E+01
 0.40009999E+01 0.21333904E+01 0.21333904E+01 0.21333904E+01
 0.41009999E+01 0.20192685E+01 0.20192685E+01 0.20192685E+01
 0.42010000E+01 0.19140058E+01 0.19140058E+01 0.19140058E+01
 0.43010000E+01 0.18167201E+01 0.18167201E+01 0.18167201E+01
 0.44010000E+01 0.17266344E+01 0.17266344E+01 0.17266344E+01
 0.45010000E+01 0.16430610E+01 0.16430610E+01 0.16430610E+01
 0.46010000E+01 0.15653926E+01 0.15653926E+01 0.15653926E+01
 0.47010000E+01 0.14930912E+01 0.14930912E+01 0.14930912E+01
 0.48010000E+01 0.14256771E+01 0.14256771E+01 0.14256771E+01
 0.49010000E+01 0.13627222E+01 0.13627222E+01 0.13627222E+01
 0.50010000E+01 0.13038436E+01 0.13038436E+01 0.13038436E+01
 0.51010000E+01 0.12486985E+01 0.12486985E+01 0.12486985E+01
 0.52010000E+01 0.11969804E+01 0.11969804E+01 0.11969804E+01
 0.53010000E+01 0.11484116E+01 0.11484116E+01 0.11484116E+01
 0.54010000E+01 0.11027421E+01 0.11027421E+01 0.11027421E+01
 0.55010000E+01 0.10597473E+01 0.10597473E+01 0.10597473E+01
 0.56010000E+01 0.10192221E+01 0.10192221E+01 0.10192221E+01
 0.57010000E+01 0.98098242E+00 0.98098242E+00 0.98098242E+00
 0.58010000E+01 0.94485897E+00 0.94485897E+00 0.94485897E+00
 0.59010000E+01 0.91069967E+00 0.91069967E+00 0.91069967E+00
 0.60010000E+01 0.87836379E+00 0.87836379E+00 0.87836379E+00
 0.61010000E+01 0.84772533E+00 0.84772533E+00 0.84772533E+00
 0.62010000E+01 0.81866634E+00 0.81866634E+00 0.81866634E+00
 0.63010000E+01 0.79108065E+00 0.79108065E+00 0.79108065E+00
 0.64010000E+01 0.76487106E+00 0.76487106E+00 0.76487106E+00
 0.65010000E+01 0.73994666E+00 0.73994666E+00 0.73994666E+00
 0.66010000E+01 0.71622503E+00 0.71622503E+00 0.71622503E+00
 0.67010000E+01 0.69363070E+00 0.69363070E+00 0.69363070E+00
 0.68010000E+01 0.67209250E+00 0.67209250E+00 0.67209250E+00
 0.69010000E+01 0.65154564E+00 0.65154564E+00 0.65154564E+00
 0.70010000E+01 0.63193101E+00 0.63193101E+00 0.63193101E+00
 0.71010000E+01 0.61319178E+00 0.61319178E+00 0.61319178E+00
 0.72010000E+01 0.59527749E+00 0.59527749E+00 0.59527749E+00
 0.73010000E+01 0.57814008E+00 0.57814008E+00 0.57814008E+00
 0.74010000E+01 0.56173563E+00 0.56173563E+00 0.56173563E+00
 0.75010000E+01 0.54602206E+00 0.54602206E+00 0.54602206E+00
 0.76010000E+01 0.53096175E+00 0.53096175E+00 0.53096175E+00
 0.77010000E+01 0.51651853E+00 0.51651853E+00 0.51651853E+00
 0.78010000E+01 0.50265938E+00 0.50265938E+00 0.50265938E+00
 0.79010000E+01 0.48935327E+00 0.48935327E+00 0.48935327E+00
 0.80010000E+01 0.47657061E+00 0.47657061E+00 0.47657061E+00
 0.81010000E+01 0.46428469E+00 0.46428469E+00 0.46428469E+00
 0.82010000E+01 0.45246986E+00 0.45246986E+00 0.45246986E+00
 0.83010000E+01 0.44110239E+00 0.44110239E+00 0.44110239E+00
 0.84010000E+01 0.43016008E+00 0.43016008E+00 0.43016008E+00
 0.85010000E+01 0.41962153E+00 0.41962153E+00 0.41962153E+00
 0.86010000E+01 0.40946743E+00 0.40946743E+00 0.40946743E+00
 0.87010000E+01 0.39967903E+00 0.39967903E+00 0.39967903E+00
 0.88010000E+01 0.39023912E+00 0.39023912E+00 0.39023912E+00
 0.89010000E+01 0.38113123E+00 0.38113123E+00 0.38113123E+00
 0.90010000E+01 0.37234023E+00 0.37234023E+00 0.37234023E+00
 0.91010000E+01 0.36385101E+00 0.36385101E+00 0.36385101E+00
 0.92010000E+01 0.35565013E+00 0.35565013E+00 0.35565013E+00
 0.93010000E+01 0.34772485E+00 0.34772485E+00 0.34772485E+00
 0.94010000E+01 0.34006259E+00 0.34006259E+00 0.34006259E+00
 0.95010000E+01 0.33265209E+00 0.33265209E+00 0.33265209E+00
 0.96010000E+01 0.32548222E+00 0.32548222E+00 0.32548222E+00
 0.97010000E+01 0.31854293E+00 0.31854293E+00 0.31854293E+00
 0.98010000E+01 0.31182402E+00 0.31182402E+00 0.31182402E+00
 0.99010000E+01 0.30531642E+00 0.30531642E+00 0.30531642E+00
