 -.375000E-01 -.230482E-03
 -.125000E-01 -.230482E-03
 0.125000E-01 -.230482E-03
 0.375000E-01 -.230482E-03




 -.375000E-01 -.306917E-02
 -.125000E-01 -.306917E-02
 0.125000E-01 -.306917E-02
 0.375000E-01 -.306917E-02




 -.375000E-01 -.664476E-02
 -.125000E-01 -.664476E-02
 0.125000E-01 -.664476E-02
 0.375000E-01 -.664476E-02




 -.375000E-01 -.130609E-01
 -.125000E-01 -.130609E-01
 0.125000E-01 -.130609E-01
 0.375000E-01 -.130609E-01




 -.375000E-01 -.638165E-01
 -.125000E-01 -.638165E-01
 0.125000E-01 -.638165E-01
 0.375000E-01 -.638165E-01




 -.375000E-01 -.114985E-06
 -.125000E-01 -.114985E-06
 0.125000E-01 -.114985E-06
 0.375000E-01 -.114985E-06




 -.375000E-01 -.408336E-07
 -.125000E-01 -.408336E-07
 0.125000E-01 -.408336E-07
 0.375000E-01 -.408336E-07




 -.375000E-01 -.176546E-07
 -.125000E-01 -.176546E-07
 0.125000E-01 -.176546E-07
 0.375000E-01 -.176546E-07




 -.375000E-01 -.397556E-08
 -.125000E-01 -.397556E-08
 0.125000E-01 -.397556E-08
 0.375000E-01 -.397556E-08




 -.375000E-01 0.811507E-08
 -.125000E-01 0.811507E-08
 0.125000E-01 0.811507E-08
 0.375000E-01 0.811507E-08




 -.375000E-01 0.236295E-07
 -.125000E-01 0.236295E-07
 0.125000E-01 0.236295E-07
 0.375000E-01 0.236295E-07




 -.375000E-01 0.546913E-07
 -.125000E-01 0.546913E-07
 0.125000E-01 0.546913E-07
 0.375000E-01 0.546913E-07




 -.375000E-01 0.202319E-06
 -.125000E-01 0.202319E-06
 0.125000E-01 0.202319E-06
 0.375000E-01 0.202319E-06




 -.375000E-01 0.273786E-01
 -.125000E-01 0.273786E-01
 0.125000E-01 0.273786E-01
 0.375000E-01 0.273786E-01




 -.375000E-01 0.102714E-01
 -.125000E-01 0.102714E-01
 0.125000E-01 0.102714E-01
 0.375000E-01 0.102714E-01




 -.375000E-01 0.530277E-02
 -.125000E-01 0.530277E-02
 0.125000E-01 0.530277E-02
 0.375000E-01 0.530277E-02




 -.375000E-01 0.208350E-02
 -.125000E-01 0.208350E-02
 0.125000E-01 0.208350E-02
 0.375000E-01 0.208350E-02




